variable x	variable x count			lockin1 x	lockin1 y	lockin1 r	lockin1 phi	lockin2 x	lockin2 y	lockin2 r	lockin2 phi	lockin3 x	lockin3 y	lockin3 r	lockin3 phi	lockin4 x	lockin4 y	lockin4 r	lockin4 phi	smu1 meas	


0.0	0			1.40332e-05	-8.97799e-07	1.40612e-05	-3.654	1.54973e-05	1.10642e-06	1.55383e-05	4.086	6.15793e-06	2.27244e-07	6.16166e-06	2.118	5.51253e-06	-1.94741e-06	5.84687e-06	-19.452	-2.133485e-11
0.002	1			1.43722e-05	5.0478e-07	1.43797e-05	2.01	1.48826e-05	2.0452e-06	1.50242e-05	7.83	1.75714e-05	6.88251e-07	1.75844e-05	2.244	1.52272e-05	-1.82261e-06	1.53362e-05	-6.828	-2.250753e-11
0.004	2			1.35191e-05	-9.16425e-07	1.35508e-05	-3.87	1.46106e-05	1.72109e-06	1.47112e-05	6.726	2.84837e-05	3.85569e-07	2.84874e-05	0.78	2.93703e-05	-2.91319e-06	2.95137e-05	-5.658	-1.660217e-11
0.006	3			1.24667e-05	-2.03029e-07	1.24686e-05	-0.924	1.3914e-05	1.35601e-06	1.39811e-05	5.568	4.0889e-05	-1.56463e-07	4.0889e-05	-0.216	3.99018e-05	-3.17582e-06	4.00285e-05	-4.548	-1.802619e-11
0.008	4			1.3074e-05	-9.40639e-07	1.31075e-05	-4.11	1.34595e-05	1.7807e-06	1.35787e-05	7.548	4.98744e-05	-2.45871e-07	4.98744e-05	-0.282	4.98111e-05	-4.73115e-06	5.00346e-05	-5.424	-1.852874e-11
0.01	5			1.20011e-05	-6.14677e-07	1.2016e-05	-2.928	1.43499e-05	2.08618e-06	1.45026e-05	8.274	6.21607e-05	-1.32994e-06	6.21756e-05	-1.224	6.08081e-05	-4.19471e-06	6.09534e-05	-3.942	-1.8445e-11
0.012	6			1.25841e-05	-9.38777e-07	1.26195e-05	-4.266	1.33589e-05	2.40655e-06	1.3575e-05	10.224	7.1947e-05	-9.64857e-07	7.19507e-05	-0.768	7.1079e-05	-5.3868e-06	7.12839e-05	-4.332	-2.02878e-11
0.014	7			1.17925e-05	-1.546e-07	1.17943e-05	-0.744	1.30162e-05	3.72903e-06	1.35415e-05	15.984	8.18935e-05	-1.75089e-06	8.19159e-05	-1.224	8.10181e-05	-6.46341e-06	8.12751e-05	-4.56	-2.150239e-11
0.016	8			1.23103e-05	-2.14205e-07	1.23121e-05	-0.996	1.46591e-05	2.55184e-06	1.48789e-05	9.882	9.14563e-05	-2.24636e-06	9.14861e-05	-1.404	8.87555e-05	-6.08343e-06	8.89604e-05	-3.918	-2.388971e-11
0.018	9			1.25301e-05	-2.25381e-07	1.25319e-05	-1.026	1.36011e-05	2.83869e-06	1.38954e-05	11.79	0.000100457	-3.90413e-06	0.000100531	-2.22	0.000100181	-6.52674e-06	0.00010039	-3.726	-1.714667e-11
0.02	10			1.20439e-05	-9.87209e-07	1.2083e-05	-4.68	1.34856e-05	2.95044e-06	1.3806e-05	12.354	0.000110127	-2.42145e-06	0.00011015	-1.26	0.000108295	-7.01848e-06	0.000108518	-3.708	-1.693724e-11
0.022	11			1.2761e-05	-8.23293e-07	1.2789e-05	-3.684	1.4674e-05	2.16813e-06	1.48342e-05	8.412	0.000119977	-3.48689e-06	0.000120029	-1.662	0.000118137	-7.59962e-06	0.000118383	-3.678	-2.024595e-11
0.024	12			1.18856e-05	-8.23293e-07	1.19135e-05	-3.954	1.5203e-05	2.64125e-06	1.54303e-05	9.858	0.000130475	-4.01589e-06	0.000130535	-1.764	0.000126706	-7.92003e-06	0.000126951	-3.576	-1.91989e-11
0.026	13			1.10362e-05	-1.65031e-06	1.1161e-05	-8.502	1.35042e-05	3.16651e-06	1.38693e-05	13.206	0.000140452	-3.53159e-06	0.000140497	-1.44	0.000136883	-8.67998e-06	0.000137159	-3.624	-2.141858e-11
0.028	14			1.23866e-05	-1.03564e-06	1.24295e-05	-4.776	1.49832e-05	2.41773e-06	1.51769e-05	9.174	0.000151024	-3.6955e-06	0.000151069	-1.404	0.000147202	-8.57568e-06	0.000147448	-3.336	-2.225625e-11
0.03	15			1.20104e-05	-4.09784e-08	1.20104e-05	-0.192	1.50428e-05	2.59654e-06	1.52664e-05	9.792	0.000161187	-5.24524e-06	0.000161269	-1.86	0.000156903	-9.23878e-06	0.000157178	-3.366	-1.878005e-11
0.032	16			1.15727e-05	-1.24798e-06	1.16379e-05	-6.15	1.52999e-05	3.20376e-06	1.56352e-05	11.832	0.000172616	-5.20053e-06	0.000172698	-1.722	0.000167885	-1.0416e-05	0.000168205	-3.546	-1.702102e-11
0.034	17			1.06022e-05	-7.5065e-07	1.06283e-05	-4.044	1.63318e-05	2.01912e-06	1.64547e-05	7.05	0.000182272	-5.45385e-06	0.000182332	-1.71	0.00017649	-9.32819e-06	0.000176736	-3.024	-1.676968e-11
0.036	18			1.07848e-05	-1.24053e-06	1.08574e-05	-6.558	1.736e-05	2.753e-06	1.7576e-05	9.024	0.000194968	-5.72208e-06	0.000195057	-1.68	0.000189752	-1.10567e-05	0.00019005	-3.336	-2.053907e-11
0.038	19			1.09505e-05	-9.74171e-07	1.09934e-05	-5.082	1.62498e-05	2.83869e-06	1.64957e-05	9.912	0.000204653	-6.34792e-06	0.000204743	-1.77	0.000197859	-1.18614e-05	0.000198216	-3.426	-1.844498e-11
0.04	20			1.06488e-05	-4.74976e-07	1.06581e-05	-2.544	1.7658e-05	2.52204e-06	1.78368e-05	8.13	0.000214637	-7.56982e-06	0.000214786	-2.016	0.000207216	-1.22786e-05	0.000207574	-3.39	-1.940832e-11
0.042	21			1.03787e-05	-1.27406e-06	1.04569e-05	-6.996	1.66745e-05	2.64497e-06	1.68831e-05	9.018	0.000225903	-7.06318e-06	0.000226022	-1.788	0.000219465	-1.26362e-05	0.000219853	-3.288	-2.108359e-11
0.044	22			1.1474e-05	-1.65404e-06	1.15913e-05	-8.202	1.85185e-05	3.27454e-06	1.88054e-05	10.032	0.000236512	-7.54002e-06	0.000236631	-1.824	0.000230015	-1.27555e-05	0.000230343	-3.168	-2.133484e-11
0.046	23			9.91119e-06	-6.07226e-07	9.92982e-06	-3.504	1.90736e-05	2.95417e-06	1.93008e-05	8.808	0.000247361	-7.48041e-06	0.00024748	-1.728	0.000239284	-1.33813e-05	0.000239641	-3.198	-2.648631e-11
0.048	24			1.06451e-05	-1.16044e-06	1.07084e-05	-6.216	1.91407e-05	3.62472e-06	1.94797e-05	10.728	0.000257643	-8.2553e-06	0.000257762	-1.83	0.000248464	-1.4037e-05	0.000248881	-3.228	-2.217246e-11
0.05	25			1.03489e-05	-1.94275e-06	1.05277e-05	-10.626	2.0072e-05	2.9579e-06	2.0288e-05	8.388	0.000269057	-9.00036e-06	0.000269206	-1.914	0.000260564	-1.42456e-05	0.000260951	-3.126	-1.986898e-11
0.052	26			1.1094e-05	-1.28151e-06	1.11666e-05	-6.582	2.10294e-05	3.3863e-06	2.13013e-05	9.144	0.000279279	-8.79174e-06	0.000279399	-1.8	0.000267657	-1.46926e-05	0.000268074	-3.138	-2.037155e-11
0.054	27			9.79198e-06	-1.59257e-06	9.92051e-06	-9.228	2.16888e-05	3.41983e-06	2.19533e-05	8.958	0.000290247	-1.01627e-05	0.000290425	-2.004	0.00027764	-1.54675e-05	0.000278087	-3.186	-2.175366e-11
0.056	28			1.04476e-05	-1.14181e-06	1.05091e-05	-6.234	2.25307e-05	2.87966e-06	2.27132e-05	7.284	0.000300946	-9.95403e-06	0.000301125	-1.896	0.000287743	-1.6004e-05	0.00028819	-3.18	-2.150236e-11
0.058	29			9.51445e-06	-1.0077e-06	9.5666e-06	-6.042	2.3015e-05	3.20749e-06	2.32385e-05	7.938	0.000312926	-1.08779e-05	0.000313105	-1.986	0.000300648	-1.60636e-05	0.000301065	-3.054	-1.865443e-11
0.06	30			9.49769e-06	-1.26474e-06	9.57964e-06	-7.578	2.44008e-05	3.06965e-06	2.45945e-05	7.176	0.000323476	-1.12951e-05	0.000323655	-1.992	0.000307502	-1.65702e-05	0.000307949	-3.084	-1.82356e-11
0.062	31			8.99291e-06	-7.37611e-07	9.02271e-06	-4.68	2.48888e-05	2.93182e-06	2.50639e-05	6.72	0.000334175	-1.17422e-05	0.000334354	-2.01	0.000320198	-1.73153e-05	0.000320675	-3.09	-2.334518e-11
0.064	32			9.35426e-06	-1.12318e-06	9.41945e-06	-6.84	2.56227e-05	3.34905e-06	2.58387e-05	7.446	0.000345143	-1.20998e-05	0.000345351	-2.004	0.000328036	-1.78815e-05	0.000328543	-3.12	-2.150239e-11
0.066	33			8.99663e-06	-1.24984e-06	9.08418e-06	-7.896	2.6852e-05	3.92276e-06	2.71389e-05	8.31	0.000355514	-1.16826e-05	0.000355693	-1.878	0.000337632	-1.86862e-05	0.000338139	-3.162	-2.171181e-11
0.068	34			8.84949e-06	-1.66335e-06	9.00595e-06	-10.644	2.76306e-05	2.57046e-06	2.77498e-05	5.322	0.000367226	-1.30237e-05	0.000367464	-2.028	0.000347944	-1.88054e-05	0.000348421	-3.096	-2.066469e-11
0.07	35			8.95007e-06	-1.87383e-06	9.14378e-06	-11.82	2.85992e-05	2.93554e-06	2.87519e-05	5.862	0.000378372	-1.34707e-05	0.000378611	-2.04	0.000357719	-1.92226e-05	0.000358226	-3.072	-2.200496e-11
0.072	36			8.95938e-06	-1.67825e-06	9.11398e-06	-10.602	2.95752e-05	3.82963e-06	2.98211e-05	7.386	0.000389518	-1.36495e-05	0.000389757	-2.004	0.000368418	-2.00869e-05	0.000368984	-3.12	-2.418281e-11
0.074	37			8.94448e-06	-9.83484e-07	8.99663e-06	-6.27	2.99775e-05	3.2969e-06	3.01563e-05	6.282	0.000400575	-1.42754e-05	0.000400813	-2.034	0.000378581	-2.00571e-05	0.000379117	-3.03	-1.873816e-11
0.076	38			9.54611e-06	-1.49012e-06	9.6616e-06	-8.856	3.1248e-05	3.3416e-06	3.14268e-05	6.108	0.000411453	-1.39475e-05	0.000411691	-1.938	0.000387849	-2.11002e-05	0.000388416	-3.114	-2.225628e-11
0.078	39			9.23878e-06	-1.49012e-06	9.35612e-06	-9.15	3.1654e-05	3.08455e-06	3.1803e-05	5.568	0.000421884	-1.49012e-05	0.000422152	-2.022	0.00039822	-2.18154e-05	0.000398817	-3.138	-1.831938e-11
0.08	40			8.39127e-06	-1.57022e-06	8.53656e-06	-10.596	3.31665e-05	3.51669e-06	3.33528e-05	6.06	0.000433864	-1.53185e-05	0.000434132	-2.022	0.000408622	-2.14876e-05	0.000409188	-3.012	-2.384781e-11
0.082	41			8.27579e-06	-2.13647e-06	8.54774e-06	-14.466	3.46715e-05	3.25592e-06	3.48242e-05	5.364	0.000444533	-1.57953e-05	0.000444831	-2.034	0.000417652	-2.24413e-05	0.000418248	-3.072	-1.995274e-11
0.084	42			8.75077e-06	-1.93158e-06	8.96124e-06	-12.438	3.48354e-05	3.39375e-06	3.50031e-05	5.568	0.000455024	-1.63318e-05	0.000455322	-2.052	0.000428529	-2.27691e-05	0.000429155	-3.042	-2.397343e-11
0.086	43			8.4248e-06	-2.2594e-06	8.72283e-06	-15.0	3.62361e-05	3.87806e-06	3.64447e-05	6.114	0.000467004	-1.6153e-05	0.000467302	-1.974	0.000437768	-2.35738e-05	0.000438394	-3.084	-2.275883e-11
0.088	44			8.46578e-06	-9.77896e-07	8.52166e-06	-6.582	3.72606e-05	3.02122e-06	3.73835e-05	4.638	0.00047815	-1.78815e-05	0.000478448	-2.142	0.00044802	-2.38718e-05	0.000448646	-3.048	-1.639278e-11
0.09	45			8.53097e-06	-2.84427e-06	8.99291e-06	-18.432	3.77411e-05	3.72903e-06	3.79237e-05	5.646	0.000489	-1.68682e-05	0.000489298	-1.974	0.000460865	-2.46764e-05	0.000461521	-3.066	-1.68116e-11
0.092	46			7.41708e-06	-2.33577e-06	7.77474e-06	-17.472	3.88215e-05	3.18886e-06	3.89519e-05	4.698	0.000500623	-1.74047e-05	0.000500921	-1.992	0.000468196	-2.48553e-05	0.000468852	-3.03	-1.861251e-11
0.094	47			7.02406e-06	-2.04334e-06	7.31464e-06	-16.218	3.75549e-05	3.91531e-06	3.77598e-05	5.952	0.000511054	-1.81199e-05	0.000511412	-2.028	0.000480892	-2.48553e-05	0.000481488	-2.952	-1.869628e-11
0.096	48			6.8527e-06	-2.59282e-06	7.32581e-06	-20.718	4.08294e-05	4.43312e-06	4.10716e-05	6.198	0.000522915	-1.8418e-05	0.000523213	-2.01	0.000489417	-2.63454e-05	0.000490133	-3.078	-1.660218e-11
0.098	49			7.86973e-06	-2.96721e-06	8.4099e-06	-20.652	4.38096e-05	3.37885e-06	4.394e-05	4.41	0.000534896	-1.81795e-05	0.000535194	-1.944	0.000498179	-2.66434e-05	0.000498895	-3.06	-1.697912e-11
0.1	50			8.06717e-06	-3.31366e-06	8.72096e-06	-22.326	4.6395e-05	4.04569e-06	4.65738e-05	4.986	0.000546936	-1.85372e-05	0.000547234	-1.938	0.000507716	-2.71798e-05	0.000508431	-3.06	-1.919889e-11
0.102	51			6.88064e-06	-2.30224e-06	7.25503e-06	-18.492	4.6924e-05	3.07338e-06	4.70246e-05	3.75	0.00055844	-1.94908e-05	0.000558797	-1.992	0.000517789	-2.76567e-05	0.000518564	-3.054	-1.911507e-11
0.104	52			6.94211e-06	-1.43238e-06	7.08926e-06	-11.652	4.62683e-05	3.46081e-06	4.63987e-05	4.278	0.00056887	-2.05041e-05	0.000569228	-2.058	0.000528399	-2.71798e-05	0.000529114	-2.94	-2.301014e-11
0.106	53			6.31067e-06	-1.80864e-06	6.56399e-06	-15.99	4.56648e-05	4.1053e-06	4.58474e-05	5.136	0.000579778	-2.06233e-05	0.000580195	-2.028	0.000541035	-2.84911e-05	0.00054175	-3.012	-2.053907e-11
0.108	54			7.52325e-06	-2.4941e-06	7.92561e-06	-18.33	4.91331e-05	3.85198e-06	4.92821e-05	4.482	0.00059158	-2.17558e-05	0.000591997	-2.1	0.000549141	-2.90872e-05	0.000549916	-3.03	-2.271692e-11
0.11	55			8.48999e-06	-2.92996e-06	8.97987e-06	-19.026	5.34619e-05	3.74393e-06	5.35923e-05	4.008	0.000603024	-2.10406e-05	0.000603382	-1.992	0.000557844	-2.90872e-05	0.000558618	-2.976	-1.865437e-11
0.112	56			8.09884e-06	-2.39538e-06	8.44529e-06	-16.47	5.61962e-05	3.21867e-06	5.62894e-05	3.282	0.000614647	-2.22326e-05	0.000615064	-2.07	0.000567917	-3.02197e-05	0.000568751	-3.042	-2.129296e-11
0.114	57			6.70183e-06	-3.35464e-06	7.49345e-06	-26.574	5.65613e-05	3.45336e-06	5.66693e-05	3.498	0.000627402	-2.22923e-05	0.000627819	-2.034	0.000577156	-3.01005e-05	0.00057793	-2.982	-1.526197e-11
0.116	58			6.76516e-06	-2.71203e-06	7.28856e-06	-21.84	5.57045e-05	4.21333e-06	5.58647e-05	4.326	0.000637952	-2.20538e-05	0.00063831	-1.974	0.000588659	-3.11735e-05	0.000589494	-3.03	-1.836123e-11
0.118	59			1.01906e-05	-2.88711e-06	1.05911e-05	-15.816	5.82712e-05	3.14043e-06	5.83569e-05	3.09	0.000648085	-2.39016e-05	0.000648502	-2.106	0.000598256	-3.14119e-05	0.00059909	-3.006	-2.074849e-11
0.12	60			7.58286e-06	-2.65242e-06	8.03178e-06	-19.272	6.40084e-05	4.00099e-06	6.41351e-05	3.576	0.000663105	-2.30671e-05	0.000663523	-1.986	0.000607375	-3.15311e-05	0.00060821	-2.97	-1.781679e-11
0.122	61			6.04804e-06	-2.36557e-06	6.49321e-06	-21.36	5.86885e-05	3.27082e-06	5.87779e-05	3.192	0.000671688	-2.45572e-05	0.000672106	-2.088	0.000618044	-3.23656e-05	0.000618879	-2.994	-2.045532e-11
0.124	62			8.69861e-06	-2.69526e-06	9.10653e-06	-17.208	6.38966e-05	2.93554e-06	6.39637e-05	2.634	0.000684384	-2.58089e-05	0.000684861	-2.154	0.000628237	-3.25444e-05	0.000629071	-2.964	-2.112544e-11
0.126	63			7.7468e-06	-2.68595e-06	8.19942e-06	-19.11	6.75996e-05	3.58002e-06	6.76927e-05	3.036	0.000696424	-2.4736e-05	0.000696842	-2.028	0.000636641	-3.37961e-05	0.000637535	-3.036	-1.852877e-11
0.128	64			5.5116e-06	-2.52576e-06	6.06294e-06	-24.606	6.23916e-05	3.70295e-06	6.25034e-05	3.396	0.000707928	-2.57493e-05	0.000708405	-2.082	0.000649694	-3.46305e-05	0.000650588	-3.048	-2.116732e-11
0.13	65			9.51259e-06	-2.89829e-06	9.94286e-06	-16.938	7.26958e-05	3.12553e-06	7.27628e-05	2.46	0.000720564	-2.63454e-05	0.000721041	-2.094	0.000657324	-3.42133e-05	0.000658218	-2.976	-2.154425e-11
0.132	66			5.28435e-06	-3.25778e-06	6.20636e-06	-31.644	6.94101e-05	2.67477e-06	6.94585e-05	2.208	0.000732068	-2.66434e-05	0.000732545	-2.082	0.000668112	-3.43325e-05	0.000669006	-2.94	-2.221437e-11
0.134	67			1.0293e-05	-3.77001e-06	1.09617e-05	-20.112	7.23605e-05	3.16651e-06	7.24313e-05	2.508	0.000743214	-2.77163e-05	0.000743691	-2.13	0.000679139	-3.58226e-05	0.000680093	-3.018	-1.865443e-11
0.136	68			4.95467e-06	-2.53321e-06	5.56375e-06	-27.06	7.73263e-05	3.7104e-06	7.74157e-05	2.748	0.000759486	-2.77759e-05	0.000759963	-2.088	0.000687364	-3.56438e-05	0.000688318	-2.964	-1.861254e-11
0.138	69			9.61317e-06	-3.50179e-06	1.02316e-05	-20.01	7.13137e-05	3.33415e-06	7.13882e-05	2.676	0.00076348	-2.80739e-05	0.000763956	-2.106	0.000699822	-3.68955e-05	0.000700776	-3.018	-2.338708e-11
0.14	70			5.8357e-06	-3.37513e-06	6.74094e-06	-30.036	8.33799e-05	3.22612e-06	8.34432e-05	2.214	0.000784818	-2.86103e-05	0.000785295	-2.082	0.000707868	-3.70743e-05	0.000708822	-2.994	-1.467561e-11
0.142	71			8.95752e-06	-3.15906e-06	9.49769e-06	-19.422	7.51098e-05	3.79981e-06	7.52066e-05	2.898	0.00078756	-2.8968e-05	0.000788096	-2.106	0.000719968	-3.84452e-05	0.000720982	-3.054	-1.957582e-11
0.144	72			4.80938e-06	-2.27617e-06	5.31974e-06	-25.314	8.34246e-05	3.24102e-06	8.34879e-05	2.226	0.00080562	-3.05178e-05	0.000806216	-2.166	0.00072724	-3.8028e-05	0.000728253	-2.988	-1.932453e-11
0.146	73			1.00826e-05	-3.87619e-06	1.07997e-05	-21.024	8.77162e-05	2.98025e-06	8.77758e-05	1.95	0.000819627	-2.95044e-05	0.000820164	-2.058	0.000739817	-3.89221e-05	0.00074083	-3.012	-2.120923e-11
0.148	74			3.69178e-06	-3.09014e-06	4.8131e-06	-39.918	7.63019e-05	3.93394e-06	7.63987e-05	2.958	0.000819866	-2.99216e-05	0.000820402	-2.088	0.000748817	-3.87433e-05	0.00074983	-2.964	-1.995274e-11
0.15	75			1.1893e-05	-3.05289e-06	1.22786e-05	-14.388	9.78266e-05	2.08618e-06	9.78489e-05	1.224	0.000844423	-3.14119e-05	0.000844959	-2.124	0.000757281	-3.89221e-05	0.000758294	-2.94	-1.668595e-11
0.152	76			5.05152e-06	-2.89829e-06	5.82452e-06	-29.82	8.39983e-05	4.1649e-06	8.41026e-05	2.838	0.000849549	-3.17695e-05	0.000850145	-2.136	0.00077099	-4.0591e-05	0.000772063	-3.012	-1.589017e-11
0.154	77			8.59617e-06	-3.0622e-06	9.12329e-06	-19.602	9.72007e-05	3.40493e-06	9.72603e-05	2.004	0.000861231	-3.0935e-05	0.000861827	-2.052	0.000772599	-4.01738e-05	0.000773672	-2.976	-1.986902e-11
0.156	78			6.23617e-06	-3.72158e-06	7.26248e-06	-30.828	9.25739e-05	3.18886e-06	9.26261e-05	1.974	0.000878874	-3.23656e-05	0.00087947	-2.106	0.000792328	-4.05314e-05	0.000793342	-2.928	-2.053911e-11
0.158	79			5.00496e-06	-3.05662e-06	5.8655e-06	-31.404	9.4146e-05	3.0473e-06	9.41907e-05	1.854	0.000885252	-3.24848e-05	0.000885848	-2.1	0.000796381	-4.17831e-05	0.000797514	-3.0	-1.806806e-11
0.16	80			1.26623e-05	-3.44218e-06	1.31224e-05	-15.204	9.88101e-05	4.73115e-06	9.89293e-05	2.742	0.000898365	-3.30808e-05	0.000898961	-2.106	0.000809018	-4.3154e-05	0.00081015	-3.054	-1.810994e-11
0.162	81			4.38656e-06	-2.81075e-06	5.20985e-06	-32.634	9.64184e-05	3.77746e-06	9.64929e-05	2.244	0.00091267	-3.45709e-05	0.000913385	-2.166	0.000821654	-4.22003e-05	0.000822727	-2.94	-2.079037e-11
0.164	82			7.51021e-06	-3.0175e-06	8.09325e-06	-21.882	0.000107542	2.29479e-06	0.000107564	1.224	0.000921372	-3.48093e-05	0.000921968	-2.16	0.000822607	-4.27964e-05	0.00082374	-2.976	-1.831935e-11
0.166	83			1.02502e-05	-4.63615e-06	1.12486e-05	-24.33	9.91304e-05	3.44963e-06	9.919e-05	1.992	0.000934962	-3.36173e-05	0.000935558	-2.058	0.00084329	-4.46441e-05	0.000844482	-3.03	-2.158611e-11
0.168	84			2.50155e-06	-2.57419e-06	3.58933e-06	-45.792	0.000104622	3.48689e-06	0.000104681	1.914	0.000949625	-3.50478e-05	0.00095034	-2.112	0.000848357	-4.42865e-05	0.000849549	-2.988	-2.05391e-11
0.17	85			1.1392e-05	-3.9805e-06	1.20663e-05	-19.254	0.000117317	2.80888e-06	0.000117355	1.374	0.000956539	-3.61206e-05	0.000957135	-2.16	0.000851456	-4.51806e-05	0.000852648	-3.036	-1.773304e-11
0.172	86			9.01526e-06	-3.43473e-06	9.6467e-06	-20.844	9.89367e-05	3.82218e-06	9.90112e-05	2.214	0.000966791	-3.63591e-05	0.000967506	-2.154	0.00087506	-4.51806e-05	0.000876192	-2.952	-2.489477e-11
0.174	87			2.11319e-06	-3.53625e-06	4.11927e-06	-59.124	0.000113689	2.414e-06	0.000113719	1.218	0.000987776	-3.73127e-05	0.000988491	-2.154	0.000878099	-4.58362e-05	0.000879291	-2.988	-1.702098e-11
0.176	88			1.10977e-05	-3.46919e-06	1.16267e-05	-17.358	0.000129693	1.60188e-06	0.000129701	0.708	0.000998624	-3.75512e-05	0.000999339	-2.154	0.000879709	-4.55382e-05	0.000880841	-2.964	-1.911511e-11
0.178	89			1.03694e-05	-5.11113e-06	1.15596e-05	-26.238	9.50848e-05	3.76256e-06	9.51593e-05	2.268	0.000995524	-3.5763e-05	0.00099612	-2.052	0.000911478	-4.74455e-05	0.00091267	-2.976	-1.467558e-11
0.18	90			3.34533e-06	-3.34346e-06	4.72929e-06	-44.976	0.000111625	4.1798e-06	0.000111707	2.148	0.00101698	-3.68359e-05	0.00101758	-2.07	0.000909213	-4.75647e-05	0.000910524	-2.994	-2.032966e-11
0.182	91			9.10467e-06	-4.22265e-06	1.0036e-05	-24.882	0.000143648	1.77325e-06	0.000143663	0.708	0.00104392	-3.8624e-05	0.00104464	-2.112	0.00090969	-4.70879e-05	0.000910882	-2.958	-2.14186e-11
0.184	92			1.40621e-05	-4.91089e-06	1.48947e-05	-19.248	0.000122041	1.95952e-06	0.000122048	0.918	0.00104273	-3.8624e-05	0.00104345	-2.118	0.000932459	-4.91145e-05	0.000933651	-3.006	-2.037156e-11
0.186	93			4.27387e-06	-4.0606e-06	5.8953e-06	-43.53	0.000100822	4.11275e-06	0.000100904	2.334	0.00103927	-3.88625e-05	0.00103999	-2.136	0.000943664	-4.89953e-05	0.000944857	-2.97	-1.936637e-11
0.188	94			4.25524e-06	-3.23729e-06	5.34582e-06	-37.254	0.000122541	3.75511e-06	0.0001226	1.758	0.00106097	-3.98161e-05	0.0010618	-2.142	0.000942472	-4.95913e-05	0.000943784	-3.006	-1.861254e-11
0.19	95			1.45315e-05	-4.54488e-06	1.52253e-05	-17.364	0.000162893	1.96697e-06	0.0001629	0.696	0.00110102	-4.14851e-05	0.00110186	-2.154	0.000951413	-4.98297e-05	0.000952724	-2.994	-1.869628e-11
0.192	96			9.1801e-06	-4.0727e-06	1.00416e-05	-23.916	0.000127719	2.9728e-06	0.000127749	1.332	0.00109638	-4.10082e-05	0.00109709	-2.136	0.000977047	-5.07834e-05	0.000978358	-2.97	-1.643466e-11
0.194	97			2.29572e-06	-3.75418e-06	4.3996e-06	-58.548	0.000110709	3.46453e-06	0.000110768	1.794	0.00108636	-4.12466e-05	0.0010872	-2.166	0.000978716	-5.06642e-05	0.000980027	-2.964	-1.79005e-11
0.196	98			6.05735e-06	-4.54675e-06	7.57354e-06	-36.888	0.000124165	3.41238e-06	0.00012421	1.572	0.00109638	-4.07698e-05	0.00109709	-2.124	0.000978954	-5.1141e-05	0.000980265	-2.988	-1.995274e-11
0.198	99			1.83742e-05	-4.69576e-06	1.89646e-05	-14.334	0.000153908	2.16068e-06	0.000153922	0.81	0.00113738	-4.26772e-05	0.0011381	-2.142	0.000997551	-5.19755e-05	0.000998862	-2.982	-2.301014e-11
0.2	100			7.44223e-06	-5.16794e-06	9.0609e-06	-34.776	0.000153796	1.55718e-06	0.000153803	0.582	0.00116528	-4.36308e-05	0.00116611	-2.136	0.0010196	-5.38828e-05	0.00102092	-3.018	-1.995272e-11
0.202	101			9.90003e-07	-5.02824e-06	5.12417e-06	-78.852	0.000134715	3.12926e-06	0.000134745	1.332	0.00114978	-4.24387e-05	0.00115062	-2.106	0.00101758	-5.29292e-05	0.00101901	-2.976	-2.0916e-11
0.204	102			7.36865e-06	-4.37538e-06	8.57009e-06	-30.696	0.000132003	2.60772e-06	0.000132033	1.134	0.00114251	-4.3154e-05	0.00114322	-2.16	0.00101913	-5.31676e-05	0.00102044	-2.982	-1.551327e-11
0.206	103			1.93847e-05	-4.78144e-06	1.99649e-05	-13.854	0.000136041	2.16068e-06	0.000136056	0.912	0.00115312	-4.38693e-05	0.00115395	-2.172	0.00103451	-5.37636e-05	0.00103594	-2.97	-2.171177e-11
0.208	104			1.08984e-05	-5.08784e-06	1.20272e-05	-25.026	0.000143007	3.39748e-06	0.000143052	1.362	0.00119496	-4.49421e-05	0.00119592	-2.148	0.00106049	-5.54326e-05	0.00106192	-2.988	-1.81518e-11
0.21	105			2.02937e-06	-4.28132e-06	4.73767e-06	-64.632	0.00017284	2.05637e-06	0.000172847	0.684	0.0012312	-4.62534e-05	0.00123204	-2.148	0.00106109	-5.66246e-05	0.00106264	-3.054	-1.802615e-11
0.212	106			2.22588e-06	-4.29901e-06	4.84011e-06	-62.622	0.000167915	2.54066e-06	0.000167937	0.87	0.0012225	-4.55382e-05	0.00122333	-2.13	0.00105918	-5.54326e-05	0.00106073	-2.994	-2.041341e-11
0.214	107			1.47857e-05	-5.28715e-06	1.57022e-05	-19.674	0.000156575	2.55556e-06	0.000156597	0.936	0.00120641	-4.57766e-05	0.00120724	-2.172	0.00106574	-5.66246e-05	0.00106729	-3.042	-2.384776e-11
0.216	108			1.91071e-05	-5.08691e-06	1.97721e-05	-14.904	0.000123941	3.6061e-06	0.000123993	1.668	0.0012045	-4.58958e-05	0.00120545	-2.178	0.00109745	-5.73399e-05	0.00109888	-2.988	-1.387984e-11
0.218	109			3.3267e-06	-3.74114e-06	5.00589e-06	-48.348	0.000127823	4.69389e-06	0.000127912	2.106	0.0012306	-4.61342e-05	0.00123144	-2.148	0.00110746	-5.78167e-05	0.00110889	-2.988	-2.213058e-11
0.22	110			2.8778e-07	-4.1826e-06	4.19191e-06	-86.064	0.000174136	2.78653e-06	0.000174158	0.918	0.00127996	-4.78032e-05	0.00128079	-2.136	0.00110627	-5.76975e-05	0.00110782	-2.982	-1.97852e-11
0.222	111			3.7132e-06	-5.03476e-06	6.25479e-06	-53.586	0.000207246	5.36445e-07	0.000207246	0.15	0.00130833	-4.93529e-05	0.00130928	-2.16	0.00110627	-5.82936e-05	0.00110782	-3.012	-1.471751e-11
0.224	112			1.84329e-05	-5.23965e-06	1.9163e-05	-15.87	0.000195117	1.78815e-06	0.000195117	0.528	0.00129522	-4.89953e-05	0.00129617	-2.166	0.00111879	-5.86512e-05	0.00112022	-3.0	-1.857065e-11
0.226	113			1.71961e-05	-5.75188e-06	1.8133e-05	-18.492	0.000136585	3.6061e-06	0.000136615	1.518	0.00127197	-4.81608e-05	0.00127292	-2.166	0.00115097	-6.06778e-05	0.00115252	-3.018	-2.196305e-11
0.228	114			4.20588e-06	-4.09599e-06	5.86922e-06	-44.232	0.000118584	3.51669e-06	0.000118614	1.704	0.00127066	-4.87568e-05	0.00127161	-2.19	0.00115765	-5.98433e-05	0.0011592	-2.958	-2.133482e-11
0.23	115			9.09906e-07	-4.8606e-06	4.94442e-06	-79.398	0.000137002	3.09946e-06	0.000137032	1.296	0.00129116	-4.83992e-05	0.00129212	-2.142	0.00115646	-6.06778e-05	0.00115813	-3.0	-1.857062e-11
0.232	116			3.48502e-06	-5.03662e-06	6.12441e-06	-55.314	0.00019005	2.26499e-06	0.00019005	0.684	0.00134362	-5.04258e-05	0.00134457	-2.148	0.00115646	-6.16317e-05	0.00115813	-3.048	-1.840311e-11
0.234	117			1.49143e-05	-5.21078e-06	1.57981e-05	-19.254	0.000234784	-5.96051e-08	0.000234784	-0.006	0.00138415	-5.28099e-05	0.00138522	-2.184	0.00116421	-6.16317e-05	0.00116576	-3.024	-2.087414e-11
0.236	118			2.30168e-05	-5.73325e-06	2.3719e-05	-13.986	0.000208796	1.60933e-06	0.000208796	0.444	0.00138915	-5.28099e-05	0.00139023	-2.178	0.00119937	-6.2943e-05	0.00120104	-3.0	-2.062285e-11
0.238	119			8.59803e-06	-6.09088e-06	1.05352e-05	-35.31	0.00015998	4.05314e-06	0.000160039	1.458	0.00136328	-5.06642e-05	0.00136424	-2.13	0.00121427	-6.48503e-05	0.00121606	-3.054	-1.660217e-11
0.24	120			1.76952e-06	-4.54675e-06	4.87643e-06	-68.73	0.000132264	4.20216e-06	0.000132323	1.824	0.0013404	-5.1141e-05	0.00134135	-2.184	0.00121165	-6.34198e-05	0.00121332	-2.994	-1.869629e-11
0.242	121			2.83124e-07	-4.17329e-06	4.18167e-06	-86.106	0.000137777	3.42728e-06	0.000137837	1.428	0.00134731	-5.22139e-05	0.00134838	-2.22	0.00121129	-6.25853e-05	0.00121284	-2.952	-1.932449e-11
0.244	122			5.95025e-06	-5.40915e-06	8.0411e-06	-42.264	0.000172795	2.62262e-06	0.000172825	0.876	0.00137747	-5.23331e-05	0.00137854	-2.172	0.00121177	-6.2943e-05	0.00121344	-2.97	-2.388964e-11
0.246	123			2.08962e-05	-6.10671e-06	2.17707e-05	-16.29	0.000217677	6.25852e-07	0.000217677	0.174	0.0014267	-5.43597e-05	0.00142778	-2.178	0.00122739	-6.46119e-05	0.00122906	-3.012	-2.259129e-11
0.248	124			2.31006e-05	-6.44106e-06	2.39817e-05	-15.576	0.000221492	6.55655e-07	0.000221492	0.174	0.0014664	-5.61478e-05	0.00146747	-2.19	0.00126482	-6.61616e-05	0.00126649	-2.994	-1.593206e-11
0.25	125			8.36706e-06	-6.30508e-06	1.04774e-05	-36.996	0.000211568	2.3246e-06	0.000211597	0.63	0.00147749	-5.63862e-05	0.00147856	-2.184	0.00127531	-6.77113e-05	0.0012771	-3.036	-1.697913e-11
0.252	126			8.34469e-07	-5.89903e-06	5.95491e-06	-81.942	0.000197382	1.90736e-06	0.000197382	0.564	0.00146795	-5.5671e-05	0.00146902	-2.166	0.00127376	-6.73537e-05	0.00127555	-3.024	-2.259128e-11
0.254	127			1.00583e-07	-5.95304e-06	5.95304e-06	-89.022	0.000166745	4.11275e-06	0.000166805	1.422	0.00143636	-5.49557e-05	0.00143743	-2.184	0.00127149	-6.71153e-05	0.00127316	-3.018	-1.547139e-11
0.256	128			3.906e-06	-4.4145e-06	5.89437e-06	-48.492	0.000166208	2.77163e-06	0.000166238	0.966	0.00143326	-5.50749e-05	0.00143433	-2.196	0.00127257	-6.65192e-05	0.00127435	-2.988	-2.208869e-11
0.258	129			1.72491e-05	-5.2797e-06	1.80389e-05	-17.016	0.000190974	1.10269e-06	0.000190974	0.336	0.0014546	-5.69823e-05	0.00145579	-2.238	0.00128091	-6.61616e-05	0.0012827	-2.952	-2.296823e-11
0.26	130			2.90853e-05	-6.17097e-06	2.97335e-05	-11.976	0.000188203	1.87755e-06	0.000188203	0.582	0.00147689	-5.75783e-05	0.00147796	-2.232	0.00131381	-6.85458e-05	0.0013156	-2.988	-2.21725e-11
0.262	131			1.66484e-05	-6.10019e-06	1.77306e-05	-20.124	0.000191302	1.87755e-06	0.000191332	0.57	0.00151683	-5.86512e-05	0.0015179	-2.214	0.00134147	-7.06916e-05	0.00134338	-3.012	-1.718853e-11
0.264	132			3.95442e-06	-6.0648e-06	7.23827e-06	-56.886	0.000222475	2.59282e-06	0.000222505	0.672	0.00155724	-5.90088e-05	0.00155843	-2.172	0.00134087	-7.06916e-05	0.00134278	-3.012	-1.857063e-11
0.266	133			4.37723e-07	-5.26759e-06	5.28435e-06	-85.242	0.000234605	1.87755e-06	0.000234605	0.462	0.00157238	-6.10356e-05	0.00157357	-2.22	0.00133861	-6.99763e-05	0.0013404	-2.988	-1.957579e-11
0.268	134			-1.11759e-07	-5.94e-06	5.94e-06	-91.08	0.000234962	1.28151e-06	0.000234962	0.318	0.00157095	-5.96049e-05	0.00157202	-2.172	0.00133849	-7.02147e-05	0.00134028	-3.0	-2.045532e-11
0.27	135			4.33813e-06	-5.80217e-06	7.24386e-06	-53.202	0.000221879	2.47361e-06	0.000221909	0.642	0.00155509	-5.96049e-05	0.00155628	-2.19	0.00133849	-7.11684e-05	0.0013404	-3.036	-1.848689e-11
0.272	136			1.64827e-05	-7.23827e-06	1.80026e-05	-23.706	0.000208975	2.4438e-06	0.000209005	0.678	0.00154138	-5.96049e-05	0.00154246	-2.214	0.00134934	-7.20029e-05	0.00135136	-3.054	-1.626712e-11
0.274	137			2.77424e-05	-6.75026e-06	2.85526e-05	-13.674	0.000189484	2.53321e-06	0.000189484	0.774	0.00154568	-5.97241e-05	0.00154675	-2.208	0.0013814	-7.28373e-05	0.00138331	-3.018	-1.94501e-11
0.276	138			2.08617e-05	-5.98098e-06	2.17018e-05	-15.996	0.000167699	3.33787e-06	0.000167728	1.152	0.00155998	-6.05586e-05	0.00156117	-2.22	0.00141156	-7.42679e-05	0.00141347	-3.012	-1.8068e-11
0.278	139			6.91976e-06	-6.59938e-06	9.56288e-06	-43.632	0.000170619	3.87433e-06	0.000170649	1.308	0.0015787	-6.09162e-05	0.00157989	-2.208	0.00141621	-7.45063e-05	0.00141812	-3.012	-2.372209e-11
0.28	140			1.22377e-06	-5.80589e-06	5.93255e-06	-78.084	0.000198723	2.89084e-06	0.000198753	0.834	0.0016116	-6.15125e-05	0.00161279	-2.184	0.00141419	-7.42679e-05	0.00141609	-3.0	-2.305205e-11
0.282	141			-1.11759e-07	-5.65316e-06	5.65129e-06	-91.116	0.000243039	1.49012e-06	0.000243039	0.354	0.00165499	-6.37774e-05	0.00165618	-2.202	0.00141288	-7.45063e-05	0.0014149	-3.012	-2.187929e-11
0.284	142			2.16068e-07	-5.64757e-06	5.64943e-06	-87.804	0.000266256	4.47037e-07	0.000266256	0.096	0.00167752	-6.47311e-05	0.00167871	-2.208	0.00141252	-7.48639e-05	0.00141454	-3.03	-1.764919e-11
0.286	143			7.11906e-06	-6.5882e-06	9.69885e-06	-42.78	0.00027773	-5.9605e-07	0.00027773	-0.114	0.00168527	-6.49695e-05	0.00168646	-2.202	0.0014149	-7.48639e-05	0.00141693	-3.024	-2.08741e-11
0.288	144			2.06867e-05	-7.20847e-06	2.19067e-05	-19.206	0.000269385	9.23876e-07	0.000269385	0.198	0.00168074	-6.43735e-05	0.00168193	-2.19	0.001431	-7.58176e-05	0.00143302	-3.03	-1.718854e-11
0.29	145			2.95379e-05	-7.84924e-06	3.05625e-05	-14.88	0.00022176	2.3544e-06	0.00022179	0.618	0.00166441	-6.2943e-05	0.0016656	-2.166	0.00146902	-7.79633e-05	0.00147105	-3.036	-1.781674e-11
0.292	146			1.96957e-05	-8.02806e-06	2.12678e-05	-22.176	0.000183255	3.6657e-06	0.000183285	1.146	0.00165749	-6.44927e-05	0.00165869	-2.226	0.00149382	-7.95131e-05	0.00149596	-3.042	-1.643464e-11
0.294	147			7.21778e-06	-6.64781e-06	9.81061e-06	-42.636	0.000173093	4.11275e-06	0.000173152	1.362	0.00166381	-6.44927e-05	0.00166512	-2.214	0.00149859	-7.91554e-05	0.00150061	-3.018	-1.790054e-11
0.296	148			8.02804e-07	-5.31788e-06	5.37562e-06	-81.426	0.000180752	3.03985e-06	0.000180782	0.972	0.0016749	-6.53272e-05	0.00167621	-2.232	0.00149668	-7.82018e-05	0.00149883	-2.988	-2.522994e-11
0.298	149			1.91853e-07	-6.39449e-06	6.39635e-06	-88.266	0.000190855	3.48689e-06	0.000190885	1.056	0.00168598	-6.53272e-05	0.0016873	-2.214	0.00149608	-7.85594e-05	0.00149811	-3.0	-1.706288e-11
0.3	150			-9.10837e-07	-6.01637e-06	6.08157e-06	-98.604	0.00021121	3.15906e-06	0.00021121	0.858	0.00170625	-6.60424e-05	0.00170756	-2.214	0.00149549	-7.86786e-05	0.00149763	-3.006	-2.388958e-11
0.302	151			2.01353e-06	-5.49669e-06	5.85432e-06	-69.87	0.000261279	7.15259e-07	0.000261279	0.156	0.00175501	-6.93803e-05	0.00175632	-2.262	0.00149608	-7.93939e-05	0.00149823	-3.036	-2.301019e-11
0.304	152			1.05613e-05	-6.66644e-06	1.24891e-05	-32.25	0.000299515	-8.04666e-07	0.000299515	-0.15	0.00179053	-7.00955e-05	0.00179196	-2.238	0.00150133	-7.98707e-05	0.00150348	-3.042	-1.601582e-11
0.306	153			2.47156e-05	-7.27925e-06	2.57661e-05	-16.41	0.000302287	-5.06643e-07	0.000302287	-0.096	0.00180889	-6.8665e-05	0.00181008	-2.172	0.0015297	-8.14204e-05	0.00153173	-3.048	-2.334517e-11
0.308	154			3.20806e-05	-8.33726e-06	3.3146e-05	-14.568	0.000271531	2.17558e-06	0.000271531	0.462	0.00180984	-7.03339e-05	0.00181127	-2.22	0.00156809	-8.35662e-05	0.00157035	-3.048	-1.798425e-11
0.31	155			2.36743e-05	-9.04879e-06	2.53451e-05	-20.916	0.000234217	2.98025e-06	0.000234247	0.732	0.00180031	-7.03339e-05	0.0018015	-2.238	0.00159014	-8.53543e-05	0.00159241	-3.072	-1.702098e-11
0.312	156			7.96845e-06	-7.82317e-06	1.11666e-05	-44.466	0.000207604	4.44058e-06	0.000207634	1.23	0.00178982	-6.98571e-05	0.00179101	-2.232	0.001593	-8.55927e-05	0.00159527	-3.072	-1.836124e-11
0.314	157			3.33415e-07	-6.10019e-06	6.10951e-06	-86.856	0.000224025	3.06965e-06	0.000224025	0.786	0.00181175	-7.03339e-05	0.00181318	-2.22	0.00159014	-8.41622e-05	0.00159241	-3.03	-1.798425e-11
0.316	158			-1.34111e-07	-6.84339e-06	6.84339e-06	-91.116	0.000229777	2.3246e-06	0.000229777	0.588	0.001817	-7.12876e-05	0.00181843	-2.244	0.0015899	-8.38046e-05	0.00159217	-3.018	-2.141859e-11
0.318	159			-2.55184e-07	-5.89158e-06	5.89344e-06	-92.478	0.000219465	2.62262e-06	0.000219465	0.69	0.00180698	-7.10492e-05	0.00180817	-2.25	0.00158907	-8.41622e-05	0.00159121	-3.03	-2.020403e-11
0.32	160			1.22935e-07	-6.60869e-06	6.60869e-06	-88.932	0.000218631	2.17558e-06	0.000218661	0.57	0.00180651	-7.08108e-05	0.0018077	-2.238	0.00158919	-8.36854e-05	0.00159145	-3.012	-2.053909e-11
0.322	161			2.6785e-06	-6.76143e-06	7.2718e-06	-68.376	0.000233383	1.99677e-06	0.000233383	0.492	0.00181866	-7.08108e-05	0.00181986	-2.226	0.00158978	-8.3447e-05	0.00159193	-3.0	-2.321955e-11
0.324	162			1.4037e-05	-8.05786e-06	1.61846e-05	-29.85	0.000253113	8.34469e-07	0.000253113	0.192	0.00184036	-7.22413e-05	0.00184179	-2.244	0.00160075	-8.58312e-05	0.00160301	-3.066	-1.584833e-11
0.326	163			2.81037e-05	-8.21805e-06	2.92809e-05	-16.296	0.000276806	4.17234e-07	0.000276806	0.09	0.00188685	-7.41486e-05	0.00188828	-2.244	0.00163389	-8.65464e-05	0.00163615	-3.03	-1.505252e-11
0.328	164			3.3064e-05	-8.54401e-06	3.415e-05	-14.484	0.000284733	1.72854e-06	0.000284733	0.354	0.001925	-7.53407e-05	0.00192667	-2.238	0.00167204	-8.9169e-05	0.00167442	-3.054	-2.146051e-11
0.33	165			2.65093e-05	-8.31677e-06	2.77833e-05	-17.418	0.000275197	1.63914e-06	0.000275197	0.348	0.00194193	-7.65328e-05	0.00194336	-2.25	0.00169254	-8.92882e-05	0.00169493	-3.018	-1.635089e-11
0.332	166			1.38842e-05	-7.64808e-06	1.58494e-05	-28.842	0.000262531	3.30807e-06	0.000262531	0.726	0.0019467	-7.53407e-05	0.00194813	-2.208	0.00169898	-9.05995e-05	0.00170148	-3.048	-2.288447e-11
0.334	167			3.86316e-06	-6.98122e-06	7.97777e-06	-61.026	0.000254216	2.14578e-06	0.000254245	0.486	0.00194526	-7.6056e-05	0.0019467	-2.232	0.00169767	-8.95266e-05	0.00169993	-3.018	-2.183743e-11
0.336	168			3.12926e-07	-6.35537e-06	6.36282e-06	-87.18	0.00024608	3.03985e-06	0.000246109	0.708	0.00193978	-7.58176e-05	0.00194121	-2.232	0.0016954	-8.94074e-05	0.00169767	-3.018	-1.672783e-11
0.338	169			-6.25852e-07	-6.78192e-06	6.808e-06	-95.268	0.000250967	3.18886e-06	0.000250997	0.732	0.00194383	-7.58176e-05	0.0019455	-2.226	0.00169481	-9.04803e-05	0.00169719	-3.054	-2.472723e-11
0.34	170			-6.25852e-07	-7.31277e-06	7.33699e-06	-94.884	0.00028223	2.14578e-06	0.00028223	0.438	0.00197555	-7.70097e-05	0.00197698	-2.226	0.00169493	-9.01227e-05	0.00169743	-3.042	-1.283284e-11
0.342	171			-9.31327e-08	-8.4546e-06	8.45274e-06	-90.624	0.000294061	1.46032e-06	0.000294061	0.288	0.00198747	-7.67712e-05	0.0019889	-2.208	0.00169516	-9.04803e-05	0.00169755	-3.054	-2.137674e-11
0.344	172			2.30969e-06	-6.95701e-06	7.32954e-06	-71.628	0.000288697	-2.08617e-07	0.000288697	-0.036	0.00197865	-7.84402e-05	0.00198032	-2.268	0.00169528	-8.97651e-05	0.00169767	-3.03	-1.802615e-11
0.346	173			1.06153e-05	-7.24944e-06	1.28542e-05	-34.32	0.000281962	5.9605e-07	0.000281962	0.126	0.00197579	-7.79633e-05	0.00197722	-2.256	0.0017053	-9.11956e-05	0.00170768	-3.06	-1.509444e-11
0.348	174			2.56916e-05	-8.21432e-06	2.69731e-05	-17.73	0.000257732	1.78815e-06	0.000257732	0.402	0.00197269	-7.86786e-05	0.00197436	-2.28	0.00173951	-9.25069e-05	0.00174201	-3.042	-1.898945e-11
0.35	175			3.43176e-05	-9.20711e-06	3.55302e-05	-15.018	0.00023076	3.27827e-06	0.00023076	0.822	0.00197579	-7.77249e-05	0.00197722	-2.244	0.00177694	-9.44142e-05	0.00177944	-3.036	-1.848683e-11
0.352	176			3.0337e-05	-8.32236e-06	3.14584e-05	-15.336	0.000221551	2.83124e-06	0.000221581	0.738	0.00199248	-7.93939e-05	0.00199391	-2.28	0.00180436	-9.44142e-05	0.00180698	-2.994	-1.727227e-11
0.354	177			2.32403e-05	-9.13633e-06	2.49707e-05	-21.462	0.000237078	3.6955e-06	0.000237108	0.9	0.0020292	-7.96323e-05	0.00203086	-2.244	0.00181509	-9.656e-05	0.00181771	-3.036	-2.183744e-11
0.356	178			1.13603e-05	-7.99453e-06	1.38898e-05	-35.13	0.000264617	3.24847e-06	0.000264617	0.702	0.00207211	-8.15396e-05	0.00207378	-2.244	0.00181962	-9.72752e-05	0.00182224	-3.054	-1.781676e-11
0.358	179			2.82192e-06	-7.62384e-06	8.12864e-06	-69.678	0.000284703	3.33787e-06	0.000284733	0.672	0.0020981	-8.15396e-05	0.00209953	-2.22	0.00181843	-9.75137e-05	0.00182105	-3.066	-1.827747e-11
0.36	180			1.49013e-08	-7.66484e-06	7.66298e-06	-89.874	0.000294985	1.2219e-06	0.000294985	0.24	0.00210883	-8.3447e-05	0.0021105	-2.262	0.00181652	-9.70368e-05	0.00181938	-3.054	-1.794242e-11
0.362	181			-1.00583e-07	-7.37983e-06	7.37797e-06	-90.774	0.000295909	2.68222e-06	0.000295909	0.516	0.00210978	-8.27317e-05	0.00211145	-2.244	0.00181628	-9.70368e-05	0.00181866	-3.054	-1.752358e-11
0.364	182			-4.04196e-07	-7.09112e-06	7.10043e-06	-93.258	0.000287266	2.3246e-06	0.000287296	0.462	0.00210287	-8.27317e-05	0.00210454	-2.25	0.00181628	-9.656e-05	0.00181866	-3.036	-2.037154e-11
0.366	183			-4.91742e-07	-7.25503e-06	7.26993e-06	-93.876	0.000278773	2.50341e-06	0.000278773	0.516	0.00209214	-8.32085e-05	0.00209381	-2.274	0.00181533	-9.63216e-05	0.00181795	-3.03	-2.091602e-11
0.368	184			5.12231e-07	-8.1957e-06	8.2106e-06	-86.418	0.00029582	2.414e-06	0.00029582	0.468	0.00210835	-8.29701e-05	0.00211002	-2.25	0.00181533	-9.75137e-05	0.00181795	-3.072	-2.154425e-11
0.37	185			3.98609e-06	-9.05251e-06	9.88884e-06	-66.228	0.000332417	5.96051e-08	0.000332417	0.012	0.00214531	-8.41622e-05	0.00214697	-2.244	0.00181771	-9.87058e-05	0.00182033	-3.108	-1.848687e-11
0.372	186			1.36924e-05	-8.3801e-06	1.60524e-05	-31.464	0.000379415	-1.81795e-06	0.000379415	-0.276	0.00220133	-8.6308e-05	0.002203	-2.238	0.00183464	-9.87058e-05	0.00183726	-3.072	-1.630898e-11
0.374	187			2.74164e-05	-1.0511e-05	2.9361e-05	-20.97	0.000364544	-1.51993e-06	0.000364544	-0.24	0.00221683	-8.75001e-05	0.0022185	-2.262	0.00187636	-0.000101328	0.00187898	-3.084	-2.338705e-11
0.376	188			2.89363e-05	-9.89629e-06	3.05811e-05	-18.882	0.000316562	2.98025e-07	0.000316562	0.06	0.00220038	-8.77385e-05	0.00220205	-2.28	0.00191284	-0.00010252	0.00191546	-3.066	-1.706284e-11
0.378	189			2.65968e-05	-9.94472e-06	2.83943e-05	-20.496	0.000274362	2.89084e-06	0.000274392	0.606	0.00217558	-8.58312e-05	0.00217725	-2.256	0.00192953	-0.000102997	0.00193215	-3.054	-2.058096e-11
0.38	190			2.27952e-05	-9.3077e-06	2.46206e-05	-22.206	0.000237078	4.29156e-06	0.000237108	1.044	0.0021558	-8.48775e-05	0.00215746	-2.25	0.00194288	-0.000103951	0.0019455	-3.06	-1.911511e-11
0.382	191			1.57916e-05	-9.42132e-06	1.83881e-05	-30.816	0.000208379	4.41077e-06	0.000208409	1.212	0.00214602	-8.6308e-05	0.00214769	-2.298	0.00195433	-0.000104428	0.00195719	-3.054	-1.739794e-11
0.384	192			6.87878e-06	-8.14727e-06	1.06618e-05	-49.818	0.00019911	5.15583e-06	0.0001992	1.488	0.00214864	-8.53543e-05	0.00215031	-2.274	0.00195815	-0.000103951	0.00196101	-3.036	-2.313576e-11
0.386	193			7.84177e-07	-8.55891e-06	8.5943e-06	-84.756	0.000212462	4.94721e-06	0.000212491	1.332	0.00216652	-8.58312e-05	0.00216819	-2.268	0.00195672	-0.000104428	0.00195958	-3.054	-2.116729e-11
0.388	194			3.16652e-08	-7.93306e-06	7.9312e-06	-89.76	0.000251295	3.7253e-06	0.000251325	0.858	0.00220515	-8.72617e-05	0.00220682	-2.262	0.00195505	-0.000104189	0.00195767	-3.048	-2.049718e-11
0.39	195			-1.03378e-06	-6.91231e-06	6.98681e-06	-98.502	0.00029573	2.3246e-06	0.00029576	0.456	0.00224997	-8.98843e-05	0.00225164	-2.286	0.00195505	-0.000103713	0.00195767	-3.036	-1.794241e-11
0.392	196			5.58796e-08	-7.51208e-06	7.51021e-06	-89.568	0.00032598	5.36445e-07	0.00032598	0.096	0.0022793	-9.10764e-05	0.00228097	-2.286	0.00195505	-0.000103951	0.00195791	-3.042	-2.183741e-11
0.394	197			-5.23407e-07	-8.84576e-06	8.8588e-06	-93.378	0.000340344	3.5763e-07	0.000340344	0.06	0.00229432	-9.08379e-05	0.00229599	-2.268	0.00195552	-0.00010562	0.00195839	-3.09	-1.760735e-11
0.396	198			-6.10951e-07	-7.45806e-06	7.48227e-06	-94.674	0.000345768	1.37091e-06	0.000345768	0.228	0.00229909	-9.17916e-05	0.00230099	-2.28	0.00195529	-0.000105143	0.00195815	-3.072	-2.351266e-11
0.398	199			1.69315e-06	-8.35402e-06	8.52166e-06	-78.54	0.000345441	1.49012e-06	0.000345441	0.252	0.00229646	-9.10764e-05	0.00229837	-2.268	0.00195505	-0.000105381	0.00195791	-3.084	-1.656032e-11
0.4	200			9.69885e-06	-7.75425e-06	1.24165e-05	-38.634	0.000342341	1.1623e-06	0.000342341	0.192	0.00229336	-9.10764e-05	0.00229527	-2.274	0.00196268	-0.000105381	0.00196554	-3.066	-1.991083e-11
0.402	201			2.21768e-05	-9.94658e-06	2.43039e-05	-24.156	0.000329377	1.66894e-06	0.000329377	0.294	0.0022967	-9.203e-05	0.00229861	-2.286	0.00198771	-0.000107527	0.00199033	-3.09	-1.991086e-11
0.404	202			3.57127e-05	-1.10902e-05	3.73947e-05	-17.25	0.000319513	2.05637e-06	0.000319513	0.372	0.00232841	-9.34605e-05	0.00233032	-2.292	0.00204088	-0.000109435	0.00204374	-3.066	-1.840307e-11
0.406	203			3.13933e-05	-1.0334e-05	3.30491e-05	-18.216	0.000344755	1.78815e-06	0.000344755	0.3	0.00238468	-9.41758e-05	0.00238658	-2.256	0.00207116	-0.000111104	0.00207426	-3.066	-1.785859e-11
0.408	204			2.53693e-05	-9.78267e-06	2.71891e-05	-21.084	0.000381025	5.96051e-08	0.000381025	0.012	0.00243713	-9.70368e-05	0.00243904	-2.28	0.00208189	-0.000112057	0.00208499	-3.078	-2.43922e-11
0.41	205			2.11598e-05	-1.07959e-05	2.37544e-05	-27.024	0.000397088	-6.85457e-07	0.000397088	-0.096	0.00246955	-9.82289e-05	0.00247146	-2.274	0.002095	-0.000113011	0.0020981	-3.084	-1.748168e-11
0.412	206			1.81237e-05	-9.84973e-06	2.0627e-05	-28.518	0.00038329	-7.45062e-07	0.00038329	-0.108	0.00247122	-9.87058e-05	0.00247313	-2.286	0.00210668	-0.000113011	0.00210978	-3.072	-1.940829e-11
0.414	207			1.16584e-05	-1.02074e-05	1.54955e-05	-41.196	0.00035006	7.45062e-07	0.00035006	0.126	0.00245191	-9.75137e-05	0.00245382	-2.274	0.00211646	-0.000114203	0.00211932	-3.09	-1.907318e-11
0.416	208			2.74555e-06	-9.51631e-06	9.90188e-06	-73.896	0.000317873	1.90736e-06	0.000317873	0.342	0.00243022	-9.70368e-05	0.00243212	-2.286	0.00211979	-0.000113488	0.00212266	-3.06	-2.108352e-11
0.418	209			5.30858e-07	-1.01273e-05	1.01384e-05	-86.994	0.00028676	3.48689e-06	0.00028679	0.702	0.00240184	-9.53679e-05	0.00240351	-2.274	0.0021186	-0.00011468	0.0021217	-3.096	-1.689532e-11
0.42	210			-5.30858e-07	-9.76404e-06	9.77708e-06	-93.108	0.000263782	4.32137e-06	0.000263812	0.942	0.00237967	-9.48911e-05	0.00238158	-2.28	0.00211836	-0.000114441	0.00212146	-3.09	-2.146043e-11
0.422	211			-5.9605e-07	-8.88301e-06	8.90164e-06	-93.834	0.000241906	4.61939e-06	0.000241966	1.098	0.0023575	-9.41758e-05	0.00235917	-2.28	0.00211789	-0.000112296	0.00212099	-3.03	-2.301015e-11
0.424	212			-1.41748e-06	-8.51607e-06	8.62969e-06	-99.444	0.000239284	4.38097e-06	0.000239314	1.05	0.00235535	-9.48911e-05	0.00235726	-2.304	0.00211932	-0.000112534	0.00212218	-3.036	-2.141861e-11
0.426	213			-7.20847e-07	-8.31491e-06	8.34471e-06	-94.95	0.000255348	3.90413e-06	0.000255378	0.876	0.00237133	-9.58447e-05	0.00237347	-2.31	0.00211789	-0.000112534	0.00212099	-3.036	-1.752357e-11
0.428	214			-6.20264e-07	-8.46019e-06	8.48254e-06	-94.194	0.000275882	3.36768e-06	0.000275882	0.702	0.00239183	-9.60832e-05	0.00239398	-2.298	0.00211813	-0.000113726	0.00212099	-3.066	-2.129294e-11
0.43	215			-6.5193e-08	-8.29814e-06	8.29628e-06	-90.438	0.000303211	3.39748e-06	0.00030324	0.648	0.00241806	-9.67984e-05	0.00241996	-2.286	0.00211717	-0.000113726	0.00212003	-3.072	-2.418279e-11
0.432	216			4.39586e-07	-9.3673e-06	9.37475e-06	-87.312	0.000347676	9.23876e-07	0.000347676	0.156	0.00246169	-9.91826e-05	0.00246383	-2.304	0.0021167	-0.00011468	0.00212003	-3.102	-2.003646e-11
0.434	217			8.74331e-06	-1.0701e-05	1.38172e-05	-50.742	0.000394257	-5.66248e-07	0.000394257	-0.078	0.00250794	-0.000101328	0.00250985	-2.31	0.00212289	-0.000116349	0.00212599	-3.132	-1.589015e-11
0.436	218			2.19551e-05	-9.74355e-06	2.40189e-05	-23.928	0.000405015	-1.1921e-07	0.000405015	-0.018	0.00253107	-0.000101567	0.00253297	-2.298	0.0021465	-0.000117064	0.0021496	-3.12	-1.823554e-11
0.438	219			3.91903e-05	-1.04346e-05	4.05556e-05	-14.91	0.00036809	6.55655e-07	0.00036809	0.102	0.00253631	-0.000102997	0.00253846	-2.322	0.00220253	-0.000119687	0.00220563	-3.108	-1.681156e-11
0.44	220			3.9222e-05	-1.09096e-05	4.07102e-05	-15.546	0.000324043	4.02334e-06	0.000324072	0.714	0.00252916	-0.000102044	0.00253107	-2.304	0.00224496	-0.000122071	0.0022483	-3.108	-2.045529e-11
0.442	221			2.78895e-05	-1.08965e-05	2.99421e-05	-21.342	0.000297548	5.39425e-06	0.000297608	1.044	0.00252153	-0.000102282	0.00252368	-2.322	0.0022545	-0.000122548	0.00225784	-3.108	-2.359646e-11
0.444	222			2.07407e-05	-1.06469e-05	2.3313e-05	-27.174	0.000283392	6.10951e-06	0.000283482	1.236	0.00252511	-0.000102044	0.00252701	-2.31	0.00226356	-0.000123979	0.0022669	-3.132	-1.94501e-11
0.446	223			2.07053e-05	-1.09152e-05	2.34043e-05	-27.792	0.000292899	5.00682e-06	0.000292929	0.984	0.002553	-0.00010252	0.00255491	-2.292	0.00227977	-0.000124455	0.00228311	-3.12	-1.869625e-11
0.448	224			1.74773e-05	-1.00639e-05	2.0167e-05	-29.934	0.000310453	4.41077e-06	0.000310512	0.816	0.00258638	-0.000104189	0.00258853	-2.304	0.00229384	-0.000123979	0.00229718	-3.09	-2.569054e-11
0.45	225			1.39326e-05	-1.04346e-05	1.74047e-05	-36.828	0.00035155	2.414e-06	0.00035155	0.39	0.00264098	-0.000106335	0.00264312	-2.304	0.00230385	-0.000124932	0.00230719	-3.102	-2.217245e-11
0.452	226			7.63132e-06	-1.10884e-05	1.34595e-05	-55.458	0.000409545	1.78815e-07	0.000409545	0.03	0.00271083	-0.000108481	0.00271298	-2.286	0.00230958	-0.000125648	0.00231291	-3.108	-2.074851e-11
0.454	227			2.65615e-06	-9.86463e-06	1.02129e-05	-74.928	0.00045702	-1.54973e-06	0.00045702	-0.192	0.00276472	-0.000111104	0.00276686	-2.298	0.00231244	-0.000125886	0.00231577	-3.108	-1.878003e-11
0.456	228			6.5193e-08	-9.91306e-06	9.91119e-06	-89.616	0.000479223	-3.03985e-06	0.000479223	-0.36	0.00278713	-0.000112057	0.00278927	-2.298	0.00231148	-0.000124455	0.00231482	-3.078	-2.012028e-11
0.458	229			-1.17347e-06	-9.75101e-06	9.81806e-06	-96.864	0.000483694	-3.45708e-06	0.000483694	-0.408	0.00279213	-0.000110865	0.00279428	-2.274	0.00231029	-0.000124217	0.00231363	-3.072	-2.522987e-11
0.46	230			-4.47037e-07	-9.81061e-06	9.81806e-06	-92.604	0.000477435	-3.6359e-06	0.000477435	-0.438	0.00278546	-0.000112057	0.0027876	-2.298	0.00231053	-0.000124694	0.00231387	-3.084	-2.288446e-11
0.462	231			-1.302e-06	-1.01682e-05	1.02502e-05	-97.296	0.000443818	-2.80143e-06	0.000443818	-0.36	0.00275113	-0.000110865	0.00275327	-2.304	0.00231053	-0.000124217	0.00231387	-3.072	-2.003649e-11
0.464	232			8.75448e-08	-1.02595e-05	1.02576e-05	-89.508	0.000410499	-1.43052e-06	0.000410499	-0.192	0.00271727	-0.000108719	0.00271966	-2.286	0.00231053	-0.000123502	0.00231387	-3.054	-2.020403e-11
0.466	233			-2.81261e-07	-1.02837e-05	1.02856e-05	-91.56	0.00038469	-1.78815e-07	0.00038469	-0.018	0.00269128	-0.000108004	0.00269343	-2.292	0.00230981	-0.000124455	0.00231315	-3.078	-2.221437e-11
0.468	234			-6.44479e-07	-9.81806e-06	9.83855e-06	-93.75	0.000356736	7.74864e-07	0.000356736	0.126	0.00266363	-0.000108004	0.00266577	-2.316	0.00231005	-0.000124932	0.00231339	-3.096	-2.317762e-11
0.47	235			-1.52365e-06	-1.12281e-05	1.13305e-05	-97.728	0.000340702	1.54973e-06	0.000340702	0.264	0.00264885	-0.000106812	0.00265099	-2.304	0.00231053	-0.000124694	0.00231387	-3.09	-1.454998e-11
0.472	236			-5.40171e-07	-1.09394e-05	1.09505e-05	-92.82	0.000343265	1.43052e-06	0.000343265	0.24	0.00265028	-0.000107527	0.00265266	-2.316	0.00231077	-0.000126363	0.00231434	-3.132	-2.112541e-11
0.474	237			5.01427e-06	-1.12281e-05	1.22954e-05	-65.934	0.000356438	2.08618e-06	0.000356438	0.342	0.0026622	-0.000108004	0.00266434	-2.316	0.00231291	-0.000127078	0.00231649	-3.144	-2.024588e-11
0.476	238			1.61697e-05	-1.03079e-05	1.9176e-05	-32.514	0.000364127	1.31131e-06	0.000364127	0.21	0.00267698	-0.000109435	0.00267912	-2.34	0.00232913	-0.000126363	0.00233246	-3.102	-1.681158e-11
0.478	239			3.47386e-05	-1.18446e-05	3.67018e-05	-18.828	0.000341596	7.74864e-07	0.000341596	0.138	0.00269367	-0.000110388	0.00269581	-2.346	0.00238253	-0.000129462	0.00238611	-3.108	-1.643462e-11
0.48	240			4.45249e-05	-1.26772e-05	4.62944e-05	-15.894	0.000303628	3.87433e-06	0.000303688	0.744	0.00270297	-0.000110388	0.00270511	-2.334	0.00244285	-0.000132085	0.00244619	-3.096	-1.413111e-11
0.482	241			3.61654e-05	-1.08891e-05	3.7771e-05	-16.752	0.000290694	4.23196e-06	0.000290694	0.84	0.00271155	-0.000110627	0.00271393	-2.334	0.00245954	-0.000132562	0.00246312	-3.078	-1.764921e-11
0.484	242			2.87109e-05	-1.17571e-05	3.10245e-05	-22.266	0.000294866	4.88761e-06	0.000294866	0.96	0.00272466	-0.000111104	0.00272705	-2.334	0.00246145	-0.000133515	0.00246502	-3.102	-2.284259e-11
0.486	243			2.4248e-05	-1.13324e-05	2.67626e-05	-25.044	0.000305476	4.94721e-06	0.000305535	0.93	0.00275113	-0.000112772	0.00275327	-2.346	0.00247194	-0.000134707	0.00247552	-3.12	-1.727226e-11
0.488	244			2.13647e-05	-1.07103e-05	2.38979e-05	-26.622	0.000316324	4.52998e-06	0.000316383	0.822	0.00278641	-0.000114203	0.0027888	-2.34	0.00249197	-0.000135661	0.00249554	-3.114	-1.689532e-11
0.49	245			1.92859e-05	-1.13175e-05	2.23593e-05	-30.396	0.000317993	6.0201e-06	0.000318112	1.092	0.00280668	-0.00011468	0.00280906	-2.34	0.00251009	-0.00013733	0.0025139	-3.132	-1.949204e-11
0.492	246			1.6369e-05	-1.10195e-05	1.97293e-05	-33.936	0.000302257	6.37773e-06	0.000302317	1.218	0.00280692	-0.00011468	0.0028093	-2.334	0.00252344	-0.000138045	0.00252725	-3.126	-2.221432e-11
0.494	247			1.22972e-05	-1.0863e-05	1.64063e-05	-41.454	0.000290813	7.15259e-06	0.000290932	1.416	0.00280978	-0.000113726	0.00281216	-2.316	0.00253345	-0.00013733	0.00253727	-3.102	-2.175361e-11
0.496	248			7.27552e-06	-1.07997e-05	1.30199e-05	-56.028	0.000296535	6.49694e-06	0.000296595	1.254	0.00282575	-0.00011468	0.00282814	-2.322	0.00253917	-0.000138999	0.00254299	-3.132	-1.568074e-11
0.498	249			2.36557e-06	-1.06432e-05	1.08965e-05	-77.46	0.000329914	6.13931e-06	0.000329973	1.068	0.00286628	-0.000116349	0.00286867	-2.322	0.00254132	-0.000139476	0.00254513	-3.138	-1.764921e-11
0.5	250			9.31327e-08	-1.08295e-05	1.08258e-05	-89.49	0.000370027	3.6359e-06	0.000370027	0.57	0.00290824	-0.000118018	0.00291063	-2.322	0.00254132	-0.000138522	0.00254513	-3.12	-2.095786e-11
0.502	251			-3.72531e-07	-1.04197e-05	1.04197e-05	-92.034	0.000393989	2.62262e-06	0.000393989	0.384	0.00293209	-0.000119687	0.00293447	-2.334	0.0025418	-0.000139714	0.00254561	-3.138	-1.434053e-11
0.504	252			-6.44479e-07	-1.1351e-05	1.13659e-05	-93.246	0.000416638	8.94073e-07	0.000416638	0.126	0.00295474	-0.000120163	0.00295712	-2.322	0.00254084	-0.000138999	0.00254466	-3.126	-1.940826e-11
0.506	253			-5.51347e-07	-1.05873e-05	1.06004e-05	-92.976	0.000460329	-1.31131e-06	0.000460329	-0.156	0.00299837	-0.000121832	0.00300075	-2.322	0.00254156	-0.00013733	0.00254513	-3.096	-1.785863e-11
0.508	254			-8.27018e-07	-1.04756e-05	1.05072e-05	-94.512	0.000522558	-3.87433e-06	0.000522558	-0.426	0.00306155	-0.000123502	0.00306393	-2.31	0.00254156	-0.000136853	0.00254513	-3.084	-1.932448e-11
0.51	255			-7.33886e-07	-1.07531e-05	1.07773e-05	-93.9	0.000578169	-6.25852e-06	0.000578228	-0.618	0.00311591	-0.00012684	0.00311829	-2.328	0.00254132	-0.000138284	0.00254513	-3.114	-2.426654e-11
0.512	256			-5.90462e-07	-1.07457e-05	1.07606e-05	-93.144	0.000604097	-6.67575e-06	0.000604097	-0.63	0.00314309	-0.000128032	0.00314595	-2.328	0.0025418	-0.000138045	0.00254537	-3.108	-2.037153e-11
0.514	257			-8.19568e-07	-1.10288e-05	1.10567e-05	-94.242	0.000616018	-6.73535e-06	0.000616077	-0.624	0.0031531	-0.000128032	0.00315596	-2.322	0.00254108	-0.000137568	0.00254466	-3.096	-2.192116e-11
0.516	258			-5.43896e-07	-1.09226e-05	1.09338e-05	-92.85	0.00061566	-7.74866e-06	0.00061572	-0.72	0.0031531	-0.000128509	0.00315596	-2.328	0.00254132	-0.000138522	0.00254513	-3.12	-2.401527e-11
0.518	259			-1.04495e-06	-1.21259e-05	1.21687e-05	-94.92	0.000610296	-6.67575e-06	0.000610355	-0.624	0.00314762	-0.000127555	0.00315	-2.316	0.0025406	-0.000138999	0.00254442	-3.132	-1.919885e-11
0.52	260			1.99304e-07	-1.27163e-05	1.27163e-05	-89.1	0.000593428	-5.78168e-06	0.000593487	-0.558	0.00312997	-0.000127555	0.0031326	-2.328	0.00254036	-0.000139476	0.00254418	-3.138	-2.116729e-11
0.522	261			2.37302e-06	-1.22656e-05	1.24928e-05	-79.05	0.000574593	-6.0201e-06	0.000574652	-0.594	0.00310899	-0.00012684	0.00311162	-2.334	0.00254084	-0.000139953	0.00254466	-3.15	-2.158611e-11
0.524	262			8.83272e-06	-1.29417e-05	1.56668e-05	-55.686	0.0005554	-6.0797e-06	0.0005554	-0.624	0.00309278	-0.000126363	0.00309516	-2.334	0.00254895	-0.000140191	0.002553	-3.144	-1.886379e-11
0.526	263			2.48404e-05	-1.32137e-05	2.81354e-05	-28.008	0.000514749	-4.47038e-06	0.000514809	-0.492	0.00307609	-0.000126363	0.00307871	-2.346	0.00258566	-0.000141622	0.00258948	-3.132	-2.32614e-11
0.528	264			3.9723e-05	-1.43219e-05	4.22264e-05	-19.824	0.000428678	-1.78815e-07	0.000428678	-0.018	0.00305344	-0.000125648	0.00305583	-2.352	0.00265934	-0.000146152	0.00266315	-3.144	-1.467561e-11
0.53	265			3.71656e-05	-1.47168e-05	3.99726e-05	-21.6	0.000365796	3.27827e-06	0.000365796	0.516	0.00303151	-0.000123025	0.00303413	-2.322	0.00270511	-0.000148059	0.00270917	-3.126	-2.158613e-11
0.532	266			2.56879e-05	-1.35191e-05	2.90276e-05	-27.756	0.000356855	3.21867e-06	0.000356855	0.522	0.00303127	-0.000124217	0.00303365	-2.34	0.00270535	-0.000148059	0.0027094	-3.126	-1.89057e-11
0.534	267			1.94517e-05	-1.3508e-05	2.36818e-05	-34.776	0.000375213	2.92064e-06	0.000375213	0.45	0.00305463	-0.000125171	0.00305702	-2.34	0.00270225	-0.00014782	0.0027063	-3.126	-1.898943e-11
0.536	268			1.98e-05	-1.3819e-05	2.41456e-05	-34.908	0.000387253	2.98025e-06	0.000387253	0.444	0.00307609	-0.000125886	0.00307871	-2.34	0.00271107	-0.000149728	0.00271513	-3.156	-2.238189e-11
0.538	269			2.50695e-05	-1.38954e-05	2.86625e-05	-28.998	0.000377716	2.74183e-06	0.000377716	0.42	0.00307848	-0.000127555	0.0030811	-2.37	0.00272872	-0.000150443	0.00273277	-3.156	-1.93245e-11
0.54	270			2.64143e-05	-1.35322e-05	2.96776e-05	-27.12	0.000341358	5.42405e-06	0.000341358	0.918	0.0030687	-0.000126363	0.00307132	-2.352	0.0027547	-0.000152112	0.00275899	-3.156	-1.446619e-11
0.542	271			2.56283e-05	-1.37147e-05	2.90667e-05	-28.152	0.000298025	7.21219e-06	0.000298144	1.392	0.00305296	-0.000126363	0.00305559	-2.364	0.00278236	-0.000153304	0.00278665	-3.15	-2.317768e-11
0.544	272			1.8079e-05	-1.32397e-05	2.24077e-05	-36.216	0.000263097	7.92748e-06	0.000263216	1.728	0.00304367	-0.00012684	0.00304629	-2.388	0.0028031	-0.000154019	0.00280739	-3.138	-1.94502e-11
0.546	273			1.32118e-05	-1.18577e-05	1.77511e-05	-41.904	0.000251951	9.5368e-06	0.00025207	2.172	0.00304677	-0.000125409	0.00304939	-2.358	0.00281192	-0.000153542	0.00281598	-3.126	-1.794237e-11
0.548	274			9.25182e-06	-1.15913e-05	1.48304e-05	-51.402	0.000243188	8.76194e-06	0.000243367	2.064	0.00304963	-0.000126363	0.00305225	-2.37	0.00281931	-0.000153304	0.00282361	-3.108	-1.823559e-11
0.55	275			5.70345e-06	-1.104e-05	1.24258e-05	-62.67	0.000238181	9.65601e-06	0.00023836	2.322	0.00305058	-0.00012684	0.00305344	-2.382	0.00282265	-0.000154258	0.00282671	-3.126	-1.857064e-11
0.552	276			2.42145e-06	-1.10847e-05	1.13454e-05	-77.676	0.000245931	8.76194e-06	0.000246109	2.046	0.00306298	-0.00012684	0.0030656	-2.37	0.00282313	-0.000153542	0.00282718	-3.114	-2.112538e-11
0.554	277			6.57517e-07	-1.05855e-05	1.06041e-05	-86.442	0.000263216	8.82155e-06	0.000263335	1.92	0.00308205	-0.000128032	0.00308467	-2.376	0.00282289	-0.000154019	0.00282694	-3.12	-1.890567e-11
0.556	278			-5.08506e-07	-1.13249e-05	1.13361e-05	-92.562	0.000298442	7.3314e-06	0.000298562	1.416	0.00311996	-0.000129462	0.00312258	-2.37	0.00282361	-0.000154735	0.0028279	-3.132	-1.823555e-11
0.558	279			2.42145e-08	-1.24351e-05	1.24332e-05	-89.886	0.000362219	6.0201e-06	0.000362338	0.954	0.00318147	-0.000131608	0.0031841	-2.364	0.00282313	-0.000156165	0.00282742	-3.162	-2.166988e-11
0.56	280			-1.60747e-06	-1.04718e-05	1.05929e-05	-98.724	0.000434937	2.4438e-06	0.000434937	0.324	0.0032561	-0.000135184	0.00325896	-2.376	0.00282265	-0.000154496	0.00282694	-3.132	-1.882192e-11
0.562	281			-1.19583e-06	-1.08537e-05	1.0917e-05	-96.282	0.000473263	9.53682e-07	0.000473263	0.12	0.00329329	-0.000136376	0.00329615	-2.37	0.00282241	-0.000155211	0.00282671	-3.144	-1.743982e-11
0.564	282			-7.76727e-07	-1.19918e-05	1.2016e-05	-93.708	0.000501219	-1.78815e-07	0.000501219	-0.012	0.00332071	-0.000136853	0.00332357	-2.358	0.00282313	-0.000155688	0.00282742	-3.156	-1.810991e-11
0.566	283			-1.30013e-06	-1.08891e-05	1.09636e-05	-96.81	0.000516061	-1.78815e-07	0.000516061	-0.018	0.00333573	-0.000138522	0.00333859	-2.376	0.00282361	-0.000155688	0.00282814	-3.15	-2.016209e-11
0.568	284			-1.35788e-06	-1.07252e-05	1.0809e-05	-97.212	0.000527386	-2.14578e-06	0.000527386	-0.234	0.00334717	-0.000139476	0.00335003	-2.382	0.00282361	-0.000155211	0.0028279	-3.144	-2.041341e-11
0.57	285			-1.71178e-06	-1.2586e-05	1.26996e-05	-97.746	0.000533942	-2.08618e-06	0.000533942	-0.216	0.00335313	-0.000138999	0.00335599	-2.37	0.00282218	-0.000156165	0.00282647	-3.168	-2.129297e-11
0.572	286			-1.74158e-06	-1.12877e-05	1.14181e-05	-98.766	0.00053734	-2.68222e-06	0.00053734	-0.282	0.00335671	-0.000140191	0.00335957	-2.388	0.00282265	-0.000156165	0.00282694	-3.162	-2.259132e-11
0.574	287			-1.5013e-06	-1.18353e-05	1.19284e-05	-97.224	0.000541452	-2.62262e-06	0.000541452	-0.27	0.00336029	-0.000139714	0.00336291	-2.376	0.00282194	-0.000156165	0.00282647	-3.168	-1.48431e-11
0.576	288			-1.26474e-06	-1.20979e-05	1.21613e-05	-95.964	0.000551764	-2.4438e-06	0.000551764	-0.246	0.00337078	-0.000139714	0.0033734	-2.37	0.0028217	-0.000156404	0.00282599	-3.174	-1.748172e-11
0.578	289			-2.14205e-07	-1.25468e-05	1.25468e-05	-90.972	0.000587944	-4.64919e-06	0.000588004	-0.45	0.00340582	-0.000142098	0.00340892	-2.388	0.0028217	-0.00015688	0.00282599	-3.18	-1.965953e-11
0.58	290			1.46591e-06	-1.31038e-05	1.31839e-05	-83.604	0.000646774	-6.67575e-06	0.000646774	-0.588	0.00346257	-0.000143767	0.00346543	-2.376	0.00282075	-0.000157119	0.00282504	-3.186	-2.099977e-11
0.582	291			5.82452e-06	-1.31615e-05	1.43927e-05	-66.126	0.000729505	-1.09077e-05	0.000729565	-0.852	0.00354458	-0.000147582	0.00354768	-2.382	0.00282384	-0.000157834	0.00282814	-3.198	-2.305201e-11
0.584	292			1.14069e-05	-1.45604e-05	1.84943e-05	-51.918	0.00077856	-1.2517e-05	0.000778679	-0.918	0.0035987	-0.000150205	0.0036018	-2.388	0.00283314	-0.000158549	0.00283767	-3.204	-2.166986e-11
0.586	293			2.32478e-05	-1.50949e-05	2.77181e-05	-32.994	0.000770394	-1.2517e-05	0.000770513	-0.93	0.00361826	-0.000150681	0.00362135	-2.382	0.0028701	-0.00015998	0.00287463	-3.186	-1.928263e-11
0.588	294			4.00415e-05	-1.58438e-05	4.30609e-05	-21.588	0.00071365	-9.17917e-06	0.00071371	-0.732	0.00362875	-0.000150681	0.00363185	-2.376	0.00294997	-0.000164033	0.0029545	-3.18	-2.104162e-11
0.59	295			3.8855e-05	-1.56612e-05	4.18948e-05	-21.948	0.00065935	-7.74866e-06	0.00065941	-0.672	0.00362827	-0.000150205	0.00363137	-2.364	0.0030079	-0.000166656	0.00301243	-3.168	-1.940824e-11
0.592	296			2.56972e-05	-1.66894e-05	3.06407e-05	-32.994	0.000640575	-6.13931e-06	0.000640634	-0.546	0.00362255	-0.000149728	0.00362565	-2.364	0.0030141	-0.000167371	0.00301863	-3.174	-2.171178e-11
0.594	297			1.51545e-05	-1.4931e-05	2.12752e-05	-44.568	0.000628833	-6.0201e-06	0.000628892	-0.546	0.00361492	-0.000149728	0.00361802	-2.37	0.00300743	-0.000166656	0.00301196	-3.168	-1.743979e-11
0.596	298			9.95776e-06	-1.41152e-05	1.72706e-05	-54.786	0.000613693	-3.81473e-06	0.000613693	-0.354	0.003603	-0.000148536	0.0036061	-2.358	0.00300528	-0.000166894	0.00301005	-3.18	-1.93245e-11
0.598	299			1.0293e-05	-1.51024e-05	1.82727e-05	-55.71	0.000594739	-3.09946e-06	0.000594739	-0.294	0.00359108	-0.000147344	0.00359394	-2.352	0.00301196	-0.000168324	0.00301673	-3.198	-2.246565e-11
0.6	300			1.73786e-05	-1.55458e-05	2.3313e-05	-41.808	0.000570241	-3.21867e-06	0.000570241	-0.324	0.00357772	-0.000149013	0.00358106	-2.382	0.00302912	-0.000168324	0.00303389	-3.18	-1.773297e-11
0.602	301			2.17186e-05	-1.60449e-05	2.7001e-05	-36.45	0.000541929	-1.66894e-06	0.000541929	-0.174	0.00356723	-0.000148059	0.00357009	-2.37	0.0030501	-0.000169993	0.00305463	-3.192	-1.74398e-11
0.604	302			2.0072e-05	-1.47299e-05	2.48925e-05	-36.27	0.000510637	-1.1921e-07	0.000510637	-0.012	0.00355889	-0.000147582	0.00356199	-2.37	0.0030718	-0.000169993	0.00307657	-3.162	-1.831931e-11
0.606	303			2.01502e-05	-1.42605e-05	2.46839e-05	-35.28	0.000466885	1.31131e-06	0.000466885	0.162	0.00353576	-0.000146628	0.00353862	-2.37	0.0030923	-0.000170709	0.00309707	-3.156	-1.886378e-11
0.608	304			1.97777e-05	-1.54824e-05	2.51123e-05	-38.046	0.000414493	3.6955e-06	0.000414493	0.51	0.00350644	-0.000145436	0.0035093	-2.37	0.00311495	-0.000172378	0.00311972	-3.162	-2.0204e-11
0.61	305			1.91779e-05	-1.44356e-05	2.40022e-05	-36.96	0.00035757	6.25852e-06	0.00035763	1.002	0.00347425	-0.000145436	0.00347711	-2.394	0.00313999	-0.00017357	0.00314476	-3.162	-2.007837e-11
0.612	306			1.72072e-05	-1.42493e-05	2.23407e-05	-39.618	0.000352325	6.79496e-06	0.000352385	1.104	0.00349189	-0.00014639	0.00349475	-2.4	0.00315954	-0.000175	0.00316431	-3.168	-2.028775e-11
0.614	307			1.28374e-05	-1.35713e-05	1.86824e-05	-46.584	0.0003742	7.09298e-06	0.000374259	1.092	0.00352861	-0.000147105	0.00353171	-2.382	0.00317122	-0.000175477	0.00317599	-3.162	-2.007833e-11
0.616	308			8.42294e-06	-1.36495e-05	1.60375e-05	-58.302	0.000408055	5.84128e-06	0.000408115	0.822	0.00357319	-0.000149013	0.00357629	-2.388	0.0031767	-0.000175954	0.00318147	-3.168	-2.179551e-11
0.618	309			3.33042e-06	-1.3534e-05	1.39326e-05	-76.164	0.00042236	5.36445e-06	0.00042242	0.726	0.00359227	-0.000150205	0.00359561	-2.388	0.00317837	-0.000176431	0.00318314	-3.174	-2.154422e-11
0.62	310			1.25543e-06	-1.37464e-05	1.37985e-05	-84.774	0.000423374	5.24524e-06	0.000423433	0.72	0.00359394	-0.000149966	0.00359727	-2.388	0.00317551	-0.000176192	0.00318028	-3.174	-1.940822e-11
0.622	311			-9.35052e-07	-1.32397e-05	1.32658e-05	-94.032	0.000434997	5.42405e-06	0.000434997	0.72	0.00360562	-0.000150681	0.00360872	-2.388	0.00317527	-0.000176192	0.00318028	-3.174	-2.01202e-11
0.624	312			-9.87209e-07	-1.28821e-05	1.29156e-05	-94.38	0.000440957	4.05314e-06	0.000440957	0.528	0.00361086	-0.000152589	0.00361396	-2.418	0.00317527	-0.000176908	0.00318028	-3.186	-1.79005e-11
0.626	313			-1.47895e-06	-1.40891e-05	1.41599e-05	-95.982	0.00043899	4.23196e-06	0.00043905	0.558	0.00360991	-0.000151874	0.00361301	-2.406	0.0031748	-0.000177623	0.0031798	-3.198	-2.31776e-11
0.628	314			-8.79172e-07	-1.39028e-05	1.39289e-05	-93.606	0.000436964	3.45708e-06	0.000436964	0.456	0.003608	-0.000151397	0.0036111	-2.4	0.00317551	-0.000177146	0.00318052	-3.192	-1.710475e-11
0.63	315			-9.53682e-07	-1.31876e-05	1.32174e-05	-94.134	0.000435593	3.03985e-06	0.000435593	0.402	0.0036061	-0.00015235	0.00360943	-2.418	0.0031748	-0.000176669	0.0031798	-3.18	-1.949203e-11
0.632	316			-9.72308e-07	-1.39028e-05	1.39326e-05	-93.99	0.000424506	2.62262e-06	0.000424506	0.36	0.00359465	-0.000151635	0.00359775	-2.412	0.0031748	-0.000176192	0.0031798	-3.174	-1.919888e-11
0.634	317			-8.75447e-07	-1.21073e-05	1.21333e-05	-94.128	0.000418069	4.17235e-06	0.000418128	0.576	0.00358941	-0.000151158	0.00359251	-2.406	0.00317527	-0.000175477	0.00318028	-3.162	-1.618333e-11
0.636	318			-1.67266e-06	-1.20067e-05	1.21222e-05	-97.92	0.000425221	4.52998e-06	0.000425281	0.612	0.00359656	-0.00015092	0.0035999	-2.4	0.0031748	-0.000175	0.00317957	-3.156	-1.748168e-11
0.638	319			-1.2517e-06	-1.11387e-05	1.12057e-05	-96.402	0.000454905	1.43052e-06	0.000454905	0.186	0.00362588	-0.000153781	0.00362922	-2.424	0.00317527	-0.000175	0.00318004	-3.15	-2.058093e-11
0.64	320			-1.546e-06	-1.25915e-05	1.26809e-05	-96.99	0.000480952	-1.78815e-07	0.000480952	-0.018	0.00365283	-0.000154496	0.00365616	-2.424	0.0031748	-0.000174046	0.0031798	-3.138	-1.505252e-11
0.642	321			-7.37611e-07	-1.28337e-05	1.28523e-05	-93.288	0.000505451	-1.2517e-06	0.000505451	-0.138	0.00367691	-0.000156165	0.00368024	-2.43	0.00317527	-0.000175239	0.00318004	-3.156	-2.162798e-11
0.644	322			-9.53682e-07	-1.29976e-05	1.30274e-05	-94.194	0.000524763	-6.55655e-07	0.000524763	-0.066	0.0036955	-0.00015545	0.00369884	-2.406	0.00317527	-0.000175715	0.00318004	-3.162	-2.347079e-11
0.646	323			-1.207e-06	-1.29566e-05	1.30125e-05	-95.31	0.000565294	-1.49012e-06	0.000565294	-0.15	0.00373699	-0.000158072	0.00374033	-2.418	0.0031748	-0.000177384	0.0031798	-3.198	-2.041339e-11
0.648	324			-1.18092e-06	-1.35713e-05	1.3616e-05	-94.968	0.000617448	-3.15906e-06	0.000617448	-0.288	0.00378849	-0.00015998	0.00379182	-2.418	0.00317432	-0.000177623	0.00317933	-3.198	-2.053906e-11
0.65	325			-1.64286e-06	-1.39587e-05	1.40519e-05	-96.702	0.000662688	-4.47038e-06	0.000662688	-0.384	0.00383236	-0.000163079	0.00383593	-2.436	0.00317241	-0.000180007	0.00317742	-3.246	-2.003648e-11
0.652	326			8.23293e-07	-1.40258e-05	1.40444e-05	-86.64	0.000702266	-6.25852e-06	0.000702266	-0.51	0.00386931	-0.000164987	0.00387289	-2.442	0.0031736	-0.000180722	0.00317861	-3.258	-2.351266e-11
0.654	327			5.15956e-06	-1.43163e-05	1.52141e-05	-70.176	0.000720683	-7.03338e-06	0.000720743	-0.558	0.00388576	-0.000165225	0.00388934	-2.43	0.00317527	-0.000180722	0.00318028	-3.252	-2.045527e-11
0.656	328			8.79919e-06	-1.47559e-05	1.71774e-05	-59.184	0.000732187	-7.80827e-06	0.000732187	-0.612	0.00389554	-0.000165702	0.00389911	-2.43	0.00317694	-0.000181199	0.00318219	-3.258	-1.454994e-11
0.658	329			1.45138e-05	-1.49981e-05	2.08692e-05	-45.93	0.000738863	-8.70234e-06	0.000738923	-0.672	0.00390507	-0.000166179	0.00390843	-2.436	0.00318481	-0.000181199	0.00319006	-3.252	-2.200492e-11
0.66	330			2.25605e-05	-1.57134e-05	2.74928e-05	-34.854	0.000725929	-6.85456e-06	0.000725988	-0.54	0.00391009	-0.000166179	0.00391343	-2.43	0.00320841	-0.00018263	0.00321342	-3.258	-1.815175e-11
0.662	331			3.56662e-05	-1.72482e-05	3.9615e-05	-25.806	0.000678126	-4.64919e-06	0.000678126	-0.39	0.00391153	-0.000165702	0.0039151	-2.424	0.00326635	-0.000186206	0.00327159	-3.264	-1.760736e-11
0.664	332			4.20141e-05	-1.68608e-05	4.527e-05	-21.864	0.000596408	-4.17234e-07	0.000596408	-0.036	0.00391176	-0.00016594	0.0039151	-2.424	0.00335313	-0.000190736	0.00335862	-3.252	-2.079037e-11
0.666	333			3.44927e-05	-1.70955e-05	3.84974e-05	-26.358	0.000540081	2.68222e-06	0.000540081	0.288	0.00390652	-0.000165702	0.00391009	-2.43	0.00340368	-0.000193597	0.00340916	-3.252	-2.305197e-11
0.668	334			1.96249e-05	-1.60263e-05	2.53321e-05	-39.228	0.000519637	2.86104e-06	0.000519637	0.318	0.00390007	-0.00016594	0.0039034	-2.436	0.00340725	-0.000192405	0.00341274	-3.228	-2.342894e-11
0.67	335			8.13237e-06	-1.49496e-05	1.70135e-05	-61.446	0.000512604	3.51669e-06	0.000512604	0.396	0.00389554	-0.000164748	0.00389911	-2.418	0.00339891	-0.000191689	0.00340416	-3.228	-1.827748e-11
0.672	336			4.33999e-06	-1.59257e-05	1.65032e-05	-74.742	0.000523452	1.96697e-06	0.000523452	0.216	0.00391009	-0.000165225	0.00391343	-2.418	0.00339653	-0.000191451	0.00340177	-3.222	-1.417301e-11
0.674	337			5.49111e-06	-1.57879e-05	1.67155e-05	-70.812	0.000562433	2.3842e-07	0.000562433	0.03	0.00395539	-0.000167371	0.00395897	-2.424	0.00340272	-0.000191928	0.00340797	-3.228	-1.798427e-11
0.676	338			9.63366e-06	-1.61791e-05	1.88277e-05	-59.214	0.000637952	-1.90736e-06	0.000637952	-0.168	0.00404432	-0.000169993	0.0040479	-2.406	0.00341822	-0.000193358	0.00342394	-3.234	-2.108355e-11
0.678	339			9.61876e-06	-1.64734e-05	1.90736e-05	-59.718	0.000721458	-6.61614e-06	0.000721518	-0.522	0.00414255	-0.000175715	0.00414613	-2.43	0.00343396	-0.000194312	0.00343944	-3.234	-1.928258e-11
0.68	340			9.98756e-06	-1.62498e-05	1.90736e-05	-58.416	0.000765804	-8.82155e-06	0.000765864	-0.654	0.0042012	-0.000178338	0.00420502	-2.43	0.00344945	-0.00019455	0.00345494	-3.222	-1.228832e-11
0.682	341			9.66346e-06	-1.70135e-05	1.95653e-05	-60.396	0.000767056	-8.34471e-06	0.000767116	-0.624	0.00422052	-0.000179053	0.00422433	-2.424	0.00346757	-0.000195743	0.00347306	-3.228	-1.873813e-11
0.684	342			9.32446e-06	-1.69167e-05	1.93157e-05	-61.128	0.000755969	-6.73535e-06	0.000755969	-0.51	0.00423005	-0.000179292	0.00423387	-2.424	0.00348665	-0.000197412	0.00349213	-3.24	-2.175365e-11
0.686	343			7.49904e-06	-1.6682e-05	1.82876e-05	-65.79	0.000740055	-5.72208e-06	0.000740055	-0.438	0.00423172	-0.000178338	0.00423554	-2.412	0.00350381	-0.00019765	0.0035093	-3.228	-2.062285e-11
0.688	344			7.89022e-06	-1.66894e-05	1.84589e-05	-64.692	0.000724915	-5.66247e-06	0.000724975	-0.444	0.00423387	-0.0001781	0.00423768	-2.406	0.00352313	-0.000198365	0.00352861	-3.222	-2.32195e-11
0.69	345			9.1978e-06	-1.72035e-05	1.95057e-05	-61.866	0.000707094	-3.81473e-06	0.000707094	-0.306	0.00423315	-0.000177384	0.00423673	-2.4	0.00353934	-0.000199796	0.00354506	-3.228	-1.689535e-11
0.692	346			7.65553e-06	-1.62759e-05	1.79821e-05	-64.806	0.000682835	-2.4438e-06	0.000682835	-0.204	0.00423244	-0.000177623	0.00423625	-2.4	0.00356175	-0.000200273	0.00356723	-3.216	-2.242375e-11
0.694	347			7.13396e-06	-1.64883e-05	1.79635e-05	-66.594	0.000656489	-9.53682e-07	0.000656489	-0.084	0.00422886	-0.000177384	0.00423244	-2.4	0.00358416	-0.000202657	0.00358988	-3.234	-1.852873e-11
0.696	348			6.41498e-06	-1.72519e-05	1.83993e-05	-69.594	0.000627939	1.1921e-07	0.000627939	0.012	0.00422457	-0.000177384	0.00422814	-2.4	0.00360753	-0.000203372	0.00361325	-3.222	-1.957576e-11
0.698	349			5.55816e-06	-1.66298e-05	1.75313e-05	-71.514	0.000605289	5.96051e-08	0.000605289	0.006	0.00421742	-0.000178576	0.00422123	-2.424	0.00362326	-0.000204326	0.00362898	-3.222	-1.584829e-11
0.7	350			6.374e-06	-1.7468e-05	1.85893e-05	-69.942	0.000595633	4.17234e-07	0.000595633	0.042	0.00421169	-0.000179053	0.00421575	-2.43	0.0036297	-0.000204087	0.00363542	-3.216	-1.731414e-11
0.702	351			4.60449e-06	-1.6153e-05	1.67937e-05	-74.082	0.000589017	-8.94073e-07	0.000589017	-0.084	0.00420955	-0.000179769	0.00421336	-2.442	0.00363161	-0.000204087	0.00363733	-3.216	-1.626708e-11
0.704	352			2.70085e-06	-1.56203e-05	1.58512e-05	-80.178	0.000586394	-7.15259e-07	0.000586394	-0.066	0.00420669	-0.000179053	0.0042105	-2.436	0.00363089	-0.000202895	0.00363638	-3.198	-2.217245e-11
0.706	353			1.33739e-06	-1.51694e-05	1.5229e-05	-84.954	0.000578109	0.0	0.000578109	0.006	0.00419882	-0.000179292	0.00420263	-2.442	0.00363041	-0.000202657	0.0036359	-3.192	-2.154424e-11
0.708	354			-7.52512e-07	-1.54973e-05	1.55122e-05	-92.772	0.000563804	4.76841e-07	0.000563804	0.054	0.00418523	-0.000177861	0.00418904	-2.43	0.00362875	-0.000202418	0.00363423	-3.192	-2.292635e-11
0.71	355			-9.42502e-07	-1.58028e-05	1.58289e-05	-93.402	0.000534061	2.3842e-06	0.000534061	0.264	0.00415471	-0.000176669	0.00415829	-2.43	0.00362827	-0.000202657	0.00363375	-3.192	-1.8068e-11
0.712	356			-5.40171e-07	-1.50018e-05	1.50093e-05	-92.046	0.000494901	3.75511e-06	0.000494901	0.438	0.00411656	-0.000174285	0.00412038	-2.424	0.00362755	-0.00020218	0.00363328	-3.186	-1.865441e-11
0.714	357			-1.05426e-06	-1.53483e-05	1.53818e-05	-93.924	0.000533346	2.92064e-06	0.000533346	0.312	0.0041559	-0.000175239	0.00415948	-2.412	0.00362803	-0.000202657	0.00363375	-3.192	-1.982704e-11
0.716	358			-8.19568e-07	-1.41562e-05	1.41748e-05	-93.306	0.000573758	1.60933e-06	0.000573758	0.162	0.00419739	-0.000179292	0.0042012	-2.442	0.00362755	-0.000203372	0.00363328	-3.21	-2.196306e-11
0.718	359			-1.52738e-06	-1.41636e-05	1.42456e-05	-96.15	0.000580851	3.5763e-07	0.000580851	0.042	0.00420287	-0.00017953	0.00420669	-2.448	0.00362779	-0.000203372	0.00363351	-3.204	-2.34289e-11
0.72	360			-1.58698e-06	-1.47559e-05	1.48379e-05	-96.138	0.000581328	5.9605e-07	0.000581328	0.06	0.00420406	-0.000180245	0.00420788	-2.454	0.00362779	-0.000204564	0.00363375	-3.228	-1.957579e-11
0.722	361			-1.49385e-06	-1.49608e-05	1.50316e-05	-95.7	0.000591103	9.53682e-07	0.000591103	0.096	0.00421384	-0.000180722	0.00421765	-2.454	0.00362755	-0.000205518	0.00363351	-3.24	-2.037158e-11
0.724	362			-7.89765e-07	-1.46963e-05	1.4715e-05	-93.066	0.000602964	6.55655e-07	0.000602964	0.06	0.00422433	-0.000180722	0.00422814	-2.448	0.00362755	-0.000204564	0.00363328	-3.228	-1.986896e-11
0.726	363			-8.75447e-07	-1.51583e-05	1.51806e-05	-93.3	0.000604872	-2.98025e-07	0.000604872	-0.024	0.00422719	-0.000180961	0.00423101	-2.448	0.00362827	-0.000205041	0.00363423	-3.228	-2.125107e-11
0.728	364			-1.43797e-06	-1.47671e-05	1.48342e-05	-95.556	0.000606481	1.78815e-07	0.000606481	0.018	0.00422886	-0.000181676	0.00423291	-2.454	0.00362755	-0.000205041	0.00363328	-3.234	-1.748171e-11
0.73	365			-7.00358e-07	-1.53595e-05	1.53744e-05	-92.598	0.000606243	1.78815e-07	0.000606243	0.024	0.00422791	-0.000181676	0.00423172	-2.46	0.00362851	-0.000205041	0.00363423	-3.234	-2.447598e-11
0.732	366			-7.56238e-07	-1.44058e-05	1.44207e-05	-92.994	0.000607554	2.98025e-07	0.000607554	0.03	0.00422958	-0.000181199	0.00423339	-2.448	0.00362803	-0.000204326	0.00363375	-3.222	-1.928263e-11
0.734	367			-1.76207e-06	-1.50689e-05	1.51657e-05	-96.666	0.000606362	-1.01329e-06	0.000606362	-0.096	0.00422838	-0.000181676	0.0042322	-2.46	0.00362732	-0.000205041	0.00363328	-3.234	-1.898945e-11
0.736	368			-8.86623e-07	-1.57767e-05	1.57991e-05	-93.204	0.000606362	-1.49012e-06	0.000606362	-0.138	0.00422886	-0.000182868	0.00423291	-2.472	0.00362851	-0.000205995	0.00363423	-3.252	-1.970144e-11
0.738	369			-1.5013e-06	-1.55383e-05	1.56091e-05	-95.514	0.000607494	-1.60933e-06	0.000607494	-0.15	0.00422934	-0.000182391	0.00423339	-2.466	0.00362755	-0.000205041	0.00363328	-3.234	-1.890563e-11
0.74	370			-4.88017e-07	-1.57171e-05	1.57208e-05	-91.77	0.000607017	-6.55655e-07	0.000607017	-0.054	0.00422981	-0.000182153	0.00423363	-2.466	0.00362875	-0.000205518	0.00363447	-3.24	-2.083224e-11
0.742	371			-1.60188e-07	-1.54824e-05	1.54787e-05	-90.594	0.000616733	-1.07289e-06	0.000616733	-0.096	0.00423935	-0.000182868	0.0042434	-2.466	0.0036297	-0.000205518	0.00363542	-3.24	-1.6309e-11
0.744	372			3.79609e-06	-1.5054e-05	1.55197e-05	-75.846	0.000646237	-1.1921e-06	0.000646237	-0.102	0.00427201	-0.000184298	0.00427607	-2.466	0.00363614	-0.00020671	0.0036421	-3.252	-2.083225e-11
0.746	373			7.95355e-06	-1.67267e-05	1.85223e-05	-64.56	0.000692848	-4.17235e-06	0.000692848	-0.342	0.00432256	-0.000187875	0.00432637	-2.484	0.00364305	-0.000208617	0.00364901	-3.276	-1.92826e-11
0.748	374			1.03862e-05	-1.69427e-05	1.98708e-05	-58.476	0.000744049	-5.12603e-06	0.000744108	-0.39	0.00437406	-0.000189544	0.00437835	-2.478	0.00364615	-0.000209809	0.00365211	-3.294	-1.664408e-11
0.75	375			1.47857e-05	-1.8187e-05	2.34359e-05	-50.886	0.000805203	-8.64273e-06	0.000805262	-0.618	0.00443485	-0.000192643	0.00443891	-2.484	0.0036502	-0.000211001	0.00365616	-3.306	-2.11673e-11
0.752	376			1.59593e-05	-1.88762e-05	2.47174e-05	-49.782	0.000821594	-1.00136e-05	0.000821713	-0.696	0.00445345	-0.000193835	0.0044575	-2.49	0.00365473	-0.000211717	0.00366093	-3.312	-2.087414e-11
0.754	377			1.99192e-05	-2.0139e-05	2.83235e-05	-45.306	0.000830416	-1.03713e-05	0.000830475	-0.714	0.00446966	-0.000193835	0.00447372	-2.484	0.00366451	-0.00021267	0.00367071	-3.324	-1.760734e-11
0.756	378			2.39016e-05	-1.95318e-05	3.08643e-05	-39.252	0.000818077	-1.03713e-05	0.000818137	-0.726	0.00447085	-0.00019455	0.00447515	-2.49	0.00368096	-0.000212909	0.00368716	-3.312	-2.066474e-11
0.758	379			2.93815e-05	-1.82987e-05	3.46119e-05	-31.908	0.0007875	-8.70234e-06	0.0007875	-0.63	0.00447181	-0.000194074	0.00447586	-2.484	0.00371529	-0.000214339	0.00372149	-3.3	-1.739793e-11
0.76	380			3.8259e-05	-1.84552e-05	4.2476e-05	-25.746	0.000730101	-5.72208e-06	0.000730101	-0.444	0.00447372	-0.000195504	0.00447801	-2.502	0.00378038	-0.000216485	0.00378658	-3.276	-2.309387e-11
0.762	381			4.31987e-05	-1.86936e-05	4.70693e-05	-23.4	0.000653092	-1.54973e-06	0.000653092	-0.132	0.00447229	-0.00019455	0.00447634	-2.49	0.00386049	-0.000221492	0.00386693	-3.282	-2.079038e-11
0.764	382			3.93877e-05	-1.86042e-05	4.35601e-05	-25.278	0.000597481	9.53682e-07	0.000597481	0.09	0.00446799	-0.000195027	0.00447205	-2.496	0.00391343	-0.000223161	0.00391987	-3.264	-1.710478e-11
0.766	383			2.65354e-05	-1.7997e-05	3.20638e-05	-34.14	0.000567559	3.15906e-06	0.000567559	0.318	0.0044606	-0.000193358	0.00446489	-2.478	0.00392631	-0.000224353	0.00393274	-3.27	-1.836124e-11
0.768	384			1.57879e-05	-1.71029e-05	2.32757e-05	-47.286	0.000552241	4.52998e-06	0.0005523	0.468	0.00445107	-0.000192643	0.00445512	-2.478	0.00392273	-0.000223638	0.00392917	-3.264	-1.836119e-11
0.77	385			5.73325e-06	-1.64398e-05	1.74121e-05	-70.764	0.000545505	3.75511e-06	0.000545505	0.396	0.00444797	-0.000192882	0.00445202	-2.484	0.00391677	-0.000222684	0.00392297	-3.252	-2.137671e-11
0.772	386			1.80677e-06	-1.65814e-05	1.66782e-05	-83.772	0.000554923	3.45708e-06	0.000554923	0.36	0.0044587	-0.000192882	0.00446299	-2.472	0.00391343	-0.000222684	0.00391963	-3.258	-1.95758e-11
0.774	387			2.42146e-07	-1.76766e-05	1.76766e-05	-89.214	0.000592772	1.72854e-06	0.000592772	0.168	0.00449684	-0.000195027	0.0045009	-2.478	0.003912	-0.000224591	0.00391844	-3.288	-2.120919e-11
0.776	388			9.08974e-07	-1.74084e-05	1.7427e-05	-87.006	0.000647608	1.78815e-07	0.000647608	0.018	0.00455096	-0.000198365	0.00455526	-2.496	0.00391248	-0.00022483	0.00391892	-3.288	-1.446621e-11
0.778	389			4.35861e-07	-1.73562e-05	1.73562e-05	-88.56	0.000685576	-2.14578e-06	0.000685576	-0.174	0.00459531	-0.000200749	0.0045996	-2.502	0.00391772	-0.000226499	0.00392416	-3.306	-2.003655e-11
0.78	390			7.0781e-08	-1.7725e-05	1.77213e-05	-89.766	0.00069249	-2.80143e-06	0.00069249	-0.228	0.00460961	-0.00020218	0.00461438	-2.508	0.00392511	-0.000226499	0.00393155	-3.3	-2.25494e-11
0.782	391			1.75834e-06	-1.6682e-05	1.67714e-05	-83.976	0.000682238	-1.1325e-06	0.000682238	-0.09	0.00461391	-0.000201226	0.0046182	-2.496	0.0039387	-0.000226737	0.00394538	-3.294	-2.091602e-11
0.784	392			4.16863e-06	-1.72594e-05	1.77548e-05	-76.416	0.00066394	7.74864e-07	0.00066394	0.072	0.00461963	-0.000201226	0.00462392	-2.49	0.00396398	-0.000228644	0.00397041	-3.3	-1.59321e-11
0.786	393			6.41498e-06	-1.79262e-05	1.90326e-05	-70.302	0.000640158	1.31131e-06	0.000640158	0.12	0.00461772	-0.000201703	0.00462201	-2.496	0.00398949	-0.000229836	0.00399616	-3.3	-1.919887e-11
0.788	394			7.93493e-06	-1.7047e-05	1.88017e-05	-65.034	0.000631813	2.08618e-06	0.000631813	0.192	0.00461772	-0.000201226	0.00462201	-2.49	0.00399998	-0.000230552	0.00400665	-3.3	-1.480126e-11
0.79	395			4.01962e-06	-1.76878e-05	1.81386e-05	-77.184	0.00062025	2.4438e-06	0.00062025	0.228	0.00461629	-0.00020218	0.00462058	-2.502	0.00400737	-0.000231505	0.00401405	-3.306	-1.953391e-11
0.792	396			3.48316e-06	-1.72519e-05	1.75984e-05	-78.57	0.000605289	3.21867e-06	0.000605289	0.312	0.00461534	-0.000201703	0.00461963	-2.496	0.00402048	-0.000231029	0.00402716	-3.288	-1.873813e-11
0.794	397			3.73276e-06	-1.71961e-05	1.75947e-05	-77.754	0.000573162	3.6955e-06	0.000573162	0.372	0.00461534	-0.00020218	0.00461963	-2.508	0.00404981	-0.000233174	0.00405648	-3.294	-1.735607e-11
0.796	398			3.65825e-06	-1.73227e-05	1.77027e-05	-78.072	0.000542883	6.97377e-06	0.000542883	0.738	0.00461486	-0.000200749	0.00461915	-2.49	0.00408104	-0.000234366	0.00408772	-3.288	-2.569056e-11
0.798	399			1.15112e-06	-1.71327e-05	1.717e-05	-86.148	0.000528995	7.98708e-06	0.000529055	0.864	0.00461486	-0.000201703	0.00461915	-2.496	0.00409439	-0.000236512	0.00410107	-3.306	-2.225622e-11
0.8	400			2.3991e-06	-1.67229e-05	1.68869e-05	-81.834	0.000517014	8.58313e-06	0.000517134	0.954	0.00461772	-0.000201703	0.00462201	-2.502	0.00410965	-0.000237704	0.00411656	-3.306	-1.936637e-11
0.802	401			3.14416e-06	-1.76952e-05	1.79672e-05	-79.914	0.000506345	1.06693e-05	0.000506464	1.212	0.00462201	-0.000200749	0.0046263	-2.478	0.00412491	-0.000237466	0.00413182	-3.294	-1.840308e-11
0.804	402			2.94672e-06	-1.69986e-05	1.72482e-05	-80.154	0.000515226	1.00732e-05	0.000515345	1.128	0.00464299	-0.000201226	0.00464728	-2.478	0.00413588	-0.000238658	0.00414279	-3.3	-1.999458e-11
0.806	403			2.39165e-06	-1.68757e-05	1.70396e-05	-81.93	0.000552777	8.88115e-06	0.000552837	0.924	0.00469592	-0.000204087	0.00470021	-2.49	0.00414971	-0.00023985	0.00415662	-3.306	-2.192116e-11
0.808	404			1.83285e-06	-1.73674e-05	1.74606e-05	-83.976	0.00066245	3.75511e-06	0.00066245	0.33	0.00482467	-0.000209809	0.00482944	-2.49	0.00416663	-0.000240327	0.00417355	-3.3	-1.815179e-11
0.81	405			1.15112e-06	-1.81721e-05	1.82056e-05	-86.37	0.000747506	1.78815e-07	0.000747506	0.018	0.004931	-0.000213147	0.00493577	-2.472	0.00419024	-0.000241281	0.00419715	-3.294	-2.280067e-11
0.812	406			1.66894e-06	-1.96473e-05	1.97144e-05	-85.14	0.000819925	-4.05314e-06	0.000819925	-0.282	0.00502208	-0.000216962	0.00502685	-2.472	0.00420836	-0.000243426	0.00421551	-3.312	-1.785866e-11
0.814	407			3.46454e-07	-1.85372e-05	1.85372e-05	-88.92	0.000839535	-5.54326e-06	0.000839595	-0.372	0.00505212	-0.000219823	0.00505689	-2.49	0.00422028	-0.000243188	0.00422719	-3.294	-1.64346e-11
0.816	408			-4.54487e-07	-1.90214e-05	1.90252e-05	-91.368	0.00084478	-6.43733e-06	0.00084484	-0.432	0.00506499	-0.000219823	0.00506929	-2.484	0.00422719	-0.000243188	0.00423434	-3.288	-1.777489e-11
0.818	409			-7.45063e-08	-1.92934e-05	1.92897e-05	-90.216	0.000847165	-7.92748e-06	0.000847165	-0.534	0.00506929	-0.000220777	0.00507405	-2.49	0.00423053	-0.000242473	0.00423744	-3.282	-1.718848e-11
0.82	410			-1.01701e-06	-1.95542e-05	1.95765e-05	-92.976	0.00084937	-6.97377e-06	0.00084943	-0.468	0.00507072	-0.000219823	0.00507548	-2.478	0.00423029	-0.000242949	0.0042372	-3.288	-1.882189e-11
0.822	411			-1.27406e-06	-1.89693e-05	1.90103e-05	-93.84	0.000848178	-8.40431e-06	0.000848178	-0.564	0.00507119	-0.000220777	0.00507596	-2.49	0.00423077	-0.000242234	0.00423792	-3.276	-1.769113e-11
0.824	412			-1.76952e-06	-1.86824e-05	1.87607e-05	-95.406	0.000848595	-8.70234e-06	0.000848595	-0.588	0.00507215	-0.000221253	0.00507692	-2.496	0.00423029	-0.000241757	0.0042372	-3.27	-1.743984e-11
0.826	413			-1.16975e-06	-1.86303e-05	1.86638e-05	-93.582	0.000849608	-9.23878e-06	0.000849608	-0.624	0.00507215	-0.000220777	0.00507692	-2.49	0.00423005	-0.000241281	0.00423673	-3.264	-2.095789e-11
0.828	414			-2.25754e-06	-1.92748e-05	1.94014e-05	-96.678	0.000849668	-9.35799e-06	0.000849728	-0.63	0.0050731	-0.000220777	0.00507787	-2.484	0.00422981	-0.000241519	0.00423673	-3.264	-1.52201e-11
0.83	415			-1.69501e-06	-1.86675e-05	1.87421e-05	-95.184	0.00084937	-9.41759e-06	0.00084943	-0.636	0.00507262	-0.00022173	0.00507739	-2.496	0.00423005	-0.000240804	0.00423673	-3.258	-1.731415e-11
0.832	416			-2.31342e-06	-1.9461e-05	1.95989e-05	-96.78	0.00084937	-1.03117e-05	0.00084943	-0.696	0.00507167	-0.00022173	0.00507644	-2.496	0.00423005	-0.000240804	0.00423673	-3.258	-2.305196e-11
0.834	417			-1.12877e-06	-1.92003e-05	1.92301e-05	-93.36	0.000850026	-9.4772e-06	0.000850085	-0.636	0.0050731	-0.000220777	0.00507787	-2.484	0.00423053	-0.000241042	0.0042372	-3.258	-1.572267e-11
0.836	418			-1.32249e-06	-1.91332e-05	1.91779e-05	-93.948	0.000847761	-9.89443e-06	0.00084788	-0.666	0.00507167	-0.00022173	0.00507644	-2.502	0.00423005	-0.000240327	0.00423697	-3.252	-2.455973e-11
0.838	419			-2.53694e-06	-1.94424e-05	1.95989e-05	-97.434	0.000846807	-9.77522e-06	0.000846867	-0.66	0.00507167	-0.000220777	0.00507644	-2.49	0.00423124	-0.000241519	0.00423792	-3.264	-2.21306e-11
0.84	420			-2.03775e-06	-1.95132e-05	1.96175e-05	-95.958	0.000848059	-8.88115e-06	0.000848059	-0.6	0.00507167	-0.00022173	0.00507692	-2.502	0.00423101	-0.000241996	0.00423792	-3.276	-2.053912e-11
0.842	421			-1.79187e-06	-1.89656e-05	1.90438e-05	-95.394	0.000847284	-9.05996e-06	0.000847343	-0.612	0.00507024	-0.000222207	0.00507501	-2.508	0.00423053	-0.000242949	0.00423768	-3.288	-2.330327e-11
0.844	422			-1.90736e-06	-1.94461e-05	1.95355e-05	-95.598	0.000847165	-9.11957e-06	0.000847224	-0.618	0.00507024	-0.000222207	0.00507548	-2.508	0.00423053	-0.000243188	0.00423744	-3.288	-1.831935e-11
0.846	423			-2.31342e-06	-1.92152e-05	1.93493e-05	-96.864	0.000845794	-9.77522e-06	0.000845913	-0.66	0.00506929	-0.000223638	0.00507453	-2.52	0.00423124	-0.000243665	0.0042384	-3.294	-1.718851e-11
0.848	424			-1.11759e-06	-1.86415e-05	1.86713e-05	-93.426	0.000844602	-9.83482e-06	0.000844661	-0.666	0.00506929	-0.000225068	0.00507405	-2.538	0.00423053	-0.000243903	0.00423768	-3.3	-2.129294e-11
0.85	425			-8.94074e-08	-1.79821e-05	1.79784e-05	-90.276	0.000841741	-1.02521e-05	0.0008418	-0.696	0.00506356	-0.000223638	0.00506881	-2.526	0.00423172	-0.000241519	0.00423864	-3.264	-2.238187e-11
0.852	426			-5.77424e-07	-1.7319e-05	1.73227e-05	-91.908	0.000837926	-8.52352e-06	0.000837985	-0.582	0.00506166	-0.000222684	0.00506642	-2.52	0.00423101	-0.000242234	0.00423792	-3.276	-2.024586e-11
0.854	427			-5.10368e-07	-1.84403e-05	1.8444e-05	-91.584	0.000830237	-9.4772e-06	0.000830296	-0.654	0.0050526	-0.000223161	0.00505784	-2.526	0.00423148	-0.000242234	0.0042384	-3.276	-2.162802e-11
0.856	428			-5.99775e-07	-1.7576e-05	1.75835e-05	-91.944	0.000830296	-7.98708e-06	0.000830296	-0.552	0.00505403	-0.000222684	0.0050588	-2.52	0.00423124	-0.000242234	0.0042384	-3.276	-2.053908e-11
0.858	429			-9.90934e-07	-1.82056e-05	1.8228e-05	-93.114	0.00082821	-9.00036e-06	0.00082821	-0.618	0.0050526	-0.000222684	0.00505784	-2.52	0.00423196	-0.000241757	0.00423887	-3.27	-2.091601e-11
0.86	430			6.22127e-07	-1.75909e-05	1.75984e-05	-87.972	0.000826899	-8.82155e-06	0.000826899	-0.612	0.00505355	-0.000222684	0.00505832	-2.52	0.00423554	-0.000242711	0.00424269	-3.282	-1.928265e-11
0.862	431			2.70458e-06	-1.74494e-05	1.7658e-05	-81.186	0.000827972	-8.64273e-06	0.000827972	-0.594	0.00505641	-0.000224114	0.00506166	-2.538	0.00424007	-0.000243188	0.00424722	-3.282	-2.09998e-11
0.864	432			8.07649e-06	-1.89767e-05	2.06233e-05	-66.936	0.000823978	-7.45061e-06	0.000823978	-0.516	0.00505832	-0.000222684	0.00506356	-2.52	0.00425008	-0.000245573	0.00425723	-3.306	-2.108356e-11
0.866	433			1.28262e-05	-1.90475e-05	2.29591e-05	-56.034	0.000824813	-8.88115e-06	0.000824872	-0.618	0.00506261	-0.000225068	0.00506738	-2.538	0.00425819	-0.00024605	0.00426534	-3.306	-2.045531e-11
0.868	434			1.49161e-05	-1.88538e-05	2.40394e-05	-51.642	0.000824694	-6.61614e-06	0.000824694	-0.456	0.00506738	-0.000226022	0.00507262	-2.55	0.00426558	-0.000248911	0.00427297	-3.342	-1.982711e-11
0.87	435			1.58214e-05	-2.06047e-05	2.59766e-05	-52.476	0.000819925	-5.78168e-06	0.000819985	-0.402	0.00507215	-0.000226975	0.00507692	-2.556	0.00427607	-0.000251295	0.00428346	-3.36	-1.986899e-11
0.872	436			2.18825e-05	-1.93716e-05	2.9225e-05	-41.508	0.000811283	-4.35117e-06	0.000811283	-0.306	0.00507501	-0.000227452	0.00508025	-2.562	0.00429133	-0.00025201	0.00429872	-3.36	-1.689538e-11
0.874	437			2.63454e-05	-1.98634e-05	3.29951e-05	-37.008	0.000802103	-4.7088e-06	0.000802103	-0.33	0.00507548	-0.000227452	0.00508025	-2.562	0.00430873	-0.000252964	0.00431612	-3.36	-2.137668e-11
0.876	438			2.98024e-05	-2.09698e-05	3.6441e-05	-35.13	0.000793103	-2.3842e-06	0.000793103	-0.174	0.00507692	-0.000226022	0.00508216	-2.55	0.0043216	-0.000254871	0.00432923	-3.372	-1.790052e-11
0.878	439			3.05551e-05	-2.12156e-05	3.71935e-05	-34.77	0.000789467	-3.21867e-06	0.000789467	-0.228	0.00507787	-0.000227929	0.00508264	-2.568	0.00432685	-0.000255825	0.00433424	-3.384	-2.380585e-11
0.88	440			2.97764e-05	-2.05451e-05	3.61765e-05	-34.602	0.000781778	-1.60933e-06	0.000781778	-0.114	0.0050793	-0.000227929	0.00508407	-2.568	0.00433591	-0.000257017	0.00434354	-3.39	-1.890567e-11
0.882	441			3.03426e-05	-2.10517e-05	3.6929e-05	-34.746	0.000773851	-1.66894e-06	0.000773851	-0.12	0.00507835	-0.000227929	0.00508359	-2.568	0.00434306	-0.000257732	0.00435069	-3.396	-2.137673e-11
0.884	442			3.01526e-05	-2.09847e-05	3.67353e-05	-34.83	0.000766817	-1.1921e-06	0.000766817	-0.09	0.00507882	-0.000226975	0.00508359	-2.556	0.00434974	-0.000257017	0.00435737	-3.384	-1.597393e-11
0.886	443			2.86588e-05	-2.05898e-05	3.52862e-05	-35.694	0.000753704	-1.90736e-06	0.000753704	-0.144	0.00508025	-0.000228406	0.00508502	-2.568	0.00436237	-0.000257494	0.00436977	-3.378	-1.769109e-11
0.888	444			2.83123e-05	-2.14243e-05	3.55022e-05	-37.11	0.000730339	3.5763e-07	0.000730339	0.03	0.00508073	-0.000227929	0.00508597	-2.562	0.00438479	-0.000258686	0.00439242	-3.372	-2.288449e-11
0.89	445			3.17285e-05	-2.12492e-05	3.81882e-05	-33.81	0.000688676	2.3842e-06	0.000688676	0.204	0.00508073	-0.000226975	0.00508597	-2.556	0.00442794	-0.000261547	0.00443557	-3.378	-1.584832e-11
0.892	446			3.41909e-05	-2.11262e-05	4.01887e-05	-31.71	0.000633422	5.96049e-06	0.000633422	0.54	0.00508073	-0.000226499	0.00508597	-2.55	0.00448373	-0.000263693	0.00449136	-3.366	-2.087409e-11
0.894	447			3.96299e-05	-2.13088e-05	4.49943e-05	-28.26	0.000568274	9.11957e-06	0.000568334	0.924	0.00508311	-0.000226499	0.00508836	-2.55	0.0045667	-0.000266077	0.00457433	-3.336	-1.672785e-11
0.896	448			3.71712e-05	-2.12194e-05	4.28001e-05	-29.718	0.000532333	1.13845e-05	0.000532452	1.224	0.00509265	-0.000226975	0.0050979	-2.55	0.00460103	-0.000269892	0.00460866	-3.354	-1.764923e-11
0.898	449			3.03352e-05	-2.14168e-05	3.71302e-05	-35.22	0.000522796	1.20402e-05	0.000522915	1.326	0.00511315	-0.000226975	0.00511792	-2.538	0.00462916	-0.000271322	0.00463727	-3.354	-1.547137e-11
0.9	450			2.21656e-05	-2.05898e-05	3.02532e-05	-42.882	0.000542644	1.13845e-05	0.000542823	1.206	0.00514558	-0.00022936	0.00515035	-2.55	0.0046325	-0.000271322	0.00464061	-3.354	-1.794241e-11
0.902	451			1.53222e-05	-2.17595e-05	2.66099e-05	-54.846	0.000595871	8.2851e-06	0.000595931	0.798	0.00520471	-0.00023079	0.00520995	-2.532	0.00463107	-0.000271322	0.00463918	-3.354	-1.1702e-11
0.904	452			1.35564e-05	-2.1007e-05	2.50005e-05	-57.156	0.000698809	4.23196e-06	0.000698809	0.348	0.00531057	-0.000234605	0.00531581	-2.526	0.00463203	-0.000271322	0.00463966	-3.354	-1.844502e-11
0.906	453			1.52104e-05	-2.3123e-05	2.76753e-05	-56.658	0.000809316	-2.3246e-06	0.000809316	-0.162	0.00542358	-0.00023985	0.0054293	-2.532	0.00463584	-0.000271322	0.00464395	-3.348	-1.819372e-11
0.908	454			1.96547e-05	-2.30932e-05	3.0324e-05	-49.596	0.000908736	-7.62945e-06	0.000908736	-0.48	0.00552657	-0.000244142	0.00553229	-2.526	0.00464442	-0.000271799	0.00465253	-3.348	-1.656028e-11
0.91	455			2.80665e-05	-2.34992e-05	3.66049e-05	-39.93	0.000961069	-1.08481e-05	0.000961069	-0.642	0.0055857	-0.000247004	0.00559095	-2.526	0.00465825	-0.000271799	0.00466636	-3.336	-1.857059e-11
0.912	456			3.39712e-05	-2.33167e-05	4.12019e-05	-34.464	0.000980861	-1.15634e-05	0.000980981	-0.672	0.00560763	-0.000247957	0.00561288	-2.526	0.00467065	-0.000272276	0.00467828	-3.336	-2.129296e-11
0.914	457			2.76902e-05	-2.37749e-05	3.64932e-05	-40.644	0.000987299	-1.21594e-05	0.000987299	-0.702	0.00562766	-0.000248911	0.00563291	-2.532	0.00467589	-0.000272276	0.004684	-3.33	-1.982708e-11
0.916	458			2.54066e-05	-2.38382e-05	3.48354e-05	-43.17	0.000982769	-1.14442e-05	0.000982769	-0.666	0.00563195	-0.000248434	0.0056372	-2.52	0.00468448	-0.000272753	0.00469258	-3.33	-2.439219e-11
0.918	459			2.0072e-05	-2.36259e-05	3.09984e-05	-49.644	0.000981934	-1.26362e-05	0.000982054	-0.732	0.00563577	-0.000248911	0.00564101	-2.526	0.00468305	-0.000272753	0.00469115	-3.33	-2.112544e-11
0.92	460			1.59257e-05	-2.3082e-05	2.80404e-05	-55.386	0.000976089	-1.20402e-05	0.000976209	-0.708	0.00563911	-0.000249388	0.00564483	-2.532	0.00468925	-0.000271799	0.00469735	-3.318	-2.27588e-11
0.922	461			1.65553e-05	-2.32124e-05	2.8506e-05	-54.498	0.000973228	-1.15634e-05	0.000973348	-0.678	0.00563958	-0.000249388	0.0056453	-2.526	0.00469401	-0.000272753	0.00470164	-3.318	-2.485288e-11
0.924	462			1.66931e-05	-2.40618e-05	2.92846e-05	-55.242	0.000956181	-1.21594e-05	0.000956181	-0.726	0.00564197	-0.000251295	0.00564721	-2.544	0.00470832	-0.000273706	0.00471595	-3.324	-1.819367e-11
0.926	463			1.55197e-05	-2.42294e-05	2.87705e-05	-57.348	0.000938538	-1.12057e-05	0.000938538	-0.678	0.00564292	-0.000250341	0.00564864	-2.538	0.00472835	-0.000275137	0.00473598	-3.33	-2.07066e-11
0.928	464			1.51247e-05	-2.4289e-05	2.86103e-05	-58.086	0.000928167	-9.77522e-06	0.000928286	-0.6	0.00564578	-0.000251772	0.0056515	-2.55	0.00474027	-0.000277521	0.00474837	-3.348	-1.773295e-11
0.93	465			1.60189e-05	-2.34881e-05	2.84278e-05	-55.704	0.000917438	-9.65601e-06	0.000917558	-0.6	0.00564435	-0.000252249	0.00565007	-2.556	0.00475219	-0.000279428	0.0047603	-3.36	-1.534577e-11
0.932	466			1.64175e-05	-2.47547e-05	2.97019e-05	-56.442	0.000905041	-7.39101e-06	0.000905041	-0.462	0.00564721	-0.000252726	0.00565293	-2.562	0.00476792	-0.000280859	0.00477603	-3.366	-1.878005e-11
0.934	467			1.81125e-05	-2.39016e-05	2.99887e-05	-52.842	0.000882868	-6.0797e-06	0.000882868	-0.39	0.00563625	-0.000252726	0.00564197	-2.562	0.00478032	-0.000282289	0.00478891	-3.378	-2.02459e-11
0.936	468			1.58102e-05	-2.37302e-05	2.85135e-05	-56.322	0.000863079	-6.43733e-06	0.000863079	-0.426	0.00562289	-0.000253202	0.00562862	-2.574	0.00478795	-0.000282289	0.00479653	-3.372	-2.81197e-11
0.938	469			1.03787e-05	-2.28585e-05	2.51011e-05	-65.574	0.000884298	-9.17917e-06	0.000884298	-0.594	0.00561193	-0.000253202	0.00561765	-2.58	0.00475171	-0.000278952	0.00475934	-3.354	-1.869625e-11
0.94	470			1.23978e-05	-2.39314e-05	2.69489e-05	-62.61	0.000854377	-7.03338e-06	0.000854377	-0.462	0.00560477	-0.000252726	0.0056105	-2.58	0.00476983	-0.000280382	0.00477794	-3.366	-2.321951e-11
0.942	471			1.63988e-05	-2.18974e-05	2.73549e-05	-53.166	0.000823144	-4.41077e-06	0.000823144	-0.306	0.00559714	-0.000251772	0.00560287	-2.574	0.0047994	-0.000282289	0.00480798	-3.36	-2.217242e-11
0.944	472			2.04557e-05	-2.15397e-05	2.97019e-05	-46.476	0.000782613	-3.21867e-06	0.000782613	-0.234	0.00558856	-0.000251772	0.00559428	-2.574	0.00483134	-0.000281336	0.00483993	-3.336	-1.819366e-11
0.946	473			2.55593e-05	-2.15472e-05	3.3431e-05	-40.128	0.000735406	-4.76841e-07	0.000735406	-0.03	0.00558189	-0.000251295	0.00558761	-2.574	0.0048776	-0.000284197	0.0048857	-3.336	-2.032966e-11
0.948	474			2.49372e-05	-2.08208e-05	3.24848e-05	-39.858	0.000715021	8.34469e-07	0.000715021	0.078	0.00557759	-0.000251772	0.00558332	-2.58	0.00489667	-0.000285627	0.00490478	-3.336	-1.869627e-11
0.95	475			2.36185e-05	-2.05674e-05	3.13187e-05	-41.046	0.000688676	2.98025e-06	0.000688676	0.252	0.00557759	-0.000251295	0.00558332	-2.574	0.00492099	-0.000286581	0.0049291	-3.33	-1.986897e-11
0.952	476			2.33577e-05	-2.16068e-05	3.18179e-05	-42.768	0.000662331	4.88761e-06	0.000662331	0.426	0.00557855	-0.000250341	0.00558427	-2.568	0.00494674	-0.000289442	0.00495532	-3.342	-1.580644e-11
0.954	477			1.78852e-05	-2.0899e-05	2.75039e-05	-49.44	0.000640158	5.24524e-06	0.000640158	0.474	0.00556663	-0.000250341	0.00557235	-2.574	0.00495628	-0.000289442	0.00496486	-3.336	-1.593211e-11
0.956	478			1.25953e-05	-2.1726e-05	2.51086e-05	-59.892	0.000627998	6.79496e-06	0.000628117	0.618	0.00555566	-0.000249388	0.0055609	-2.568	0.00495198	-0.000289442	0.00496009	-3.342	-2.083224e-11
0.958	479			6.43733e-06	-2.15993e-05	2.25381e-05	-73.398	0.000611667	7.62945e-06	0.000611667	0.726	0.00554708	-0.000249388	0.0055528	-2.568	0.00495151	-0.000290396	0.00495961	-3.354	-2.104166e-11
0.96	480			5.18191e-06	-2.05525e-05	2.11896e-05	-75.846	0.000626925	7.74866e-06	0.000627045	0.72	0.00557378	-0.000251295	0.0055795	-2.58	0.00496152	-0.000291349	0.0049701	-3.36	-1.953396e-11
0.962	481			2.40283e-06	-2.01316e-05	2.02694e-05	-83.19	0.000643853	7.51021e-06	0.000643972	0.678	0.00560573	-0.00025511	0.00561145	-2.598	0.00497201	-0.000293734	0.00498059	-3.378	-2.058096e-11
0.964	482			6.14677e-07	-2.04184e-05	2.04222e-05	-88.272	0.000643615	9.89443e-06	0.000643734	0.888	0.00562099	-0.000254633	0.00562671	-2.592	0.00498536	-0.000296118	0.00499395	-3.396	-1.693725e-11
0.966	483			9.49953e-07	-1.97293e-05	1.97479e-05	-87.234	0.00063527	1.09673e-05	0.000635389	0.996	0.00563052	-0.000256063	0.00563625	-2.598	0.00500301	-0.000299456	0.00501207	-3.42	-1.785864e-11
0.968	484			4.88017e-07	-1.95169e-05	1.95206e-05	-88.56	0.000619773	1.38283e-05	0.000619892	1.29	0.00563481	-0.000255587	0.00564054	-2.592	0.00502303	-0.000300886	0.00503209	-3.426	-1.861253e-11
0.97	485			8.19568e-08	-1.98224e-05	1.98187e-05	-89.76	0.000604991	1.39475e-05	0.000605229	1.332	0.00563481	-0.000256063	0.00564054	-2.598	0.00503829	-0.000300886	0.00504735	-3.414	-1.660218e-11
0.972	486			-5.3272e-07	-1.98447e-05	1.98485e-05	-91.53	0.00059009	1.35899e-05	0.000590209	1.326	0.00563434	-0.000257017	0.00564054	-2.61	0.0050526	-0.000301363	0.00506166	-3.414	-2.309387e-11
0.974	487			-8.53095e-07	-1.89432e-05	1.89618e-05	-92.568	0.000582103	1.50204e-05	0.000582341	1.482	0.00563434	-0.000256063	0.00564006	-2.598	0.0050607	-0.000301363	0.00506976	-3.408	-1.760734e-11
0.976	488			-5.69973e-07	-1.96659e-05	1.96696e-05	-91.65	0.000575665	1.37091e-05	0.000575785	1.374	0.00563386	-0.000257017	0.00564006	-2.61	0.0050669	-0.000302317	0.00507596	-3.414	-2.372211e-11
0.978	489			-1.00211e-06	-1.96547e-05	1.96771e-05	-92.916	0.000572804	1.33515e-05	0.000572924	1.338	0.00563386	-0.000256063	0.00563958	-2.598	0.00507167	-0.000301363	0.00508025	-3.402	-1.614149e-11
0.98	490			-1.52365e-06	-2.04222e-05	2.04743e-05	-94.26	0.000571255	1.33515e-05	0.000571493	1.344	0.00563386	-0.000255587	0.00563958	-2.592	0.0050731	-0.00030184	0.00508216	-3.402	-2.058096e-11
0.982	491			-1.28523e-06	-1.98261e-05	1.98634e-05	-93.702	0.000569228	1.44244e-05	0.000569467	1.458	0.00563386	-0.000255587	0.00563958	-2.592	0.0050731	-0.000301363	0.00508216	-3.402	-2.213056e-11
0.984	492			-1.4566e-06	-1.96547e-05	1.97032e-05	-94.23	0.000569228	1.32323e-05	0.000569347	1.332	0.00563434	-0.000256063	0.00564006	-2.598	0.00507358	-0.000301363	0.00508264	-3.402	-2.133482e-11
0.986	493			-2.26872e-06	-1.91854e-05	1.93157e-05	-96.738	0.000567917	1.46628e-05	0.000568155	1.476	0.00563386	-0.000256063	0.00563958	-2.598	0.00507358	-0.000300886	0.00508264	-3.39	-1.852873e-11
0.988	494			-2.97652e-06	-1.94834e-05	1.97069e-05	-98.676	0.000567678	1.35899e-05	0.000567798	1.38	0.00563291	-0.00025511	0.00563863	-2.586	0.0050731	-0.000300409	0.00508216	-3.384	-1.760734e-11
0.99	495			-2.40655e-06	-1.9882e-05	2.00198e-05	-96.894	0.000569824	1.21594e-05	0.000569943	1.236	0.00563481	-0.000255587	0.00564054	-2.592	0.0050731	-0.000300409	0.00508216	-3.384	-1.982707e-11
0.992	496			-1.86638e-06	-2.01465e-05	2.02322e-05	-95.286	0.00057042	1.14442e-05	0.000570539	1.152	0.00563672	-0.00025654	0.00564244	-2.604	0.0050731	-0.000300886	0.00508216	-3.39	-2.108354e-11
0.994	497			-1.46032e-06	-1.96771e-05	1.97255e-05	-94.236	0.000576023	1.14442e-05	0.000576142	1.14	0.00564197	-0.00025654	0.00564721	-2.598	0.00507358	-0.000299456	0.00508216	-3.372	-2.158614e-11
0.996	498			-1.98187e-06	-2.0221e-05	2.03141e-05	-95.592	0.000583533	1.13249e-05	0.000583652	1.116	0.0056496	-0.000257017	0.0056558	-2.604	0.00507453	-0.000299932	0.00508359	-3.378	-2.062285e-11
0.998	499			-1.885e-06	-2.04855e-05	2.05674e-05	-95.256	0.000599388	1.14442e-05	0.000599626	1.104	0.00566629	-0.000257017	0.00567153	-2.592	0.00507405	-0.000300409	0.00508311	-3.39	-1.601586e-11
1.0	500			-2.414e-06	-2.08021e-05	2.09362e-05	-96.618	0.000646356	8.2255e-06	0.000646476	0.738	0.00571254	-0.000258448	0.00571826	-2.586	0.00507453	-0.000300409	0.00508359	-3.384	-1.827748e-11
