variable x	variable x count			lockin1 x	lockin1 y	lockin1 r	lockin1 phi	lockin2 x	lockin2 y	lockin2 r	lockin2 phi	lockin3 x	lockin3 y	lockin3 r	lockin3 phi	lockin4 x	lockin4 y	lockin4 r	lockin4 phi	smu1 meas	


0.0	0			1.1284e-05	4.8429e-08	1.1284e-05	0.252	1.2897e-05	2.94672e-06	1.32323e-05	12.882	6.45689e-06	9.49953e-07	6.52581e-06	8.376	5.06736e-06	-1.47615e-06	5.27783e-06	-16.236	-1.576458e-11
0.002	1			1.23308e-05	-7.17122e-07	1.23494e-05	-3.324	1.33888e-05	2.72693e-06	1.36644e-05	11.526	1.52505e-05	7.89765e-07	1.52719e-05	2.97	1.58214e-05	-3.19259e-06	1.61399e-05	-11.406	-1.857068e-11
0.004	2			1.32472e-05	-6.89183e-08	1.32472e-05	-0.294	1.40668e-05	1.91854e-06	1.41971e-05	7.77	2.45181e-05	2.23519e-08	2.45181e-05	0.054	2.40003e-05	-2.56488e-06	2.41363e-05	-6.096	-1.702108e-11
0.006	3			1.37762e-05	3.6508e-07	1.37818e-05	1.524	1.57916e-05	2.3991e-06	1.59704e-05	8.64	3.47926e-05	-2.92437e-07	3.47944e-05	-0.48	3.31553e-05	-2.81447e-06	3.32727e-05	-4.848	-2.213072e-11
0.008	4			1.41375e-05	-8.32606e-07	1.41617e-05	-3.366	1.54861e-05	1.73972e-06	1.5583e-05	6.42	4.25598e-05	-7.9349e-07	4.25654e-05	-1.068	4.23996e-05	-3.85384e-06	4.25747e-05	-5.196	-1.836129e-11
0.01	5			1.54377e-05	-1.58326e-06	1.5516e-05	-5.85	1.60077e-05	1.97814e-06	1.61306e-05	7.05	5.05897e-05	-4.76841e-07	5.05934e-05	-0.534	5.01613e-05	-3.79981e-06	5.03028e-05	-4.326	-2.225629e-11
0.012	6			1.61381e-05	-2.04334e-06	1.62666e-05	-7.212	1.73935e-05	2.45871e-06	1.75686e-05	8.046	5.94149e-05	1.7509e-07	5.94149e-05	0.168	5.72952e-05	-4.95467e-06	5.75075e-05	-4.944	-2.07067e-11
0.014	7			1.64938e-05	-2.3842e-07	1.64957e-05	-0.822	1.85707e-05	2.55929e-06	1.87458e-05	7.848	6.79572e-05	-1.1921e-06	6.79684e-05	-1.002	6.697e-05	-5.11113e-06	6.71637e-05	-4.362	-2.020411e-11
0.016	8			1.58158e-05	-6.25852e-07	1.5827e-05	-2.262	1.97702e-05	2.57792e-06	1.99379e-05	7.434	7.7181e-05	-1.03936e-06	7.71885e-05	-0.768	7.3195e-05	-5.4464e-06	7.33999e-05	-4.254	-1.924081e-11
0.018	9			1.641e-05	-9.57407e-07	1.6438e-05	-3.336	1.95951e-05	2.53694e-06	1.97591e-05	7.386	8.55518e-05	-1.43052e-06	8.55629e-05	-0.96	8.23368e-05	-5.50228e-06	8.25231e-05	-3.822	-1.718859e-11
0.02	10			1.70564e-05	-6.35166e-07	1.70675e-05	-2.13	2.03924e-05	2.57046e-06	2.05563e-05	7.188	9.40044e-05	-2.56301e-06	9.40417e-05	-1.56	8.91765e-05	-6.09088e-06	8.93851e-05	-3.906	-1.794245e-11
0.022	11			1.67863e-05	-5.6066e-07	1.67975e-05	-1.908	2.23221e-05	1.52738e-06	2.23742e-05	3.918	0.000103355	-2.28734e-06	0.000103377	-1.266	9.84077e-05	-5.357e-06	9.85493e-05	-3.114	-1.203706e-11
0.024	12			1.65218e-05	-1.1623e-06	1.65609e-05	-4.02	2.43188e-05	1.22563e-06	2.43523e-05	2.886	0.00011167	-2.23519e-06	0.000111692	-1.146	0.000103631	-6.45968e-06	0.000103832	-3.564	-2.062293e-11
0.026	13			1.71234e-05	-1.33925e-06	1.71756e-05	-4.47	2.56972e-05	1.71364e-06	2.5753e-05	3.822	0.000121668	-3.12181e-06	0.000121713	-1.47	0.000113659	-7.60707e-06	0.000113912	-3.828	-2.527182e-11
0.028	14			1.74121e-05	-1.28337e-06	1.74587e-05	-4.212	2.7042e-05	1.5013e-06	2.70867e-05	3.18	0.000130394	-4.00099e-06	0.000130453	-1.758	0.00011997	-7.6518e-06	0.000120216	-3.648	-2.196318e-11
0.03	15			1.68515e-05	6.14677e-08	1.68515e-05	0.21	2.84055e-05	1.30386e-06	2.84353e-05	2.634	0.00014028	-4.46293e-06	0.000140348	-1.818	0.000128412	-7.54002e-06	0.000128628	-3.36	-1.781681e-11
0.032	16			1.75071e-05	-4.22822e-07	1.75108e-05	-1.38	2.93256e-05	2.22774e-06	2.94113e-05	4.35	0.000149683	-4.65664e-06	0.000149758	-1.782	0.000136712	-8.11374e-06	0.00013695	-3.396	-1.894766e-11
0.034	17			1.61995e-05	-8.41919e-07	1.62219e-05	-2.976	3.11139e-05	2.62634e-06	3.12219e-05	4.83	0.000159257	-4.66409e-06	0.000159324	-1.674	0.000144125	-9.12702e-06	0.000144408	-3.618	-2.296836e-11
0.036	18			1.69111e-05	-7.30161e-07	1.6926e-05	-2.466	3.38408e-05	1.85893e-06	3.38892e-05	3.144	0.000169517	-5.4017e-06	0.000169606	-1.824	0.000151836	-8.59803e-06	0.000152075	-3.24	-1.932453e-11
0.038	19			1.66596e-05	-9.44365e-07	1.66876e-05	-3.24	3.53719e-05	2.77908e-06	3.54836e-05	4.494	0.000179932	-5.49111e-06	0.000180014	-1.746	0.000159943	-9.89443e-06	0.000160248	-3.54	-1.400556e-11
0.04	20			1.73749e-05	-1.07848e-06	1.74084e-05	-3.546	3.83893e-05	1.8403e-06	3.84341e-05	2.748	0.000189305	-5.51346e-06	0.000189395	-1.662	0.000168734	-9.80502e-06	0.000169025	-3.324	-1.542956e-11
0.042	21			1.68142e-05	-1.76393e-06	1.69055e-05	-5.988	4.04904e-05	2.3842e-06	4.05612e-05	3.372	0.000199557	-6.52674e-06	0.000199647	-1.866	0.000175879	-1.04309e-05	0.000176192	-3.396	-2.150241e-11
0.044	22			1.73805e-05	-9.08974e-07	1.74028e-05	-2.994	4.23605e-05	2.18303e-06	4.24164e-05	2.952	0.000209452	-6.79496e-06	0.000209571	-1.854	0.000185431	-1.05203e-05	0.000185729	-3.24	-2.146056e-11
0.046	23			1.66727e-05	-1.35601e-06	1.67285e-05	-4.644	4.45622e-05	1.92599e-06	4.46031e-05	2.472	0.000220091	-7.03338e-06	0.00022021	-1.824	0.000193478	-1.11759e-05	0.000193805	-3.3	-2.166994e-11
0.048	24			1.79001e-05	-1.56463e-06	1.79691e-05	-4.992	4.70246e-05	1.33739e-06	4.70432e-05	1.632	0.000229866	-6.85456e-06	0.000229956	-1.704	0.000199617	-1.08481e-05	0.000199915	-3.108	-2.074857e-11
0.05	25			1.72538e-05	-1.56835e-06	1.73246e-05	-5.196	4.87382e-05	1.4566e-06	4.87643e-05	1.716	0.000240744	-7.39101e-06	0.000240863	-1.752	0.00020972	-1.17124e-05	0.000210048	-3.192	-1.559708e-11
0.052	26			1.69129e-05	-6.22127e-07	1.6926e-05	-2.106	5.09026e-05	1.40817e-06	5.09212e-05	1.584	0.000250401	-9.38779e-06	0.00025058	-2.142	0.000216425	-1.18614e-05	0.000216753	-3.132	-2.020411e-11
0.054	27			1.72184e-05	-1.38209e-06	1.72743e-05	-4.584	5.5101e-05	9.72308e-07	5.51085e-05	1.014	0.000261875	-9.03016e-06	0.000262024	-1.974	0.000225068	-1.2517e-05	0.000225396	-3.18	-1.597405e-11
0.056	28			1.77176e-05	-1.25357e-06	1.77623e-05	-4.044	5.66582e-05	1.95579e-06	5.66917e-05	1.98	0.000271024	-9.74542e-06	0.000271203	-2.052	0.000231952	-1.32621e-05	0.00023234	-3.27	-2.187937e-11
0.058	29			1.68422e-05	-1.46591e-06	1.69055e-05	-4.974	5.96719e-05	2.08245e-06	5.97092e-05	1.998	0.00028217	-9.44739e-06	0.000282319	-1.914	0.000240863	-1.39773e-05	0.000241251	-3.312	-2.049731e-11
0.06	30			1.81404e-05	-1.60002e-06	1.82093e-05	-5.034	6.20675e-05	1.18465e-06	6.2075e-05	1.098	0.000293376	-1.01925e-05	0.000293555	-1.986	0.000247749	-1.32919e-05	0.000248076	-3.066	-1.484316e-11
0.062	31			1.74363e-05	-1.72668e-06	1.7522e-05	-5.646	6.45188e-05	1.20328e-06	6.45299e-05	1.074	0.000303956	-1.08779e-05	0.000304164	-2.046	0.000257315	-1.49012e-05	0.000257732	-3.312	-1.961773e-11
0.064	32			1.6885e-05	-1.20514e-06	1.69278e-05	-4.08	6.70855e-05	1.546e-06	6.71041e-05	1.32	0.00031394	-1.09375e-05	0.000314118	-1.992	0.000262799	-1.47522e-05	0.000263216	-3.21	-1.869633e-11
0.066	33			1.74252e-05	-1.97069e-06	1.75369e-05	-6.45	7.09188e-05	1.207e-06	7.093e-05	0.978	0.00032446	-1.06395e-05	0.000324609	-1.878	0.00027171	-1.43052e-05	0.000272097	-3.012	-1.287475e-11
0.068	34			1.76915e-05	-1.36533e-06	1.77455e-05	-4.41	7.32769e-05	1.03936e-06	7.32844e-05	0.816	0.000334891	-1.09971e-05	0.000335069	-1.878	0.000278445	-1.48714e-05	0.000278862	-3.054	-1.689545e-11
0.07	35			1.75835e-05	-1.41748e-06	1.76394e-05	-4.608	7.47037e-05	9.64857e-07	7.47074e-05	0.744	0.000345053	-1.20104e-05	0.000345262	-1.986	0.000287088	-1.57953e-05	0.000287505	-3.144	-1.898953e-11
0.072	36			1.72259e-05	-1.91668e-06	1.7332e-05	-6.348	7.77771e-05	1.80305e-06	7.77994e-05	1.326	0.000355901	-1.18614e-05	0.00035611	-1.908	0.000295224	-1.6451e-05	0.000295671	-3.186	-1.97015e-11
0.074	37			1.73898e-05	-1.54041e-06	1.74587e-05	-5.058	8.05524e-05	1.40072e-06	8.05636e-05	0.996	0.000366511	-1.31727e-05	0.000366719	-2.058	0.0003033	-1.68384e-05	0.000303777	-3.174	-1.584838e-11
0.076	38			1.79393e-05	-1.29268e-06	1.79858e-05	-4.116	8.2348e-05	1.03191e-06	8.23555e-05	0.72	0.000377418	-1.26362e-05	0.000377657	-1.914	0.000311764	-1.63914e-05	0.000312181	-3.006	-1.643471e-11
0.078	39			1.85204e-05	-1.63355e-06	1.85912e-05	-5.04	8.54884e-05	1.88873e-06	8.55071e-05	1.266	0.000387551	-1.29939e-05	0.00038776	-1.914	0.000320258	-1.79113e-05	0.000320764	-3.198	-1.831941e-11
0.08	40			1.86731e-05	-2.60213e-06	1.88538e-05	-7.932	8.90833e-05	1.50502e-06	8.90982e-05	0.966	0.000398608	-1.34409e-05	0.000398817	-1.932	0.000326725	-1.80007e-05	0.000327202	-3.15	-1.676977e-11
0.082	41			1.90196e-05	-2.71761e-06	1.92133e-05	-8.13	9.31476e-05	8.34469e-07	9.31551e-05	0.516	0.000409277	-1.39773e-05	0.000409516	-1.95	0.000334742	-1.87756e-05	0.000335248	-3.204	-2.288452e-11
0.084	42			1.82503e-05	-2.67664e-06	1.84459e-05	-8.346	9.46303e-05	4.76841e-07	9.46303e-05	0.288	0.000419589	-1.4335e-05	0.000419827	-1.956	0.000342758	-1.8567e-05	0.000343235	-3.096	-2.154432e-11
0.086	43			1.84608e-05	-2.0154e-06	1.85726e-05	-6.228	9.64184e-05	1.64659e-06	9.64333e-05	0.978	0.000430228	-1.49012e-05	0.000430467	-1.98	0.000351729	-1.97889e-05	0.000352265	-3.216	-1.794247e-11
0.088	44			1.86042e-05	-2.13647e-06	1.87272e-05	-6.546	0.000100181	1.11014e-06	0.000100188	0.636	0.00044209	-1.49012e-05	0.000442328	-1.926	0.000359984	-1.99379e-05	0.00036055	-3.168	-2.30521e-11
0.09	45			1.83677e-05	-1.96324e-06	1.84738e-05	-6.096	0.000102982	1.78815e-06	0.000102997	0.996	0.000451686	-1.52589e-05	0.000451924	-1.932	0.000367584	-2.03849e-05	0.00036815	-3.174	-1.773304e-11
0.092	46			1.83602e-05	-2.25382e-06	1.8498e-05	-6.996	0.000106529	-3.42729e-07	0.000106529	-0.18	0.000463249	-1.62722e-05	0.000463547	-2.01	0.000374826	-1.98187e-05	0.000375332	-3.024	-2.30102e-11
0.094	47			1.93139e-05	-8.32606e-07	1.93325e-05	-2.466	0.000108794	1.00584e-06	0.000108801	0.528	0.000474157	-1.6749e-05	0.000474455	-2.022	0.000383826	-2.04445e-05	0.000384362	-3.048	-1.60159e-11
0.096	48			1.96361e-05	-2.11412e-06	1.97497e-05	-6.144	0.00011129	1.33366e-06	0.000111297	0.69	0.000483515	-1.74643e-05	0.000483813	-2.064	0.000391724	-2.16068e-05	0.00039232	-3.156	-2.179559e-11
0.098	49			1.83993e-05	-2.09177e-06	1.85185e-05	-6.48	0.000115127	4.91742e-07	0.000115127	0.246	0.000495795	-1.77623e-05	0.000496153	-2.046	0.000398906	-2.1428e-05	0.000399472	-3.072	-1.350298e-11
0.1	50			1.86824e-05	-1.28896e-06	1.8729e-05	-3.942	0.000119985	5.81149e-07	0.000119985	0.282	0.000506882	-1.82391e-05	0.00050718	-2.058	0.000407608	-2.17856e-05	0.000408174	-3.06	-1.878009e-11
0.102	51			1.95635e-05	-2.31715e-06	1.96995e-05	-6.75	0.000121892	9.53682e-07	0.000121899	0.45	0.000517491	-1.74047e-05	0.000517789	-1.926	0.000415267	-2.1875e-05	0.000415834	-3.012	-1.597402e-11
0.104	52			1.82447e-05	-1.55532e-06	1.83118e-05	-4.872	0.000122876	9.76033e-07	0.000122883	0.456	0.000526849	-1.86564e-05	0.000527147	-2.022	0.000422301	-2.30671e-05	0.000422956	-3.126	-1.769116e-11
0.106	53			1.98075e-05	-2.16813e-06	1.99267e-05	-6.24	0.000128054	-3.20377e-07	0.000128054	-0.144	0.000539903	-1.88948e-05	0.00054026	-1.998	0.000430347	-2.27393e-05	0.000430973	-3.024	-1.685353e-11
0.108	54			1.93269e-05	-1.86824e-06	1.94163e-05	-5.514	0.000131198	-1.86265e-07	0.000131198	-0.078	0.000551406	-1.94908e-05	0.000551764	-2.022	0.000438781	-2.31565e-05	0.000439378	-3.018	-1.844508e-11
0.11	55			1.97311e-05	-1.75462e-06	1.98093e-05	-5.076	0.000132912	4.91742e-07	0.000132912	0.21	0.000559393	-2.02657e-05	0.000559751	-2.076	0.000445874	-2.34545e-05	0.0004465	-3.006	-2.229817e-11
0.112	56			2.15062e-05	-1.76207e-06	2.15789e-05	-4.68	0.000139863	-1.34111e-07	0.000139863	-0.054	0.000574473	-2.0981e-05	0.000574831	-2.088	0.000456454	-2.43188e-05	0.00045711	-3.048	-1.723048e-11
0.114	57			2.18229e-05	-2.80143e-06	2.20017e-05	-7.314	0.000142337	-6.78006e-07	0.000142337	-0.27	0.00058395	-2.0981e-05	0.000584308	-2.058	0.000462653	-2.46764e-05	0.000463368	-3.048	-2.099985e-11
0.116	58			2.15193e-05	-2.23519e-06	2.16347e-05	-5.928	0.000144974	-8.41919e-07	0.000144974	-0.33	0.000595096	-2.0981e-05	0.000595454	-2.016	0.000471594	-2.4736e-05	0.00047219	-3.0	-1.676976e-11
0.118	59			2.15733e-05	-3.30435e-06	2.18247e-05	-8.706	0.000147984	-6.70556e-07	0.000147984	-0.258	0.000607077	-2.27095e-05	0.000607554	-2.142	0.000479879	-2.55705e-05	0.000480594	-3.048	-1.965965e-11
0.12	60			2.00422e-05	-1.885e-06	2.01297e-05	-5.37	0.000150793	-1.56463e-07	0.000150793	-0.06	0.000616554	-2.22923e-05	0.000616971	-2.07	0.000486257	-2.49149e-05	0.000486853	-2.928	-1.945023e-11
0.122	61			1.99807e-05	-1.77511e-06	2.00608e-05	-5.07	0.000156262	-8.71722e-07	0.000156262	-0.318	0.000631098	-2.23519e-05	0.000631515	-2.022	0.000493947	-2.50341e-05	0.000494603	-2.898	-1.819375e-11
0.124	62			1.8498e-05	-2.54066e-06	1.86713e-05	-7.812	0.000154869	-1.49757e-06	0.000154876	-0.552	0.000640873	-2.3544e-05	0.00064129	-2.1	0.000503067	-2.70606e-05	0.000503782	-3.078	-1.836128e-11
0.126	63			1.98354e-05	-2.58164e-06	2.00012e-05	-7.416	0.000160293	-5.51347e-07	0.000160293	-0.192	0.000652734	-2.3544e-05	0.000653151	-2.064	0.000512067	-2.79547e-05	0.000512842	-3.12	-2.099982e-11
0.128	64			2.19644e-05	-3.21494e-06	2.21991e-05	-8.322	0.00016328	-1.02819e-06	0.00016328	-0.36	0.000660423	-2.33055e-05	0.000660781	-2.016	0.000518981	-2.78355e-05	0.000519697	-3.072	-2.09999e-11
0.13	65			2.16757e-05	-2.41028e-06	2.18098e-05	-6.342	0.000169986	-9.53682e-07	0.000169986	-0.318	0.00067747	-2.3842e-05	0.000677947	-2.016	0.00052816	-2.75971e-05	0.000528935	-2.988	-1.995278e-11
0.132	66			2.39407e-05	-2.53135e-06	2.40748e-05	-6.03	0.000170642	-1.41562e-07	0.000170642	-0.048	0.000683609	-2.50937e-05	0.000684086	-2.1	0.000536148	-2.90872e-05	0.000536922	-3.102	-2.049726e-11
0.134	67			2.53787e-05	-2.6487e-06	2.55165e-05	-5.958	0.000180916	-1.2368e-06	0.000180923	-0.39	0.00070012	-2.51533e-05	0.000700597	-2.052	0.000543002	-2.80143e-05	0.000543717	-2.946	-2.24239e-11
0.136	68			2.47994e-05	-3.46267e-06	2.50397e-05	-7.944	0.00018102	-1.37091e-06	0.00018102	-0.426	0.000709955	-2.56897e-05	0.000710372	-2.07	0.000552479	-2.8968e-05	0.000553254	-3.0	-1.526197e-11
0.138	69			2.59002e-05	-2.40655e-06	2.6012e-05	-5.304	0.000187696	-1.1623e-06	0.000187696	-0.348	0.000720803	-2.65838e-05	0.000721339	-2.112	0.00055832	-2.90276e-05	0.000559095	-2.976	-1.806809e-11
0.14	70			2.25512e-05	-2.25382e-06	2.26629e-05	-5.706	0.000188709	-9.23876e-07	0.000188709	-0.276	0.000733737	-2.62858e-05	0.000734214	-2.046	0.000567321	-2.94448e-05	0.000568096	-2.964	-1.559703e-11
0.142	71			2.21414e-05	-3.11808e-06	2.23593e-05	-8.01	0.000190199	-1.49012e-06	0.000190199	-0.444	0.000743572	-2.71798e-05	0.000744108	-2.094	0.000573579	-3.02793e-05	0.000574414	-3.018	-2.368033e-11
0.144	72			1.85651e-05	-2.83496e-06	1.87793e-05	-8.682	0.000195683	-1.1623e-06	0.000195683	-0.336	0.000757638	-2.81335e-05	0.000758175	-2.124	0.000580613	-3.09946e-05	0.000581447	-3.054	-1.852879e-11
0.146	73			1.99695e-05	-3.28386e-06	2.02378e-05	-9.336	0.000194193	-1.07289e-06	0.000194193	-0.312	0.000765983	-2.81335e-05	0.000766519	-2.1	0.000589672	-3.14119e-05	0.000590507	-3.048	-2.024598e-11
0.148	74			1.88184e-05	-2.78839e-06	1.90233e-05	-8.43	0.000203849	-1.66894e-06	0.000203849	-0.468	0.000781897	-2.76567e-05	0.000782434	-2.022	0.000596825	-3.15311e-05	0.000597659	-3.024	-1.681163e-11
0.15	75			2.06513e-05	-2.95417e-06	2.08617e-05	-8.136	0.000198216	-2.17558e-06	0.000198216	-0.624	0.000786308	-2.91468e-05	0.000786845	-2.124	0.000607315	-3.11735e-05	0.00060815	-2.94	-1.924082e-11
0.152	76			2.05376e-05	-3.93394e-06	2.0912e-05	-10.842	0.000212342	-1.66894e-06	0.000212342	-0.45	0.000805501	-2.77163e-05	0.000805978	-1.968	0.000613455	-3.24848e-05	0.000614289	-3.024	-2.099985e-11
0.154	77			2.35626e-05	-2.66173e-06	2.37135e-05	-6.444	0.00020966	-1.63914e-06	0.00020966	-0.444	0.000811879	-2.99813e-05	0.000812475	-2.112	0.000624184	-3.32e-05	0.000625078	-3.042	-1.790057e-11
0.156	78			2.33912e-05	-3.05289e-06	2.35905e-05	-7.434	0.000212193	-2.98025e-06	0.000212193	-0.804	0.000819746	-3.03985e-05	0.000820342	-2.124	0.000632051	-3.30212e-05	0.000632886	-2.988	-1.635098e-11
0.158	79			2.91561e-05	-3.53904e-06	2.93703e-05	-6.918	0.000228078	-2.29479e-06	0.000228108	-0.57	0.000840727	-3.11139e-05	0.000841323	-2.118	0.000640932	-3.40345e-05	0.000641827	-3.042	-2.087421e-11
0.16	80			2.65242e-05	-3.95815e-06	2.68185e-05	-8.484	0.000223042	-1.34111e-06	0.000223042	-0.336	0.000846568	-2.97428e-05	0.000847105	-2.01	0.000650112	-3.51074e-05	0.000651065	-3.09	-2.451796e-11
0.162	81			3.30454e-05	-3.82776e-06	3.32671e-05	-6.606	0.0002293	-1.63914e-06	0.0002293	-0.408	0.000851754	-3.11735e-05	0.000852291	-2.094	0.000655774	-3.45709e-05	0.000656668	-3.012	-2.154435e-11
0.164	82			3.06985e-05	-3.66011e-06	3.09146e-05	-6.798	0.000234664	-2.53321e-06	0.000234664	-0.618	0.00087345	-3.17695e-05	0.000874046	-2.082	0.000667993	-3.58822e-05	0.000668947	-3.072	-1.760741e-11
0.166	83			3.10636e-05	-3.28386e-06	3.12368e-05	-6.036	0.000248106	-3.48689e-06	0.000248136	-0.804	0.000887517	-3.16503e-05	0.000888053	-2.04	0.00067145	-3.49882e-05	0.000672344	-2.976	-1.811e-11
0.168	84			3.45281e-05	-4.0103e-06	3.47591e-05	-6.624	0.000239045	-2.77163e-06	0.000239045	-0.66	0.000886265	-3.2306e-05	0.000886861	-2.082	0.00068051	-3.56438e-05	0.000681464	-2.994	-1.894764e-11
0.17	85			2.62522e-05	-4.15e-06	2.65763e-05	-8.976	0.000242651	-2.86104e-06	0.000242681	-0.672	0.000906471	-3.3498e-05	0.000907067	-2.112	0.000688676	-3.65379e-05	0.000689689	-3.036	-1.995286e-11
0.172	86			3.00762e-05	-3.65639e-06	3.02979e-05	-6.93	0.000260981	-3.24847e-06	0.000260981	-0.708	0.000922207	-3.31404e-05	0.000922803	-2.058	0.000690583	-3.61803e-05	0.000691537	-3.0	-2.267516e-11
0.174	87			2.35738e-05	-3.26709e-06	2.37973e-05	-7.89	0.000245186	-2.23519e-06	0.000245186	-0.516	0.000928644	-3.43325e-05	0.00092924	-2.112	0.000704769	-3.70743e-05	0.000705782	-3.006	-1.710482e-11
0.176	88			1.81739e-05	-3.45336e-06	1.8498e-05	-10.758	0.000247093	-2.83124e-06	0.000247123	-0.654	0.000936631	-3.50478e-05	0.000937227	-2.142	0.000708703	-3.74916e-05	0.000709716	-3.024	-1.727242e-11
0.178	89			2.52408e-05	-3.98982e-06	2.55556e-05	-8.976	0.000260742	-4.29156e-06	0.000260772	-0.942	0.000949625	-3.56438e-05	0.00095034	-2.142	0.000713233	-3.78492e-05	0.000714246	-3.036	-2.154434e-11
0.18	90			1.61027e-05	-3.34719e-06	1.64454e-05	-11.742	0.00025058	-2.23519e-06	0.00025058	-0.504	0.000965003	-3.56438e-05	0.000965599	-2.106	0.000727776	-3.93393e-05	0.000728849	-3.096	-1.777489e-11
0.182	91			1.30144e-05	-2.20352e-06	1.32006e-05	-9.606	0.000262709	-3.06965e-06	0.000262709	-0.666	0.000978954	-3.54054e-05	0.000979669	-2.07	0.000729505	-3.8326e-05	0.000730518	-3.006	-1.743988e-11
0.184	92			2.32701e-05	-3.14975e-06	2.34806e-05	-7.704	0.00026861	-2.74183e-06	0.00026864	-0.582	0.000982054	-3.58822e-05	0.000982769	-2.088	0.000735346	-3.89221e-05	0.000736419	-3.03	-1.978529e-11
0.186	93			1.60841e-05	-3.64521e-06	1.6492e-05	-12.768	0.000250997	-3.01005e-06	0.000250997	-0.684	0.000989325	-3.64783e-05	0.000989921	-2.112	0.000753168	-3.98757e-05	0.000754241	-3.03	-1.836128e-11
0.188	94			1.42102e-05	-2.5388e-06	1.44356e-05	-10.128	0.000267955	-2.65242e-06	0.000267984	-0.57	0.00100661	-3.79088e-05	0.00100733	-2.154	0.000752572	-3.93989e-05	0.000753645	-2.994	-1.769124e-11
0.19	95			2.89903e-05	-4.25059e-06	2.93014e-05	-8.34	0.000296505	-3.90413e-06	0.000296535	-0.756	0.00103188	-3.79088e-05	0.0010326	-2.1	0.000763122	-4.07102e-05	0.000764195	-3.054	-1.831938e-11
0.192	96			1.98298e-05	-3.87061e-06	2.02024e-05	-11.04	0.000270994	-1.51993e-06	0.000270994	-0.318	0.00103224	-3.73127e-05	0.00103296	-2.064	0.000780944	-4.23195e-05	0.000782076	-3.096	-1.714669e-11
0.194	97			1.67751e-05	-3.34905e-06	1.71066e-05	-11.286	0.000271859	-2.74183e-06	0.000271888	-0.576	0.00103391	-3.82664e-05	0.00103462	-2.118	0.000779931	-4.08294e-05	0.000781003	-2.994	-1.886383e-11
0.196	98			3.77505e-05	-3.93394e-06	3.79554e-05	-5.946	0.000286104	-3.90413e-06	0.000286134	-0.78	0.00103987	-3.79088e-05	0.00104059	-2.082	0.000790004	-4.12466e-05	0.000791077	-2.988	-2.003657e-11
0.198	99			3.46752e-05	-4.63429e-06	3.49844e-05	-7.608	0.000295492	-3.36768e-06	0.000295492	-0.654	0.00106931	-3.93393e-05	0.00107003	-2.106	0.000806157	-4.29156e-05	0.000807289	-3.042	-1.865446e-11
0.2	100			2.36315e-05	-4.8783e-06	2.41307e-05	-11.664	0.000312181	-4.44058e-06	0.000312211	-0.81	0.00109995	-4.0889e-05	0.00110079	-2.124	0.000810865	-4.3452e-05	0.000812057	-3.066	-1.949207e-11
0.202	101			3.85607e-05	-5.18936e-06	3.89072e-05	-7.662	0.000319244	-4.97702e-06	0.000319274	-0.894	0.00109578	-4.10082e-05	0.00109649	-2.142	0.000815574	-4.32136e-05	0.000816707	-3.03	-2.372219e-11
0.204	102			4.79075e-05	-4.1202e-06	4.80826e-05	-4.914	0.000303598	-3.48689e-06	0.000303598	-0.654	0.0010829	-3.98161e-05	0.00108362	-2.1	0.000827018	-4.41077e-05	0.00082821	-3.048	-2.171183e-11
0.206	103			3.89593e-05	-5.59169e-06	3.93617e-05	-8.166	0.000284793	-3.12926e-06	0.000284823	-0.624	0.00108803	-4.00546e-05	0.00108875	-2.106	0.000840608	-4.50613e-05	0.0008418	-3.066	-1.748179e-11
0.208	104			3.80392e-05	-4.00099e-06	3.82515e-05	-6.0	0.000319155	-4.29156e-06	0.000319185	-0.768	0.00112701	-4.13659e-05	0.00112773	-2.1	0.000845198	-4.45845e-05	0.00084639	-3.018	-1.484322e-11
0.21	105			4.5039e-05	-6.07225e-06	4.5445e-05	-7.674	0.000365259	-6.43733e-06	0.000365319	-1.008	0.00117231	-4.3154e-05	0.00117303	-2.1	0.00085086	-4.51806e-05	0.000852052	-3.036	-1.530393e-11
0.212	106			4.866e-05	-5.55071e-06	4.89766e-05	-6.504	0.000358822	-5.9903e-06	0.000358881	-0.954	0.00116599	-4.32732e-05	0.00116671	-2.124	0.000856165	-4.6015e-05	0.000857357	-3.072	-2.259139e-11
0.214	107			4.57841e-05	-5.64012e-06	4.61305e-05	-7.02	0.000316771	-4.7386e-06	0.000316801	-0.852	0.00114215	-4.20811e-05	0.00114299	-2.106	0.000870589	-4.6015e-05	0.000871781	-3.024	-2.29264e-11
0.216	108			3.75698e-05	-4.89879e-06	3.78864e-05	-7.428	0.000301572	-4.14255e-06	0.000301601	-0.786	0.00114406	-4.29156e-05	0.00114477	-2.142	0.000880066	-4.5717e-05	0.000881258	-2.97	-1.978532e-11
0.218	109			3.42804e-05	-4.97329e-06	3.46417e-05	-8.25	0.000320794	-3.75511e-06	0.000320824	-0.672	0.00116623	-4.26772e-05	0.00116695	-2.094	0.00087947	-4.6015e-05	0.000880662	-2.994	-2.070675e-11
0.22	110			4.43424e-05	-4.99564e-06	4.46218e-05	-6.426	0.000376733	-6.85456e-06	0.000376793	-1.038	0.00121654	-4.63726e-05	0.00121737	-2.178	0.000883047	-4.67899e-05	0.000884298	-3.03	-2.175377e-11
0.222	111			4.64285e-05	-6.03127e-06	4.68197e-05	-7.398	0.000391426	-7.09298e-06	0.000391485	-1.032	0.00124789	-4.72071e-05	0.00124884	-2.166	0.000901286	-4.79224e-05	0.000902537	-3.042	-2.020409e-11
0.224	112			1.88613e-05	-4.91369e-06	1.94908e-05	-14.598	0.00034246	-5.15583e-06	0.00034249	-0.864	0.00123502	-4.63726e-05	0.00123597	-2.142	0.000912432	-4.95913e-05	0.000913862	-3.108	-2.305204e-11
0.226	113			1.58699e-05	-3.74021e-06	1.63057e-05	-13.26	0.000321152	-4.61939e-06	0.000321211	-0.822	0.00121403	-4.66111e-05	0.00121499	-2.196	0.000910405	-4.81608e-05	0.000911716	-3.024	-2.066479e-11
0.228	114			2.74853e-05	-4.70135e-06	2.78876e-05	-9.702	0.000328036	-4.88761e-06	0.000328066	-0.852	0.00120962	-4.55382e-05	0.00121046	-2.154	0.000910167	-4.81608e-05	0.000911478	-3.024	-1.911518e-11
0.23	115			3.6672e-05	-5.1223e-06	3.70296e-05	-7.944	0.00033793	-4.82801e-06	0.00033796	-0.816	0.00122453	-4.58958e-05	0.00122536	-2.142	0.000920776	-4.87568e-05	0.000922088	-3.03	-1.693734e-11
0.232	116			2.50601e-05	-5.01054e-06	2.55556e-05	-11.304	0.000350984	-4.7982e-06	0.000351014	-0.78	0.00127173	-4.75647e-05	0.00127257	-2.136	0.000941996	-5.03066e-05	0.000943307	-3.054	-1.785872e-11
0.234	117			8.29628e-06	-3.44591e-06	8.98546e-06	-22.53	0.000375541	-6.16911e-06	0.000375571	-0.936	0.00131286	-4.97105e-05	0.00131381	-2.166	0.000946168	-5.0545e-05	0.000947479	-3.054	-1.898952e-11
0.236	118			8.29628e-06	-4.94908e-06	9.65974e-06	-30.81	0.000391038	-6.82476e-06	0.000391098	-0.996	0.00132538	-4.93529e-05	0.00132633	-2.13	0.000943188	-5.0545e-05	0.000944499	-3.06	-1.589026e-11
0.238	119			2.08915e-05	-4.8634e-06	2.14503e-05	-13.104	0.000382485	-6.25852e-06	0.000382544	-0.936	0.00130463	-4.87568e-05	0.00130559	-2.136	0.000943188	-4.99489e-05	0.000944499	-3.024	-1.844506e-11
0.24	120			2.82453e-05	-4.18167e-06	2.85526e-05	-8.418	0.000347735	-5.03662e-06	0.000347765	-0.828	0.00127781	-4.83992e-05	0.00127877	-2.166	0.000957135	-5.0545e-05	0.000958446	-3.018	-1.911522e-11
0.242	121			1.91015e-05	-4.0755e-06	1.95318e-05	-12.042	0.000318499	-4.02334e-06	0.000318529	-0.72	0.00127996	-4.93529e-05	0.00128091	-2.208	0.000979073	-5.12602e-05	0.000980385	-2.994	-2.175373e-11
0.244	122			6.61428e-06	-3.9805e-06	7.71886e-06	-31.032	0.000324609	-2.62262e-06	0.000324609	-0.456	0.00129951	-4.92337e-05	0.00130034	-2.166	0.000981696	-5.23331e-05	0.000983126	-3.048	-1.145074e-11
0.246	123			4.39867e-06	-3.35464e-06	5.53115e-06	-37.32	0.000367792	-5.27504e-06	0.000367822	-0.816	0.00134195	-5.06642e-05	0.0013429	-2.16	0.000978358	-5.19755e-05	0.000979789	-3.036	-2.133491e-11
0.248	124			1.72193e-05	-5.12603e-06	1.79663e-05	-16.578	0.000428529	-6.88437e-06	0.000428589	-0.918	0.00139166	-5.28099e-05	0.00139261	-2.172	0.000980027	-5.26907e-05	0.000981458	-3.078	-1.886389e-11
0.25	125			3.00651e-05	-4.21147e-06	3.03575e-05	-7.968	0.000444712	-7.15259e-06	0.000444772	-0.924	0.00141049	-5.29292e-05	0.00141145	-2.148	0.000994451	-5.28099e-05	0.000995882	-3.036	-2.108361e-11
0.252	126			2.70122e-05	-5.71649e-06	2.76101e-05	-11.946	0.000406297	-6.0499e-06	0.000406357	-0.852	0.00139905	-5.22139e-05	0.0014	-2.136	0.00101853	-5.42405e-05	0.00101996	-3.042	-1.802623e-11
0.254	127			1.11033e-05	-4.97888e-06	1.21687e-05	-24.144	0.000361981	-4.7088e-06	0.000362011	-0.744	0.00137306	-5.17371e-05	0.00137401	-2.154	0.0010239	-5.49557e-05	0.00102545	-3.066	-1.811003e-11
0.256	128			3.67688e-06	-3.57071e-06	5.12603e-06	-44.142	0.000344278	-4.52998e-06	0.000344308	-0.75	0.00135864	-5.14986e-05	0.00135959	-2.166	0.00101984	-5.41213e-05	0.00102127	-3.036	-1.831941e-11
0.258	129			1.14479e-05	-4.09785e-06	1.21594e-05	-19.686	0.000371071	-6.28832e-06	0.0003711	-0.966	0.00137842	-5.32868e-05	0.00137938	-2.208	0.00101901	-5.36444e-05	0.00102044	-3.006	-1.714673e-11
0.26	130			3.61654e-05	-6.04618e-06	3.66683e-05	-9.486	0.000394704	-6.73535e-06	0.000394734	-0.978	0.00139118	-5.31676e-05	0.00139213	-2.184	0.00103129	-5.53133e-05	0.00103272	-3.066	-2.321961e-11
0.262	131			4.78106e-05	-6.51929e-06	4.82539e-05	-7.758	0.000416698	-7.03338e-06	0.000416787	-0.966	0.00142921	-5.44789e-05	0.00143028	-2.178	0.00105739	-5.65054e-05	0.00105894	-3.054	-1.555518e-11
0.264	132			3.3092e-05	-5.51346e-06	3.35502e-05	-9.456	0.000439348	-7.15259e-06	0.000439378	-0.93	0.00147928	-5.65054e-05	0.00148035	-2.184	0.00107253	-5.79359e-05	0.00107396	-3.09	-1.840321e-11
0.266	133			1.58736e-05	-4.61939e-06	1.65292e-05	-16.212	0.000444742	-8.07649e-06	0.000444802	-1.038	0.00150049	-5.79359e-05	0.00150169	-2.208	0.00107289	-5.81744e-05	0.00107444	-3.096	-1.727238e-11
0.268	134			8.64646e-06	-4.74977e-06	9.86463e-06	-28.758	0.000442268	-7.56982e-06	0.000442328	-0.978	0.00149906	-5.73399e-05	0.00150014	-2.184	0.00106693	-5.67439e-05	0.00106848	-3.042	-1.702111e-11
0.27	135			2.38941e-05	-6.11323e-06	2.46653e-05	-14.352	0.000450285	-8.31491e-06	0.000450375	-1.056	0.00149489	-5.72207e-05	0.00149596	-2.19	0.0010692	-5.78167e-05	0.00107075	-3.096	-1.685355e-11
0.272	136			5.81259e-05	-8.16217e-06	5.86959e-05	-7.992	0.000441732	-7.83807e-06	0.000441791	-1.014	0.00147856	-5.65054e-05	0.00147963	-2.184	0.00109328	-5.90088e-05	0.00109483	-3.09	-2.17537e-11
0.274	137			6.57071e-05	-7.51021e-06	6.61318e-05	-6.522	0.000424864	-7.56982e-06	0.000424953	-1.02	0.00147105	-5.71015e-05	0.00147224	-2.22	0.00111211	-5.97241e-05	0.00111378	-3.072	-1.651849e-11
0.276	138			5.16961e-05	-5.92324e-06	5.20314e-05	-6.534	0.000400933	-6.19891e-06	0.000400992	-0.882	0.00147332	-5.69823e-05	0.00147439	-2.214	0.00112284	-5.98433e-05	0.00112439	-3.048	-1.886388e-11
0.278	139			3.46603e-05	-5.31974e-06	3.50664e-05	-8.718	0.0003877	-6.0201e-06	0.00038776	-0.888	0.00148202	-5.72207e-05	0.00148309	-2.208	0.00112832	-5.99625e-05	0.00112999	-3.042	-1.735614e-11
0.28	140			2.37563e-05	-5.1074e-06	2.43002e-05	-12.132	0.00041783	-6.88437e-06	0.00041789	-0.942	0.00152016	-5.74591e-05	0.00152124	-2.16	0.00112594	-6.00817e-05	0.00112749	-3.054	-1.852883e-11
0.282	141			3.63218e-05	-6.29949e-06	3.6862e-05	-9.834	0.000484468	-7.68906e-06	0.000484528	-0.906	0.00157595	-5.98433e-05	0.00157715	-2.172	0.00112677	-6.06778e-05	0.00112844	-3.078	-1.572272e-11
0.284	142			6.75214e-05	-7.75239e-06	6.79647e-05	-6.546	0.000523034	-9.83482e-06	0.000523154	-1.074	0.00160969	-6.15125e-05	0.00161088	-2.184	0.00115133	-6.25853e-05	0.001153	-3.108	-1.262344e-11
0.286	143			7.06245e-05	-7.89022e-06	7.10641e-05	-6.372	0.000524644	-9.95403e-06	0.000524763	-1.086	0.00161613	-6.11548e-05	0.0016172	-2.166	0.00116218	-6.30622e-05	0.00116385	-3.102	-2.44342e-11
0.288	144			6.9384e-05	-7.82317e-06	6.98236e-05	-6.432	0.00051761	-1.04309e-05	0.00051773	-1.152	0.00161839	-6.25853e-05	0.00161958	-2.214	0.00116897	-6.2943e-05	0.00117064	-3.084	-1.413121e-11
0.29	145			6.26673e-05	-7.80827e-06	6.31479e-05	-7.098	0.000495199	-1.00136e-05	0.000495318	-1.158	0.00161315	-6.18701e-05	0.00161434	-2.19	0.00117934	-6.37774e-05	0.00118113	-3.096	-2.104174e-11
0.292	146			4.97478e-05	-7.36865e-06	5.02917e-05	-8.424	0.000468494	-7.51021e-06	0.000468554	-0.918	0.00160397	-6.11548e-05	0.00160516	-2.178	0.00118578	-6.40159e-05	0.00118745	-3.09	-1.660224e-11
0.294	147			4.63056e-05	-7.46179e-06	4.69016e-05	-9.15	0.000439348	-7.2718e-06	0.000439407	-0.942	0.00158168	-6.10356e-05	0.00158287	-2.208	0.00118936	-6.44927e-05	0.00119115	-3.102	-2.074862e-11
0.296	148			5.77385e-05	-7.04083e-06	5.81669e-05	-6.954	0.000439467	-8.40431e-06	0.000439527	-1.092	0.00157893	-6.18701e-05	0.00158013	-2.244	0.00119627	-6.41351e-05	0.00119806	-3.066	-2.12093e-11
0.298	149			5.44975e-05	-7.05945e-06	5.49483e-05	-7.38	0.000428738	-6.19891e-06	0.000428798	-0.822	0.00158907	-6.0797e-05	0.00159014	-2.19	0.00121344	-6.42543e-05	0.00121511	-3.03	-1.961774e-11
0.3	150			4.394e-05	-6.29204e-06	4.43871e-05	-8.148	0.000452282	-8.34471e-06	0.000452342	-1.05	0.0016228	-6.21085e-05	0.001624	-2.19	0.00121463	-6.46119e-05	0.0012163	-3.042	-1.723047e-11
0.302	151			4.8023e-05	-6.59752e-06	4.84737e-05	-7.824	0.000506882	-1.02521e-05	0.000507001	-1.152	0.00167406	-6.47311e-05	0.00167537	-2.214	0.00121439	-6.46119e-05	0.00121618	-3.048	-2.066485e-11
0.304	152			5.7135e-05	-7.60707e-06	5.76379e-05	-7.584	0.000547592	-1.14442e-05	0.000547711	-1.194	0.001714	-6.56848e-05	0.00171531	-2.19	0.00122202	-6.64e-05	0.00122381	-3.108	-1.806813e-11
0.306	153			6.56736e-05	-7.77846e-06	6.61318e-05	-6.75	0.000557426	-1.14442e-05	0.000557546	-1.176	0.00173271	-6.69961e-05	0.00173403	-2.214	0.00123931	-6.65192e-05	0.0012411	-3.072	-2.27589e-11
0.308	154			6.66347e-05	-7.51021e-06	6.70594e-05	-6.432	0.000553671	-1.09673e-05	0.00055379	-1.134	0.00174094	-6.81882e-05	0.00174225	-2.238	0.0012529	-6.78306e-05	0.00125469	-3.096	-1.614153e-11
0.31	155			6.17919e-05	-7.49159e-06	6.22463e-05	-6.912	0.000552658	-1.10269e-05	0.000552718	-1.14	0.00175429	-6.71153e-05	0.00175548	-2.184	0.00126267	-6.74729e-05	0.00126446	-3.054	-1.429874e-11
0.312	156			4.11237e-05	-7.08926e-06	4.17309e-05	-9.78	0.0005343	-9.83482e-06	0.000534419	-1.056	0.00176597	-6.83074e-05	0.00176729	-2.214	0.00127126	-6.89034e-05	0.00127304	-3.096	-2.116742e-11
0.314	157			1.61492e-05	-5.19681e-06	1.69651e-05	-17.838	0.000506882	-8.88115e-06	0.000507001	-1.002	0.00176395	-6.83074e-05	0.00176526	-2.214	0.00127495	-6.91419e-05	0.00127674	-3.102	-1.551329e-11
0.316	158			1.09263e-05	-6.38518e-06	1.26549e-05	-30.288	0.000474634	-7.03338e-06	0.000474693	-0.852	0.00173474	-6.67577e-05	0.00173593	-2.202	0.00127221	-6.91419e-05	0.00127412	-3.108	-2.087425e-11
0.318	159			2.03737e-05	-5.3868e-06	2.10741e-05	-14.808	0.000458183	-7.39101e-06	0.000458302	-0.918	0.0017078	-6.60424e-05	0.00170911	-2.214	0.00127209	-6.78306e-05	0.00127388	-3.054	-2.17956e-11
0.32	160			3.11809e-05	-5.47993e-06	3.16577e-05	-9.966	0.000463547	-7.98708e-06	0.000463666	-0.984	0.00170506	-6.60424e-05	0.00170625	-2.214	0.00127412	-6.74729e-05	0.0012759	-3.03	-1.522017e-11
0.322	161			4.11386e-05	-6.53791e-06	4.16564e-05	-9.03	0.000469686	-7.92748e-06	0.000469746	-0.966	0.00171483	-6.60424e-05	0.00171614	-2.202	0.00128556	-6.84266e-05	0.00128735	-3.048	-1.898951e-11
0.324	162			4.92597e-05	-6.47831e-06	4.96844e-05	-7.488	0.000483753	-1.00136e-05	0.000483813	-1.182	0.00174118	-6.85458e-05	0.00174249	-2.25	0.00130475	-6.94995e-05	0.00130666	-3.048	-2.104178e-11
0.326	163			4.89878e-05	-7.83062e-06	4.96099e-05	-9.084	0.000519577	-9.5368e-06	0.000519697	-1.05	0.0017953	-6.97379e-05	0.00179661	-2.22	0.00132323	-7.14068e-05	0.00132514	-3.09	-1.982716e-11
0.328	164			3.31255e-05	-7.37238e-06	3.39376e-05	-12.54	0.0005433	-9.95403e-06	0.000543419	-1.044	0.00184871	-7.17645e-05	0.00185014	-2.22	0.00133622	-7.28373e-05	0.00133825	-3.12	-1.417314e-11
0.33	165			1.47336e-05	-5.9903e-06	1.59034e-05	-22.122	0.00053883	-9.95403e-06	0.000538889	-1.056	0.00186516	-7.27181e-05	0.00186659	-2.226	0.00134099	-7.28373e-05	0.00134302	-3.102	-1.98691e-11
0.332	166			2.89829e-06	-6.20636e-06	6.84898e-06	-64.95	0.000544194	-1.04905e-05	0.000544313	-1.098	0.00188041	-7.36718e-05	0.00188185	-2.238	0.00133909	-7.30758e-05	0.00134111	-3.12	-1.689542e-11
0.334	167			8.86623e-07	-5.00496e-06	5.08133e-06	-79.938	0.000560049	-1.01328e-05	0.000560168	-1.032	0.00189567	-7.3195e-05	0.00189687	-2.202	0.00133765	-7.22413e-05	0.00133956	-3.084	-1.781682e-11
0.336	168			3.4012e-06	-5.87481e-06	6.78565e-06	-59.922	0.000581209	-1.00732e-05	0.000581328	-0.99	0.00191522	-7.3195e-05	0.00191665	-2.184	0.00133789	-7.24797e-05	0.00133992	-3.102	-1.563898e-11
0.338	169			9.11957e-06	-4.97329e-06	1.0388e-05	-28.602	0.000605945	-1.1921e-05	0.000606064	-1.122	0.00193454	-7.53407e-05	0.00193597	-2.232	0.00133825	-7.23605e-05	0.00134016	-3.09	-1.924082e-11
0.34	170			1.78629e-05	-5.91206e-06	1.88166e-05	-18.312	0.000610474	-1.29343e-05	0.000610653	-1.212	0.0019343	-7.48639e-05	0.00193573	-2.208	0.00134135	-7.25989e-05	0.00134326	-3.096	-1.798435e-11
0.342	171			2.59542e-05	-7.85483e-06	2.71184e-05	-16.836	0.000573162	-1.11461e-05	0.000573281	-1.11	0.00190736	-7.39102e-05	0.00190903	-2.214	0.00135828	-7.45063e-05	0.00136042	-3.132	-1.903141e-11
0.344	172			2.77815e-05	-7.18984e-06	2.8696e-05	-14.508	0.000525657	-9.11957e-06	0.000525717	-0.99	0.00187779	-7.39102e-05	0.00187922	-2.25	0.00138033	-7.56984e-05	0.00138248	-3.132	-2.242388e-11
0.346	173			2.58648e-05	-6.7279e-06	2.67253e-05	-14.58	0.000479462	-7.39101e-06	0.000479521	-0.876	0.00184918	-7.22413e-05	0.00185061	-2.232	0.00139595	-7.52215e-05	0.00139797	-3.078	-1.773306e-11
0.348	174			1.65777e-05	-6.71114e-06	1.78852e-05	-22.032	0.000459494	-6.31812e-06	0.000459554	-0.78	0.00185443	-7.22413e-05	0.00185586	-2.226	0.00140978	-7.56984e-05	0.0014118	-3.072	-1.999469e-11
0.35	175			5.98657e-06	-5.19122e-06	7.92375e-06	-40.914	0.000448229	-6.61614e-06	0.000448229	-0.846	0.00185586	-7.3195e-05	0.00185753	-2.25	0.00141514	-7.56984e-05	0.00141717	-3.06	-1.861261e-11
0.352	176			1.61306e-06	-5.34955e-06	5.5861e-06	-73.212	0.000466766	-6.73535e-06	0.000466766	-0.828	0.00187851	-7.36718e-05	0.00187994	-2.244	0.00141419	-7.58176e-05	0.00141621	-3.066	-2.0246e-11
0.354	177			2.79398e-09	-5.39425e-06	5.39332e-06	-89.964	0.000518803	-7.98708e-06	0.000518862	-0.882	0.00193072	-7.6056e-05	0.00193215	-2.256	0.00141264	-7.67712e-05	0.00141466	-3.108	-1.827757e-11
0.356	178			4.74977e-08	-5.25362e-06	5.25269e-06	-89.478	0.000568692	-1.01328e-05	0.000568751	-1.02	0.00197984	-7.70097e-05	0.00198151	-2.22	0.00141276	-7.67712e-05	0.00141478	-3.108	-1.706294e-11
0.358	179			3.05662e-06	-6.33954e-06	7.0371e-06	-64.254	0.0006097	-1.19806e-05	0.000609819	-1.122	0.00201799	-7.86786e-05	0.00201942	-2.226	0.00141168	-7.68905e-05	0.00141383	-3.114	-1.714671e-11
0.36	180			1.06786e-05	-5.45851e-06	1.19927e-05	-27.072	0.000649158	-1.32919e-05	0.000649277	-1.17	0.00205018	-7.98707e-05	0.00205185	-2.232	0.00141335	-7.67712e-05	0.00141538	-3.108	-2.204693e-11
0.362	181			2.06084e-05	-7.44316e-06	2.19104e-05	-19.854	0.000664417	-1.49012e-05	0.000664536	-1.284	0.00206639	-8.05859e-05	0.00206782	-2.232	0.00142277	-7.76057e-05	0.00142492	-3.12	-2.095794e-11
0.364	182			2.51887e-05	-7.49159e-06	2.62783e-05	-16.56	0.000661019	-1.36495e-05	0.000661138	-1.176	0.00208522	-8.10628e-05	0.00208665	-2.22	0.00144792	-7.86786e-05	0.00145007	-3.108	-1.965966e-11
0.366	183			2.35011e-05	-7.35748e-06	2.46261e-05	-17.382	0.000660125	-1.44244e-05	0.000660304	-1.248	0.00210167	-8.27317e-05	0.00210334	-2.25	0.0014639	-8.05859e-05	0.00146616	-3.15	-1.777495e-11
0.368	184			2.08413e-05	-5.49856e-06	2.15546e-05	-14.778	0.00065488	-1.34111e-05	0.000654999	-1.17	0.00211121	-8.32085e-05	0.00211288	-2.256	0.00147618	-8.03475e-05	0.00147844	-3.114	-1.639289e-11
0.37	185			1.43555e-05	-5.8506e-06	1.5501e-05	-22.17	0.000632171	-1.2517e-05	0.00063229	-1.134	0.00211002	-8.27317e-05	0.00211169	-2.244	0.00149227	-8.15396e-05	0.00149442	-3.126	-1.580647e-11
0.372	186			6.39263e-06	-6.30508e-06	8.97801e-06	-44.604	0.000611011	-1.18018e-05	0.00061113	-1.104	0.00210167	-8.22549e-05	0.00210334	-2.238	0.00149751	-8.13012e-05	0.00149966	-3.108	-1.848695e-11
0.374	187			1.11946e-06	-6.78192e-06	6.87133e-06	-80.622	0.000587229	-1.00732e-05	0.000587288	-0.978	0.00208022	-8.03475e-05	0.00208165	-2.214	0.00149656	-8.09436e-05	0.00149883	-3.096	-1.777498e-11
0.376	188			-5.30858e-07	-6.10205e-06	6.12441e-06	-94.968	0.000554089	-9.41759e-06	0.000554148	-0.966	0.00204732	-8.03475e-05	0.00204898	-2.244	0.00149537	-8.09436e-05	0.00149763	-3.096	-1.890579e-11
0.378	189			-7.46924e-07	-6.63105e-06	6.67016e-06	-96.426	0.000533525	-8.58313e-06	0.000533585	-0.918	0.00202776	-7.93939e-05	0.0020292	-2.238	0.00149561	-8.20165e-05	0.00149787	-3.138	-2.003661e-11
0.38	190			1.1921e-06	-5.52277e-06	5.64757e-06	-77.802	0.000531916	-9.71562e-06	0.000532035	-1.044	0.00202514	-8.03475e-05	0.00202681	-2.268	0.00149561	-8.09436e-05	0.00149787	-3.096	-2.095798e-11
0.382	191			8.79174e-06	-6.14117e-06	1.07233e-05	-34.926	0.000554804	-1.03713e-05	0.000554923	-1.068	0.00203945	-8.03475e-05	0.00204088	-2.25	0.00149513	-8.02283e-05	0.00149728	-3.072	-2.200503e-11
0.384	192			2.07649e-05	-6.22126e-06	2.16757e-05	-16.674	0.000570957	-1.18614e-05	0.000571076	-1.188	0.00204875	-8.1778e-05	0.00205041	-2.28	0.00149978	-8.09436e-05	0.00150193	-3.084	-2.10837e-11
0.386	193			3.43958e-05	-7.25131e-06	3.51502e-05	-11.904	0.00057644	-1.11461e-05	0.000576559	-1.104	0.00206234	-8.20165e-05	0.002064	-2.274	0.0015179	-8.1778e-05	0.00152016	-3.078	-1.73561e-11
0.388	194			4.10175e-05	-7.92003e-06	4.17756e-05	-10.926	0.000601236	-1.22786e-05	0.000601355	-1.17	0.00211145	-8.46391e-05	0.00211312	-2.292	0.00154925	-8.47583e-05	0.00155164	-3.132	-1.743992e-11
0.39	195			3.61579e-05	-7.59962e-06	3.69477e-05	-11.868	0.000642482	-1.1623e-05	0.000642601	-1.032	0.00216867	-8.55927e-05	0.00217034	-2.256	0.00156225	-8.51159e-05	0.00156463	-3.114	-2.04554e-11
0.392	196			2.80832e-05	-7.15445e-06	2.89773e-05	-14.292	0.000675742	-1.37091e-05	0.000675861	-1.164	0.00221135	-8.84538e-05	0.00221302	-2.286	0.00156427	-8.52351e-05	0.00156666	-3.114	-2.368032e-11
0.394	197			2.09213e-05	-7.4562e-06	2.22103e-05	-19.614	0.000693146	-1.508e-05	0.000693325	-1.242	0.00224949	-8.94074e-05	0.0022514	-2.274	0.00157607	-8.6904e-05	0.00157846	-3.15	-2.032973e-11
0.396	198			1.17925e-05	-6.81917e-06	1.36197e-05	-30.036	0.000697557	-1.46032e-05	0.000697736	-1.2	0.00227667	-8.98843e-05	0.00227834	-2.262	0.00159145	-8.66656e-05	0.00159384	-3.114	-1.852883e-11
0.398	199			4.78516e-06	-7.15072e-06	8.60362e-06	-56.202	0.000704411	-1.32919e-05	0.000704531	-1.074	0.00229169	-8.9169e-05	0.00229336	-2.226	0.00159336	-8.77385e-05	0.00159574	-3.15	-1.894768e-11
0.4	200			1.08593e-06	-6.23989e-06	6.33116e-06	-80.118	0.000712696	-1.59146e-05	0.000712875	-1.278	0.0022998	-9.05995e-05	0.00230147	-2.256	0.00159014	-8.67848e-05	0.00159252	-3.12	-1.513641e-11
0.402	201			-3.87432e-07	-5.85991e-06	5.87109e-06	-93.774	0.000718657	-1.39475e-05	0.000718776	-1.11	0.00230671	-9.08379e-05	0.00230862	-2.256	0.00158919	-8.75001e-05	0.00159157	-3.15	-1.978529e-11
0.404	202			-5.34583e-07	-5.93628e-06	5.95677e-06	-95.136	0.000721756	-1.51396e-05	0.000721935	-1.2	0.00230862	-9.08379e-05	0.00231053	-2.25	0.00158871	-8.73809e-05	0.00159109	-3.144	-2.020413e-11
0.406	203			2.52576e-06	-6.64781e-06	7.10788e-06	-69.186	0.000725869	-1.54377e-05	0.000726048	-1.218	0.00231053	-9.10764e-05	0.00231244	-2.256	0.00158895	-8.75001e-05	0.00159133	-3.15	-1.878012e-11
0.408	204			1.70713e-05	-7.66484e-06	1.87141e-05	-24.18	0.000736121	-1.53185e-05	0.0007363	-1.188	0.0023091	-9.08379e-05	0.00231101	-2.25	0.00159181	-8.6904e-05	0.00159419	-3.126	-1.756554e-11
0.41	205			4.73822e-05	-9.0879e-06	4.82446e-05	-10.854	0.000741307	-1.59146e-05	0.000741486	-1.23	0.00230242	-9.03611e-05	0.00230433	-2.244	0.00160743	-8.90498e-05	0.00160993	-3.168	-2.120931e-11
0.412	206			7.03339e-05	-1.01999e-05	7.10716e-05	-8.25	0.000717167	-1.57357e-05	0.000717346	-1.254	0.00228669	-9.03611e-05	0.00228859	-2.262	0.00163878	-9.00035e-05	0.00164128	-3.138	-1.647662e-11
0.414	207			7.23121e-05	-1.10381e-05	7.31503e-05	-8.676	0.000676695	-1.34111e-05	0.000676814	-1.134	0.00226618	-8.9169e-05	0.00226785	-2.25	0.00166155	-9.08379e-05	0.00166405	-3.126	-1.911522e-11
0.416	208			6.45001e-05	-1.09561e-05	6.5424e-05	-9.636	0.000643376	-1.38283e-05	0.000643555	-1.23	0.00225379	-8.94074e-05	0.00225569	-2.268	0.00167621	-9.19108e-05	0.00167871	-3.132	-1.861257e-11
0.418	209			5.53692e-05	-1.12691e-05	5.65017e-05	-11.502	0.000644509	-1.31727e-05	0.000644628	-1.17	0.00226857	-9.08379e-05	0.00227048	-2.286	0.0016811	-9.23877e-05	0.0016836	-3.144	-1.919893e-11
0.42	210			4.8768e-05	-9.30956e-06	4.96472e-05	-10.806	0.000640098	-1.26362e-05	0.000640217	-1.128	0.0022731	-9.08379e-05	0.002275	-2.286	0.00168253	-9.21492e-05	0.00168503	-3.132	-1.890578e-11
0.422	211			4.37836e-05	-1.00397e-05	4.49198e-05	-12.912	0.000632886	-1.26958e-05	0.000633005	-1.146	0.0022793	-9.10764e-05	0.00228097	-2.286	0.00169016	-9.21492e-05	0.00169266	-3.12	-1.622532e-11
0.424	212			3.31628e-05	-9.12702e-06	3.43958e-05	-15.384	0.000613157	-1.23382e-05	0.000613276	-1.146	0.0022855	-9.10764e-05	0.00228716	-2.28	0.00170553	-9.32221e-05	0.00170804	-3.126	-2.18375e-11
0.426	213			2.06196e-05	-7.81199e-06	2.20501e-05	-20.742	0.000601891	-1.1623e-05	0.000602011	-1.104	0.00229122	-9.05995e-05	0.00229312	-2.262	0.00171126	-9.23877e-05	0.00171376	-3.09	-1.815192e-11
0.428	214			9.14192e-06	-6.57517e-06	1.12579e-05	-35.712	0.000615302	-1.18614e-05	0.000615422	-1.104	0.00230862	-9.25069e-05	0.00231053	-2.292	0.00170434	-9.203e-05	0.00170685	-3.09	-2.355465e-11
0.43	215			3.95442e-06	-6.22685e-06	7.3761e-06	-57.576	0.000648204	-1.22786e-05	0.000648323	-1.08	0.002342	-9.3699e-05	0.00234367	-2.286	0.00169934	-9.28645e-05	0.00170184	-3.126	-2.02879e-11
0.432	216			1.641e-06	-6.77447e-06	6.96818e-06	-76.374	0.000699703	-1.37091e-05	0.000699881	-1.122	0.00239445	-9.63216e-05	0.00239636	-2.298	0.00169636	-9.28645e-05	0.00169886	-3.132	-2.087422e-11
0.434	217			7.52139e-06	-7.44316e-06	1.05799e-05	-44.688	0.000767533	-1.72259e-05	0.000767712	-1.284	0.00245596	-9.77521e-05	0.00245811	-2.274	0.00169671	-9.33413e-05	0.00169934	-3.15	-1.764935e-11
0.436	218			2.68017e-05	-7.72631e-06	2.78951e-05	-16.074	0.000826124	-1.96696e-05	0.000826363	-1.362	0.0025015	-0.000100613	0.00250341	-2.298	0.00170267	-9.38182e-05	0.0017053	-3.156	-1.894765e-11
0.438	219			6.2116e-05	-9.77522e-06	6.28796e-05	-8.94	0.000854794	-2.02657e-05	0.000855032	-1.356	0.00252511	-0.000101328	0.00252701	-2.298	0.00172914	-9.58447e-05	0.00173188	-3.168	-2.09999e-11
0.44	220			7.65589e-05	-1.0863e-05	7.73263e-05	-8.076	0.000853959	-2.0981e-05	0.000854198	-1.404	0.00254156	-0.000102282	0.00254346	-2.304	0.00176335	-9.70368e-05	0.00176597	-3.15	-1.735616e-11
0.442	221			7.97515e-05	-1.1623e-05	8.05934e-05	-8.292	0.000850026	-2.02657e-05	0.000850264	-1.362	0.00254799	-0.00010252	0.0025499	-2.304	0.00177778	-9.89442e-05	0.00178052	-3.186	-1.844509e-11
0.444	222			9.16724e-05	-1.23382e-05	9.24994e-05	-7.662	0.000850741	-1.99677e-05	0.000850979	-1.344	0.00254871	-0.000102044	0.00255062	-2.292	0.00178946	-9.9421e-05	0.0017922	-3.18	-1.953402e-11
0.446	223			0.000109286	-1.23233e-05	0.000109978	-6.432	0.000849608	-1.97293e-05	0.000849847	-1.326	0.00254656	-0.000102044	0.00254847	-2.292	0.00180889	-0.000100375	0.00181175	-3.168	-1.949211e-11
0.448	224			0.000112877	-1.20551e-05	0.000113518	-6.096	0.000835959	-1.86564e-05	0.000836138	-1.272	0.00254561	-0.000102044	0.00254752	-2.292	0.00182224	-0.00010109	0.0018251	-3.174	-2.120927e-11
0.45	225			0.000104882	-1.3046e-05	0.000105694	-7.086	0.00081617	-1.89544e-05	0.000816409	-1.326	0.00254561	-0.000102044	0.00254752	-2.292	0.00183488	-0.000101805	0.0018375	-3.174	-2.384783e-11
0.452	226			8.78652e-05	-1.23159e-05	8.87294e-05	-7.974	0.000796799	-1.69874e-05	0.000796977	-1.218	0.00254418	-0.000101567	0.00254633	-2.286	0.00183678	-0.000102044	0.00183965	-3.174	-2.204692e-11
0.454	227			7.12057e-05	-1.09971e-05	7.2055e-05	-8.778	0.00078446	-1.69874e-05	0.000784639	-1.236	0.00254156	-0.000100852	0.00254346	-2.268	0.00182987	-0.000101328	0.00183273	-3.162	-1.823564e-11
0.456	228			5.57902e-05	-1.03936e-05	5.67439e-05	-10.548	0.000767831	-1.71066e-05	0.000768069	-1.272	0.00253822	-0.00010252	0.00254013	-2.31	0.00182701	-0.000100852	0.00182987	-3.156	-1.961778e-11
0.458	229			4.31763e-05	-1.02893e-05	4.43833e-05	-13.398	0.000743035	-1.48416e-05	0.000743214	-1.14	0.0025356	-0.000100852	0.0025375	-2.274	0.00183559	-0.000101805	0.00183845	-3.168	-1.685354e-11
0.46	230			3.39972e-05	-9.69326e-06	3.53458e-05	-15.912	0.000724558	-1.35899e-05	0.000724677	-1.068	0.00253226	-0.00010109	0.00253417	-2.286	0.00184298	-0.00010252	0.00184584	-3.18	-1.421499e-11
0.462	231			2.9266e-05	-1.00956e-05	3.09648e-05	-19.026	0.000726644	-1.41264e-05	0.000726823	-1.11	0.00253941	-0.000100613	0.00254132	-2.268	0.0018437	-0.00010252	0.00184656	-3.174	-1.635095e-11
0.464	232			3.12927e-05	-1.0036e-05	3.28647e-05	-17.772	0.000736121	-1.48416e-05	0.00073624	-1.152	0.00254942	-0.000101328	0.00255133	-2.274	0.00184537	-0.000102044	0.00184823	-3.156	-1.970155e-11
0.466	233			3.69849e-05	-1.00509e-05	3.8326e-05	-15.192	0.000761513	-1.56165e-05	0.000761632	-1.17	0.00256898	-0.000102759	0.00257112	-2.286	0.00184704	-0.000102044	0.0018499	-3.162	-2.166999e-11
0.468	234			5.46502e-05	-1.11312e-05	5.57678e-05	-11.508	0.000773493	-1.72855e-05	0.000773672	-1.278	0.00257517	-0.000102997	0.00257732	-2.292	0.00185586	-0.000102997	0.00185872	-3.174	-1.71467e-11
0.47	235			6.5357e-05	-1.27033e-05	6.65789e-05	-10.998	0.000744883	-1.59146e-05	0.000745062	-1.224	0.00256325	-0.000103236	0.00256516	-2.304	0.00188161	-0.000104666	0.00188447	-3.186	-2.263332e-11
0.472	236			5.57455e-05	-1.1012e-05	5.68109e-05	-11.166	0.000745002	-1.71066e-05	0.000745181	-1.314	0.00258829	-0.000105381	0.00259067	-2.328	0.00189949	-0.000105143	0.00190235	-3.162	-1.831943e-11
0.474	237			4.93156e-05	-1.07512e-05	5.04779e-05	-12.294	0.000750784	-1.73451e-05	0.000750963	-1.32	0.00260212	-0.00010562	0.0026045	-2.322	0.00190235	-0.000105381	0.00190521	-3.168	-2.217257e-11
0.476	238			5.11708e-05	-1.06842e-05	5.22735e-05	-11.79	0.000765268	-1.6749e-05	0.000765447	-1.248	0.00261857	-0.000105858	0.00262071	-2.31	0.00190593	-0.000105381	0.00190879	-3.156	-1.589027e-11
0.478	239			6.53272e-05	-1.11312e-05	6.62659e-05	-9.666	0.000772063	-1.74047e-05	0.000772301	-1.29	0.0026231	-0.000106812	0.00262524	-2.328	0.00191665	-0.000105381	0.00191952	-3.144	-1.928272e-11
0.48	240			8.65464e-05	-1.14963e-05	8.73064e-05	-7.566	0.000787321	-1.77027e-05	0.0007875	-1.29	0.00264312	-0.000108004	0.00264527	-2.334	0.0019405	-0.00010705	0.00194336	-3.15	-2.179565e-11
0.482	241			9.06442e-05	-1.19359e-05	9.14265e-05	-7.5	0.000782672	-1.80007e-05	0.000782851	-1.32	0.00265028	-0.000108243	0.00265242	-2.334	0.00195982	-0.000108004	0.00196268	-3.15	-2.175381e-11
0.484	242			7.79484e-05	-1.10269e-05	7.87233e-05	-8.052	0.000791971	-1.59742e-05	0.000792149	-1.152	0.00267364	-0.000108243	0.00267579	-2.316	0.00196101	-0.000108243	0.00196411	-3.156	-1.93665e-11
0.486	243			6.57444e-05	-1.14665e-05	6.67428e-05	-9.894	0.000814561	-1.8716e-05	0.000814799	-1.314	0.00270917	-0.000111104	0.00271155	-2.346	0.00196125	-0.000108719	0.00196435	-3.174	-1.459189e-11
0.488	244			5.66992e-05	-1.1243e-05	5.78018e-05	-11.208	0.000858251	-1.81795e-05	0.00085843	-1.212	0.0027671	-0.00011158	0.00276949	-2.304	0.00196482	-0.00011015	0.00196792	-3.204	-1.806814e-11
0.49	245			5.3935e-05	-1.03042e-05	5.4911e-05	-10.812	0.000892464	-1.99677e-05	0.000892702	-1.284	0.00281741	-0.000114441	0.00281979	-2.322	0.0019777	-0.000111342	0.0019808	-3.222	-1.693729e-11
0.492	246			5.47545e-05	-1.07736e-05	5.57976e-05	-11.124	0.000903729	-2.02657e-05	0.000903849	-1.284	0.00283195	-0.000115157	0.00283433	-2.322	0.00198437	-0.000111819	0.00198747	-3.222	-1.773307e-11
0.494	247			5.79583e-05	-1.0781e-05	5.89567e-05	-10.536	0.000909094	-2.03849e-05	0.000909332	-1.284	0.0028341	-0.000115395	0.00283648	-2.328	0.00198556	-0.00011158	0.00198866	-3.216	-1.915709e-11
0.496	248			6.5044e-05	-1.11461e-05	6.59903e-05	-9.72	0.000912312	-2.12194e-05	0.000912551	-1.326	0.00283481	-0.000115872	0.00283696	-2.34	0.0019889	-0.00011158	0.001992	-3.21	-2.087422e-11
0.498	249			7.26213e-05	-1.21669e-05	7.36346e-05	-9.504	0.000907186	-2.06233e-05	0.000907425	-1.302	0.00283386	-0.00011468	0.00283624	-2.316	0.00200011	-0.000112534	0.00200321	-3.216	-1.999475e-11
0.5	250			7.59144e-05	-1.2301e-05	7.68979e-05	-9.204	0.00089157	-2.01465e-05	0.000891808	-1.296	0.00283577	-0.000115395	0.00283815	-2.322	0.00202014	-0.000113965	0.00202323	-3.228	-1.919894e-11
0.502	251			7.44765e-05	-1.16826e-05	7.53929e-05	-8.91	0.000882272	-1.83583e-05	0.00088251	-1.188	0.0028391	-0.000115395	0.00284149	-2.322	0.00203349	-0.000115395	0.00203682	-3.24	-2.045542e-11
0.504	252			7.22562e-05	-1.07587e-05	7.3046e-05	-8.466	0.000874404	-1.96696e-05	0.000874642	-1.284	0.00284077	-0.000116587	0.00284316	-2.346	0.00203969	-0.00011468	0.00204279	-3.216	-2.087423e-11
0.506	253			6.21085e-05	-1.1839e-05	6.32261e-05	-10.788	0.000854734	-1.84776e-05	0.000854973	-1.236	0.00283648	-0.000115395	0.00283886	-2.322	0.00204541	-0.00011468	0.00204851	-3.21	-1.802624e-11
0.508	254			4.63354e-05	-1.08556e-05	4.75871e-05	-13.182	0.000830177	-1.62126e-05	0.000830296	-1.116	0.0028341	-0.000115395	0.00283648	-2.328	0.00205185	-0.000115395	0.00205494	-3.216	-2.305212e-11
0.51	255			3.61057e-05	-9.94658e-06	3.74469e-05	-15.39	0.000825051	-1.75239e-05	0.00082517	-1.212	0.00283934	-0.000115157	0.00284173	-2.316	0.00205304	-0.000113965	0.00205638	-3.174	-2.259141e-11
0.512	256			3.19409e-05	-9.17172e-06	3.32298e-05	-16.014	0.000834946	-1.7047e-05	0.000835065	-1.164	0.00285293	-0.000115633	0.00285532	-2.316	0.00205232	-0.000114441	0.00205542	-3.186	-1.6351e-11
0.514	257			3.26189e-05	-1.11312e-05	3.44666e-05	-18.828	0.000851277	-1.77623e-05	0.000851396	-1.194	0.00286938	-0.000115872	0.00287177	-2.31	0.00205375	-0.00011468	0.00205685	-3.192	-1.702111e-11
0.516	258			3.91977e-05	-1.09375e-05	4.06879e-05	-15.582	0.000873927	-1.83583e-05	0.000874046	-1.2	0.00289036	-0.000116587	0.00289275	-2.31	0.00205757	-0.000115633	0.00206067	-3.21	-1.873828e-11
0.518	259			4.9189e-05	-1.08705e-05	5.03736e-05	-12.456	0.000901226	-2.00273e-05	0.000901464	-1.272	0.00292231	-0.000118018	0.00292446	-2.31	0.00207187	-0.000115395	0.00207497	-3.18	-2.099992e-11
0.52	260			4.29603e-05	-1.06991e-05	4.42716e-05	-13.974	0.000889186	-2.05041e-05	0.000889424	-1.32	0.00294496	-0.000119687	0.00294735	-2.322	0.00209667	-0.000117064	0.00210001	-3.186	-2.280082e-11
0.522	261			2.27989e-05	-1.0945e-05	2.52874e-05	-25.626	0.00085843	-1.88352e-05	0.000858668	-1.248	0.00295188	-0.000120163	0.00295426	-2.328	0.00211765	-0.000118733	0.00212099	-3.21	-1.861258e-11
0.524	262			8.79919e-06	-9.84973e-06	1.32062e-05	-48.222	0.000859503	-1.85968e-05	0.000859741	-1.236	0.00296666	-0.000120402	0.00296928	-2.322	0.00211932	-0.000117541	0.00212266	-3.174	-1.794248e-11
0.526	263			6.42988e-06	-1.06209e-05	1.24127e-05	-58.794	0.000872377	-1.90736e-05	0.000872497	-1.254	0.00298072	-0.00012064	0.00298311	-2.316	0.00211765	-0.000117779	0.00212099	-3.18	-2.083232e-11
0.528	264			1.33962e-05	-9.2574e-06	1.62834e-05	-34.638	0.000902656	-1.99081e-05	0.000902776	-1.26	0.00300433	-0.000121832	0.00300695	-2.316	0.00211717	-0.000117064	0.00212051	-3.162	-1.945026e-11
0.53	265			2.49223e-05	-9.99129e-06	2.6852e-05	-21.84	0.000915769	-2.1577e-05	0.000916008	-1.344	0.00300528	-0.000122071	0.00300767	-2.322	0.00211765	-0.000117064	0.00212099	-3.156	-1.79006e-11
0.532	266			3.09015e-05	-1.02409e-05	3.25518e-05	-18.33	0.000922088	-2.22923e-05	0.000922326	-1.38	0.00300576	-0.000122548	0.00300838	-2.334	0.0021167	-0.000117302	0.00212003	-3.168	-1.639289e-11
0.534	267			3.61952e-05	-1.01627e-05	3.75921e-05	-15.678	0.000937704	-2.34843e-05	0.000937942	-1.434	0.00301959	-0.000123502	0.00302221	-2.34	0.00211932	-0.000118018	0.00212266	-3.18	-2.016226e-11
0.536	268			3.8937e-05	-1.14553e-05	4.05873e-05	-16.392	0.000969056	-2.36036e-05	0.000969294	-1.392	0.0030563	-0.000124932	0.00305869	-2.34	0.00212647	-0.000118733	0.00212981	-3.192	-2.125118e-11
0.538	269			4.48788e-05	-1.24835e-05	4.65813e-05	-15.54	0.000956897	-2.32459e-05	0.000957254	-1.386	0.00306584	-0.000126124	0.00306846	-2.352	0.00215317	-0.000121356	0.00215651	-3.222	-2.187943e-11
0.54	270			5.27429e-05	-1.27741e-05	5.42665e-05	-13.614	0.000954155	-2.30075e-05	0.000954393	-1.374	0.00308253	-0.000127793	0.00308515	-2.37	0.00218131	-0.000123502	0.00218464	-3.24	-1.46338e-11
0.542	271			6.10952e-05	-1.28151e-05	6.24252e-05	-11.844	0.000944976	-2.34843e-05	0.000945214	-1.416	0.00307705	-0.000128032	0.00307967	-2.382	0.00219513	-0.000123502	0.00219847	-3.222	-1.643472e-11
0.544	272			6.4556e-05	-1.17943e-05	6.56215e-05	-10.356	0.000931147	-2.2173e-05	0.000931386	-1.356	0.00306775	-0.000127555	0.00307037	-2.376	0.002203	-0.000123502	0.00220658	-3.21	-1.970152e-11
0.546	273			6.678e-05	-1.24165e-05	6.79237e-05	-10.53	0.000905398	-2.19346e-05	0.000905637	-1.386	0.00304843	-0.000127316	0.0030513	-2.388	0.00220992	-0.000124455	0.00221349	-3.222	-1.656039e-11
0.548	274			5.81073e-05	-1.169e-05	5.92733e-05	-11.376	0.000875596	-2.00273e-05	0.000875715	-1.302	0.0030358	-0.000126363	0.00303842	-2.376	0.00222112	-0.000123979	0.0022247	-3.192	-2.007851e-11
0.55	275			4.73897e-05	-1.02483e-05	4.84849e-05	-12.198	0.000842575	-1.78815e-05	0.000842813	-1.218	0.00302865	-0.000125886	0.00303127	-2.376	0.00223424	-0.000124217	0.00223781	-3.18	-1.965967e-11
0.552	276			3.80205e-05	-1.03824e-05	3.94064e-05	-15.27	0.000815276	-1.65702e-05	0.000815395	-1.158	0.00302078	-0.000125171	0.0030234	-2.37	0.00224496	-0.000125171	0.0022483	-3.192	-1.057123e-11
0.554	277			3.09164e-05	-9.81992e-06	3.24363e-05	-17.616	0.00081921	-1.59742e-05	0.000819329	-1.11	0.00303341	-0.000125648	0.00303628	-2.37	0.00224806	-0.000125171	0.00225164	-3.186	-2.271704e-11
0.556	278			2.62411e-05	-1.03564e-05	2.82117e-05	-21.534	0.000852589	-1.5855e-05	0.000852708	-1.062	0.0030718	-0.000126124	0.00307442	-2.346	0.00224783	-0.000127793	0.0022514	-3.252	-1.748174e-11
0.558	279			2.30559e-05	-9.83855e-06	2.50676e-05	-23.1	0.00090063	-1.8716e-05	0.000900868	-1.188	0.0031233	-0.000129224	0.00312592	-2.37	0.00224687	-0.00012684	0.00225045	-3.228	-2.070674e-11
0.56	280			2.01875e-05	-9.59268e-06	2.23519e-05	-25.41	0.000944261	-1.96696e-05	0.00094438	-1.188	0.00316979	-0.000131846	0.00317241	-2.376	0.00224878	-0.000127316	0.00225236	-3.234	-1.995279e-11
0.562	281			2.51533e-05	-1.00546e-05	2.70867e-05	-21.786	0.000961784	-2.06233e-05	0.000962023	-1.224	0.00318719	-0.000132562	0.00318982	-2.376	0.00225379	-0.000128509	0.00225736	-3.264	-2.116736e-11
0.564	282			2.74965e-05	-9.71934e-06	2.91654e-05	-19.458	0.000955824	-2.03849e-05	0.000956062	-1.218	0.00318982	-0.000132562	0.00319244	-2.376	0.00226285	-0.000128509	0.00226642	-3.246	-2.334525e-11
0.566	283			2.19458e-05	-9.07114e-06	2.37451e-05	-22.452	0.000923637	-1.84776e-05	0.000923876	-1.14	0.00318123	-0.0001328	0.0031841	-2.388	0.00228025	-0.000129701	0.00228383	-3.252	-1.626721e-11
0.568	284			1.27592e-05	-1.02111e-05	1.63392e-05	-38.658	0.000892524	-1.74047e-05	0.000892643	-1.11	0.00317766	-0.000131131	0.00318028	-2.358	0.00229813	-0.000130654	0.00230195	-3.252	-1.743988e-11
0.57	285			4.10157e-06	-8.2702e-06	9.23133e-06	-63.612	0.000880841	-1.63318e-05	0.00088108	-1.056	0.00318362	-0.000132085	0.00318624	-2.376	0.00230838	-0.000130893	0.00231196	-3.24	-1.471754e-11
0.572	286			-1.03191e-06	-1.00081e-05	1.00583e-05	-95.886	0.000893001	-1.80007e-05	0.00089312	-1.152	0.00320055	-0.000132085	0.00320317	-2.364	0.00230886	-0.00013137	0.00231268	-3.252	-1.999468e-11
0.574	287			-7.8604e-07	-7.76915e-06	7.8064e-06	-95.772	0.000903729	-1.71663e-05	0.000903849	-1.086	0.00321056	-0.000133038	0.00321342	-2.37	0.0023091	-0.000130893	0.00231268	-3.246	-1.572269e-11
0.576	288			-9.03387e-07	-9.97825e-06	1.00174e-05	-95.166	0.000909928	-1.83583e-05	0.000910167	-1.152	0.00321724	-0.0001328	0.00321986	-2.358	0.00230981	-0.000130177	0.00231363	-3.222	-1.718861e-11
0.578	289			-1.41562e-06	-8.75635e-06	8.86811e-06	-99.18	0.000913147	-1.96696e-05	0.000913385	-1.23	0.00322057	-0.000133277	0.00322343	-2.364	0.00230981	-0.000130416	0.00231339	-3.228	-1.463382e-11
0.58	290			-1.41748e-06	-9.10653e-06	9.21456e-06	-98.844	0.000916604	-1.94312e-05	0.000916842	-1.212	0.00322486	-0.000133515	0.00322773	-2.364	0.00230981	-0.000129701	0.00231339	-3.216	-1.668603e-11
0.582	291			-1.43052e-06	-9.70071e-06	9.80316e-06	-98.388	0.000935916	-2.05041e-05	0.000936154	-1.248	0.00324394	-0.000134469	0.0032468	-2.37	0.00230886	-0.000130893	0.00231268	-3.24	-1.890578e-11
0.584	292			-7.30161e-07	-9.79385e-06	9.81806e-06	-94.254	0.000960831	-2.19346e-05	0.000961188	-1.308	0.00326826	-0.000135661	0.00327112	-2.376	0.00230934	-0.000129939	0.00231291	-3.216	-1.861259e-11
0.586	293			-6.14677e-07	-9.92796e-06	9.94472e-06	-93.534	0.00100077	-2.32459e-05	0.00100113	-1.326	0.0033076	-0.00013733	0.00331046	-2.376	0.0023091	-0.000130893	0.00231268	-3.24	-1.811003e-11
0.588	294			1.07103e-06	-1.01943e-05	1.02483e-05	-84.0	0.00104214	-2.4438e-05	0.00104237	-1.338	0.00334741	-0.000138522	0.00335027	-2.364	0.00230815	-0.000130177	0.00231196	-3.222	-2.167003e-11
0.59	295			1.32249e-06	-9.75659e-06	9.846e-06	-82.278	0.00105918	-2.56301e-05	0.00105942	-1.386	0.00336339	-0.000139714	0.00336625	-2.376	0.00230886	-0.000130893	0.00231244	-3.24	-1.530389e-11
0.592	296			4.27666e-06	-1.13696e-05	1.21464e-05	-69.378	0.00106753	-2.63454e-05	0.00106788	-1.41	0.0033765	-0.000139714	0.00337936	-2.37	0.00231577	-0.00013137	0.00231935	-3.24	-1.815193e-11
0.594	297			9.13633e-06	-1.06767e-05	1.40519e-05	-49.44	0.00106908	-2.52725e-05	0.00106931	-1.356	0.00340392	-0.000141145	0.00340678	-2.37	0.00234319	-0.000133277	0.00234701	-3.252	-1.991093e-11
0.596	298			1.45846e-05	-1.15075e-05	1.85763e-05	-38.268	0.00105859	-2.53917e-05	0.00105894	-1.368	0.00343539	-0.000142814	0.00343825	-2.376	0.00238825	-0.000135423	0.00239207	-3.246	-1.80263e-11
0.598	299			1.66689e-05	-1.15e-05	2.02508e-05	-34.602	0.00111438	-2.83719e-05	0.00111473	-1.452	0.00351574	-0.000147582	0.00351907	-2.4	0.00241782	-0.000137807	0.00242163	-3.258	-1.337733e-11
0.6	300			1.51285e-05	-1.08835e-05	1.86359e-05	-35.73	0.00115515	-2.99216e-05	0.0011555	-1.482	0.00356127	-0.000150205	0.00356437	-2.412	0.00242449	-0.000138284	0.00242831	-3.264	-1.882199e-11
0.602	301			1.34316e-05	-1.03247e-05	1.69409e-05	-37.548	0.00117017	-3.11139e-05	0.00117052	-1.518	0.0035751	-0.00015092	0.00357844	-2.418	0.00242259	-0.000136853	0.0024264	-3.228	-1.882199e-11
0.604	302			1.34204e-05	-1.07363e-05	1.71867e-05	-38.658	0.0011704	-3.11139e-05	0.00117076	-1.518	0.00357629	-0.000149966	0.00357939	-2.4	0.00242235	-0.00013733	0.00242616	-3.246	-2.275893e-11
0.606	303			1.48044e-05	-1.03564e-05	1.80678e-05	-34.974	0.00115908	-2.98024e-05	0.00115944	-1.47	0.00356676	-0.000149251	0.00357009	-2.394	0.00242521	-0.000136853	0.00242902	-3.228	-1.593212e-11
0.608	304			1.73823e-05	-1.1826e-05	2.10219e-05	-34.224	0.00113965	-2.96832e-05	0.00114013	-1.488	0.00355126	-0.00014782	0.00355412	-2.382	0.00243284	-0.000137092	0.00243665	-3.222	-2.321966e-11
0.61	305			1.87793e-05	-1.15038e-05	2.2024e-05	-31.488	0.0011133	-2.8968e-05	0.00111378	-1.482	0.00353505	-0.000147582	0.00353815	-2.388	0.00244333	-0.000137807	0.00244714	-3.222	-2.074861e-11
0.612	306			1.38712e-05	-1.15317e-05	1.8038e-05	-39.732	0.0011083	-2.75375e-05	0.00110865	-1.422	0.00355007	-0.00014782	0.00355317	-2.382	0.00245716	-0.000139476	0.00246097	-3.246	-2.150247e-11
0.614	307			1.08369e-05	-1.1962e-05	1.61399e-05	-47.82	0.00111175	-2.76567e-05	0.00111211	-1.422	0.003572	-0.000149728	0.0035751	-2.4	0.00247265	-0.000140668	0.00247647	-3.252	-1.68536e-11
0.616	308			7.53815e-06	-1.15689e-05	1.3806e-05	-56.904	0.00111163	-2.69414e-05	0.00111199	-1.386	0.00358702	-0.000150443	0.00359012	-2.4	0.00248577	-0.000142098	0.00248982	-3.27	-2.129302e-11
0.618	309			7.69092e-06	-1.11685e-05	1.35583e-05	-55.446	0.00110281	-2.59877e-05	0.00110317	-1.344	0.00358845	-0.000150205	0.00359155	-2.394	0.00249769	-0.000142337	0.00250174	-3.258	-1.852882e-11
0.62	310			6.84711e-06	-1.13007e-05	1.32118e-05	-58.782	0.0011021	-2.64646e-05	0.00110245	-1.374	0.00359799	-0.000150681	0.00360109	-2.4	0.00250579	-0.000143052	0.00250985	-3.264	-1.848694e-11
0.622	311			7.05759e-06	-1.13566e-05	1.33701e-05	-58.14	0.00109113	-2.57493e-05	0.00109149	-1.35	0.00360037	-0.000150681	0.00360347	-2.394	0.00251915	-0.000143529	0.0025232	-3.258	-1.329356e-11
0.624	312			3.00819e-06	-1.12076e-05	1.16025e-05	-74.976	0.00107921	-2.47956e-05	0.00107945	-1.314	0.00360371	-0.000150205	0.00360681	-2.382	0.00252987	-0.000143767	0.00253393	-3.252	-1.785871e-11
0.626	313			5.14094e-07	-1.2016e-05	1.20253e-05	-87.546	0.00107051	-2.3842e-05	0.00107075	-1.272	0.003603	-0.000150681	0.0036061	-2.394	0.00253631	-0.000145675	0.00254036	-3.282	-1.413123e-11
0.628	314			-4.93605e-07	-1.20924e-05	1.20998e-05	-92.334	0.00106753	-2.45572e-05	0.00106777	-1.314	0.00360419	-0.000150681	0.00360729	-2.394	0.00253965	-0.000145198	0.00254394	-3.27	-2.254948e-11
0.63	315			-6.98496e-07	-1.0131e-05	1.01515e-05	-93.942	0.00106359	-2.50341e-05	0.00106383	-1.344	0.00359942	-0.000151397	0.00360252	-2.406	0.00253941	-0.000145198	0.00254346	-3.27	-1.660227e-11
0.632	316			-1.58326e-06	-1.17329e-05	1.18372e-05	-97.68	0.00105203	-2.6107e-05	0.00105239	-1.422	0.00358821	-0.000151874	0.00359155	-2.418	0.00253941	-0.000145198	0.00254346	-3.27	-1.727236e-11
0.634	317			-8.30743e-07	-9.79943e-06	9.8311e-06	-94.842	0.00103462	-2.33651e-05	0.00103498	-1.29	0.00357129	-0.000149728	0.00357439	-2.4	0.00254013	-0.000143052	0.00254418	-3.222	-2.246574e-11
0.636	318			2.60771e-08	-1.03061e-05	1.03042e-05	-89.85	0.00100244	-2.34843e-05	0.00100268	-1.338	0.00353958	-0.000148536	0.00354268	-2.4	0.00254084	-0.000142337	0.00254489	-3.204	-1.894765e-11
0.638	319			-3.55767e-07	-9.15496e-06	9.16055e-06	-92.22	0.000969652	-2.25307e-05	0.000969891	-1.326	0.00350572	-0.00014782	0.00350906	-2.412	0.00254084	-0.00014186	0.00254466	-3.192	-1.873822e-11
0.64	320			-9.6858e-08	-8.8439e-06	8.84203e-06	-90.624	0.000931267	-1.95504e-05	0.000931505	-1.2	0.0034671	-0.000146152	0.0034702	-2.412	0.00253965	-0.000142337	0.0025437	-3.204	-2.347096e-11
0.642	321			-7.02221e-07	-8.90536e-06	8.93144e-06	-94.506	0.000908259	-1.85968e-05	0.000908498	-1.17	0.00344492	-0.000144244	0.00344802	-2.394	0.00254036	-0.000142575	0.00254442	-3.21	-2.196313e-11
0.644	322			-1.18465e-06	-8.32981e-06	8.4099e-06	-98.088	0.000902656	-1.7047e-05	0.000902776	-1.074	0.00343944	-0.000145675	0.00344254	-2.424	0.00254013	-0.000143052	0.00254418	-3.222	-2.363842e-11
0.646	323			-7.41336e-07	-9.00967e-06	9.03761e-06	-94.698	0.000934843	-1.8716e-05	0.000935081	-1.146	0.00347258	-0.000146867	0.00347592	-2.418	0.00253965	-0.000144006	0.0025437	-3.24	-1.819382e-11
0.648	324			-3.24102e-07	-9.00408e-06	9.00781e-06	-92.058	0.000992902	-2.13386e-05	0.00099314	-1.23	0.00353076	-0.000150205	0.00353409	-2.43	0.00253965	-0.000145436	0.00254394	-3.276	-1.907328e-11
0.65	325			2.27244e-07	-9.7212e-06	9.7212e-06	-88.656	0.00104464	-2.2173e-05	0.001045	-1.212	0.00358106	-0.000151874	0.00358416	-2.424	0.00253965	-0.000146628	0.0025437	-3.3	-1.911516e-11
0.652	326			3.02309e-06	-9.89257e-06	1.03415e-05	-73.002	0.00108946	-2.45572e-05	0.0010897	-1.284	0.00362183	-0.000154019	0.00362517	-2.436	0.00253798	-0.000146628	0.00254227	-3.306	-1.752369e-11
0.654	327			5.5414e-06	-1.04122e-05	1.17943e-05	-61.974	0.00113869	-2.57493e-05	0.00113905	-1.29	0.00366856	-0.000155211	0.0036719	-2.424	0.0025387	-0.000147105	0.00254299	-3.312	-1.82356e-11
0.656	328			1.27927e-05	-1.09859e-05	1.68626e-05	-40.65	0.00118006	-2.8968e-05	0.0011803	-1.404	0.00370909	-0.000158549	0.00371243	-2.448	0.00254466	-0.00014782	0.00254895	-3.324	-1.924081e-11
0.658	329			2.15006e-05	-1.18912e-05	2.45703e-05	-28.938	0.00119484	-3.00409e-05	0.0011952	-1.44	0.00373961	-0.000159265	0.00374295	-2.436	0.00256635	-0.000149251	0.00257064	-3.324	-1.978532e-11
0.66	330			2.913e-05	-1.2314e-05	3.16242e-05	-22.914	0.0011747	-2.81335e-05	0.00117505	-1.374	0.00376226	-0.000161172	0.0037656	-2.448	0.00261404	-0.000151635	0.00261833	-3.318	-1.949214e-11
0.662	331			2.77461e-05	-1.22786e-05	3.03407e-05	-23.868	0.00114656	-2.69414e-05	0.00114692	-1.344	0.00378062	-0.00016141	0.00378419	-2.442	0.00266196	-0.000154496	0.00266649	-3.318	-1.924084e-11
0.664	332			1.8485e-05	-1.24947e-05	2.2309e-05	-34.05	0.00113178	-2.58685e-05	0.00113202	-1.308	0.00379063	-0.000161649	0.00379421	-2.442	0.0026796	-0.000155688	0.00268413	-3.324	-1.764931e-11
0.666	333			8.3503e-06	-1.07047e-05	1.3575e-05	-52.038	0.00113083	-2.52725e-05	0.00113107	-1.278	0.00379802	-0.000162126	0.0038016	-2.442	0.0026796	-0.000154973	0.00268413	-3.306	-1.773306e-11
0.668	334			3.32297e-06	-1.06413e-05	1.11461e-05	-72.654	0.00113118	-2.55109e-05	0.00113142	-1.284	0.0038016	-0.000161649	0.00380494	-2.43	0.00267698	-0.000154973	0.00268151	-3.312	-1.878012e-11
0.67	335			-3.18514e-07	-1.06022e-05	1.0606e-05	-91.71	0.0011375	-2.62262e-05	0.00113786	-1.314	0.00380684	-0.000161887	0.00381042	-2.43	0.00267364	-0.000154973	0.00267817	-3.312	-2.062297e-11
0.672	336			-2.30969e-07	-1.12597e-05	1.12597e-05	-91.17	0.00114179	-2.6703e-05	0.00114203	-1.332	0.00381209	-0.000162841	0.00381543	-2.442	0.00267412	-0.000154735	0.00267865	-3.312	-1.873824e-11
0.674	337			-9.83484e-07	-1.15261e-05	1.15652e-05	-94.872	0.00115717	-2.64646e-05	0.00115753	-1.308	0.00382592	-0.000161887	0.00382926	-2.418	0.00267245	-0.000154735	0.00267698	-3.312	-1.643472e-11
0.676	338			-9.77896e-07	-1.0375e-05	1.04197e-05	-95.376	0.00117183	-2.83719e-05	0.00117219	-1.38	0.00384165	-0.000163794	0.00384523	-2.442	0.00267293	-0.000154019	0.00267746	-3.294	-1.815188e-11
0.678	339			1.67639e-08	-1.19042e-05	1.19024e-05	-89.91	0.00118149	-2.8968e-05	0.00118185	-1.404	0.00385024	-0.000163556	0.00385381	-2.43	0.00267269	-0.000154019	0.00267722	-3.294	-2.259143e-11
0.68	340			1.93716e-07	-1.03433e-05	1.03433e-05	-88.92	0.00120641	-2.98024e-05	0.00120676	-1.416	0.00387622	-0.000165702	0.0038798	-2.442	0.00267412	-0.000154735	0.00267865	-3.312	-2.016225e-11
0.682	341			6.50067e-07	-1.13864e-05	1.14032e-05	-86.724	0.00121594	-2.83719e-05	0.0012163	-1.332	0.00389077	-0.00016451	0.00389434	-2.418	0.00267984	-0.000154735	0.00268437	-3.306	-1.991098e-11
0.684	342			1.55345e-06	-1.13454e-05	1.14497e-05	-82.194	0.00120748	-3.02793e-05	0.00120784	-1.434	0.00390102	-0.000166894	0.00390436	-2.448	0.00269677	-0.000155688	0.0027013	-3.3	-2.342907e-11
0.686	343			1.37464e-06	-1.11368e-05	1.12206e-05	-82.962	0.00118089	-2.77759e-05	0.00118125	-1.344	0.003907	-0.000165702	0.00391057	-2.43	0.00272943	-0.000157357	0.00273396	-3.3	-2.108365e-11
0.688	344			1.6708e-06	-1.18595e-05	1.19731e-05	-81.978	0.0011505	-2.71798e-05	0.00115085	-1.35	0.00391272	-0.000166656	0.00391629	-2.436	0.002764	-0.00015998	0.00276853	-3.312	-2.083233e-11
0.69	345			1.18465e-06	-1.17124e-05	1.17701e-05	-84.222	0.00112403	-2.46764e-05	0.00112427	-1.254	0.00391296	-0.000166417	0.00391653	-2.436	0.00279237	-0.000160695	0.00279714	-3.288	-1.727235e-11
0.692	346			1.73786e-06	-1.21445e-05	1.22656e-05	-81.852	0.00112069	-2.57493e-05	0.00112093	-1.314	0.00392488	-0.000166894	0.00392845	-2.43	0.00280954	-0.000161172	0.00281431	-3.282	-1.668602e-11
0.694	347			5.9605e-07	-1.2396e-05	1.2409e-05	-87.246	0.00119305	-2.90872e-05	0.00119341	-1.392	0.00400737	-0.000170232	0.00401118	-2.43	0.00281765	-0.00016141	0.00282241	-3.276	-1.681167e-11
0.696	348			-2.88712e-07	-1.2029e-05	1.20309e-05	-91.374	0.00125063	-3.08754e-05	0.00125111	-1.41	0.00406721	-0.000174046	0.00407079	-2.448	0.00282098	-0.000162126	0.00282551	-3.288	-2.02041e-11
0.698	349			-1.07848e-06	-1.19191e-05	1.19657e-05	-95.16	0.00130261	-3.40941e-05	0.00130308	-1.494	0.00412133	-0.000176431	0.00412515	-2.448	0.00282194	-0.000162364	0.00282671	-3.288	-1.312606e-11
0.7	350			-1.08034e-06	-1.18428e-05	1.18893e-05	-95.214	0.00136483	-3.73127e-05	0.00136531	-1.566	0.00418237	-0.000178338	0.00418618	-2.442	0.00282146	-0.000161649	0.00282599	-3.276	-1.710484e-11
0.702	351			-1.02446e-06	-1.1636e-05	1.16788e-05	-95.028	0.0013696	-3.87433e-05	0.0013702	-1.614	0.00418714	-0.000179769	0.00419095	-2.454	0.00282098	-0.000160933	0.00282551	-3.264	-2.079044e-11
0.704	352			-1.76579e-06	-1.10996e-05	1.12374e-05	-99.036	0.00136472	-3.8028e-05	0.00136519	-1.596	0.00418261	-0.000179769	0.00418642	-2.46	0.00282218	-0.000160933	0.00282671	-3.264	-1.90733e-11
0.706	353			-1.01142e-06	-1.10083e-05	1.1053e-05	-95.244	0.00137413	-4.00546e-05	0.00137485	-1.668	0.00419119	-0.000180245	0.00419524	-2.46	0.00282194	-0.000160218	0.00282647	-3.246	-2.112552e-11
0.708	354			-6.66831e-07	-1.07438e-05	1.07624e-05	-93.552	0.00137616	-3.89817e-05	0.00137664	-1.62	0.00419405	-0.00017953	0.00419787	-2.448	0.00282218	-0.000160218	0.00282671	-3.246	-2.037168e-11
0.71	355			-1.00956e-06	-1.10549e-05	1.10996e-05	-95.214	0.00135828	-3.75512e-05	0.00135875	-1.578	0.00417617	-0.000178815	0.00417998	-2.448	0.00282194	-0.000160695	0.00282647	-3.258	-1.635099e-11
0.712	356			-1.66894e-06	-1.18036e-05	1.19191e-05	-98.046	0.00134934	-3.70743e-05	0.00134981	-1.572	0.00416759	-0.000177623	0.0041714	-2.436	0.0028217	-0.000161172	0.00282647	-3.264	-1.827752e-11
0.714	357			-1.32807e-06	-1.14013e-05	1.14758e-05	-96.636	0.0013491	-3.75512e-05	0.00134958	-1.596	0.00416711	-0.000178576	0.00417092	-2.454	0.00282241	-0.000161172	0.00282694	-3.264	-1.672791e-11
0.716	358			-6.51929e-07	-1.1893e-05	1.19079e-05	-93.138	0.00136483	-3.79088e-05	0.00136531	-1.59	0.00418404	-0.00017953	0.00418785	-2.454	0.00282194	-0.000161887	0.00282671	-3.282	-2.045545e-11
0.718	359			-1.56835e-06	-1.16118e-05	1.17161e-05	-97.692	0.00137652	-3.87433e-05	0.00137711	-1.608	0.00419429	-0.000179053	0.0041981	-2.442	0.0028217	-0.000161887	0.00282647	-3.282	-1.651849e-11
0.72	360			-1.49385e-06	-1.2029e-05	1.21184e-05	-97.074	0.00138582	-3.8028e-05	0.00138629	-1.572	0.00420311	-0.000181437	0.00420693	-2.472	0.0028217	-0.000164033	0.00282647	-3.324	-1.903146e-11
0.722	361			-7.26435e-07	-1.08984e-05	1.09207e-05	-93.804	0.00139392	-3.81472e-05	0.0013944	-1.566	0.00421169	-0.000182391	0.00421575	-2.478	0.0028217	-0.000163794	0.00282647	-3.318	-1.96596e-11
0.724	362			-7.09671e-07	-1.1474e-05	1.14944e-05	-93.534	0.00140024	-3.82664e-05	0.00140084	-1.566	0.00421742	-0.000181676	0.00422123	-2.466	0.0028217	-0.000164033	0.00282647	-3.324	-1.764933e-11
0.726	363			3.63218e-07	-1.22842e-05	1.22861e-05	-88.308	0.00140727	-3.74319e-05	0.00140775	-1.524	0.00422314	-0.000182153	0.00422719	-2.466	0.00282146	-0.000165225	0.00282647	-3.348	-2.079044e-11
0.728	364			2.20911e-06	-1.23103e-05	1.25059e-05	-79.824	0.00141502	-3.77896e-05	0.0014155	-1.524	0.00422838	-0.000182868	0.0042322	-2.472	0.00282051	-0.000165225	0.00282528	-3.354	-1.907331e-11
0.73	365			6.49507e-06	-1.22674e-05	1.38805e-05	-62.094	0.0014242	-3.85048e-05	0.0014248	-1.542	0.00423339	-0.000183345	0.0042372	-2.478	0.00282241	-0.00016451	0.00282718	-3.336	-1.547144e-11
0.732	366			1.27517e-05	-1.23457e-05	1.77493e-05	-44.07	0.00142909	-3.8028e-05	0.00142968	-1.524	0.00423768	-0.00018263	0.00424173	-2.466	0.00282528	-0.000165463	0.00283004	-3.348	-1.84032e-11
0.734	367			1.99956e-05	-1.30106e-05	2.3855e-05	-33.048	0.00142396	-3.8624e-05	0.00142456	-1.548	0.00423673	-0.000183106	0.00424078	-2.472	0.00283648	-0.000166656	0.00284149	-3.36	-1.71886e-11
0.736	368			2.86904e-05	-1.40146e-05	3.19297e-05	-26.034	0.00139762	-3.81472e-05	0.00139809	-1.56	0.00423339	-0.000182868	0.0042372	-2.472	0.00286581	-0.000167371	0.00287057	-3.342	-2.326149e-11
0.738	369			3.4882e-05	-1.47969e-05	3.78902e-05	-22.986	0.00134505	-3.42133e-05	0.0013454	-1.452	0.00423053	-0.000182868	0.00423458	-2.472	0.00291754	-0.000171185	0.00292255	-3.354	-1.903142e-11
0.74	370			3.50701e-05	-1.54526e-05	3.83223e-05	-23.778	0.00129534	-3.2306e-05	0.00129569	-1.428	0.00422981	-0.000183345	0.00423387	-2.478	0.00296928	-0.000174046	0.00297429	-3.354	-2.317773e-11
0.742	371			3.03147e-05	-1.49795e-05	3.38128e-05	-26.298	0.0012647	-3.13523e-05	0.00126506	-1.422	0.00422791	-0.000183345	0.00423196	-2.484	0.00299527	-0.000175	0.00300051	-3.342	-2.099984e-11
0.744	372			2.04371e-05	-1.38078e-05	2.46634e-05	-34.038	0.00125039	-2.87296e-05	0.00125075	-1.314	0.00422552	-0.000182868	0.00422958	-2.478	0.00300099	-0.000175715	0.00300623	-3.348	-2.204692e-11
0.746	373			1.07959e-05	-1.39196e-05	1.76152e-05	-52.2	0.00124086	-2.87296e-05	0.0012411	-1.326	0.00422147	-0.000182391	0.00422552	-2.472	0.00299765	-0.000176192	0.0030029	-3.366	-1.2791e-11
0.748	374			3.46453e-06	-1.40891e-05	1.45063e-05	-76.182	0.00123323	-2.8968e-05	0.00123359	-1.338	0.00421551	-0.000183822	0.00421956	-2.496	0.00299241	-0.000176192	0.00299765	-3.372	-2.045542e-11
0.75	375			1.17161e-06	-1.30144e-05	1.30647e-05	-84.846	0.00123001	-2.86103e-05	0.00123037	-1.332	0.00421169	-0.000182868	0.00421575	-2.484	0.00298883	-0.000176192	0.00299408	-3.372	-1.593214e-11
0.752	376			-4.48899e-07	-1.33105e-05	1.33161e-05	-91.932	0.00122762	-2.8968e-05	0.00122798	-1.344	0.00421074	-0.000184298	0.00421456	-2.502	0.00298811	-0.000176192	0.00299312	-3.372	-1.735611e-11
0.754	377			-4.39586e-07	-1.32379e-05	1.32435e-05	-91.896	0.00122667	-3.00409e-05	0.00122703	-1.404	0.00420859	-0.000184298	0.00421265	-2.508	0.00298597	-0.000176192	0.00299121	-3.372	-1.957587e-11
0.756	378			-1.20514e-06	-1.39177e-05	1.39662e-05	-94.944	0.00121702	-2.83719e-05	0.00121737	-1.332	0.00419787	-0.000182391	0.00420192	-2.484	0.00298668	-0.000176669	0.00299193	-3.384	-1.756556e-11
0.758	379			-1.19583e-06	-1.25934e-05	1.26493e-05	-95.424	0.00118936	-2.71798e-05	0.00118972	-1.302	0.00417283	-0.000181914	0.00417688	-2.496	0.00298692	-0.000175715	0.00299217	-3.36	-1.505262e-11
0.76	380			-8.34469e-07	-1.13119e-05	1.13398e-05	-94.212	0.00118268	-2.76567e-05	0.00118304	-1.338	0.00416496	-0.000181437	0.00416902	-2.49	0.00298597	-0.000173331	0.00299098	-3.324	-1.810998e-11
0.762	381			-1.31503e-06	-1.15131e-05	1.15876e-05	-96.516	0.00117136	-2.76567e-05	0.00117172	-1.35	0.00415304	-0.000181676	0.0041571	-2.502	0.00298573	-0.000173331	0.00299074	-3.318	-1.434065e-11
0.764	382			-1.03564e-06	-1.06078e-05	1.06544e-05	-95.574	0.00116373	-2.64646e-05	0.00116397	-1.302	0.00414589	-0.000180484	0.00414994	-2.49	0.00298597	-0.000173808	0.00299098	-3.33	-1.995279e-11
0.766	383			-8.45645e-07	-1.09077e-05	1.09394e-05	-94.428	0.00115097	-2.52725e-05	0.00115121	-1.26	0.00413135	-0.000180007	0.0041354	-2.496	0.00298525	-0.00017357	0.00299026	-3.324	-1.735612e-11
0.768	384			-8.00941e-07	-1.09431e-05	1.09729e-05	-94.182	0.00114322	-2.57493e-05	0.00114358	-1.29	0.00412324	-0.000180007	0.00412729	-2.496	0.00298525	-0.000174046	0.00299026	-3.336	-1.739799e-11
0.77	385			-1.43425e-07	-1.1934e-05	1.1934e-05	-90.69	0.00115586	-2.7299e-05	0.0011561	-1.35	0.00413921	-0.000180961	0.00414303	-2.502	0.00298764	-0.000174046	0.00299264	-3.33	-2.146056e-11
0.772	386			1.31317e-06	-1.10306e-05	1.1107e-05	-83.208	0.00118376	-2.90872e-05	0.00118411	-1.404	0.00417855	-0.000184298	0.00418237	-2.52	0.00299861	-0.000174762	0.00300361	-3.336	-2.129305e-11
0.774	387			3.11808e-06	-1.30814e-05	1.34465e-05	-76.584	0.00125385	-3.15907e-05	0.00125421	-1.44	0.00427535	-0.000187398	0.0042794	-2.508	0.00302483	-0.000177146	0.00303008	-3.348	-1.974343e-11
0.776	388			4.26735e-06	-1.27089e-05	1.34055e-05	-71.436	0.00133765	-3.40941e-05	0.00133813	-1.458	0.00440505	-0.000193358	0.00440934	-2.514	0.00307108	-0.000179769	0.00307633	-3.348	-1.706294e-11
0.778	389			8.0858e-06	-1.40295e-05	1.61902e-05	-60.042	0.0013888	-3.67167e-05	0.00138927	-1.512	0.00450185	-0.000198365	0.00450614	-2.52	0.00312091	-0.000184775	0.00312664	-3.384	-1.898953e-11
0.78	390			7.66671e-06	-1.3508e-05	1.55309e-05	-60.414	0.0014062	-3.52862e-05	0.00140668	-1.434	0.00455192	-0.000202657	0.00455621	-2.544	0.00315644	-0.000186921	0.00316192	-3.39	-1.660228e-11
0.782	391			4.56537e-06	-1.34856e-05	1.42344e-05	-71.292	0.00141788	-3.58822e-05	0.00141836	-1.452	0.00457767	-0.000201703	0.00458196	-2.52	0.00317027	-0.00018859	0.00317599	-3.402	-1.815192e-11
0.784	392			1.58698e-06	-1.33739e-05	1.34651e-05	-83.226	0.00141753	-3.50478e-05	0.00141788	-1.416	0.00458387	-0.000201703	0.00458816	-2.514	0.0031736	-0.000188113	0.00317909	-3.39	-2.234011e-11
0.786	393			-8.25155e-07	-1.32342e-05	1.32565e-05	-93.57	0.00141562	-3.52862e-05	0.00141609	-1.428	0.00458387	-0.000200749	0.00458816	-2.502	0.00317408	-0.000188113	0.0031798	-3.39	-2.079044e-11
0.788	394			-1.05613e-06	-1.41897e-05	1.42269e-05	-94.254	0.00141717	-3.68359e-05	0.00141764	-1.482	0.00458625	-0.000201703	0.00459054	-2.514	0.0031736	-0.000187398	0.00317909	-3.378	-1.79006e-11
0.79	395			-1.18092e-06	-1.32211e-05	1.32714e-05	-95.1	0.00141884	-3.67167e-05	0.00141931	-1.476	0.00458625	-0.000201226	0.00459054	-2.508	0.00317313	-0.00018716	0.00317861	-3.372	-1.522017e-11
0.792	396			-6.18402e-07	-1.27797e-05	1.27927e-05	-92.772	0.00141824	-3.58822e-05	0.0014186	-1.446	0.00458673	-0.000200749	0.00459102	-2.502	0.0031736	-0.000186921	0.00317909	-3.372	-1.919896e-11
0.794	397			-1.61678e-06	-1.24332e-05	1.25375e-05	-97.41	0.00142277	-3.68359e-05	0.00142325	-1.476	0.00459102	-0.000201226	0.00459531	-2.508	0.00317408	-0.000186683	0.00317957	-3.36	-1.819375e-11
0.796	398			-1.04495e-06	-1.29995e-05	1.30386e-05	-94.59	0.00142241	-3.62399e-05	0.00142289	-1.458	0.00459006	-0.000201703	0.00459436	-2.508	0.0031736	-0.000186683	0.00317909	-3.366	-2.079045e-11
0.798	399			-2.00422e-06	-1.21631e-05	1.23252e-05	-99.354	0.00142647	-3.62399e-05	0.00142694	-1.452	0.00459483	-0.000200749	0.00459912	-2.502	0.0031736	-0.000186206	0.00317909	-3.354	-1.882199e-11
0.8	400			-8.25155e-07	-1.23289e-05	1.23531e-05	-93.822	0.00143004	-3.56438e-05	0.00143052	-1.428	0.00459865	-0.000200749	0.00460294	-2.496	0.0031736	-0.000186444	0.00317909	-3.36	-1.790058e-11
0.802	401			-9.77896e-07	-1.27983e-05	1.28337e-05	-94.362	0.00143457	-3.70743e-05	0.00143505	-1.476	0.00460294	-0.000201226	0.00460723	-2.502	0.0031736	-0.00018716	0.00317909	-3.372	-1.568084e-11
0.804	402			-1.10456e-06	-1.34279e-05	1.34707e-05	-94.698	0.00143863	-3.79088e-05	0.0014391	-1.506	0.00460818	-0.000202657	0.00461248	-2.514	0.00317408	-0.00018716	0.0031798	-3.372	-1.978529e-11
0.806	403			-1.54041e-06	-1.25077e-05	1.26009e-05	-97.02	0.00144053	-3.79088e-05	0.00144101	-1.5	0.00460961	-0.000202657	0.00461438	-2.514	0.00317313	-0.000186683	0.00317861	-3.366	-2.079047e-11
0.808	404			-1.88873e-06	-1.23513e-05	1.24928e-05	-98.694	0.00144232	-3.91009e-05	0.0014428	-1.554	0.00461105	-0.000203134	0.00461534	-2.52	0.00317313	-0.000185491	0.00317861	-3.348	-1.840318e-11
0.81	405			-1.61678e-06	-1.28188e-05	1.29194e-05	-97.188	0.00144387	-3.74319e-05	0.00144435	-1.482	0.00461248	-0.000201703	0.00461677	-2.502	0.00317408	-0.000186683	0.0031798	-3.36	-2.095798e-11
0.812	406			-1.39513e-06	-1.31876e-05	1.32584e-05	-96.042	0.00144387	-3.73127e-05	0.00144435	-1.476	0.004612	-0.000202657	0.00461629	-2.514	0.00317408	-0.00018716	0.00317957	-3.372	-2.053919e-11
0.814	407			-1.1474e-06	-1.26344e-05	1.26828e-05	-95.184	0.00144256	-3.85048e-05	0.00144316	-1.524	0.00461152	-0.00020361	0.00461581	-2.526	0.00317408	-0.000186206	0.00317957	-3.36	-1.836131e-11
0.816	408			-1.29082e-06	-1.28337e-05	1.2897e-05	-95.742	0.00144363	-3.77896e-05	0.00144411	-1.494	0.004612	-0.000202657	0.00461629	-2.514	0.0031736	-0.00018716	0.00317909	-3.372	-1.660224e-11
0.818	409			-8.81035e-07	-1.40146e-05	1.40407e-05	-93.594	0.00144423	-3.73127e-05	0.0014447	-1.476	0.004612	-0.000203134	0.00461629	-2.52	0.00317265	-0.000187875	0.00317813	-3.39	-2.250765e-11
0.82	410			-9.35052e-07	-1.34782e-05	1.3508e-05	-93.966	0.0014447	-3.8028e-05	0.00144518	-1.506	0.00461295	-0.00020361	0.00461772	-2.52	0.00317289	-0.000188113	0.00317837	-3.39	-1.802623e-11
0.822	411			4.95467e-07	-1.40779e-05	1.40835e-05	-87.978	0.00144923	-3.77896e-05	0.00144971	-1.488	0.00461438	-0.000202657	0.00461867	-2.508	0.00317265	-0.000188352	0.00317813	-3.396	-2.074858e-11
0.824	412			4.36234e-06	-1.42735e-05	1.49236e-05	-73.002	0.00145484	-3.76704e-05	0.0014552	-1.482	0.00461629	-0.000203134	0.00462058	-2.52	0.00317313	-0.00018859	0.00317861	-3.402	-2.028786e-11
0.826	413			1.33664e-05	-1.53017e-05	2.0316e-05	-48.858	0.00146628	-3.82664e-05	0.00146676	-1.494	0.00461963	-0.000204087	0.00462392	-2.526	0.00317384	-0.00018859	0.00317957	-3.402	-1.823562e-11
0.828	414			3.06184e-05	-1.59555e-05	3.45244e-05	-27.522	0.00148559	-3.96969e-05	0.00148607	-1.524	0.00462869	-0.000203134	0.00463298	-2.508	0.00317813	-0.000190021	0.00318386	-3.42	-1.723048e-11
0.83	415			6.21979e-05	-1.72333e-05	6.45411e-05	-15.486	0.00153876	-4.18427e-05	0.00153936	-1.554	0.0046697	-0.000205518	0.00467446	-2.514	0.00319745	-0.000190259	0.00320317	-3.402	-1.781683e-11
0.832	416			0.000114367	-2.00422e-05	0.000116103	-9.936	0.00156856	-4.3154e-05	0.00156916	-1.572	0.00469258	-0.000206948	0.00469735	-2.52	0.00323845	-0.000193358	0.00324418	-3.414	-1.986905e-11
0.834	417			0.000178889	-2.47211e-05	0.000180588	-7.866	0.0016414	-4.80416e-05	0.00164212	-1.674	0.00477269	-0.000210763	0.00477746	-2.526	0.00330831	-0.000196935	0.00331427	-3.408	-2.04554e-11
0.836	418			0.000219853	-2.6852e-05	0.000221492	-6.96	0.00174464	-5.16179e-05	0.00174535	-1.692	0.00490192	-0.000216008	0.00490668	-2.52	0.00337459	-0.000201465	0.00338055	-3.414	-2.175375e-11
0.838	419			0.000218601	-2.7001e-05	0.00022027	-7.038	0.00182749	-5.60286e-05	0.00182844	-1.752	0.00501254	-0.000222207	0.00501731	-2.538	0.00340916	-0.000202895	0.00341512	-3.408	-1.509448e-11
0.84	420			0.000194431	-2.63156e-05	0.000196219	-7.704	0.00182915	-5.55518e-05	0.00183011	-1.734	0.00505212	-0.000224114	0.00505736	-2.538	0.00342156	-0.000205518	0.00342776	-3.438	-2.238199e-11
0.842	421			0.000166566	-2.44976e-05	0.000168354	-8.358	0.00179387	-5.43597e-05	0.00179458	-1.734	0.0050545	-0.000224591	0.00505927	-2.538	0.00343205	-0.000205518	0.00343825	-3.426	-2.083237e-11
0.844	422			0.00014028	-2.36036e-05	0.000142247	-9.546	0.00176359	-5.10218e-05	0.0017643	-1.65	0.00505927	-0.000224114	0.00506452	-2.532	0.00344254	-0.000206233	0.00344874	-3.426	-2.087423e-11
0.846	423			0.000115723	-2.23519e-05	0.000117869	-10.926	0.00173379	-5.10218e-05	0.0017345	-1.68	0.00506166	-0.000224591	0.0050669	-2.538	0.00344922	-0.00020671	0.00345542	-3.426	-1.57646e-11
0.848	424			9.51593e-05	-2.1577e-05	9.75733e-05	-12.768	0.00171042	-4.93529e-05	0.00171114	-1.65	0.00506118	-0.000225068	0.00506595	-2.544	0.00345255	-0.000206948	0.00345875	-3.426	-2.062296e-11
0.85	425			7.87084e-05	-2.04445e-05	8.13012e-05	-14.55	0.00169659	-4.95913e-05	0.00169731	-1.668	0.00506118	-0.000225068	0.00506595	-2.544	0.0034516	-0.000205756	0.00345756	-3.408	-1.480135e-11
0.852	426			6.32112e-05	-1.87756e-05	6.59232e-05	-16.518	0.00168253	-4.8876e-05	0.001683	-1.656	0.00505498	-0.000224114	0.00505975	-2.532	0.00344373	-0.000204326	0.00344969	-3.396	-1.97015e-11
0.854	427			4.96807e-05	-1.76431e-05	5.27205e-05	-19.536	0.00167371	-4.83992e-05	0.00167442	-1.656	0.00504926	-0.000223638	0.0050545	-2.532	0.00343372	-0.000203372	0.00343968	-3.384	-1.894763e-11
0.856	428			3.83111e-05	-1.65553e-05	4.17309e-05	-23.37	0.00166965	-4.8876e-05	0.00167037	-1.668	0.00504687	-0.000224114	0.00505164	-2.538	0.00342442	-0.000202418	0.00343062	-3.384	-2.083234e-11
0.858	429			2.85433e-05	-1.64734e-05	3.29542e-05	-29.988	0.00166918	-4.95913e-05	0.00166989	-1.698	0.00504687	-0.000224114	0.00505164	-2.538	0.00341393	-0.000201226	0.00341989	-3.372	-1.279098e-11
0.86	430			1.87458e-05	-1.56761e-05	2.44306e-05	-39.9	0.0016656	-4.83992e-05	0.00166631	-1.662	0.00504401	-0.000223638	0.00504926	-2.532	0.00340535	-0.000201465	0.00341131	-3.384	-1.748181e-11
0.862	431			1.07326e-05	-1.48155e-05	1.8295e-05	-54.066	0.00166369	-4.81608e-05	0.00166441	-1.65	0.00504258	-0.000224114	0.00504735	-2.538	0.00339819	-0.000200273	0.00340392	-3.372	-1.840319e-11
0.864	432			4.19843e-06	-1.51061e-05	1.56724e-05	-74.46	0.00166369	-4.76839e-05	0.00166417	-1.644	0.00504258	-0.000224114	0.00504735	-2.544	0.00339176	-0.000201703	0.00339772	-3.402	-1.844503e-11
0.866	433			1.13995e-06	-1.37687e-05	1.38097e-05	-85.266	0.00166059	-4.67303e-05	0.00166131	-1.608	0.00503924	-0.000225545	0.00504449	-2.562	0.00338675	-0.000203372	0.00339295	-3.438	-1.676982e-11
0.868	434			-1.24798e-06	-1.39885e-05	1.40407e-05	-95.094	0.00166918	-4.72071e-05	0.00166989	-1.62	0.0050483	-0.000226022	0.00505307	-2.562	0.00338508	-0.000202657	0.00339128	-3.426	-2.066479e-11
0.87	435			-1.48267e-06	-1.38991e-05	1.39736e-05	-96.078	0.00167371	-4.76839e-05	0.00167418	-1.626	0.00505164	-0.000226975	0.00505641	-2.568	0.00338389	-0.000203849	0.00339009	-3.444	-1.743986e-11
0.872	436			-1.63168e-06	-1.4063e-05	1.41524e-05	-96.612	0.00168157	-4.64919e-05	0.00168229	-1.578	0.00505975	-0.000226975	0.00506499	-2.562	0.00338317	-0.000204087	0.00338937	-3.45	-2.363842e-11
0.874	437			-1.11014e-06	-1.47001e-05	1.4741e-05	-94.32	0.00169135	-4.62534e-05	0.00169183	-1.566	0.00506833	-0.000227452	0.00507358	-2.562	0.00338246	-0.000205518	0.00338842	-3.474	-2.30521e-11
0.876	438			-1.57953e-06	-1.43014e-05	1.43834e-05	-96.294	0.00169588	-4.8876e-05	0.00169659	-1.644	0.00507262	-0.000228883	0.00507739	-2.58	0.00338151	-0.000205518	0.0033877	-3.474	-2.104175e-11
0.878	439			-9.76033e-07	-1.46591e-05	1.46889e-05	-93.798	0.00169826	-4.74455e-05	0.00169898	-1.596	0.00507501	-0.000227929	0.00508025	-2.568	0.00338317	-0.000205518	0.00338937	-3.474	-1.739805e-11
0.88	440			7.52512e-07	-1.51583e-05	1.51732e-05	-87.156	0.00169302	-4.74455e-05	0.00169373	-1.602	0.00507644	-0.000226499	0.00508168	-2.55	0.00338937	-0.000205041	0.00339557	-3.462	-2.095799e-11
0.882	441			1.15112e-06	-1.46852e-05	1.47261e-05	-85.506	0.00167585	-4.67303e-05	0.00167633	-1.59	0.00507739	-0.00022936	0.00508264	-2.58	0.00340582	-0.000205995	0.00341202	-3.462	-1.89895e-11
0.884	442			3.6508e-06	-1.48193e-05	1.52589e-05	-76.146	0.00164104	-4.41077e-05	0.00164176	-1.536	0.00507644	-0.000227452	0.00508168	-2.562	0.00344159	-0.000208856	0.00344802	-3.468	-2.338719e-11
0.886	443			6.03872e-06	-1.46963e-05	1.58848e-05	-67.656	0.00158597	-4.19619e-05	0.00158644	-1.512	0.00507501	-0.000227929	0.00508025	-2.568	0.00349428	-0.000211478	0.00350071	-3.462	-1.718859e-11
0.888	444			6.82849e-06	-1.52328e-05	1.66894e-05	-65.85	0.00153232	-3.83856e-05	0.0015328	-1.434	0.00507358	-0.000227452	0.00507835	-2.562	0.00355031	-0.000215293	0.00355674	-3.468	-1.848696e-11
0.89	445			7.5959e-06	-1.49422e-05	1.67565e-05	-63.048	0.00149203	-3.74319e-05	0.00149251	-1.434	0.0050731	-0.00022936	0.00507835	-2.586	0.00359227	-0.0002172	0.00359894	-3.456	-1.777495e-11
0.892	446			6.7428e-06	-1.62424e-05	1.75798e-05	-67.452	0.0014701	-3.55246e-05	0.00147057	-1.38	0.00507262	-0.000228406	0.00507787	-2.574	0.00361396	-0.000218631	0.00362064	-3.462	-2.171184e-11
0.894	447			4.76095e-06	-1.50204e-05	1.57544e-05	-72.402	0.00145889	-3.52862e-05	0.00145937	-1.38	0.00507262	-0.000228406	0.00507787	-2.58	0.00362588	-0.000218631	0.00363232	-3.45	-2.0246e-11
0.896	448			2.31715e-06	-1.53781e-05	1.55458e-05	-81.42	0.00145579	-3.55246e-05	0.00145627	-1.398	0.00507262	-0.000228406	0.00507739	-2.574	0.00362732	-0.000218869	0.00363399	-3.45	-1.346107e-11
0.898	449			3.05476e-07	-1.43648e-05	1.43648e-05	-88.776	0.00145341	-3.50478e-05	0.00145388	-1.38	0.00507262	-0.000228406	0.00507787	-2.574	0.0036266	-0.000218154	0.00363304	-3.438	-2.053916e-11
0.9	450			-1.19583e-06	-1.47373e-05	1.4782e-05	-94.632	0.00145269	-3.43325e-05	0.00145317	-1.344	0.00507167	-0.000227929	0.00507692	-2.568	0.00362541	-0.000218154	0.00363208	-3.444	-2.338721e-11
0.902	451			-9.53682e-07	-1.45436e-05	1.45697e-05	-93.738	0.00145269	-3.50478e-05	0.00145341	-1.374	0.00507215	-0.000227452	0.00507692	-2.568	0.00362565	-0.000217677	0.00363208	-3.438	-1.735612e-11
0.904	452			-1.65031e-06	-1.53856e-05	1.54675e-05	-96.12	0.00145174	-3.48093e-05	0.00145222	-1.368	0.00507167	-0.000226022	0.00507692	-2.55	0.00362565	-0.0002172	0.00363208	-3.426	-1.86545e-11
0.906	453			-1.26661e-06	-1.3236e-05	1.32919e-05	-95.454	0.00145269	-3.5763e-05	0.00145317	-1.404	0.00507262	-0.000227452	0.00507739	-2.562	0.00362541	-0.000216008	0.00363208	-3.408	-1.559712e-11
0.908	454			-1.49012e-06	-1.47895e-05	1.48565e-05	-95.742	0.00145222	-3.55246e-05	0.00145269	-1.398	0.00507215	-0.000227452	0.00507692	-2.562	0.00362565	-0.00021577	0.00363208	-3.402	-1.894765e-11
0.91	455			-7.30161e-07	-1.38693e-05	1.38842e-05	-93.0	0.00145293	-3.55246e-05	0.00145341	-1.398	0.00507262	-0.000227452	0.00507739	-2.562	0.00362708	-0.000215293	0.00363328	-3.396	-2.037165e-11
0.912	456			-9.49953e-07	-1.3914e-05	1.39438e-05	-93.894	0.00145341	-3.55246e-05	0.00145388	-1.398	0.00507262	-0.000226499	0.00507739	-2.556	0.00362588	-0.000215054	0.00363208	-3.39	-1.790057e-11
0.914	457			-1.01701e-06	-1.37762e-05	1.3806e-05	-94.206	0.00145269	-3.48093e-05	0.00145317	-1.368	0.00507262	-0.000226499	0.00507739	-2.556	0.00362565	-0.000216008	0.00363208	-3.408	-1.706296e-11
0.916	458			-1.19955e-06	-1.43163e-05	1.43611e-05	-94.776	0.00145293	-3.52862e-05	0.00145341	-1.386	0.00507358	-0.000227452	0.00507835	-2.562	0.00362588	-0.000216008	0.00363256	-3.408	-2.083235e-11
0.918	459			-1.80677e-06	-1.50093e-05	1.51136e-05	-96.864	0.00145269	-3.60014e-05	0.00145317	-1.422	0.00507262	-0.000226499	0.00507739	-2.556	0.00362541	-0.000216008	0.00363185	-3.408	-1.907327e-11
0.92	460			-7.37611e-07	-1.51098e-05	1.51247e-05	-92.79	0.00145341	-3.60014e-05	0.00145388	-1.416	0.00507262	-0.000226975	0.00507739	-2.556	0.00362588	-0.000216008	0.00363232	-3.408	-1.848692e-11
0.922	461			-1.49012e-06	-1.49012e-05	1.4972e-05	-95.7	0.00145245	-3.5763e-05	0.00145293	-1.404	0.00507358	-0.000227452	0.00507882	-2.562	0.00362588	-0.00021577	0.00363232	-3.402	-1.903143e-11
0.924	462			-8.82897e-07	-1.45287e-05	1.4551e-05	-93.468	0.00145674	-3.71935e-05	0.00145722	-1.452	0.00507692	-0.000228406	0.00508216	-2.568	0.00362636	-0.000216485	0.0036328	-3.414	-1.86964e-11
0.926	463			-1.8254e-06	-1.49683e-05	1.50726e-05	-96.948	0.00145651	-3.67167e-05	0.00145698	-1.434	0.00507692	-0.000228406	0.00508216	-2.574	0.00362445	-0.000216247	0.00363089	-3.414	-1.823565e-11
0.928	464			-1.87383e-06	-1.68831e-05	1.69837e-05	-96.33	0.00146008	-3.5763e-05	0.00146056	-1.398	0.00508025	-0.000227452	0.00508502	-2.562	0.00362493	-0.000219108	0.00363161	-3.456	-1.819378e-11
0.93	465			-1.37091e-06	-1.71774e-05	1.72259e-05	-94.56	0.0014689	-3.69551e-05	0.00146938	-1.434	0.00508931	-0.000229836	0.00509456	-2.586	0.00362565	-0.000219108	0.00363232	-3.456	-1.827753e-11
0.932	466			-1.88873e-06	-1.71365e-05	1.7237e-05	-96.282	0.00157738	-4.26772e-05	0.00157786	-1.548	0.00520137	-0.000236035	0.00520661	-2.598	0.00362541	-0.000220777	0.00363208	-3.48	-1.831942e-11
0.934	467			-1.30758e-06	-1.74345e-05	1.74792e-05	-94.284	0.00170303	-4.8876e-05	0.00170351	-1.644	0.00532344	-0.000241757	0.00532869	-2.598	0.00362541	-0.000221015	0.00363208	-3.486	-2.359654e-11
0.936	468			-2.20166e-06	-1.70172e-05	1.71551e-05	-97.368	0.00183702	-5.69823e-05	0.00183798	-1.77	0.00545695	-0.000248911	0.0054622	-2.61	0.00362422	-0.000221253	0.00363089	-3.492	-2.468553e-11
0.938	469			-1.70246e-06	-1.77474e-05	1.78256e-05	-95.472	0.00185872	-5.81744e-05	0.00185943	-1.788	0.00547889	-0.000249865	0.00548461	-2.61	0.00362469	-0.000221492	0.00363161	-3.498	-1.945024e-11
0.94	470			-1.74344e-06	-1.80454e-05	1.81237e-05	-95.508	0.00191189	-5.9128e-05	0.00191284	-1.764	0.00553086	-0.000252249	0.00553659	-2.61	0.00362422	-0.000221492	0.00363089	-3.498	-1.97015e-11
0.942	471			-1.90736e-06	-1.79113e-05	1.80082e-05	-96.078	0.00192619	-5.96049e-05	0.00192714	-1.77	0.00554422	-0.000252726	0.00554994	-2.604	0.00362326	-0.000221969	0.00362994	-3.504	-2.200506e-11
0.944	472			-9.72308e-07	-1.54377e-05	1.54638e-05	-93.594	0.00191427	-5.96049e-05	0.00191522	-1.782	0.00552991	-0.000253202	0.00553563	-2.616	0.00362207	-0.000220538	0.00362875	-3.48	-1.957586e-11
0.946	473			3.51296e-06	-1.56426e-05	1.60263e-05	-77.34	0.00189877	-6.00817e-05	0.00189973	-1.812	0.00551084	-0.000252249	0.00551656	-2.616	0.00362255	-0.000219584	0.00362922	-3.468	-1.743992e-11
0.948	474			7.84179e-06	-1.61642e-05	1.79635e-05	-64.116	0.00183583	-5.60286e-05	0.00183678	-1.746	0.00544599	-0.000248434	0.00545171	-2.61	0.00362708	-0.000219584	0.00363375	-3.462	-1.882201e-11
0.95	475			1.73972e-05	-1.67714e-05	2.41623e-05	-43.944	0.00174189	-5.22139e-05	0.00174261	-1.71	0.00536063	-0.000245573	0.00536588	-2.622	0.0036421	-0.000220538	0.00364877	-3.462	-1.538768e-11
0.952	476			3.30361e-05	-1.7807e-05	3.75288e-05	-28.32	0.00162626	-4.64919e-05	0.00162698	-1.632	0.00527671	-0.000242234	0.00528243	-2.628	0.0036862	-0.000223876	0.00369312	-3.474	-1.865445e-11
0.954	477			4.99601e-05	-1.81125e-05	5.31378e-05	-19.926	0.00151206	-4.05314e-05	0.00151253	-1.53	0.00523093	-0.00023985	0.00523618	-2.622	0.00376631	-0.000227929	0.00377323	-3.462	-1.811001e-11
0.956	478			5.73846e-05	-1.95206e-05	6.06144e-05	-18.786	0.00144673	-3.76704e-05	0.00144721	-1.482	0.00524524	-0.000240327	0.00525096	-2.616	0.00385405	-0.000232221	0.00386097	-3.45	-2.204694e-11
0.958	479			4.84812e-05	-1.86899e-05	5.19606e-05	-21.078	0.00144649	-3.60014e-05	0.00144697	-1.428	0.00530055	-0.000242711	0.00530627	-2.616	0.00390579	-0.000236512	0.00391296	-3.462	-1.513637e-11
0.96	480			3.06519e-05	-1.77437e-05	3.54166e-05	-30.06	0.00150514	-3.8624e-05	0.00150562	-1.464	0.00538686	-0.00024605	0.00539258	-2.616	0.00391844	-0.000236512	0.00392559	-3.456	-1.580649e-11
0.962	481			1.25655e-05	-1.74941e-05	2.1536e-05	-54.306	0.00160456	-4.26772e-05	0.00160504	-1.518	0.00549844	-0.000252726	0.00550416	-2.628	0.00391367	-0.000237704	0.00392082	-3.474	-2.141867e-11
0.964	482			2.93554e-06	-1.63951e-05	1.66522e-05	-79.842	0.00166536	-4.48229e-05	0.00166608	-1.536	0.00556186	-0.000256063	0.00556806	-2.634	0.003907	-0.00023842	0.00391439	-3.492	-1.773309e-11
0.966	483			-3.12926e-07	-1.65926e-05	1.65926e-05	-91.068	0.00170565	-4.57766e-05	0.00170637	-1.53	0.00560239	-0.000257017	0.00560859	-2.628	0.00390436	-0.000239373	0.00391176	-3.51	-1.97015e-11
0.968	484			-1.12504e-06	-1.64696e-05	1.64994e-05	-93.906	0.00172306	-4.55382e-05	0.00172377	-1.512	0.00561956	-0.000258448	0.00562575	-2.628	0.00390388	-0.000239612	0.00391129	-3.51	-1.865447e-11
0.97	485			-8.5682e-07	-1.5855e-05	1.58736e-05	-93.084	0.00173069	-4.55382e-05	0.0017314	-1.5	0.00562623	-0.000258924	0.00563195	-2.634	0.0039034	-0.000240804	0.00391057	-3.528	-1.727237e-11
0.972	486			2.42146e-07	-1.70843e-05	1.70843e-05	-89.184	0.00173569	-4.55382e-05	0.00173641	-1.5	0.00563148	-0.000258924	0.0056372	-2.628	0.00390364	-0.000241281	0.00391105	-3.534	-1.936644e-11
0.974	487			1.89991e-07	-1.54042e-05	1.54005e-05	-89.28	0.00174261	-4.67303e-05	0.00174332	-1.53	0.0056372	-0.000259878	0.0056434	-2.634	0.00390388	-0.000241042	0.00391153	-3.528	-2.120931e-11
0.976	488			3.27082e-06	-1.58363e-05	1.61679e-05	-78.324	0.00175095	-4.64919e-05	0.00175167	-1.518	0.00564292	-0.000260355	0.00564864	-2.64	0.00390388	-0.000241042	0.00391153	-3.528	-1.836131e-11
0.978	489			4.87643e-06	-1.49012e-05	1.56724e-05	-71.874	0.00176049	-4.67303e-05	0.00176121	-1.512	0.0056496	-0.000260355	0.0056558	-2.64	0.00390412	-0.000241042	0.00391176	-3.528	-2.041356e-11
0.98	490			8.40431e-06	-1.61343e-05	1.81907e-05	-62.478	0.00176764	-4.76839e-05	0.00176836	-1.542	0.00565389	-0.000260355	0.00566009	-2.634	0.00390412	-0.000240565	0.00391153	-3.522	-2.112552e-11
0.982	491			1.08854e-05	-1.62349e-05	1.9543e-05	-56.148	0.00177599	-4.83992e-05	0.0017767	-1.56	0.00566009	-0.000261785	0.00566629	-2.646	0.0039034	-0.000241042	0.00391105	-3.528	-1.865448e-11
0.984	492			1.46255e-05	-1.74792e-05	2.27877e-05	-50.07	0.00178338	-4.83992e-05	0.00178409	-1.554	0.0056639	-0.000261309	0.0056701	-2.64	0.00390364	-0.000241042	0.00391105	-3.534	-2.326152e-11
0.986	493			1.86415e-05	-1.72929e-05	2.54289e-05	-42.852	0.0017891	-4.8876e-05	0.00178982	-1.56	0.00566438	-0.000261785	0.00567058	-2.64	0.0039034	-0.000241042	0.00391105	-3.528	-2.02879e-11
0.988	494			2.29889e-05	-1.80082e-05	2.92027e-05	-38.064	0.00179148	-4.91145e-05	0.0017922	-1.566	0.0056639	-0.000261785	0.00566962	-2.64	0.00390364	-0.000241519	0.00391105	-3.54	-1.580649e-11
0.99	495			2.65205e-05	-1.7997e-05	3.20489e-05	-34.158	0.00179435	-4.98297e-05	0.00179482	-1.584	0.0056639	-0.000261309	0.00566962	-2.64	0.00390412	-0.000241519	0.00391176	-3.534	-1.999471e-11
0.992	496			3.32596e-05	-1.93008e-05	3.84527e-05	-30.126	0.00179315	-4.98297e-05	0.00179387	-1.584	0.00565818	-0.000261785	0.0056639	-2.646	0.00390555	-0.000241996	0.00391296	-3.546	-1.362866e-11
0.994	497			3.84713e-05	-1.92301e-05	4.3005e-05	-26.556	0.00179005	-4.8876e-05	0.00179053	-1.56	0.00565293	-0.000260832	0.00565913	-2.64	0.00390962	-0.000242711	0.00391725	-3.546	-1.827752e-11
0.996	498			4.17421e-05	-1.99341e-05	4.62572e-05	-25.524	0.00178242	-4.86376e-05	0.00178314	-1.56	0.00564817	-0.000259878	0.00565389	-2.634	0.00391653	-0.000242711	0.00392392	-3.546	-2.062295e-11
0.998	499			4.84849e-05	-1.96249e-05	5.2307e-05	-22.032	0.00177527	-4.81608e-05	0.00177599	-1.548	0.00564292	-0.000260355	0.00564912	-2.64	0.00392488	-0.000241996	0.00393227	-3.528	-1.89895e-11
1.0	500			5.36332e-05	-1.97255e-05	5.71425e-05	-20.19	0.0017655	-4.69687e-05	0.00176621	-1.518	0.00563958	-0.000259878	0.0056453	-2.634	0.00393465	-0.000243426	0.00394204	-3.54	-1.693733e-11
