variable x	variable x count			lockin1 x	lockin1 y	lockin1 r	lockin1 phi	lockin2 x	lockin2 y	lockin2 r	lockin2 phi	lockin3 x	lockin3 y	lockin3 r	lockin3 phi	lockin4 x	lockin4 y	lockin4 r	lockin4 phi	smu1 meas	


0.1	0			1.73935e-05	-2.98025e-08	1.73935e-05	-0.096	1.76543e-05	1.70992e-06	1.77362e-05	5.544	6.29763e-06	6.89182e-07	6.33489e-06	6.246	6.13744e-06	-1.59071e-06	6.34047e-06	-14.526	-1.898948e-11
0.11	1			1.62293e-05	-2.23518e-07	1.62312e-05	-0.786	1.81907e-05	2.35067e-06	1.83397e-05	7.368	7.21126e-06	1.41096e-06	7.34816e-06	11.076	5.87947e-06	-1.27871e-06	6.01637e-06	-12.27	-1.551331e-11
0.12	2			1.60077e-05	-6.01638e-07	1.60189e-05	-2.148	1.77176e-05	2.13833e-06	1.7848e-05	6.888	6.58075e-06	9.79759e-07	6.6534e-06	8.478	6.3889e-06	-1.60468e-06	6.58727e-06	-14.088	-1.785871e-11
0.13	3			1.60673e-05	-6.14677e-08	1.60673e-05	-0.216	1.7658e-05	9.83484e-07	1.76841e-05	3.198	6.90951e-06	1.00584e-06	6.98215e-06	8.286	6.15235e-06	-7.67413e-07	6.19891e-06	-7.11	-2.125114e-11
0.14	4			1.63765e-05	-4.78703e-07	1.63839e-05	-1.674	1.76096e-05	2.80888e-06	1.78331e-05	9.066	7.33233e-06	6.9477e-07	7.36493e-06	5.418	6.56306e-06	-2.11225e-06	6.89461e-06	-17.838	-1.89895e-11
0.15	5			1.5855e-05	-4.60075e-07	1.58624e-05	-1.662	1.72259e-05	1.50875e-06	1.72892e-05	5.01	6.82197e-06	6.04432e-07	6.84898e-06	5.07	5.7854e-06	-2.38699e-06	6.25759e-06	-22.416	-2.007843e-11
0.16	6			1.62666e-05	4.84291e-07	1.6274e-05	1.71	1.71476e-05	1.39327e-06	1.72035e-05	4.644	7.40497e-06	4.91742e-07	7.42174e-06	3.804	6.33489e-06	-1.60095e-06	6.53419e-06	-14.178	-2.062295e-11
0.17	7			1.62703e-05	-8.47507e-07	1.62927e-05	-2.976	1.78219e-05	1.54973e-06	1.7889e-05	4.968	6.69438e-06	1.16695e-06	6.79589e-06	9.888	5.85432e-06	-2.11598e-06	6.22499e-06	-19.866	-1.731425e-11
0.18	8			1.54899e-05	-5.53209e-07	1.5501e-05	-2.04	1.72147e-05	2.20539e-06	1.73525e-05	7.302	7.0399e-06	6.82663e-07	7.07342e-06	5.544	5.08598e-06	-2.3395e-06	5.59821e-06	-24.696	-2.460173e-11
0.19	9			1.46833e-05	1.67639e-07	1.46852e-05	0.66	1.66969e-05	1.53483e-06	1.67676e-05	5.256	6.76143e-06	-2.77536e-07	6.76702e-06	-2.34	5.45013e-06	-2.292e-06	5.91206e-06	-22.806	-2.166997e-11
0.2	10			1.4443e-05	-2.75673e-07	1.44467e-05	-1.092	1.53818e-05	1.51993e-06	1.54563e-05	5.652	6.14117e-06	8.29812e-07	6.19705e-06	7.704	6.08343e-06	-2.23426e-06	6.48017e-06	-20.16	-1.903141e-11
0.21	11			1.49496e-05	-3.14789e-07	1.49534e-05	-1.2	1.67006e-05	1.72854e-06	1.679e-05	5.916	6.41777e-06	1.30758e-06	6.55002e-06	11.52	5.4641e-06	-2.27151e-06	5.91765e-06	-22.572	-1.630906e-11
0.22	12			1.39103e-05	-1.11759e-08	1.39103e-05	-0.042	1.57693e-05	2.31715e-06	1.59406e-05	8.37	6.51556e-06	7.38542e-07	6.55747e-06	6.468	4.56537e-06	-2.34508e-06	5.13162e-06	-27.18	-2.267513e-11
0.23	13			1.42176e-05	-1.34856e-06	1.4281e-05	-5.418	1.59891e-05	1.71737e-06	1.60822e-05	6.138	7.13675e-06	1.26195e-06	7.24758e-06	10.032	6.48669e-06	-1.87569e-06	6.75212e-06	-16.122	-1.559708e-11
0.24	14			1.37445e-05	5.34583e-07	1.37557e-05	2.226	1.47448e-05	2.46243e-06	1.49459e-05	9.486	6.27994e-06	5.44827e-07	6.30322e-06	4.962	5.38307e-06	-1.31317e-06	5.54047e-06	-13.704	-1.898951e-11
0.25	15			1.33422e-05	-3.12926e-07	1.33459e-05	-1.338	1.58699e-05	2.52576e-06	1.6071e-05	9.042	6.52394e-06	1.37371e-06	6.66737e-06	11.898	5.14372e-06	-1.70992e-06	5.42033e-06	-18.378	-2.254947e-11
0.26	16			1.29678e-05	-2.943e-07	1.29697e-05	-1.296	1.4335e-05	2.27617e-06	1.45138e-05	9.024	6.55188e-06	1.09431e-06	6.64222e-06	9.486	5.66526e-06	-2.03495e-06	6.01917e-06	-19.752	-1.802625e-11
0.27	17			1.2666e-05	-4.69388e-07	1.26754e-05	-2.118	1.41562e-05	2.94299e-06	1.44616e-05	11.742	6.28459e-06	1.39979e-06	6.43826e-06	12.558	5.01427e-06	-2.49968e-06	5.60193e-06	-26.49	-1.69373e-11
0.28	18			1.28635e-05	-1.24798e-07	1.28635e-05	-0.546	1.38432e-05	1.81795e-06	1.39624e-05	7.488	5.88878e-06	4.57281e-07	5.90648e-06	4.44	5.52836e-06	-2.69154e-06	6.14769e-06	-25.956	-1.878014e-11
0.29	19			1.29194e-05	-9.23876e-07	1.2951e-05	-4.086	1.38991e-05	1.96324e-06	1.40407e-05	8.052	6.157e-06	1.12411e-06	6.25945e-06	10.35	5.70717e-06	-2.63007e-06	6.28366e-06	-24.738	-1.898954e-11
0.3	20			1.2504e-05	-3.05476e-07	1.25077e-05	-1.398	1.41226e-05	1.88873e-06	1.42493e-05	7.62	6.59193e-06	1.17254e-06	6.69531e-06	10.092	5.18005e-06	-1.51806e-06	5.39797e-06	-16.332	-2.150248e-11
0.31	21			1.27294e-05	6.14677e-08	1.27294e-05	0.276	1.26251e-05	2.25754e-06	1.28225e-05	10.146	5.3542e-06	7.35748e-07	5.40543e-06	7.83	6.10764e-06	-2.17e-06	6.48203e-06	-19.554	-2.049729e-11
0.32	22			1.21277e-05	2.90574e-07	1.21296e-05	1.38	1.29194e-05	2.30597e-06	1.31243e-05	10.122	6.19146e-06	3.47385e-07	6.20077e-06	3.216	5.75001e-06	-2.54066e-06	6.28553e-06	-23.832	-1.999471e-11
0.33	23			1.207e-05	1.4715e-07	1.20719e-05	0.702	1.30013e-05	2.753e-06	1.32919e-05	11.97	5.78354e-06	1.36719e-06	5.9428e-06	13.302	4.93231e-06	-2.80236e-06	5.67271e-06	-29.598	-1.815189e-11
0.34	24			1.21873e-05	2.60771e-08	1.21873e-05	0.126	1.28635e-05	1.81422e-06	1.29901e-05	8.034	6.37121e-06	6.54723e-07	6.40473e-06	5.874	6.17842e-06	-1.21073e-06	6.29577e-06	-11.082	-1.99528e-11
0.35	25			1.12393e-05	-4.69388e-07	1.12486e-05	-2.388	1.2327e-05	1.99304e-06	1.24872e-05	9.198	6.53978e-06	1.16044e-06	6.64222e-06	10.068	5.42685e-06	-1.52644e-06	5.63732e-06	-15.702	-2.280079e-11
0.36	26			1.09822e-05	-1.37837e-07	1.09841e-05	-0.714	1.3534e-05	1.47522e-06	1.3616e-05	6.228	6.76888e-06	1.00304e-06	6.84246e-06	8.436	5.24151e-06	-1.55904e-06	5.46876e-06	-16.554	-2.104175e-11
0.37	27			1.08295e-05	4.54487e-07	1.08388e-05	2.406	1.25133e-05	1.4715e-06	1.26027e-05	6.714	6.19984e-06	4.00471e-07	6.21288e-06	3.696	5.11765e-06	-7.23641e-07	5.16887e-06	-8.04	-1.94502e-11
0.38	28			1.09915e-05	-5.10368e-07	1.10046e-05	-2.658	1.29678e-05	1.71364e-06	1.30796e-05	7.542	6.09367e-06	3.94883e-07	6.10578e-06	3.714	4.36141e-06	-1.21259e-06	4.52626e-06	-15.528	-1.785871e-11
0.39	29			1.11648e-05	-8.81035e-07	1.12001e-05	-4.506	1.283e-05	1.92971e-06	1.29752e-05	8.556	6.42429e-06	1.63262e-06	6.62825e-06	14.262	5.49297e-06	-1.84123e-06	5.79286e-06	-18.522	-1.995282e-11
0.4	30			1.04886e-05	-1.30386e-07	1.04886e-05	-0.708	1.21818e-05	1.60188e-06	1.22861e-05	7.5	6.25013e-06	-4.13509e-07	6.2641e-06	-3.774	5.46037e-06	-1.81888e-06	5.75467e-06	-18.42	-1.618348e-11
0.41	31			1.05166e-05	7.37611e-07	1.05445e-05	4.014	1.2558e-05	2.76418e-06	1.2856e-05	12.42	5.5265e-06	9.13631e-07	5.60193e-06	9.39	4.46572e-06	-1.69408e-06	4.77492e-06	-20.766	-1.907332e-11
0.42	32			1.07214e-05	2.34694e-07	1.07252e-05	1.254	1.17161e-05	1.82912e-06	1.18577e-05	8.874	5.42033e-06	2.81261e-07	5.42778e-06	2.97	5.51253e-06	-2.09456e-06	5.89623e-06	-20.796	-1.936646e-11
0.43	33			1.12299e-05	-1.3616e-06	1.13119e-05	-6.906	1.23159e-05	1.92971e-06	1.24686e-05	8.916	5.65688e-06	1.24239e-06	5.79192e-06	12.396	5.06177e-06	-2.5565e-06	5.67085e-06	-26.79	-1.815188e-11
0.44	34			1.17254e-05	-2.60771e-08	1.17254e-05	-0.12	1.28337e-05	1.68011e-06	1.29454e-05	7.47	5.85898e-06	1.2098e-06	5.98285e-06	11.676	5.27504e-06	-1.72761e-06	5.55071e-06	-18.126	-2.162807e-11
0.45	35			1.19117e-05	0.0	1.19117e-05	0.0	1.28374e-05	1.5609e-06	1.29305e-05	6.942	6.01824e-06	1.51806e-07	6.02103e-06	1.452	5.06736e-06	-1.49199e-06	5.28249e-06	-16.404	-2.104175e-11
0.46	36			1.13901e-05	-3.35278e-07	1.13957e-05	-1.686	1.21147e-05	1.55345e-06	1.22153e-05	7.32	5.58145e-06	5.69973e-07	5.61032e-06	5.832	4.94908e-06	-1.95859e-06	5.32254e-06	-21.582	-2.083235e-11
0.47	37			1.13994e-05	-1.99304e-07	1.13994e-05	-0.996	1.25543e-05	2.47361e-06	1.27964e-05	11.16	5.35979e-06	2.5239e-07	5.36631e-06	2.7	5.56561e-06	-1.89804e-06	5.8804e-06	-18.828	-2.137681e-11
0.48	38			1.17589e-05	1.26661e-07	1.17589e-05	0.618	1.32658e-05	1.95207e-06	1.34111e-05	8.376	6.3265e-06	5.113e-07	6.34699e-06	4.626	4.93697e-06	-2.15044e-06	5.38494e-06	-23.526	-2.016227e-11
0.49	39			1.10213e-05	-6.79869e-07	1.10437e-05	-3.522	1.30274e-05	2.04147e-06	1.31876e-05	8.91	6.52953e-06	1.3942e-06	6.67761e-06	12.054	5.39052e-06	-2.04334e-06	5.76492e-06	-20.76	-1.80681e-11
0.5	40			1.15634e-05	3.63218e-07	1.15689e-05	1.806	1.30348e-05	2.50713e-06	1.32733e-05	10.896	5.46317e-06	3.63218e-07	5.47527e-06	3.804	4.88295e-06	-1.45846e-06	5.09623e-06	-16.62	-2.167002e-11
