variable x	variable x count			lockin1 x	lockin1 y	lockin1 r	lockin1 phi	lockin2 x	lockin2 y	lockin2 r	lockin2 phi	lockin3 x	lockin3 y	lockin3 r	lockin3 phi	lockin4 x	lockin4 y	lockin4 r	lockin4 phi	smu1 meas	


1.0	0			2.0519e-05	-2.21432e-05	3.01899e-05	-47.166	0.000901941	-3.33787e-06	0.000901941	-0.21	0.0056763	-0.000261309	0.00568202	-2.622	0.00480178	-0.000289919	0.00481036	-3.45	-2.032939e-11
0.998	1			2.25158e-05	-2.20613e-05	3.15236e-05	-44.406	0.000910763	-3.09946e-06	0.000910763	-0.186	0.00566295	-0.000259401	0.00567058	-2.61	0.00478557	-0.000290873	0.00479415	-3.468	-2.233971e-11
0.996	2			2.60548e-05	-2.15025e-05	3.37812e-05	-39.522	0.000912908	-4.05314e-06	0.000912908	-0.252	0.00566104	-0.000259401	0.00566676	-2.61	0.00478271	-0.000288012	0.00479129	-3.444	-2.460129e-11
0.994	3			2.7679e-05	-2.20762e-05	3.53979e-05	-38.562	0.000909571	-4.05314e-06	0.000909571	-0.252	0.00566295	-0.000259401	0.00566867	-2.61	0.00478557	-0.000288012	0.00479415	-3.444	-1.572241e-11
0.992	4			2.66583e-05	-2.17633e-05	3.44145e-05	-39.216	0.000910763	-3.33787e-06	0.000910763	-0.21	0.00566104	-0.000259401	0.00566676	-2.61	0.00478652	-0.000288012	0.0047951	-3.444	-2.141827e-11
0.99	5			2.35365e-05	-2.20836e-05	3.22687e-05	-43.164	0.000914101	-2.86104e-06	0.000914101	-0.168	0.00565913	-0.000257494	0.00566295	-2.598	0.00477794	-0.000288965	0.00478652	-3.456	-1.857036e-11
0.988	6			2.12641e-05	-2.17409e-05	3.04059e-05	-45.63	0.000935558	-5.72208e-06	0.000935558	-0.348	0.00565532	-0.000259401	0.00566295	-2.616	0.00475314	-0.000287058	0.00476173	-3.45	-2.221402e-11
0.986	7			1.2897e-05	-2.113e-05	2.47509e-05	-58.59	0.000969414	-7.39101e-06	0.000969414	-0.42	0.00564769	-0.000259401	0.00565341	-2.616	0.00470546	-0.000284197	0.00471404	-3.456	-1.861222e-11
0.984	8			2.67477e-06	-2.00198e-05	2.01986e-05	-82.374	0.0010016	-9.5368e-06	0.0010016	-0.534	0.00564197	-0.000259401	0.0056496	-2.622	0.00465396	-0.000281336	0.00466254	-3.45	-1.986871e-11
0.982	9			1.42307e-06	-2.06829e-05	2.07202e-05	-86.052	0.00100303	-1.07289e-05	0.00100303	-0.6	0.00564197	-0.000259401	0.0056496	-2.622	0.00464728	-0.000281336	0.00465587	-3.456	-2.388929e-11
0.98	10			3.70295e-06	-1.99304e-05	2.02657e-05	-79.464	0.0010016	-7.86787e-06	0.0010016	-0.45	0.00564197	-0.000259401	0.0056496	-2.622	0.00465205	-0.000281336	0.00466064	-3.45	-1.882162e-11
0.978	11			3.47944e-06	-2.02135e-05	2.05116e-05	-80.232	0.0010028	-9.77522e-06	0.0010028	-0.552	0.00564197	-0.000259401	0.0056496	-2.622	0.0046511	-0.000281336	0.00465968	-3.456	-2.271661e-11
0.976	12			3.91903e-06	-2.03998e-05	2.07649e-05	-79.122	0.00100327	-8.82155e-06	0.00100327	-0.492	0.00564197	-0.000259401	0.0056496	-2.622	0.0046511	-0.000281336	0.00465968	-3.456	-2.133453e-11
0.974	13			3.74021e-06	-2.07425e-05	2.10704e-05	-79.758	0.00100542	-8.34471e-06	0.00100542	-0.474	0.00564387	-0.000259401	0.0056496	-2.622	0.00464919	-0.000281336	0.00465778	-3.462	-2.070636e-11
0.972	14			6.82476e-06	-2.01614e-05	2.1279e-05	-71.292	0.00100733	-9.5368e-06	0.00100733	-0.54	0.00564387	-0.000257494	0.0056496	-2.604	0.0046511	-0.000281336	0.00465968	-3.462	-2.020375e-11
0.97	15			1.16453e-05	-2.09139e-05	2.39388e-05	-60.888	0.00100756	-9.05996e-06	0.00100756	-0.51	0.00564197	-0.000259401	0.0056496	-2.622	0.00465491	-0.000282289	0.0046635	-3.468	-2.016187e-11
0.968	16			2.34918e-05	-2.15621e-05	3.18887e-05	-42.534	0.00101376	-9.5368e-06	0.00101376	-0.534	0.00564197	-0.000259401	0.0056496	-2.622	0.00465968	-0.000282289	0.00466827	-3.462	-1.714638e-11
0.966	17			4.41077e-05	-2.28808e-05	4.96882e-05	-27.414	0.00102664	-1.1921e-05	0.00102664	-0.66	0.00562862	-0.000259401	0.00563625	-2.628	0.00465587	-0.000281336	0.00466445	-3.456	-1.936607e-11
0.964	18			5.49185e-05	-2.20166e-05	5.91653e-05	-21.84	0.00106192	-1.33515e-05	0.00106192	-0.714	0.00561908	-0.000259401	0.0056248	-2.634	0.00462344	-0.000279428	0.00463298	-3.45	-1.911481e-11
0.962	19			5.60435e-05	-2.26946e-05	6.04617e-05	-22.044	0.00109292	-1.66894e-05	0.00109316	-0.876	0.00557712	-0.000255587	0.00558284	-2.616	0.00455573	-0.000273706	0.00456336	-3.432	-2.740735e-11
0.96	20			4.5948e-05	-2.24115e-05	5.11187e-05	-25.992	0.00111604	-1.85968e-05	0.00111628	-0.948	0.00553134	-0.000251772	0.00553516	-2.604	0.00447658	-0.000268938	0.00448421	-3.438	-1.492666e-11
0.958	21			3.99204e-05	-2.13088e-05	4.52476e-05	-28.086	0.00113393	-1.97889e-05	0.00113416	-0.996	0.00549319	-0.000251772	0.00549892	-2.622	0.00441363	-0.00026417	0.00442222	-3.42	-1.731392e-11
0.956	22			3.71637e-05	-2.15844e-05	4.29752e-05	-30.138	0.00115133	-2.26499e-05	0.00115157	-1.122	0.00547603	-0.000251772	0.00547984	-2.616	0.00437167	-0.000260355	0.00438026	-3.402	-2.146019e-11
0.954	23			3.48093e-05	-2.09884e-05	4.06431e-05	-31.08	0.0011716	-2.33651e-05	0.00117183	-1.14	0.00547603	-0.000251772	0.00547984	-2.616	0.00434878	-0.000259401	0.00435641	-3.402	-1.907301e-11
0.952	24			3.61952e-05	-2.14205e-05	4.20513e-05	-30.612	0.00118471	-2.45572e-05	0.00118495	-1.182	0.00547603	-0.000251772	0.00547984	-2.616	0.00433639	-0.000258448	0.00434402	-3.408	-1.991057e-11
0.95	25			3.66645e-05	-2.05563e-05	4.2029e-05	-29.274	0.00120021	-2.3842e-05	0.00120044	-1.128	0.00548747	-0.000251772	0.00549129	-2.61	0.00433162	-0.000258448	0.0043402	-3.408	-2.183711e-11
0.948	26			2.92138e-05	-2.17037e-05	3.63889e-05	-36.6	0.00121403	-2.50341e-05	0.00121427	-1.182	0.00549892	-0.000251772	0.00550464	-2.604	0.00432208	-0.000257494	0.00432971	-3.408	-2.439193e-11
0.946	27			2.52278e-05	-2.11076e-05	3.28945e-05	-39.912	0.00123454	-2.64646e-05	0.00123478	-1.224	0.00551417	-0.000251772	0.00551799	-2.61	0.0043135	-0.000257494	0.00432208	-3.414	-2.447565e-11
0.944	28			2.43784e-05	-2.19719e-05	3.28126e-05	-42.012	0.00124789	-2.6703e-05	0.00124837	-1.224	0.00553134	-0.000251772	0.00553706	-2.604	0.0043135	-0.000258448	0.00432208	-3.42	-1.157614e-11
0.942	29			2.69563e-05	-2.22177e-05	3.49286e-05	-39.486	0.00125957	-2.88488e-05	0.00126005	-1.302	0.00554469	-0.000253679	0.00555041	-2.616	0.00431922	-0.000257494	0.00432685	-3.408	-1.995243e-11
0.94	30			2.68967e-05	-2.29405e-05	3.53458e-05	-40.458	0.00127936	-2.9564e-05	0.0012796	-1.32	0.00555995	-0.000253679	0.00556567	-2.61	0.00431636	-0.000258448	0.00432399	-3.42	-2.451753e-11
0.938	31			2.72245e-05	-2.33055e-05	3.58301e-05	-40.554	0.00129724	-3.00409e-05	0.00129748	-1.32	0.0055714	-0.000253679	0.00557521	-2.604	0.00430873	-0.000258448	0.00431636	-3.426	-1.915666e-11
0.936	32			2.76641e-05	-2.31863e-05	3.60908e-05	-39.96	0.00131727	-3.09946e-05	0.00131775	-1.338	0.00558284	-0.000253679	0.00558665	-2.598	0.00430205	-0.000258448	0.00430968	-3.432	-2.271669e-11
0.934	33			2.56003e-05	-2.3611e-05	3.48242e-05	-42.672	0.00133587	-3.24252e-05	0.00133611	-1.386	0.00559047	-0.000255587	0.00559619	-2.61	0.0042887	-0.000257494	0.00429633	-3.432	-1.970118e-11
0.932	34			2.09959e-05	-2.42071e-05	3.20452e-05	-49.056	0.00135065	-3.33788e-05	0.00135089	-1.404	0.0055981	-0.000253679	0.00560382	-2.592	0.00427631	-0.00025654	0.00428393	-3.426	-2.300981e-11
0.93	35			1.68459e-05	-2.30895e-05	2.85805e-05	-53.868	0.00136615	-3.31404e-05	0.00136638	-1.386	0.00560954	-0.000253679	0.00561336	-2.586	0.00426677	-0.000255587	0.0042744	-3.414	-1.911483e-11
0.928	36			1.35974e-05	-2.19197e-05	2.57866e-05	-58.176	0.00137521	-3.33788e-05	0.00137544	-1.38	0.00561336	-0.000253679	0.00561908	-2.586	0.00426105	-0.000252726	0.00426772	-3.396	-1.886351e-11
0.926	37			1.06991e-05	-2.20464e-05	2.45051e-05	-64.098	0.00138474	-3.40941e-05	0.00138522	-1.404	0.00561908	-0.000251772	0.0056248	-2.562	0.00425246	-0.000252726	0.00426009	-3.39	-1.689508e-11
0.924	38			7.03338e-06	-2.15993e-05	2.27169e-05	-71.946	0.00138808	-3.31404e-05	0.00138832	-1.362	0.00561908	-0.000251772	0.0056248	-2.544	0.0042477	-0.000250818	0.00425437	-3.366	-2.032944e-11
0.922	39			3.19631e-06	-2.00273e-05	2.02731e-05	-80.922	0.00139118	-3.50478e-05	0.00139166	-1.44	0.00561908	-0.000251772	0.0056248	-2.562	0.00424007	-0.000247957	0.0042477	-3.336	-2.468508e-11
0.92	40			7.97216e-07	-2.19346e-05	2.19421e-05	-87.912	0.00138236	-3.48093e-05	0.00138284	-1.434	0.00561145	-0.000251772	0.00561717	-2.55	0.0042372	-0.000248911	0.00424483	-3.36	-1.865414e-11
0.918	41			-5.06643e-07	-2.09362e-05	2.09362e-05	-91.368	0.0013671	-3.43325e-05	0.00136758	-1.434	0.00559619	-0.000251772	0.00560001	-2.556	0.0042353	-0.000248911	0.00424293	-3.354	-2.204653e-11
0.916	42			-1.47522e-06	-2.037e-05	2.04147e-05	-94.14	0.00132323	-3.17099e-05	0.00132371	-1.362	0.00555041	-0.000249865	0.00555614	-2.562	0.00423244	-0.000248911	0.00424007	-3.36	-1.898917e-11
0.914	43			-1.56463e-06	-2.00645e-05	2.01167e-05	-94.446	0.00129557	-3.07562e-05	0.00129581	-1.356	0.00552371	-0.000247957	0.00552943	-2.556	0.00423339	-0.000248911	0.00424102	-3.354	-1.647628e-11
0.912	44			-1.75834e-06	-1.96659e-05	1.97367e-05	-95.106	0.00123359	-2.71798e-05	0.00123406	-1.254	0.00546077	-0.000244142	0.00546458	-2.55	0.00423434	-0.000247957	0.00424102	-3.342	-2.25491e-11
0.91	45			-2.15696e-06	-1.89991e-05	1.91146e-05	-96.468	0.00114537	-2.28883e-05	0.00114537	-1.134	0.00537303	-0.000240327	0.00537685	-2.556	0.00423244	-0.000248911	0.00424007	-3.354	-2.288416e-11
0.908	46			-1.7807e-06	-1.90252e-05	1.91034e-05	-95.346	0.00100923	-1.50204e-05	0.00100923	-0.84	0.0052357	-0.000234605	0.00524142	-2.55	0.00423339	-0.000248911	0.00424102	-3.354	-2.154393e-11
0.906	47			-1.13622e-06	-1.73488e-05	1.73823e-05	-93.738	0.00092173	-1.14442e-05	0.00092173	-0.708	0.00514796	-0.000232697	0.00515369	-2.574	0.00423244	-0.000247957	0.00424007	-3.342	-1.827718e-11
0.904	48			-4.91742e-07	-1.76617e-05	1.76654e-05	-91.59	0.000886444	-8.82155e-06	0.000886444	-0.558	0.00511172	-0.000228883	0.00511745	-2.556	0.00423434	-0.000248911	0.00424102	-3.354	-2.125072e-11
0.902	49			-1.03564e-06	-1.76803e-05	1.77064e-05	-93.348	0.000866417	-7.39101e-06	0.000866417	-0.474	0.00509456	-0.000228883	0.00509837	-2.568	0.00423339	-0.000248911	0.00424102	-3.354	-1.978486e-11
0.9	50			-1.10642e-06	-1.71961e-05	1.72259e-05	-93.672	0.000853065	-6.67575e-06	0.000853065	-0.438	0.00508121	-0.000228883	0.00508502	-2.574	0.00423434	-0.000247957	0.00424102	-3.342	-2.305165e-11
0.898	51			-1.11014e-06	-1.71327e-05	1.71625e-05	-93.696	0.000852589	-7.39101e-06	0.000852589	-0.492	0.0050793	-0.000228883	0.00508311	-2.574	0.00423244	-0.000248911	0.00424007	-3.354	-2.150205e-11
0.896	52			2.34694e-07	-1.76878e-05	1.76841e-05	-89.232	0.000849251	-6.43733e-06	0.000849251	-0.426	0.00507739	-0.000226975	0.00508311	-2.556	0.00423434	-0.000248911	0.00424102	-3.354	-2.263284e-11
0.894	53			-1.73599e-06	-1.68794e-05	1.69651e-05	-95.862	0.000849251	-6.19891e-06	0.000849251	-0.402	0.00507739	-0.000226975	0.00508311	-2.556	0.00423339	-0.000248911	0.00424102	-3.354	-2.208838e-11
0.892	54			-1.09897e-06	-1.69427e-05	1.69725e-05	-93.702	0.000849728	-6.91417e-06	0.000849728	-0.462	0.00507739	-0.000228883	0.00508311	-2.574	0.00423339	-0.000248911	0.00424102	-3.354	-2.334491e-11
0.89	55			-1.2368e-06	-1.72706e-05	1.73115e-05	-94.098	0.000849966	-5.24524e-06	0.000849966	-0.348	0.00507548	-0.000226975	0.00508121	-2.556	0.00423244	-0.000249865	0.00424007	-3.372	-2.125076e-11
0.888	56			-1.24425e-06	-1.72594e-05	1.72966e-05	-94.122	0.000849728	-5.00682e-06	0.000849728	-0.324	0.00507739	-0.000226975	0.00508311	-2.556	0.00423339	-0.000249865	0.00424102	-3.372	-2.326112e-11
0.886	57			-5.47621e-07	-1.72408e-05	1.72482e-05	-91.818	0.000849966	-5.48366e-06	0.000849966	-0.36	0.00507739	-0.000226975	0.00508311	-2.556	0.00423434	-0.000248911	0.00424102	-3.36	-1.743955e-11
0.884	58			-1.07289e-06	-1.69837e-05	1.70135e-05	-93.606	0.000850681	-4.05314e-06	0.000850681	-0.27	0.00507739	-0.000226975	0.00508311	-2.556	0.00423244	-0.000250818	0.00424007	-3.378	-2.1167e-11
0.882	59			-9.83484e-07	-1.69241e-05	1.69502e-05	-93.312	0.000850681	-5.72208e-06	0.000850681	-0.372	0.00507739	-0.000228883	0.00508311	-2.574	0.00423339	-0.000249865	0.00424102	-3.372	-2.707237e-11
0.88	60			-1.27778e-06	-1.7047e-05	1.70917e-05	-94.284	0.000849251	-4.52998e-06	0.000849251	-0.294	0.00507739	-0.000226975	0.00508311	-2.556	0.00423434	-0.000250818	0.00424102	-3.378	-2.296796e-11
0.878	61			-1.30386e-06	-1.75053e-05	1.755e-05	-94.26	0.000848059	-4.05314e-06	0.000848059	-0.27	0.00507548	-0.000226975	0.00508121	-2.556	0.00423434	-0.000250818	0.00424102	-3.378	-2.330298e-11
0.876	62			-1.91109e-06	-1.58661e-05	1.59779e-05	-96.864	0.00085092	-4.05314e-06	0.00085092	-0.27	0.00507358	-0.000226975	0.0050793	-2.556	0.00423053	-0.000250818	0.00423816	-3.384	-2.045498e-11
0.874	63			-2.01167e-07	-1.69167e-05	1.69129e-05	-90.678	0.000848774	-3.33787e-06	0.000848774	-0.216	0.00506976	-0.000226975	0.00507548	-2.556	0.00422958	-0.000250818	0.00423625	-3.384	-1.756516e-11
0.872	64			-1.12132e-06	-1.72929e-05	1.73227e-05	-93.708	0.000835661	-3.33787e-06	0.000835661	-0.228	0.00505641	-0.000225068	0.00506023	-2.55	0.00422767	-0.000249865	0.00423434	-3.378	-1.836098e-11
0.87	65			-1.45287e-07	-1.73786e-05	1.73749e-05	-90.474	0.000799898	-1.90736e-06	0.000799898	-0.132	0.00502017	-0.000225068	0.00502589	-2.562	0.00422767	-0.000249865	0.0042353	-3.372	-2.46851e-11
0.868	66			6.51929e-07	-1.68496e-05	1.68571e-05	-87.78	0.000746015	4.76841e-07	0.000746015	0.036	0.00496486	-0.000219346	0.00496963	-2.52	0.00422767	-0.000248911	0.0042353	-3.366	-1.748143e-11
0.866	67			3.86316e-06	-1.63094e-05	1.67565e-05	-76.674	0.000723127	-7.15259e-07	0.000723127	-0.042	0.00494102	-0.0002203	0.00494483	-2.55	0.00422862	-0.000247957	0.00423625	-3.348	-1.91567e-11
0.864	68			7.01848e-06	-1.80268e-05	1.93455e-05	-68.724	0.000723604	-2.3842e-07	0.000723604	-0.012	0.0049372	-0.000219346	0.00494197	-2.538	0.00422767	-0.000247957	0.0042353	-3.348	-2.141829e-11
0.862	69			1.1202e-05	-1.77996e-05	2.10257e-05	-57.81	0.0007484	-1.66894e-06	0.0007484	-0.126	0.00495437	-0.000219346	0.00495818	-2.532	0.00422481	-0.00024605	0.00423148	-3.336	-2.1879e-11
0.86	70			1.57246e-05	-1.79113e-05	2.38308e-05	-48.714	0.000798229	-5.00682e-06	0.000798229	-0.348	0.00498679	-0.000222207	0.00499156	-2.538	0.00421146	-0.000245096	0.00421908	-3.324	-1.886353e-11
0.858	71			1.95355e-05	-1.82652e-05	2.67403e-05	-43.074	0.000849728	-6.19891e-06	0.000849728	-0.402	0.00501159	-0.000222207	0.00501636	-2.526	0.00418952	-0.000245096	0.00419715	-3.342	-2.271665e-11
0.856	72			1.90848e-05	-1.8716e-05	2.67253e-05	-44.436	0.000901226	-1.02521e-05	0.000901226	-0.648	0.00503543	-0.000224114	0.0050402	-2.538	0.00416282	-0.000243188	0.00416949	-3.336	-2.028749e-11
0.854	73			2.00757e-05	-1.88203e-05	2.75188e-05	-43.152	0.000939611	-1.16826e-05	0.000939611	-0.714	0.00505641	-0.000225068	0.00506118	-2.544	0.00414565	-0.000242234	0.00415233	-3.342	-1.869598e-11
0.852	74			2.05227e-05	-1.90289e-05	2.79882e-05	-42.828	0.000971798	-1.28747e-05	0.000971798	-0.75	0.00507167	-0.000224114	0.00507548	-2.526	0.00412753	-0.000241281	0.00413516	-3.336	-2.518769e-11
0.85	75			2.37712e-05	-1.9692e-05	3.0868e-05	-39.63	0.00100446	-1.50204e-05	0.0010047	-0.846	0.00507739	-0.000226022	0.00508216	-2.538	0.0041056	-0.000241281	0.00411227	-3.354	-1.894728e-11
0.848	76			2.65689e-05	-1.97032e-05	3.30771e-05	-36.558	0.00103331	-1.57357e-05	0.00103355	-0.87	0.00508025	-0.000225068	0.00508502	-2.532	0.00408271	-0.000239373	0.00408939	-3.348	-2.338672e-11
0.846	77			2.3529e-05	-2.01055e-05	3.09462e-05	-40.512	0.00105406	-1.88352e-05	0.00105406	-1.014	0.00508216	-0.000226022	0.00508693	-2.544	0.00405982	-0.00023842	0.0040665	-3.354	-1.953366e-11
0.844	78			1.75053e-05	-2.04929e-05	2.69489e-05	-49.494	0.00107647	-1.97889e-05	0.00107671	-1.044	0.00508216	-0.000226022	0.00508693	-2.538	0.00403216	-0.000237466	0.00403884	-3.366	-2.074815e-11
0.842	79			1.43387e-05	-2.05339e-05	2.50452e-05	-55.068	0.00109554	-2.02657e-05	0.00109578	-1.056	0.00508693	-0.000225068	0.0050917	-2.526	0.00401405	-0.000236512	0.00402072	-3.366	-2.439188e-11
0.84	80			1.3765e-05	-1.99192e-05	2.42108e-05	-55.35	0.00112296	-2.16962e-05	0.0011232	-1.098	0.0050917	-0.000224114	0.00509647	-2.52	0.00399116	-0.000233651	0.00399783	-3.348	-1.739766e-11
0.838	81			1.31243e-05	-2.02396e-05	2.41214e-05	-57.036	0.00113679	-2.16962e-05	0.00113703	-1.092	0.0050917	-0.000223161	0.00509647	-2.502	0.0039759	-0.000231744	0.00398257	-3.33	-2.317733e-11
0.836	82			1.01999e-05	-1.94722e-05	2.19756e-05	-62.346	0.00115753	-2.50341e-05	0.00115801	-1.23	0.0050917	-0.000224114	0.00509551	-2.52	0.00395396	-0.000229836	0.00396064	-3.318	-1.928235e-11
0.834	83			3.54649e-06	-1.98224e-05	2.01353e-05	-79.848	0.0011704	-2.55109e-05	0.00117064	-1.242	0.00508693	-0.000224114	0.0050917	-2.514	0.00392726	-0.000228883	0.00393394	-3.33	-2.267472e-11
0.832	84			3.37885e-06	-1.88575e-05	1.91556e-05	-79.836	0.00117279	-2.52725e-05	0.00117303	-1.23	0.00508216	-0.000224114	0.00508693	-2.514	0.00391963	-0.000227929	0.00392631	-3.318	-1.840282e-11
0.83	85			2.46243e-06	-1.97628e-05	1.99118e-05	-82.896	0.00117112	-2.50341e-05	0.0011716	-1.224	0.00508121	-0.000224114	0.00508597	-2.514	0.00391963	-0.000228883	0.00392631	-3.33	-1.626684e-11
0.828	86			2.20911e-06	-1.94126e-05	1.95355e-05	-83.502	0.00116754	-2.45572e-05	0.00116778	-1.194	0.00508121	-0.000223161	0.00508597	-2.508	0.00392154	-0.000228883	0.00392821	-3.336	-1.681133e-11
0.826	87			5.87109e-06	-1.96287e-05	2.04855e-05	-73.338	0.00116087	-2.43188e-05	0.00116111	-1.194	0.00508121	-0.000224114	0.00508597	-2.514	0.00393108	-0.000228883	0.00393775	-3.318	-1.710448e-11
0.824	88			1.29119e-05	-1.98298e-05	2.36594e-05	-56.928	0.00115395	-2.26499e-05	0.00115419	-1.116	0.00507835	-0.000223161	0.00508311	-2.508	0.00394157	-0.00023079	0.00394824	-3.342	-2.405685e-11
0.822	89			1.85223e-05	-2.00794e-05	2.73177e-05	-47.31	0.00115133	-2.33651e-05	0.00115157	-1.152	0.0050669	-0.000223161	0.00507167	-2.514	0.00394157	-0.00023079	0.00394824	-3.342	-2.141833e-11
0.82	90			1.70582e-05	-1.91965e-05	2.56823e-05	-48.372	0.00119091	-2.59877e-05	0.00119139	-1.242	0.00506309	-0.000224114	0.00506786	-2.532	0.0039015	-0.000227929	0.00390819	-3.336	-2.112513e-11
0.818	91			1.33329e-05	-1.9502e-05	2.36222e-05	-55.632	0.00124074	-2.83719e-05	0.00124098	-1.302	0.00503352	-0.000222207	0.00503829	-2.526	0.00382234	-0.000224114	0.00382902	-3.354	-2.213024e-11
0.816	92			7.67416e-06	-1.99304e-05	2.13535e-05	-68.934	0.00126315	-2.88488e-05	0.00126339	-1.302	0.00497535	-0.000219346	0.00498012	-2.514	0.0037346	-0.000219346	0.00374128	-3.348	-1.970114e-11
0.814	93			7.3463e-06	-1.83509e-05	1.97628e-05	-68.172	0.00120211	-2.78951e-05	0.00120259	-1.326	0.00487044	-0.000215531	0.00487521	-2.532	0.00368501	-0.000216485	0.00369169	-3.354	-1.961738e-11
0.812	94			8.13982e-06	-1.82689e-05	1.99975e-05	-65.97	0.00109173	-1.90736e-05	0.00109196	-0.996	0.00473884	-0.000206948	0.00474361	-2.496	0.00366594	-0.000215531	0.00367166	-3.36	-1.944983e-11
0.81	95			7.82689e-06	-1.74009e-05	1.90773e-05	-65.772	0.00102449	-1.78815e-05	0.00102473	-0.996	0.0046654	-0.000205995	0.00467017	-2.526	0.00365736	-0.000215531	0.00366308	-3.36	-1.630875e-11
0.808	96			8.39314e-06	-1.6939e-05	1.89022e-05	-63.63	0.000990875	-1.66894e-05	0.000991113	-0.966	0.00463012	-0.000204087	0.00463489	-2.514	0.00365354	-0.000213624	0.00365926	-3.342	-2.154393e-11
0.806	97			8.94448e-06	-1.6682e-05	1.89246e-05	-61.794	0.000983723	-1.66894e-05	0.000983723	-0.972	0.00461963	-0.000204087	0.00462344	-2.52	0.00365068	-0.00021267	0.0036564	-3.336	-2.024562e-11
0.804	98			8.10629e-06	-1.67453e-05	1.86005e-05	-64.164	0.000982054	-1.76431e-05	0.000982292	-1.02	0.00461677	-0.000204087	0.00462154	-2.52	0.00364782	-0.00021267	0.00365354	-3.336	-1.852851e-11
0.802	99			6.86946e-06	-1.71029e-05	1.84291e-05	-68.106	0.00098253	-1.57357e-05	0.000982769	-0.906	0.00461581	-0.000204087	0.00462058	-2.52	0.00364687	-0.000213624	0.00365259	-3.348	-2.020372e-11
0.8	100			6.9626e-06	-1.62796e-05	1.77027e-05	-66.84	0.000984438	-1.66894e-05	0.000984676	-0.96	0.00461677	-0.000204087	0.00462154	-2.52	0.00364496	-0.00021267	0.00365163	-3.33	-2.125077e-11
0.798	101			6.39635e-06	-1.59369e-05	1.717e-05	-68.118	0.000984438	-1.62126e-05	0.000984676	-0.93	0.00461581	-0.000203134	0.00462058	-2.514	0.00364305	-0.00021267	0.00364877	-3.33	-2.007808e-11
0.796	102			5.32719e-06	-1.59034e-05	1.67714e-05	-71.472	0.000987299	-1.6451e-05	0.000987537	-0.948	0.00461486	-0.000203134	0.00461963	-2.514	0.00363924	-0.00021267	0.00364496	-3.336	-2.133454e-11
0.794	103			4.57469e-06	-1.61642e-05	1.67975e-05	-74.19	0.000988729	-1.74047e-05	0.000988729	-1.002	0.00461581	-0.000203134	0.00462058	-2.514	0.00363733	-0.000211717	0.00364305	-3.324	-2.012001e-11
0.792	104			1.74717e-06	-1.603e-05	1.61232e-05	-83.772	0.000990398	-1.57357e-05	0.000990398	-0.906	0.00461581	-0.000203134	0.00462058	-2.514	0.00363351	-0.000210763	0.00364019	-3.318	-1.672751e-11
0.79	105			9.68583e-07	-1.53073e-05	1.53334e-05	-86.376	0.000990398	-1.57357e-05	0.000990637	-0.906	0.00461486	-0.00020218	0.00461963	-2.508	0.00363161	-0.000210763	0.00363828	-3.318	-2.045501e-11
0.788	106			-9.38777e-07	-1.45995e-05	1.46255e-05	-93.672	0.000989683	-1.66894e-05	0.000989921	-0.954	0.00461486	-0.00020218	0.00461963	-2.508	0.0036297	-0.000209809	0.00363638	-3.3	-2.171147e-11
0.786	107			-4.35861e-07	-1.50949e-05	1.50987e-05	-91.644	0.000990398	-1.62126e-05	0.000990398	-0.924	0.00461486	-0.00020218	0.00461963	-2.508	0.0036297	-0.000210763	0.00363542	-3.324	-1.949175e-11
0.784	108			-1.81795e-06	-1.54899e-05	1.55942e-05	-96.69	0.000988252	-1.69278e-05	0.000988491	-0.978	0.00461391	-0.00020218	0.00461867	-2.496	0.0036297	-0.000210763	0.00363542	-3.312	-2.091572e-11
0.782	109			-1.54228e-06	-1.5475e-05	1.55458e-05	-95.682	0.000986584	-1.62126e-05	0.000986584	-0.93	0.004612	-0.00020218	0.00461677	-2.502	0.0036297	-0.000210763	0.00363542	-3.324	-2.30098e-11
0.78	110			-1.50875e-06	-1.47559e-05	1.48267e-05	-95.832	0.000982769	-1.71663e-05	0.000982769	-0.99	0.00460723	-0.000203134	0.004612	-2.52	0.00362875	-0.000210763	0.00363447	-3.312	-2.137643e-11
0.778	111			-1.57581e-06	-1.48453e-05	1.49236e-05	-96.054	0.000957493	-1.59742e-05	0.000957731	-0.948	0.00458148	-0.000200273	0.00458625	-2.496	0.00362875	-0.000209809	0.00363447	-3.3	-2.041313e-11
0.776	112			-1.22563e-06	-1.45063e-05	1.45548e-05	-94.824	0.000897888	-1.26362e-05	0.000897888	-0.798	0.00452045	-0.000197412	0.00452426	-2.49	0.00362875	-0.000208856	0.00363447	-3.294	-1.714637e-11
0.774	113			-1.88873e-06	-1.50577e-05	1.51694e-05	-97.14	0.000839237	-1.12057e-05	0.000839237	-0.75	0.00446227	-0.000195504	0.00446609	-2.496	0.00362875	-0.000207902	0.00363447	-3.27	-2.024562e-11
0.772	114			-1.84403e-06	-1.52738e-05	1.53818e-05	-96.882	0.000776771	-9.77522e-06	0.000776771	-0.714	0.00440028	-0.000192643	0.00440505	-2.496	0.0036297	-0.000205995	0.00363542	-3.246	-1.91148e-11
0.77	115			-1.1623e-06	-1.47038e-05	1.47485e-05	-94.512	0.000759367	-7.86787e-06	0.000759367	-0.594	0.00438502	-0.000190736	0.00438884	-2.478	0.0036297	-0.000205995	0.00363542	-3.246	-2.254906e-11
0.768	116			-1.99677e-06	-1.41673e-05	1.43052e-05	-98.01	0.000747446	-7.86787e-06	0.000747446	-0.6	0.00437263	-0.000190736	0.00437644	-2.496	0.00362875	-0.000205995	0.00363447	-3.24	-1.852848e-11
0.766	117			-1.45287e-06	-1.45548e-05	1.46255e-05	-95.688	0.000744585	-6.67575e-06	0.000744585	-0.498	0.00436881	-0.000189782	0.00437263	-2.478	0.00362779	-0.000206948	0.00363351	-3.258	-2.313543e-11
0.764	118			-8.5682e-07	-1.50949e-05	1.51136e-05	-93.252	0.00073481	-6.43733e-06	0.00073481	-0.492	0.00435832	-0.000190736	0.00436214	-2.502	0.00362875	-0.000206948	0.00363447	-3.258	-2.213027e-11
0.762	119			-1.08407e-06	-1.40444e-05	1.40854e-05	-94.41	0.000720028	-6.19891e-06	0.000720028	-0.492	0.00434402	-0.000190736	0.00434783	-2.502	0.00362875	-0.000206948	0.00363447	-3.258	-2.091572e-11
0.76	120			-3.76256e-07	-1.43909e-05	1.43909e-05	-91.488	0.000713114	-4.05314e-06	0.000713114	-0.324	0.00433639	-0.000188828	0.0043402	-2.49	0.00362779	-0.000207902	0.00363351	-3.27	-1.718825e-11
0.758	121			1.93716e-07	-1.46665e-05	1.46628e-05	-89.232	0.000711922	-4.29156e-06	0.000711922	-0.336	0.00433639	-0.000188828	0.0043402	-2.49	0.00363161	-0.000208856	0.00363733	-3.276	-1.77327e-11
0.756	122			7.45062e-07	-1.57916e-05	1.58028e-05	-87.294	0.00069404	-2.3842e-06	0.00069404	-0.18	0.00431922	-0.000187875	0.00432304	-2.484	0.00363161	-0.000209809	0.00363828	-3.3	-2.162773e-11
0.754	123			-6.33304e-08	-1.61567e-05	1.6153e-05	-90.21	0.000674967	-2.62262e-06	0.000674967	-0.21	0.00430301	-0.000187875	0.00430682	-2.49	0.00363351	-0.000210763	0.00363924	-3.306	-2.104141e-11
0.752	124			1.02074e-06	-1.59332e-05	1.5963e-05	-86.328	0.000642065	0.0	0.000642065	0.0	0.00426963	-0.000186921	0.0042744	-2.496	0.00363447	-0.000210763	0.00364019	-3.318	-1.810965e-11
0.75	125			1.82912e-06	-1.60785e-05	1.61791e-05	-83.508	0.000620846	9.53682e-07	0.000620846	0.108	0.00424483	-0.000185967	0.0042496	-2.502	0.00363256	-0.000210763	0.00363828	-3.306	-2.083197e-11
0.748	126			2.414e-06	-1.55681e-05	1.57506e-05	-81.174	0.000611786	2.62262e-06	0.000611786	0.264	0.00423244	-0.000182153	0.00423625	-2.46	0.00362875	-0.000209809	0.00363447	-3.3	-1.92405e-11
0.746	127			3.88551e-06	-1.53669e-05	1.58475e-05	-75.804	0.000611547	4.76841e-07	0.000611547	0.06	0.00422862	-0.000183106	0.00423244	-2.472	0.00362684	-0.000207902	0.00363256	-3.27	-1.630874e-11
0.744	128			7.21592e-06	-1.52664e-05	1.68794e-05	-64.698	0.000622753	4.76841e-07	0.000622753	0.06	0.00423148	-0.000183106	0.00423625	-2.472	0.00362302	-0.000207902	0.00362875	-3.276	-1.911479e-11
0.742	129			1.37464e-05	-1.59034e-05	2.10219e-05	-49.152	0.000640396	4.76841e-07	0.000640396	0.06	0.00423625	-0.000182153	0.00424007	-2.46	0.00361635	-0.000207902	0.00362302	-3.282	-2.032937e-11
0.74	130			2.1007e-05	-1.60822e-05	2.64534e-05	-37.428	0.000656608	4.76841e-07	0.000656608	0.042	0.00424007	-0.000183106	0.00424388	-2.466	0.00360967	-0.000206948	0.00361635	-3.276	-2.208842e-11
0.738	131			2.33204e-05	-1.59146e-05	2.82304e-05	-34.308	0.00068045	-9.53682e-07	0.00068045	-0.072	0.00424293	-0.000182153	0.0042477	-2.454	0.00359441	-0.000205995	0.00360014	-3.282	-1.907293e-11
0.736	132			2.46094e-05	-1.61716e-05	2.94485e-05	-33.306	0.000709061	-2.86104e-06	0.000709061	-0.228	0.00424579	-0.000182153	0.0042496	-2.454	0.00357057	-0.000205995	0.00357629	-3.294	-2.221406e-11
0.734	133			2.56413e-05	-1.65441e-05	3.0514e-05	-32.826	0.000728849	-4.52998e-06	0.000728849	-0.354	0.00424483	-0.00018406	0.00424865	-2.472	0.00354959	-0.000204087	0.00355531	-3.288	-2.07482e-11
0.732	134			2.84874e-05	-1.67378e-05	3.30398e-05	-30.432	0.000747446	-5.00682e-06	0.000747446	-0.372	0.00424388	-0.00018406	0.0042477	-2.472	0.00353242	-0.000204087	0.00353815	-3.294	-2.677919e-11
0.73	135			2.48776e-05	-1.64994e-05	2.98509e-05	-33.552	0.000766996	-7.39101e-06	0.000766996	-0.546	0.00424007	-0.000182153	0.00424388	-2.46	0.00350572	-0.00020218	0.00351144	-3.288	-2.03294e-11
0.728	136			2.4032e-05	-1.6343e-05	2.90611e-05	-34.212	0.000789408	-8.34471e-06	0.000789408	-0.606	0.00423625	-0.00018406	0.00424007	-2.478	0.00347807	-0.000201226	0.00348379	-3.3	-1.961736e-11
0.726	137			2.25754e-05	-1.69092e-05	2.82043e-05	-36.828	0.000812534	-8.34471e-06	0.000812534	-0.576	0.00423053	-0.000182153	0.00423434	-2.46	0.00344945	-0.000198365	0.00345518	-3.288	-2.150206e-11
0.724	138			1.89991e-05	-1.64659e-05	2.51384e-05	-40.908	0.000825886	-9.77522e-06	0.000825886	-0.672	0.00422958	-0.000182153	0.00423339	-2.466	0.00342943	-0.000197412	0.00343515	-3.294	-2.330297e-11
0.722	139			1.40817e-05	-1.51173e-05	2.06569e-05	-47.028	0.00083423	-1.02521e-05	0.00083423	-0.696	0.00422862	-0.000182153	0.00423244	-2.466	0.00341512	-0.000197412	0.00342084	-3.294	-2.196278e-11
0.72	140			1.5691e-05	-1.54861e-05	2.20427e-05	-44.616	0.000840429	-1.23978e-05	0.000840668	-0.828	0.00422767	-0.000183106	0.00423148	-2.472	0.0034094	-0.000195504	0.00341512	-3.282	-1.903105e-11
0.718	141			1.80566e-05	-1.55532e-05	2.38308e-05	-40.734	0.000832323	-1.16826e-05	0.000832323	-0.792	0.00421908	-0.000182153	0.0042229	-2.472	0.00340845	-0.000195504	0.00341417	-3.27	-1.894724e-11
0.716	142			1.91965e-05	-1.58997e-05	2.49223e-05	-39.624	0.00080872	-1.07289e-05	0.00080872	-0.744	0.00419429	-0.000180245	0.0041981	-2.448	0.00341035	-0.00019455	0.00341512	-3.258	-2.141832e-11
0.714	143			2.09474e-05	-1.63839e-05	2.6595e-05	-38.028	0.000766281	-9.29838e-06	0.000766281	-0.684	0.0041447	-0.000179292	0.00414851	-2.466	0.00340559	-0.00019455	0.00341035	-3.258	-2.058067e-11
0.712	144			1.79225e-05	-1.7047e-05	2.47323e-05	-43.56	0.000780348	-1.07289e-05	0.000780348	-0.786	0.00413707	-0.000179292	0.00414088	-2.472	0.00338365	-0.000193597	0.00338842	-3.27	-2.099947e-11
0.71	145			1.44207e-05	-1.6153e-05	2.16552e-05	-48.24	0.000886921	-1.57357e-05	0.000887159	-1.002	0.00419334	-0.000182153	0.00419715	-2.478	0.00333311	-0.000190736	0.00333788	-3.276	-2.129268e-11
0.708	146			1.09636e-05	-1.63169e-05	1.96585e-05	-56.094	0.000973228	-1.90736e-05	0.000973228	-1.116	0.00420955	-0.000181199	0.00421432	-2.454	0.00325967	-0.000186921	0.00326444	-3.276	-2.070631e-11
0.706	147			5.18936e-06	-1.53371e-05	1.61865e-05	-71.304	0.00100685	-2.19346e-05	0.00100709	-1.242	0.00420192	-0.000181199	0.00420573	-2.46	0.00321008	-0.00018406	0.0032158	-3.27	-2.192087e-11
0.704	148			1.207e-06	-1.61232e-05	1.61679e-05	-85.71	0.00102258	-2.33651e-05	0.00102306	-1.296	0.00420097	-0.000181199	0.00420478	-2.46	0.00318529	-0.000182153	0.00319101	-3.27	-1.568056e-11
0.702	149			5.47621e-07	-1.51918e-05	1.51992e-05	-87.924	0.0010326	-2.33651e-05	0.00103308	-1.284	0.00420573	-0.000181199	0.00420955	-2.46	0.00317766	-0.000182153	0.00318338	-3.264	-2.166959e-11
0.7	150			-6.33303e-07	-1.63728e-05	1.63802e-05	-92.202	0.00103975	-2.33651e-05	0.00103999	-1.284	0.0042105	-0.000180245	0.00421432	-2.448	0.00317575	-0.000182153	0.00318052	-3.282	-2.393123e-11
0.698	151			-8.04666e-07	-1.61492e-05	1.61642e-05	-92.85	0.00104762	-2.3842e-05	0.0010481	-1.296	0.00421908	-0.000181199	0.0042229	-2.454	0.00317575	-0.000182153	0.00318147	-3.27	-1.760705e-11
0.696	152			-2.34694e-07	-1.56538e-05	1.56538e-05	-90.852	0.00105048	-2.33651e-05	0.00105072	-1.272	0.00422195	-0.000180245	0.00422576	-2.442	0.00317575	-0.000180245	0.00318052	-3.246	-2.108325e-11
0.694	153			-1.35974e-06	-1.44169e-05	1.44765e-05	-95.376	0.00105239	-2.43188e-05	0.00105286	-1.314	0.00422481	-0.000180245	0.00422958	-2.43	0.0031767	-0.000180245	0.00318243	-3.228	-2.053882e-11
0.692	154			-1.30013e-06	-1.57506e-05	1.57991e-05	-94.704	0.00105167	-2.33651e-05	0.00105191	-1.272	0.00422481	-0.000179292	0.00422958	-2.418	0.00317575	-0.000180245	0.00318147	-3.246	-2.003622e-11
0.69	155			-9.76033e-07	-1.51098e-05	1.51359e-05	-93.684	0.00104905	-2.3842e-05	0.00104929	-1.29	0.00422099	-0.000180245	0.00422481	-2.43	0.00317575	-0.000180245	0.00318147	-3.246	-2.083199e-11
0.688	156			-1.58326e-06	-1.4484e-05	1.45659e-05	-96.228	0.00104595	-2.43188e-05	0.00104643	-1.326	0.00421908	-0.000180245	0.0042229	-2.442	0.00317575	-0.000180245	0.00318147	-3.234	-1.873789e-11
0.686	157			-9.64857e-07	-1.46889e-05	1.4715e-05	-93.756	0.00103689	-2.24115e-05	0.00103713	-1.236	0.00420955	-0.000179292	0.00421336	-2.43	0.00317575	-0.000180245	0.00318052	-3.246	-1.836094e-11
0.684	158			-1.19583e-06	-1.46963e-05	1.47448e-05	-94.644	0.00100923	-2.16962e-05	0.00100947	-1.23	0.00418094	-0.000177384	0.00418475	-2.43	0.00317575	-0.000179292	0.00318052	-3.222	-1.911487e-11
0.682	159			-1.1623e-06	-1.45175e-05	1.45622e-05	-94.566	0.000959877	-1.9312e-05	0.000960115	-1.146	0.0041323	-0.000176431	0.00413707	-2.436	0.00317575	-0.000180245	0.00318147	-3.234	-1.748143e-11
0.68	160			-1.65031e-06	-1.31876e-05	1.32882e-05	-97.134	0.000875715	-1.50204e-05	0.000875715	-0.972	0.00404552	-0.000171662	0.00404933	-2.424	0.00317575	-0.000179292	0.00318052	-3.222	-2.137644e-11
0.678	161			-1.30013e-06	-1.41673e-05	1.42232e-05	-95.244	0.000780109	-1.04905e-05	0.000780109	-0.762	0.00395206	-0.000168801	0.00395492	-2.43	0.00317575	-0.000179292	0.00318052	-3.222	-1.991059e-11
0.676	162			-4.39586e-07	-1.2219e-05	1.22227e-05	-92.046	0.000736479	-6.91417e-06	0.000736479	-0.528	0.00390819	-0.00016594	0.00391105	-2.424	0.0031767	-0.000179292	0.00318243	-3.216	-1.932425e-11
0.674	163			-1.30013e-06	-1.32025e-05	1.32621e-05	-95.61	0.000716452	-7.39101e-06	0.000716452	-0.576	0.00388815	-0.000164987	0.00389101	-2.424	0.00317575	-0.000180245	0.00318052	-3.234	-2.539704e-11
0.672	164			-6.51929e-07	-1.37389e-05	1.37501e-05	-92.706	0.000714067	-6.67575e-06	0.000714067	-0.522	0.00388528	-0.000164987	0.00388815	-2.424	0.00317575	-0.000180245	0.00318052	-3.246	-2.146023e-11
0.67	165			-8.5682e-07	-1.35787e-05	1.36011e-05	-93.612	0.000711922	-5.48366e-06	0.000711922	-0.426	0.00388242	-0.000164987	0.00388624	-2.43	0.00317575	-0.000182153	0.00318147	-3.27	-2.468505e-11
0.668	166			1.96324e-06	-1.33254e-05	1.34633e-05	-81.6	0.000708584	-5.24524e-06	0.000708584	-0.42	0.00387765	-0.000164033	0.00388147	-2.418	0.00317575	-0.000180245	0.00318147	-3.246	-2.221405e-11
0.666	167			6.3293e-06	-1.36346e-05	1.50279e-05	-65.094	0.000706438	-5.48366e-06	0.000706438	-0.432	0.00387193	-0.000164033	0.00387575	-2.424	0.0031767	-0.000181199	0.00318243	-3.252	-1.815152e-11
0.664	168			9.30956e-06	-1.42158e-05	1.69874e-05	-56.778	0.00071216	-5.48366e-06	0.00071216	-0.426	0.00387479	-0.000164033	0.00387765	-2.424	0.00317575	-0.000182153	0.00318147	-3.27	-2.175337e-11
0.662	169			1.16379e-05	-1.32397e-05	1.76282e-05	-48.678	0.000712398	-6.19891e-06	0.000712398	-0.48	0.00387384	-0.000164987	0.00387765	-2.43	0.00317861	-0.000181199	0.00318433	-3.252	-1.810966e-11
0.66	170			1.37836e-05	-1.35378e-05	1.93157e-05	-44.478	0.000701431	-4.05314e-06	0.000701431	-0.324	0.00386621	-0.00016594	0.00387003	-2.448	0.00318243	-0.000182153	0.00318719	-3.264	-2.254911e-11
0.658	171			1.31354e-05	-1.35676e-05	1.88799e-05	-45.924	0.000684742	-4.05314e-06	0.000684742	-0.336	0.00384904	-0.000164033	0.00385286	-2.43	0.00318243	-0.000182153	0.00318815	-3.258	-1.848662e-11
0.656	172			1.48267e-05	-1.37538e-05	2.02247e-05	-42.846	0.000658277	-3.33787e-06	0.000658277	-0.276	0.00381948	-0.000163079	0.00382234	-2.436	0.00318052	-0.000182153	0.00318624	-3.264	-2.246534e-11
0.654	173			1.96324e-05	-1.33142e-05	2.3719e-05	-34.14	0.000643734	-2.62262e-06	0.000643734	-0.222	0.00379087	-0.000162126	0.00379373	-2.436	0.00317289	-0.000181199	0.00317861	-3.258	-1.970119e-11
0.652	174			2.48888e-05	-1.41003e-05	2.86029e-05	-29.532	0.000628237	-1.90736e-06	0.000628237	-0.168	0.00376035	-0.000161172	0.00376321	-2.448	0.00316431	-0.000180245	0.00316907	-3.246	-2.028756e-11
0.65	175			3.27381e-05	-1.39997e-05	3.56028e-05	-23.148	0.000599388	-2.3842e-07	0.000599388	-0.018	0.00371458	-0.000157357	0.00371839	-2.424	0.00315572	-0.000179292	0.00316145	-3.24	-1.999435e-11
0.648	176			3.84937e-05	-1.43238e-05	4.10716e-05	-20.406	0.000552658	0.0	0.000552658	0.0	0.00365354	-0.00015545	0.00365736	-2.424	0.00314619	-0.000177384	0.00315095	-3.228	-1.882167e-11
0.646	177			4.00248e-05	-1.4864e-05	4.26958e-05	-20.37	0.00049663	4.76841e-07	0.00049663	0.06	0.00358488	-0.000153542	0.00358869	-2.448	0.0031357	-0.000176431	0.00314046	-3.21	-2.518767e-11
0.644	178			3.83186e-05	-1.40258e-05	4.08071e-05	-20.1	0.000479342	2.3842e-06	0.000479342	0.294	0.00354959	-0.000150681	0.00355341	-2.418	0.00311758	-0.000175477	0.00312234	-3.204	-2.476891e-11
0.642	179			3.62622e-05	-1.40481e-05	3.88885e-05	-21.174	0.000491504	-3.5763e-07	0.000491504	-0.03	0.0035391	-0.000151635	0.00354291	-2.448	0.00309373	-0.00017357	0.00309755	-3.192	-2.418252e-11
0.64	180			3.44443e-05	-1.44505e-05	3.735e-05	-22.758	0.000508789	-9.53682e-07	0.000508789	-0.096	0.00353624	-0.000150681	0.00354005	-2.43	0.00306989	-0.000171662	0.00307466	-3.192	-2.669541e-11
0.638	181			3.4366e-05	-1.40481e-05	3.71265e-05	-22.23	0.000513796	-8.34469e-07	0.000513796	-0.084	0.00352098	-0.000149728	0.00352384	-2.43	0.00304796	-0.000170709	0.00305273	-3.192	-2.200467e-11
0.636	182			3.75363e-05	-1.43611e-05	4.01887e-05	-20.934	0.000525001	-1.43052e-06	0.000525001	-0.15	0.0035143	-0.000149728	0.00351717	-2.43	0.00303365	-0.000169755	0.00303842	-3.192	-2.108326e-11
0.634	183			3.93617e-05	-1.46181e-05	4.1988e-05	-20.37	0.000547174	-2.62262e-06	0.000547174	-0.27	0.00352193	-0.000150681	0.00352575	-2.436	0.0030203	-0.000170709	0.00302507	-3.222	-2.334482e-11
0.632	184			3.46417e-05	-1.39326e-05	3.73388e-05	-21.9	0.00055385	-3.09946e-06	0.00055385	-0.312	0.00352193	-0.000151635	0.00352575	-2.46	0.0030079	-0.000169755	0.00301267	-3.222	-2.133454e-11
0.63	185			2.99254e-05	-1.5203e-05	3.35651e-05	-26.934	0.000588182	-4.29156e-06	0.000588182	-0.414	0.00355054	-0.000151635	0.00355436	-2.442	0.00299837	-0.000170709	0.00300314	-3.246	-2.347051e-11
0.628	186			2.56264e-05	-1.5624e-05	3.00148e-05	-31.368	0.000619415	-5.96049e-06	0.000619415	-0.546	0.0035639	-0.000152589	0.00356771	-2.442	0.00297643	-0.000168801	0.0029812	-3.246	-2.426626e-11
0.626	187			2.19384e-05	-1.52328e-05	2.67067e-05	-34.776	0.000670556	-8.2255e-06	0.000670675	-0.696	0.00357153	-0.000151635	0.00357439	-2.424	0.00293352	-0.000166894	0.00293829	-3.252	-1.7984e-11
0.624	188			2.08319e-05	-1.49124e-05	2.56189e-05	-35.592	0.000738624	-1.12057e-05	0.000738744	-0.864	0.00358202	-0.000152589	0.00358488	-2.43	0.00287439	-0.000163079	0.00287916	-3.24	-1.785838e-11
0.622	189			1.4037e-05	-1.48416e-05	2.04259e-05	-46.59	0.00076044	-1.16826e-05	0.00076044	-0.876	0.0035782	-0.000149728	0.00358202	-2.388	0.0028391	-0.000161172	0.00284292	-3.24	-2.116702e-11
0.62	190			5.79658e-06	-1.42977e-05	1.54265e-05	-67.92	0.000742797	-1.20402e-05	0.000742797	-0.918	0.00355817	-0.000149728	0.00356103	-2.4	0.00282671	-0.000160218	0.00283147	-3.228	-2.13345e-11
0.618	191			1.34484e-06	-1.38581e-05	1.39215e-05	-84.45	0.000726942	-1.10865e-05	0.000727061	-0.87	0.00354482	-0.000148774	0.00354768	-2.388	0.00282384	-0.000159265	0.00282861	-3.216	-1.919859e-11
0.616	192			-1.97441e-07	-1.36756e-05	1.36719e-05	-90.822	0.000705604	-1.02521e-05	0.000705723	-0.828	0.0035248	-0.00014782	0.00352766	-2.394	0.00282289	-0.000158311	0.00282766	-3.204	-1.852848e-11
0.614	193			-7.07809e-07	-1.29529e-05	1.29715e-05	-93.12	0.00068808	-7.86787e-06	0.000688199	-0.654	0.00350763	-0.000146867	0.00351049	-2.382	0.00282289	-0.000158311	0.00282766	-3.204	-2.150208e-11
0.612	194			-1.15485e-06	-1.3087e-05	1.31354e-05	-95.04	0.000667457	-8.58313e-06	0.000667576	-0.732	0.00348665	-0.000144959	0.00348951	-2.376	0.00282194	-0.000157357	0.00282671	-3.174	-1.572242e-11
0.61	195			-8.30743e-07	-1.20886e-05	1.21147e-05	-93.93	0.000659827	-9.17917e-06	0.000659827	-0.792	0.00348093	-0.000145913	0.00348379	-2.388	0.00282289	-0.000157357	0.00282766	-3.174	-1.940799e-11
0.608	196			-1.99677e-06	-1.31019e-05	1.32472e-05	-98.652	0.000674251	-8.82155e-06	0.000674251	-0.744	0.00349428	-0.000146867	0.00349809	-2.394	0.00282289	-0.000157357	0.00282766	-3.192	-2.171152e-11
0.606	197			-1.44169e-06	-1.34297e-05	1.35042e-05	-96.12	0.000688557	-9.65601e-06	0.000688557	-0.798	0.00350954	-0.000146867	0.0035124	-2.382	0.00282289	-0.000157357	0.00282766	-3.174	-2.012001e-11
0.604	198			-9.08974e-07	-1.17683e-05	1.17981e-05	-94.404	0.000707392	-9.41759e-06	0.000707392	-0.756	0.00352766	-0.00014782	0.00353147	-2.388	0.00282289	-0.000157357	0.00282766	-3.174	-1.978491e-11
0.602	199			-1.27778e-06	-1.27182e-05	1.27778e-05	-95.73	0.000726108	-1.04905e-05	0.000726108	-0.828	0.00354673	-0.000146867	0.00354959	-2.37	0.00282384	-0.000156404	0.00282766	-3.162	-1.517798e-11
0.6	200			-1.32994e-06	-1.28598e-05	1.29194e-05	-95.892	0.000747684	-1.12057e-05	0.000747804	-0.858	0.00356962	-0.000148774	0.00357248	-2.382	0.00282289	-0.000158311	0.00282766	-3.204	-2.204651e-11
0.598	201			-1.2517e-06	-1.28821e-05	1.2938e-05	-95.544	0.000773314	-1.15634e-05	0.000773434	-0.852	0.00359251	-0.000148774	0.00359632	-2.37	0.00282289	-0.000158311	0.00282766	-3.204	-2.070638e-11
0.596	202			-4.8429e-08	-1.27927e-05	1.2789e-05	-90.21	0.000782851	-1.26362e-05	0.00078297	-0.918	0.00360204	-0.000148774	0.0036049	-2.364	0.00282289	-0.000157357	0.00282766	-3.186	-1.911478e-11
0.594	203			5.06642e-06	-1.40258e-05	1.49087e-05	-70.134	0.000794772	-1.2517e-05	0.000794891	-0.9	0.00360967	-0.000149728	0.00361349	-2.37	0.0028248	-0.000157357	0.00282957	-3.186	-1.668572e-11
0.592	204			1.5393e-05	-1.47783e-05	2.13386e-05	-43.824	0.000807051	-1.40668e-05	0.00080717	-0.996	0.00361158	-0.000149728	0.00361539	-2.364	0.00282575	-0.000157357	0.00283052	-3.186	-1.827719e-11
0.59	205			2.56487e-05	-1.43462e-05	2.93852e-05	-29.22	0.000821475	-1.33515e-05	0.000821594	-0.93	0.00361349	-0.000150681	0.00361635	-2.376	0.00282289	-0.000158311	0.00282766	-3.204	-1.982677e-11
0.588	206			3.42319e-05	-1.49124e-05	3.73388e-05	-23.532	0.000808481	-1.27555e-05	0.0008086	-0.9	0.00358965	-0.00014782	0.00359251	-2.352	0.00282003	-0.000157357	0.0028248	-3.192	-2.393126e-11
0.586	207			3.85346e-05	-1.51247e-05	4.13919e-05	-21.426	0.000762824	-1.1921e-05	0.000762943	-0.894	0.0035391	-0.000146867	0.00354291	-2.37	0.00282003	-0.000157357	0.0028248	-3.192	-1.718828e-11
0.584	208			3.71749e-05	-1.42828e-05	3.98199e-05	-21.012	0.00070167	-9.41759e-06	0.00070167	-0.768	0.00347616	-0.000144959	0.00347902	-2.382	0.00281812	-0.000157357	0.00282289	-3.192	-2.439192e-11
0.582	209			4.10269e-05	-1.41636e-05	4.34036e-05	-19.044	0.000654463	-6.55654e-06	0.000654463	-0.57	0.0034218	-0.000143052	0.00342466	-2.388	0.00281431	-0.000157357	0.00281908	-3.186	-2.049691e-11
0.58	210			4.39102e-05	-1.40444e-05	4.61007e-05	-17.736	0.000633005	-5.48366e-06	0.000633005	-0.486	0.00338937	-0.000141145	0.00339223	-2.376	0.00280763	-0.000156404	0.00281145	-3.18	-2.091571e-11
0.578	211			5.0612e-05	-1.43946e-05	5.262e-05	-15.876	0.000617389	-5.24524e-06	0.000617389	-0.474	0.00336076	-0.000140191	0.00336362	-2.376	0.0028	-0.000156404	0.00280477	-3.186	-2.506195e-11
0.576	212			5.46726e-05	-1.42828e-05	5.65054e-05	-14.64	0.000600461	-4.7684e-06	0.000600461	-0.444	0.00333311	-0.000140191	0.00333501	-2.406	0.00279333	-0.000157357	0.0027981	-3.21	-2.481068e-11
0.574	213			5.75671e-05	-1.43648e-05	5.93292e-05	-14.01	0.000588063	-4.05314e-06	0.000588063	-0.39	0.00330354	-0.00013733	0.0033064	-2.382	0.00277807	-0.00015545	0.00278284	-3.198	-2.254911e-11
0.572	214			5.98507e-05	-1.42567e-05	6.15274e-05	-13.398	0.000586156	-3.21867e-06	0.000586156	-0.312	0.0032797	-0.00013733	0.00328256	-2.394	0.0027609	-0.00015545	0.00276567	-3.204	-2.5774e-11
0.57	215			6.95479e-05	-1.4443e-05	7.10306e-05	-11.73	0.000589851	-3.93394e-06	0.000589851	-0.378	0.00325872	-0.000135423	0.00326158	-2.376	0.00274564	-0.000154496	0.00274946	-3.21	-1.580622e-11
0.568	216			7.29938e-05	-1.4782e-05	7.44765e-05	-11.448	0.000594858	-3.81473e-06	0.000594858	-0.366	0.00323488	-0.000135423	0.00323774	-2.382	0.00272085	-0.000152589	0.00272466	-3.198	-2.049692e-11
0.566	217			6.57295e-05	-1.47336e-05	6.73574e-05	-12.63	0.000588182	-4.41077e-06	0.000588182	-0.426	0.0032139	-0.000134469	0.00321676	-2.388	0.00269701	-0.000151635	0.00270177	-3.21	-1.99525e-11
0.564	218			6.00929e-05	-1.37799e-05	6.1654e-05	-12.912	0.000585679	-4.17235e-06	0.000585679	-0.402	0.0032015	-0.000134469	0.00320436	-2.394	0.0026827	-0.000150681	0.00268652	-3.216	-1.882165e-11
0.562	219			5.18749e-05	-1.31429e-05	5.3514e-05	-14.214	0.000585321	-3.93394e-06	0.000585321	-0.384	0.00319578	-0.000133515	0.00319864	-2.388	0.0026684	-0.000150681	0.00267316	-3.216	-1.982682e-11
0.56	220			4.67638e-05	-1.24314e-05	4.8388e-05	-14.886	0.000604276	-5.24524e-06	0.000604276	-0.486	0.00318719	-0.000133515	0.00319006	-2.394	0.00263979	-0.000148774	0.0026436	-3.222	-2.443378e-11
0.558	221			4.22823e-05	-1.17496e-05	4.38879e-05	-15.528	0.000629667	-6.91417e-06	0.000629786	-0.618	0.00315954	-0.000131608	0.0031624	-2.376	0.00258352	-0.000144006	0.00258733	-3.192	-2.129272e-11
0.556	222			3.71339e-05	-1.27331e-05	3.92536e-05	-18.924	0.000624064	-6.67575e-06	0.000624064	-0.612	0.00313379	-0.000130654	0.0031357	-2.376	0.002553	-0.000143052	0.00255682	-3.198	-2.225595e-11
0.554	223			2.52948e-05	-1.25617e-05	2.82415e-05	-26.406	0.000578288	-5.96049e-06	0.000578288	-0.582	0.00309183	-0.000128747	0.00309469	-2.382	0.00254346	-0.000141145	0.00254728	-3.168	-2.271664e-11
0.552	224			1.30311e-05	-1.03899e-05	1.66633e-05	-38.562	0.000533227	-4.41077e-06	0.000533227	-0.474	0.00305845	-0.00012684	0.00306036	-2.37	0.00254156	-0.000141145	0.00254537	-3.168	-2.158583e-11
0.55	225			5.58796e-06	-8.88115e-06	1.04905e-05	-57.81	0.00050414	-2.74183e-06	0.00050414	-0.312	0.00303365	-0.000125886	0.00303651	-2.364	0.00253965	-0.000140191	0.00254442	-3.138	-2.435e-11
0.548	226			2.47361e-06	-9.68954e-06	9.99501e-06	-75.66	0.000478866	-2.3842e-06	0.000478866	-0.276	0.00301363	-0.000125886	0.00301649	-2.382	0.00254156	-0.000140191	0.00254537	-3.138	-2.011995e-11
0.546	227			5.69973e-07	-1.06097e-05	1.06246e-05	-86.904	0.000465276	-1.66894e-06	0.000465276	-0.198	0.00300218	-0.000124932	0.00300504	-2.364	0.00254156	-0.000140191	0.00254537	-3.15	-2.481071e-11
0.544	228			-4.65663e-07	-1.06432e-05	1.06507e-05	-92.49	0.000438573	-3.5763e-07	0.000438573	-0.042	0.00297643	-0.000124932	0.00297834	-2.382	0.0025406	-0.000140191	0.00254442	-3.156	-2.183711e-11
0.542	229			4.47037e-08	-1.11834e-05	1.11797e-05	-89.76	0.000437977	-2.3842e-07	0.000437977	-0.018	0.00297453	-0.000123979	0.00297739	-2.376	0.00254156	-0.000140191	0.00254537	-3.15	-1.689511e-11
0.54	230			-4.39586e-07	-1.1433e-05	1.14404e-05	-92.184	0.000443937	-8.34469e-07	0.000443937	-0.102	0.00298215	-0.000123979	0.00298502	-2.37	0.00254156	-0.000140191	0.00254537	-3.15	-2.233972e-11
0.538	231			3.46454e-07	-1.37501e-05	1.37501e-05	-88.542	0.000439407	3.5763e-07	0.000439407	0.06	0.00297643	-0.000122071	0.00297834	-2.334	0.00254156	-0.000141145	0.00254537	-3.168	-2.254912e-11
0.536	232			4.31392e-06	-1.1433e-05	1.22153e-05	-69.312	0.000425817	4.76841e-07	0.000425817	0.072	0.00295927	-0.000122071	0.00296213	-2.358	0.00254251	-0.000140191	0.00254633	-3.138	-1.928237e-11
0.534	233			1.53222e-05	-1.34595e-05	2.03924e-05	-41.298	0.000432732	-3.5763e-07	0.000432732	-0.036	0.00295641	-0.000122071	0.00295927	-2.352	0.00254346	-0.000141145	0.00254728	-3.168	-2.430816e-11
0.532	234			3.38184e-05	-1.32137e-05	3.63069e-05	-21.342	0.000483396	-2.3842e-06	0.000483396	-0.276	0.00298788	-0.000122071	0.00299074	-2.334	0.00254251	-0.000140191	0.00254633	-3.138	-1.911483e-11
0.53	235			4.90511e-05	-1.45138e-05	5.11522e-05	-16.482	0.000534061	-5.24524e-06	0.000534061	-0.552	0.00301839	-0.000124932	0.0030203	-2.352	0.00253679	-0.000140191	0.0025406	-3.156	-2.820314e-11
0.528	236			5.71983e-05	-1.55048e-05	5.92622e-05	-15.162	0.000576381	-7.51021e-06	0.000576381	-0.738	0.00304605	-0.000124932	0.00304891	-2.34	0.00253107	-0.000140191	0.00253488	-3.15	-2.535521e-11
0.526	237			5.80403e-05	-1.47746e-05	5.9888e-05	-14.28	0.000618581	-8.10629e-06	0.000618581	-0.744	0.00308229	-0.00012684	0.0030842	-2.34	0.00252534	-0.000140191	0.00252916	-3.174	-2.455943e-11
0.524	238			6.10019e-05	-1.55532e-05	6.29541e-05	-14.304	0.00065184	-1.03713e-05	0.000651959	-0.906	0.00310709	-0.00012684	0.00310995	-2.334	0.00251962	-0.000140191	0.00252344	-3.168	-2.095763e-11
0.522	239			6.16875e-05	-1.59332e-05	6.37141e-05	-14.484	0.000686292	-9.89443e-06	0.000686292	-0.822	0.00313284	-0.00012684	0.0031357	-2.316	0.00251295	-0.000139237	0.00251772	-3.156	-2.125078e-11
0.52	240			6.71749e-05	-1.54899e-05	6.89407e-05	-12.984	0.000712041	-1.18018e-05	0.000712041	-0.948	0.00314905	-0.000128747	0.00315095	-2.34	0.00250913	-0.000138284	0.00251295	-3.15	-2.46013e-11
0.518	241			7.22525e-05	-1.5542e-05	7.39065e-05	-12.138	0.000737194	-1.38283e-05	0.000737313	-1.074	0.00315954	-0.000128747	0.0031624	-2.328	0.0024996	-0.00013733	0.00250341	-3.144	-2.112511e-11
0.516	242			7.91703e-05	-1.54154e-05	8.06567e-05	-11.016	0.000758294	-1.39475e-05	0.000758413	-1.05	0.00315954	-0.000128747	0.0031624	-2.328	0.00248624	-0.00013733	0.00249006	-3.162	-1.857035e-11
0.514	243			8.41138e-05	-1.54377e-05	8.55182e-05	-10.398	0.000756983	-1.34707e-05	0.000757102	-1.014	0.0031357	-0.000129701	0.00313856	-2.358	0.00246908	-0.00013733	0.00247289	-3.168	-1.815151e-11
0.512	244			8.4993e-05	-1.51583e-05	8.63341e-05	-10.11	0.000737313	-1.27555e-05	0.000737552	-0.99	0.00309087	-0.00012684	0.00309373	-2.334	0.00244714	-0.000135423	0.00245096	-3.168	-2.263283e-11
0.51	245			7.45771e-05	-1.39028e-05	7.58623e-05	-10.56	0.000662688	-1.02521e-05	0.000662688	-0.882	0.0030079	-0.000123979	0.00301076	-2.346	0.00242712	-0.000134469	0.00243093	-3.162	-2.120889e-11
0.508	246			6.52564e-05	-1.31764e-05	6.65714e-05	-11.418	0.000593785	-7.62945e-06	0.000593904	-0.726	0.00293447	-0.000121117	0.00293638	-2.352	0.00241186	-0.000133515	0.00241567	-3.162	-2.200461e-11
0.506	247			5.66097e-05	-1.30758e-05	5.80999e-05	-13.002	0.000560764	-5.00682e-06	0.000560764	-0.504	0.0028782	-0.000117302	0.00288107	-2.322	0.00238229	-0.000131608	0.00238515	-3.156	-1.869593e-11
0.504	248			4.94237e-05	-1.14851e-05	5.07387e-05	-13.08	0.000556711	-5.00682e-06	0.000556711	-0.516	0.00284101	-0.000117302	0.00284387	-2.352	0.00234319	-0.000129701	0.00234605	-3.162	-2.338674e-11
0.502	249			4.05947e-05	-1.09934e-05	4.2055e-05	-15.15	0.000557665	-4.64919e-06	0.000557665	-0.474	0.00283243	-0.000115395	0.00283433	-2.328	0.00231935	-0.000128747	0.00232317	-3.174	-2.104138e-11
0.5	250			3.06594e-05	-1.11163e-05	3.26151e-05	-19.926	0.000546698	-3.81473e-06	0.000546698	-0.396	0.0028248	-0.000115395	0.00282766	-2.334	0.00231172	-0.000128747	0.00231554	-3.168	-2.238157e-11
0.498	251			1.99751e-05	-9.30956e-06	2.20352e-05	-24.978	0.000539664	-4.64919e-06	0.000539664	-0.48	0.00282671	-0.000116349	0.00282957	-2.352	0.00230981	-0.000127793	0.00231363	-3.156	-1.836094e-11
0.496	252			1.00695e-05	-9.7864e-06	1.40407e-05	-44.172	0.000525359	-3.81473e-06	0.000525359	-0.408	0.00282289	-0.000116349	0.00282575	-2.352	0.00230981	-0.000128747	0.00231363	-3.168	-1.815153e-11
0.494	253			4.09412e-06	-9.61131e-06	1.04458e-05	-66.912	0.000517134	-3.09946e-06	0.000517134	-0.342	0.00281812	-0.000115395	0.00282098	-2.34	0.00230981	-0.000128747	0.00231363	-3.186	-2.158578e-11
0.492	254			3.86688e-06	-9.64111e-06	1.03862e-05	-68.13	0.000512008	-2.74183e-06	0.000512008	-0.3	0.00281526	-0.000115395	0.00281812	-2.334	0.00231077	-0.000128747	0.00231363	-3.168	-2.489446e-11
0.49	255			3.87806e-06	-9.5368e-06	1.0293e-05	-67.86	0.000501398	-1.66894e-06	0.000501398	-0.192	0.00280382	-0.000115395	0.00280572	-2.358	0.00231172	-0.000128747	0.00231458	-3.168	-2.388934e-11
0.488	256			8.24413e-06	-9.04134e-06	1.22339e-05	-47.628	0.000476958	-1.66894e-06	0.000476958	-0.198	0.00277711	-0.000113488	0.00277902	-2.334	0.00231268	-0.000127793	0.00231649	-3.15	-2.313542e-11
0.486	257			2.16254e-05	-9.85345e-06	2.37637e-05	-24.498	0.000447633	-4.76841e-07	0.000447633	-0.06	0.00273706	-0.00011158	0.00273897	-2.328	0.00231458	-0.000127793	0.0023184	-3.15	-2.011999e-11
0.484	258			4.5568e-05	-1.17981e-05	4.7073e-05	-14.514	0.000434639	-1.66894e-06	0.000434639	-0.222	0.00270082	-0.00011158	0.00270273	-2.346	0.00231649	-0.00012684	0.0023203	-3.126	-2.120891e-11
0.482	259			7.34148e-05	-1.29752e-05	7.4551e-05	-10.02	0.000437858	-2.98025e-06	0.000437858	-0.384	0.0026703	-0.000109673	0.00267316	-2.34	0.00231172	-0.000125886	0.00231458	-3.102	-1.601559e-11
0.48	260			8.94149e-05	-1.34931e-05	9.04282e-05	-8.58	0.000432612	-2.02657e-06	0.000432612	-0.264	0.00263788	-0.000108719	0.00263979	-2.34	0.00230123	-0.000125886	0.00230505	-3.114	-1.903108e-11
0.478	261			9.55318e-05	-1.36644e-05	9.65078e-05	-8.136	0.000429632	-2.62262e-06	0.000429632	-0.348	0.0026188	-0.000106812	0.00262071	-2.334	0.00228979	-0.000124932	0.00229265	-3.114	-2.007807e-11
0.476	262			9.92869e-05	-1.34558e-05	0.000100196	-7.716	0.000436904	-2.62262e-06	0.000436904	-0.342	0.00261118	-0.000106812	0.00261308	-2.34	0.00227834	-0.000123979	0.0022812	-3.096	-1.802586e-11
0.474	263			9.74466e-05	-1.44467e-05	9.8512e-05	-8.43	0.000439884	-3.09946e-06	0.000439884	-0.396	0.00260641	-0.000106812	0.00260831	-2.34	0.00226976	-0.000123979	0.00227262	-3.108	-2.506202e-11
0.472	264			9.84822e-05	-1.49534e-05	9.96073e-05	-8.634	0.000468018	-3.6955e-06	0.000468018	-0.45	0.00262834	-0.000107766	0.00263025	-2.334	0.00226213	-0.000123979	0.00226499	-3.12	-2.284229e-11
0.47	265			9.16799e-05	-1.53185e-05	9.29539e-05	-9.48	0.000500325	-6.31812e-06	0.000500325	-0.708	0.00265504	-0.000108719	0.00265695	-2.34	0.00225069	-0.000124932	0.0022545	-3.156	-2.242351e-11
0.468	266			8.79024e-05	-1.53856e-05	8.92361e-05	-9.924	0.000540975	-7.15259e-06	0.000541095	-0.756	0.0026827	-0.000108719	0.00268461	-2.316	0.00223543	-0.000123025	0.00223829	-3.138	-2.011997e-11
0.466	267			8.1927e-05	-1.49012e-05	8.32756e-05	-10.308	0.000594262	-9.29838e-06	0.000594381	-0.894	0.00272276	-0.000110627	0.00272466	-2.31	0.00221445	-0.000122071	0.00221826	-3.132	-2.246531e-11
0.464	268			6.6929e-05	-1.45734e-05	6.84937e-05	-12.282	0.000623111	-1.00136e-05	0.000623111	-0.918	0.00275041	-0.00011158	0.00275232	-2.316	0.00219919	-0.000122071	0.00220205	-3.156	-2.355423e-11
0.462	269			5.23182e-05	-1.30311e-05	5.39201e-05	-13.98	0.000642661	-1.04905e-05	0.00064278	-0.936	0.00276567	-0.00011158	0.00276758	-2.304	0.00217916	-0.000120163	0.00218298	-3.15	-2.095754e-11
0.46	270			4.46441e-05	-1.28002e-05	4.64397e-05	-15.99	0.000674371	-1.16826e-05	0.00067449	-0.99	0.00277235	-0.00011158	0.00277425	-2.286	0.00214769	-0.000118256	0.0021515	-3.144	-1.584801e-11
0.458	271			4.18352e-05	-1.14442e-05	4.33701e-05	-15.294	0.00068045	-1.26362e-05	0.00068057	-1.056	0.00276186	-0.00011158	0.00276376	-2.292	0.00212862	-0.000116349	0.00213243	-3.12	-2.200467e-11
0.456	272			3.59716e-05	-1.12802e-05	3.76927e-05	-17.4	0.000653747	-1.08481e-05	0.000653867	-0.942	0.00273515	-0.000110627	0.00273706	-2.304	0.00212099	-0.000116349	0.00212385	-3.132	-2.150208e-11
0.454	273			2.46094e-05	-1.07438e-05	2.6852e-05	-23.574	0.000574354	-6.67575e-06	0.000574473	-0.66	0.00266363	-0.000107766	0.00266553	-2.304	0.00211908	-0.000117302	0.00212289	-3.15	-1.898913e-11
0.452	274			1.70843e-05	-9.81992e-06	1.96995e-05	-29.886	0.000502829	-4.29156e-06	0.000502829	-0.48	0.00259973	-0.000105858	0.00260164	-2.322	0.00211813	-0.000116349	0.00212099	-3.132	-1.949175e-11
0.45	275			1.19359e-05	-8.99663e-06	1.49459e-05	-36.984	0.000448229	-2.50341e-06	0.000448229	-0.318	0.00255109	-0.000102997	0.002553	-2.304	0.00211908	-0.000115395	0.00212194	-3.114	-2.053879e-11
0.448	276			1.47783e-05	-9.00036e-06	1.73004e-05	-31.338	0.000428202	-5.9605e-07	0.000428202	-0.072	0.00253011	-0.000102044	0.00253202	-2.31	0.00212003	-0.000115395	0.00212385	-3.114	-1.957555e-11
0.446	277			2.60064e-05	-1.05426e-05	2.8059e-05	-22.062	0.0004375	-8.34469e-07	0.0004375	-0.102	0.00253107	-0.00010109	0.00253297	-2.274	0.00212289	-0.000116349	0.00212575	-3.126	-1.739766e-11
0.444	278			5.40691e-05	-1.18651e-05	5.53543e-05	-12.372	0.000472547	-3.6955e-06	0.000472547	-0.444	0.00254251	-0.000102997	0.00254442	-2.31	0.00212766	-0.000116349	0.00213052	-3.12	-1.723015e-11
0.442	279			8.64496e-05	-1.3344e-05	8.74703e-05	-8.772	0.000520948	-5.12603e-06	0.000520948	-0.558	0.002553	-0.000102997	0.00255491	-2.304	0.00212289	-0.000117302	0.00212575	-3.144	-2.016184e-11
0.44	280			0.000109539	-1.48416e-05	0.000110545	-7.716	0.000561599	-7.51021e-06	0.000561718	-0.762	0.00255491	-0.000102997	0.00255682	-2.298	0.00210764	-0.000116349	0.0021105	-3.15	-2.003617e-11
0.438	281			0.000117161	-1.39773e-05	0.000117988	-6.804	0.000576261	-7.62945e-06	0.000576261	-0.756	0.00254633	-0.000102997	0.00254823	-2.31	0.00209238	-0.000115395	0.00209619	-3.138	-1.752333e-11
0.436	282			0.000115894	-1.45734e-05	0.000116803	-7.164	0.000564698	-7.86787e-06	0.000564698	-0.798	0.00252534	-0.000102044	0.00252725	-2.298	0.00208093	-0.000115395	0.00208475	-3.15	-2.29679e-11
0.434	283			0.000109412	-1.34707e-05	0.000110239	-7.014	0.000533346	-6.55654e-06	0.000533465	-0.696	0.00249292	-0.00010109	0.00249483	-2.31	0.00207235	-0.000113488	0.00207616	-3.108	-2.380555e-11
0.432	284			0.000104666	-1.37538e-05	0.000105568	-7.488	0.000484468	-5.36445e-06	0.000484468	-0.624	0.00244047	-9.82289e-05	0.00244237	-2.298	0.00206567	-0.000112534	0.00206949	-3.102	-1.957555e-11
0.43	285			0.000100472	-1.39401e-05	0.000101433	-7.896	0.00044346	-4.05314e-06	0.00044346	-0.516	0.00238992	-9.63216e-05	0.00239183	-2.298	0.00205137	-0.000110627	0.00205423	-3.066	-2.242348e-11
0.428	286			8.9251e-05	-1.22786e-05	9.00929e-05	-7.83	0.000420095	-3.21867e-06	0.000420095	-0.426	0.00235941	-9.53679e-05	0.00236131	-2.298	0.0020342	-0.000109673	0.00203706	-3.078	-2.04969e-11
0.426	287			7.73449e-05	-1.16379e-05	7.82167e-05	-8.556	0.000409605	-3.81473e-06	0.000409605	-0.528	0.0023451	-9.44142e-05	0.00234701	-2.292	0.00201704	-0.000108719	0.0020199	-3.066	-2.171151e-11
0.424	288			6.16093e-05	-1.0416e-05	6.2481e-05	-9.594	0.000419261	-4.05314e-06	0.000419261	-0.546	0.00234891	-9.63216e-05	0.00235178	-2.34	0.00199606	-0.000107766	0.00199892	-3.078	-1.71464e-11
0.422	289			5.31303e-05	-1.08481e-05	5.42181e-05	-11.538	0.000446321	-4.17235e-06	0.000446321	-0.528	0.00235941	-9.53679e-05	0.00236131	-2.31	0.00196935	-0.000105381	0.00197221	-3.054	-2.326114e-11
0.42	290			4.96509e-05	-1.20551e-05	5.10963e-05	-13.644	0.000476839	-5.00682e-06	0.000476839	-0.6	0.00238515	-9.53679e-05	0.00238706	-2.274	0.00196077	-0.000106812	0.00196411	-3.114	-1.949173e-11
0.418	291			3.86389e-05	-1.12057e-05	4.02334e-05	-16.164	0.000501994	-6.31812e-06	0.000502113	-0.714	0.00241758	-9.72752e-05	0.00241949	-2.286	0.00195791	-0.000106812	0.00196077	-3.12	-2.305169e-11
0.416	292			2.72543e-05	-1.01999e-05	2.91021e-05	-20.502	0.000508074	-6.31812e-06	0.000508193	-0.708	0.00243379	-9.82289e-05	0.0024357	-2.286	0.00195743	-0.000106335	0.00196029	-3.102	-1.739764e-11
0.414	293			2.44455e-05	-1.04234e-05	2.65689e-05	-23.088	0.00050867	-6.19891e-06	0.000508789	-0.69	0.00243951	-9.82289e-05	0.00244142	-2.286	0.00195695	-0.000106335	0.00195982	-3.108	-1.785833e-11
0.412	294			3.40568e-05	-1.06246e-05	3.56736e-05	-17.316	0.000513677	-6.43733e-06	0.000513796	-0.714	0.00243665	-9.82289e-05	0.00243856	-2.286	0.00196077	-0.000105858	0.00196363	-3.084	-1.953363e-11
0.41	295			6.51483e-05	-1.25617e-05	6.63479e-05	-10.914	0.000502352	-6.0797e-06	0.000502352	-0.684	0.00239851	-9.53679e-05	0.00240041	-2.274	0.00196601	-0.000106812	0.00196888	-3.108	-1.978491e-11
0.408	296			0.000103377	-1.40593e-05	0.000104331	-7.74	0.000502948	-6.0797e-06	0.000503067	-0.684	0.00235178	-9.44142e-05	0.00235368	-2.286	0.00195886	-0.000107289	0.0019622	-3.126	-1.92405e-11
0.406	297			0.000119612	-1.34931e-05	0.000120372	-6.438	0.000502948	-6.19891e-06	0.000502948	-0.702	0.00231649	-9.34605e-05	0.0023184	-2.292	0.00193978	-0.000105381	0.00194264	-3.096	-2.317736e-11
0.404	298			0.000111253	-1.24723e-05	0.000111945	-6.396	0.000497703	-6.19891e-06	0.000497703	-0.708	0.00230505	-9.25069e-05	0.00230695	-2.286	0.00192357	-0.000103474	0.00192643	-3.072	-2.032941e-11
0.402	299			0.000103996	-1.24202e-05	0.000104733	-6.81	0.000496034	-5.96049e-06	0.000496153	-0.684	0.00230505	-9.15532e-05	0.00230695	-2.268	0.00191546	-0.000103474	0.00191785	-3.09	-2.326109e-11
0.4	300			9.76329e-05	-1.30311e-05	9.84971e-05	-7.602	0.000501279	-6.91417e-06	0.000501398	-0.78	0.00230886	-9.25069e-05	0.00231077	-2.28	0.00190879	-0.000104428	0.00191117	-3.12	-2.158585e-11
0.398	301			9.67835e-05	-1.35899e-05	9.77297e-05	-7.992	0.000513081	-6.19891e-06	0.000513081	-0.684	0.00230981	-9.15532e-05	0.00231172	-2.244	0.00189782	-0.000104428	0.00190068	-3.15	-2.250723e-11
0.396	302			9.28869e-05	-1.19061e-05	9.36468e-05	-7.302	0.000520948	-6.31812e-06	0.000521068	-0.684	0.00230791	-9.25069e-05	0.00230981	-2.28	0.00188494	-0.000102997	0.00188781	-3.12	-1.999428e-11
0.394	303			8.4192e-05	-1.22935e-05	8.50861e-05	-8.304	0.00052214	-6.43733e-06	0.00052226	-0.702	0.00230505	-9.15532e-05	0.00230695	-2.25	0.00187112	-0.000102044	0.0018735	-3.108	-1.80678e-11
0.392	304			7.30311e-05	-1.05724e-05	7.3791e-05	-8.232	0.00051165	-6.91417e-06	0.000511769	-0.768	0.00228311	-9.15532e-05	0.00228502	-2.274	0.00185014	-0.000100136	0.00185252	-3.084	-1.844472e-11
0.39	305			6.71973e-05	-1.13026e-05	6.81435e-05	-9.546	0.000476005	-5.36445e-06	0.000476005	-0.642	0.00223447	-8.86922e-05	0.00223638	-2.274	0.00183106	-0.000100136	0.00183345	-3.114	-1.643439e-11
0.388	306			6.13038e-05	-9.76032e-06	6.20713e-05	-9.042	0.00042689	-4.7684e-06	0.00042689	-0.624	0.00218107	-8.86922e-05	0.00218298	-2.31	0.00182153	-9.77521e-05	0.00182391	-3.06	-2.280041e-11
0.386	307			5.53431e-05	-1.00509e-05	5.62447e-05	-10.29	0.000390174	-3.6955e-06	0.000390174	-0.528	0.00215055	-8.67848e-05	0.00215246	-2.286	0.00181914	-9.77521e-05	0.00182153	-3.06	-2.49783e-11
0.384	308			4.9718e-05	-9.69326e-06	5.06493e-05	-11.028	0.00037563	-2.02657e-06	0.00037563	-0.306	0.00214197	-8.58312e-05	0.00214387	-2.28	0.00181962	-9.72752e-05	0.00182248	-3.054	-1.940795e-11
0.382	309			6.26822e-05	-1.01701e-05	6.35018e-05	-9.21	0.000386121	-3.09946e-06	0.000386121	-0.456	0.00214292	-8.58312e-05	0.00214483	-2.28	0.00182248	-9.77521e-05	0.00182534	-3.066	-1.819342e-11
0.38	310			9.36543e-05	-1.1921e-05	9.44068e-05	-7.254	0.000432612	-5.60287e-06	0.000432612	-0.744	0.0021515	-8.67848e-05	0.00215341	-2.304	0.00181771	-9.82289e-05	0.00182009	-3.084	-2.468501e-11
0.378	311			0.000104718	-1.32546e-05	0.000105553	-7.212	0.000473501	-6.79496e-06	0.000473501	-0.816	0.00215913	-8.67848e-05	0.00216104	-2.28	0.0017953	-9.67984e-05	0.00179816	-3.084	-2.288415e-11
0.376	312			9.23206e-05	-1.32546e-05	9.32668e-05	-8.172	0.000463368	-5.24524e-06	0.000463368	-0.642	0.00214578	-8.48775e-05	0.00214769	-2.238	0.00177909	-9.72752e-05	0.00178147	-3.12	-1.785833e-11
0.374	313			8.63676e-05	-1.22786e-05	8.72319e-05	-8.088	0.000455024	-4.7684e-06	0.000455024	-0.588	0.00214101	-8.39238e-05	0.00214292	-2.226	0.00177575	-9.63216e-05	0.00177813	-3.096	-2.397305e-11
0.372	314			8.78652e-05	-1.14143e-05	8.86028e-05	-7.398	0.000440123	-5.00682e-06	0.000440123	-0.654	0.00212003	-8.39238e-05	0.00212099	-2.25	0.00177193	-9.53679e-05	0.0017748	-3.078	-2.095765e-11
0.37	315			9.08975e-05	-1.19061e-05	9.16724e-05	-7.458	0.000437262	-3.93394e-06	0.000437262	-0.504	0.00210573	-8.39238e-05	0.00210764	-2.262	0.00176383	-9.58447e-05	0.00176621	-3.102	-2.250724e-11
0.368	316			9.25143e-05	-1.24947e-05	9.33562e-05	-7.692	0.000455262	-4.7684e-06	0.000455262	-0.588	0.00211145	-8.20165e-05	0.0021124	-2.22	0.00175381	-9.44142e-05	0.0017562	-3.078	-2.045506e-11
0.366	317			9.04729e-05	-1.13398e-05	9.11807e-05	-7.14	0.000482084	-5.36445e-06	0.000482084	-0.636	0.00212671	-8.39238e-05	0.00212766	-2.244	0.00173999	-9.44142e-05	0.00174285	-3.09	-2.02875e-11
0.364	318			8.22623e-05	-1.01627e-05	8.28807e-05	-7.038	0.000499252	-7.15259e-06	0.000499252	-0.816	0.00213052	-8.48775e-05	0.00213243	-2.274	0.00171901	-9.25069e-05	0.00172139	-3.072	-2.120891e-11
0.362	319			7.53109e-05	-1.13175e-05	7.61603e-05	-8.544	0.000502471	-7.15259e-06	0.00050259	-0.804	0.00212957	-8.39238e-05	0.00213052	-2.238	0.00170518	-9.15532e-05	0.00170756	-3.066	-2.351238e-11
0.36	320			7.01253e-05	-1.01477e-05	7.08629e-05	-8.232	0.000493888	-7.15259e-06	0.000493888	-0.828	0.00212099	-8.39238e-05	0.00212194	-2.25	0.00169993	-9.203e-05	0.00170232	-3.084	-1.810969e-11
0.358	321			6.91419e-05	-1.0483e-05	6.99242e-05	-8.616	0.00047362	-5.72208e-06	0.00047374	-0.684	0.00210382	-8.29701e-05	0.00210477	-2.25	0.00170184	-9.15532e-05	0.00170422	-3.072	-1.882166e-11
0.356	322			9.35574e-05	-1.23904e-05	9.43695e-05	-7.542	0.000449421	-5.96049e-06	0.00044954	-0.75	0.00205804	-8.01091e-05	0.002059	-2.226	0.00170708	-9.15532e-05	0.00170947	-3.06	-1.894728e-11
0.354	323			0.000114322	-1.20253e-05	0.000114955	-6.0	0.000422599	-6.31812e-06	0.000422718	-0.84	0.00199701	-7.91554e-05	0.00199796	-2.256	0.00169516	-9.05995e-05	0.00169755	-3.048	-2.225599e-11
0.352	324			9.48017e-05	-1.09971e-05	9.54275e-05	-6.618	0.000374081	-4.41077e-06	0.000374081	-0.672	0.00194693	-7.62944e-05	0.00194836	-2.232	0.00167323	-8.86922e-05	0.00167561	-3.03	-2.058067e-11
0.35	325			7.86562e-05	-1.00434e-05	7.9297e-05	-7.272	0.000347616	-3.21867e-06	0.000347616	-0.516	0.00192834	-7.67712e-05	0.00192977	-2.268	0.00166178	-8.82153e-05	0.00166417	-3.03	-1.785838e-11
0.348	326			7.62423e-05	-9.94658e-06	7.6883e-05	-7.428	0.000350477	-2.50341e-06	0.000350477	-0.402	0.00192548	-7.58176e-05	0.00192691	-2.25	0.00165463	-8.86922e-05	0.00165702	-3.054	-2.309357e-11
0.346	327			8.08244e-05	-1.07512e-05	8.15396e-05	-7.572	0.00036812	-3.33787e-06	0.00036812	-0.51	0.00193024	-7.58176e-05	0.00193167	-2.244	0.00164653	-8.77385e-05	0.00164843	-3.048	-1.982681e-11
0.344	328			8.75299e-05	-1.16975e-05	8.83047e-05	-7.608	0.000395657	-3.81473e-06	0.000395657	-0.552	0.00194264	-7.62944e-05	0.00194407	-2.238	0.00163747	-8.86922e-05	0.00163985	-3.09	-2.539704e-11
0.342	329			9.37586e-05	-1.09971e-05	9.43993e-05	-6.69	0.000420691	-4.88761e-06	0.000420691	-0.666	0.00194741	-7.62944e-05	0.00194884	-2.232	0.00162555	-8.67848e-05	0.00162745	-3.054	-2.305165e-11
0.34	330			9.21492e-05	-1.09301e-05	9.27974e-05	-6.762	0.000436427	-5.96049e-06	0.000436427	-0.768	0.00195075	-7.67712e-05	0.00195218	-2.238	0.00160933	-8.67848e-05	0.00161172	-3.072	-1.840283e-11
0.338	331			8.5548e-05	-1.12579e-05	8.62856e-05	-7.494	0.000450494	-6.31812e-06	0.000450494	-0.798	0.0019622	-7.67712e-05	0.00196315	-2.238	0.00159932	-8.72617e-05	0.0016017	-3.114	-2.024563e-11
0.336	332			8.69487e-05	-1.04309e-05	8.75671e-05	-6.84	0.000461103	-6.67575e-06	0.000461103	-0.828	0.00196935	-7.67712e-05	0.00197078	-2.226	0.00159646	-8.53543e-05	0.00159884	-3.048	-2.083198e-11
0.334	333			0.00010188	-1.15336e-05	0.000102528	-6.456	0.000470879	-6.79496e-06	0.000470879	-0.822	0.00196745	-7.67712e-05	0.00196888	-2.232	0.0015998	-8.53543e-05	0.00160218	-3.054	-1.995245e-11
0.332	334			0.000106641	-1.21147e-05	0.000107326	-6.48	0.000475885	-6.79496e-06	0.000475885	-0.81	0.00195409	-7.53407e-05	0.00195552	-2.208	0.00158788	-8.53543e-05	0.00159026	-3.078	-1.932423e-11
0.33	335			8.24337e-05	-1.09077e-05	8.31564e-05	-7.536	0.000445129	-5.00682e-06	0.000445129	-0.636	0.00192929	-7.53407e-05	0.00193072	-2.226	0.00157023	-8.44006e-05	0.00157262	-3.072	-2.502014e-11
0.328	336			7.22636e-05	-1.03042e-05	7.30013e-05	-8.112	0.000404717	-4.88761e-06	0.000404717	-0.678	0.00189114	-7.39102e-05	0.0018921	-2.232	0.00156117	-8.39238e-05	0.00156356	-3.066	-1.702076e-11
0.326	337			7.73002e-05	-1.04234e-05	7.80006e-05	-7.674	0.000354888	-3.21867e-06	0.000354888	-0.516	0.00183154	-7.20029e-05	0.00183249	-2.238	0.0015564	-8.3447e-05	0.00155879	-3.054	-2.502011e-11
0.324	338			8.54363e-05	-1.05277e-05	8.60845e-05	-7.026	0.000335338	-2.50341e-06	0.000335338	-0.42	0.00179387	-7.05724e-05	0.0017953	-2.244	0.00154782	-8.20165e-05	0.00155021	-3.018	-1.651813e-11
0.322	339			9.30284e-05	-1.04309e-05	9.36096e-05	-6.396	0.000342013	-3.33787e-06	0.000342013	-0.558	0.00177813	-7.05724e-05	0.00177956	-2.262	0.00153447	-8.20165e-05	0.00153685	-3.048	-1.697885e-11
0.32	340			9.70443e-05	-1.08332e-05	9.76478e-05	-6.366	0.000357749	-4.17235e-06	0.000357749	-0.66	0.0017748	-7.00955e-05	0.00177575	-2.244	0.00151778	-8.20165e-05	0.00152016	-3.078	-2.150202e-11
0.318	341			9.26633e-05	-1.12728e-05	9.33488e-05	-6.93	0.000370385	-4.17235e-06	0.000370385	-0.642	0.00178052	-6.91419e-05	0.00178195	-2.22	0.00150491	-8.01091e-05	0.00150681	-3.042	-1.844468e-11
0.316	342			9.52189e-05	-1.09748e-05	9.58522e-05	-6.576	0.00037873	-4.05314e-06	0.00037873	-0.606	0.00178529	-7.00955e-05	0.00178672	-2.244	0.001503	-8.10628e-05	0.00150491	-3.072	-1.919857e-11
0.314	343			0.000106581	-1.12281e-05	0.000107162	-6.012	0.00039983	-5.84128e-06	0.000399949	-0.822	0.00179482	-7.00955e-05	0.00179625	-2.22	0.00150157	-8.01091e-05	0.00150348	-3.048	-1.605745e-11
0.312	344			8.54437e-05	-1.10269e-05	8.61515e-05	-7.35	0.000407817	-5.60287e-06	0.000407936	-0.78	0.00180579	-7.00955e-05	0.00180722	-2.208	0.00148583	-8.01091e-05	0.00148822	-3.066	-1.743953e-11
0.31	345			6.77709e-05	-1.01403e-05	6.85235e-05	-8.502	0.000404002	-5.24524e-06	0.000404002	-0.738	0.00180865	-7.00955e-05	0.00181008	-2.214	0.00147486	-7.91554e-05	0.00147677	-3.066	-1.781649e-11
0.308	346			6.84639e-05	-9.48465e-06	6.91121e-05	-7.884	0.000404837	-3.81473e-06	0.000404837	-0.528	0.00180484	-7.00955e-05	0.00180579	-2.22	0.00147057	-7.86786e-05	0.00147248	-3.06	-2.192086e-11
0.306	347			7.809e-05	-1.03266e-05	7.87755e-05	-7.53	0.000411632	-5.24524e-06	0.000411632	-0.714	0.00179435	-6.91419e-05	0.00179578	-2.202	0.00146294	-7.86786e-05	0.00146485	-3.066	-2.112512e-11
0.304	348			8.98694e-05	-1.01328e-05	9.04431e-05	-6.426	0.000409009	-4.88761e-06	0.000409009	-0.684	0.00176955	-6.8665e-05	0.0017705	-2.22	0.00145293	-7.82018e-05	0.00145484	-3.072	-2.275856e-11
0.302	349			9.5353e-05	-1.06842e-05	9.5949e-05	-6.39	0.000379207	-4.29156e-06	0.000379207	-0.642	0.00171757	-6.67577e-05	0.00171901	-2.22	0.00143815	-7.67712e-05	0.00144053	-3.048	-2.292605e-11
0.3	350			9.59639e-05	-9.70071e-06	9.64557e-05	-5.772	0.000347735	-5.36445e-06	0.000347855	-0.876	0.00167371	-6.62808e-05	0.00167514	-2.256	0.0014248	-7.53407e-05	0.00142718	-3.024	-2.058068e-11
0.298	351			0.000101254	-1.07885e-05	0.000101828	-6.078	0.000331046	-3.57629e-06	0.000331046	-0.6	0.00165034	-6.43735e-05	0.00165177	-2.22	0.00142241	-7.53407e-05	0.00142432	-3.018	-1.630878e-11
0.296	352			9.20151e-05	-9.35799e-06	9.24845e-05	-5.802	0.00031531	-2.14578e-06	0.00031531	-0.378	0.00163079	-6.34198e-05	0.00163222	-2.22	0.00141192	-7.48639e-05	0.00141383	-3.024	-1.982682e-11
0.294	353			6.08864e-05	-8.67998e-06	6.14976e-05	-8.112	0.000297429	-2.14578e-06	0.000297429	-0.408	0.00162507	-6.34198e-05	0.0016265	-2.22	0.00139142	-7.43871e-05	0.00139333	-3.042	-1.932422e-11
0.292	354			5.59839e-05	-8.70979e-06	5.66619e-05	-8.838	0.000316145	-1.31131e-06	0.000316145	-0.228	0.00164414	-6.2943e-05	0.00164557	-2.184	0.0013857	-7.34334e-05	0.0013876	-3.03	-1.806778e-11
0.29	355			6.66757e-05	-8.43412e-06	6.72047e-05	-7.206	0.000357868	-2.86104e-06	0.000357868	-0.45	0.00167323	-6.34198e-05	0.00167466	-2.166	0.00138379	-7.34334e-05	0.00138617	-3.03	-1.66438e-11
0.288	356			8.09585e-05	-8.96311e-06	8.14502e-05	-6.312	0.000389101	-5.24524e-06	0.000389101	-0.768	0.00168324	-6.48503e-05	0.00168467	-2.196	0.00137854	-7.34334e-05	0.00138045	-3.03	-2.527139e-11
0.286	357			9.16426e-05	-1.04607e-05	9.22387e-05	-6.51	0.000415089	-5.60287e-06	0.000415089	-0.774	0.00168515	-6.48503e-05	0.0016861	-2.196	0.00136376	-7.34334e-05	0.00136567	-3.078	-2.263291e-11
0.284	358			9.2343e-05	-1.03489e-05	9.29167e-05	-6.396	0.000413897	-6.0797e-06	0.000413897	-0.84	0.0016718	-6.43735e-05	0.00167323	-2.202	0.00135279	-7.29566e-05	0.0013547	-3.072	-1.810964e-11
0.282	359			9.37884e-05	-9.73797e-06	9.4295e-05	-5.928	0.000370743	-4.29156e-06	0.000370743	-0.66	0.00162268	-6.34198e-05	0.00162411	-2.22	0.00134898	-7.20029e-05	0.00135089	-3.054	-1.668572e-11
0.28	360			7.75312e-05	-9.43994e-06	7.81049e-05	-6.936	0.000305058	-2.50341e-06	0.000305058	-0.462	0.00155879	-5.96049e-05	0.00156022	-2.178	0.00133467	-7.10492e-05	0.00133658	-3.042	-1.974301e-11
0.278	361			5.73175e-05	-8.41176e-06	5.79285e-05	-8.346	0.000264646	-7.15259e-07	0.000264646	-0.144	0.00152636	-5.81744e-05	0.00152732	-2.178	0.00132132	-7.00955e-05	0.00132323	-3.03	-2.468504e-11
0.276	362			5.76677e-05	-8.3e-06	5.82638e-05	-8.19	0.000256183	-1.1921e-07	0.000256183	-0.012	0.00151301	-5.81744e-05	0.00151397	-2.196	0.00131655	-6.96187e-05	0.00131799	-3.012	-2.347049e-11
0.274	363			6.62436e-05	-9.13447e-06	6.68769e-05	-7.848	0.000271561	-9.53682e-07	0.000271561	-0.18	0.00150967	-5.76975e-05	0.00151063	-2.172	0.00130654	-7.00955e-05	0.00130845	-3.054	-2.020372e-11
0.272	364			7.99526e-05	-9.36544e-06	8.04965e-05	-6.678	0.000328781	-2.50341e-06	0.000328781	-0.42	0.00154162	-5.9128e-05	0.00154258	-2.178	0.00129557	-6.91419e-05	0.00129748	-3.048	-1.429844e-11
0.27	365			8.7053e-05	-9.60386e-06	8.7582e-05	-6.294	0.000375034	-4.41077e-06	0.000375034	-0.672	0.00157119	-6.00817e-05	0.00157214	-2.172	0.00128556	-6.77113e-05	0.00128699	-3.012	-2.079015e-11
0.268	366			8.52724e-05	-9.03761e-06	8.57492e-05	-6.048	0.000384929	-5.00682e-06	0.000384929	-0.744	0.00157738	-6.00817e-05	0.00157834	-2.178	0.00127888	-6.81882e-05	0.00128079	-3.042	-2.426626e-11
0.266	367			6.73463e-05	-8.52352e-06	6.78902e-05	-7.212	0.000367763	-4.7684e-06	0.000367763	-0.738	0.00156356	-6.00817e-05	0.00156451	-2.184	0.00126649	-6.81882e-05	0.00126792	-3.072	-2.300984e-11
0.264	368			5.21245e-05	-7.73376e-06	5.26907e-05	-8.43	0.000319483	-2.02657e-06	0.000319483	-0.36	0.00151969	-5.81744e-05	0.00152064	-2.184	0.00125552	-6.67577e-05	0.00125743	-3.024	-1.944991e-11
0.262	369			5.7094e-05	-7.54747e-06	5.75858e-05	-7.53	0.000261666	-9.53682e-07	0.000261666	-0.192	0.00145484	-5.57902e-05	0.00145579	-2.19	0.00125218	-6.5804e-05	0.00125409	-3.0	-1.702076e-11
0.26	370			7.08704e-05	-8.3e-06	7.13621e-05	-6.678	0.000257852	1.1921e-07	0.000257852	0.042	0.00142623	-5.53133e-05	0.00142718	-2.208	0.00124265	-6.62808e-05	0.00124455	-3.042	-2.166961e-11
0.258	371			8.21878e-05	-8.17335e-06	8.25902e-05	-5.676	0.000270249	-1.31131e-06	0.000270249	-0.27	0.00141383	-5.43597e-05	0.00141478	-2.184	0.00122882	-6.43735e-05	0.00123025	-2.994	-2.166958e-11
0.256	372			7.88947e-05	-8.76939e-06	7.9379e-05	-6.342	0.000286581	-1.1921e-06	0.000286581	-0.228	0.00142289	-5.43597e-05	0.00142384	-2.172	0.0012169	-6.43735e-05	0.0012188	-3.012	-2.514585e-11
0.254	373			6.51856e-05	-8.55332e-06	6.57444e-05	-7.476	0.000315072	-2.74183e-06	0.000315072	-0.498	0.00145627	-5.57902e-05	0.00145722	-2.172	0.00120736	-6.43735e-05	0.00120879	-3.048	-1.9408e-11
0.252	374			4.98819e-05	-7.51021e-06	5.04407e-05	-8.556	0.000326397	-2.98025e-06	0.000326397	-0.504	0.001472	-5.48365e-05	0.00147296	-2.124	0.00119639	-6.43735e-05	0.00119782	-3.078	-2.811941e-11
0.25	375			5.20798e-05	-8.2255e-06	5.2728e-05	-8.97	0.000323774	-3.09946e-06	0.000323774	-0.528	0.00146533	-5.6267e-05	0.00146628	-2.19	0.00119448	-6.43735e-05	0.00119639	-3.066	-2.066448e-11
0.248	376			6.5193e-05	-8.67998e-06	6.57667e-05	-7.578	0.000308158	-2.62262e-06	0.000308158	-0.48	0.00142718	-5.38828e-05	0.00142813	-2.154	0.00118781	-6.34198e-05	0.00118972	-3.054	-2.108325e-11
0.246	377			7.85296e-05	-8.50117e-06	7.89915e-05	-6.174	0.00027311	-9.53682e-07	0.00027311	-0.198	0.00136424	-5.14986e-05	0.00136519	-2.154	0.00117303	-6.24661e-05	0.00117446	-3.024	-2.053881e-11
0.244	378			7.73002e-05	-8.62038e-06	7.77771e-05	-6.366	0.000256183	-2.26499e-06	0.000256183	-0.492	0.0013404	-5.14986e-05	0.00134135	-2.19	0.00116349	-6.15125e-05	0.0011654	-3.018	-2.405694e-11
0.242	379			6.05958e-05	-7.54747e-06	6.1058e-05	-7.098	0.000238539	-2.3842e-07	0.000238539	-0.03	0.00132705	-5.10218e-05	0.001328	-2.202	0.00115157	-6.05586e-05	0.00115348	-3.0	-2.380552e-11
0.24	380			4.44578e-05	-6.85456e-06	4.49794e-05	-8.766	0.000248315	-4.76841e-07	0.000248315	-0.09	0.0013423	-5.10218e-05	0.00134326	-2.16	0.00113965	-6.00817e-05	0.00114156	-3.012	-1.94917e-11
0.238	381			5.1752e-05	-7.81572e-06	5.23406e-05	-8.586	0.000291469	-1.66894e-06	0.000291469	-0.33	0.00137568	-5.10218e-05	0.00137664	-2.106	0.00113726	-6.10356e-05	0.00113917	-3.054	-2.271665e-11
0.236	382			6.7987e-05	-7.01848e-06	6.83446e-05	-5.886	0.000323894	-3.6955e-06	0.000323894	-0.636	0.00138045	-5.29292e-05	0.0013814	-2.184	0.0011282	-5.96049e-05	0.00112963	-3.012	-2.116702e-11
0.234	383			7.35675e-05	-8.38196e-06	7.40369e-05	-6.498	0.000309946	-2.62262e-06	0.000309946	-0.48	0.00134898	-5.14986e-05	0.00134993	-2.178	0.00111581	-6.05586e-05	0.00111724	-3.096	-1.781647e-11
0.232	384			6.28163e-05	-7.01848e-06	6.32037e-05	-6.372	0.000248196	-8.34469e-07	0.000248196	-0.186	0.00128747	-4.95913e-05	0.0012889	-2.19	0.00110627	-5.86512e-05	0.00110818	-3.018	-2.17952e-11
0.23	385			4.93007e-05	-6.60869e-06	4.97403e-05	-7.632	0.000212074	1.1921e-07	0.000212074	0.036	0.00125743	-4.81608e-05	0.00125838	-2.184	0.00109626	-5.76975e-05	0.00109721	-2.994	-1.660192e-11
0.228	386			5.12528e-05	-6.61614e-06	5.16775e-05	-7.35	0.000218512	-7.15259e-07	0.000218512	-0.156	0.001256	-4.86376e-05	0.00125695	-2.202	0.00109053	-5.67439e-05	0.00109149	-2.976	-2.137643e-11
0.226	387			6.2265e-05	-7.62197e-06	6.27344e-05	-6.978	0.000265481	-1.43052e-06	0.000265481	-0.3	0.00127745	-4.81608e-05	0.00127841	-2.148	0.00107671	-5.67439e-05	0.00107814	-3.012	-2.007812e-11
0.224	388			6.74357e-05	-8.20315e-06	6.79349e-05	-6.93	0.000304701	-3.33787e-06	0.000304701	-0.63	0.00130225	-5.00681e-05	0.0013032	-2.184	0.00106622	-5.67439e-05	0.00106812	-3.042	-2.581591e-11
0.222	389			5.63862e-05	-6.36282e-06	5.67439e-05	-6.438	0.000282766	-2.50341e-06	0.000282766	-0.486	0.00128127	-4.86376e-05	0.00128222	-2.16	0.00105763	-5.6267e-05	0.00105906	-3.03	-2.12927e-11
0.22	390			4.72369e-05	-6.46713e-06	4.76765e-05	-7.794	0.000225545	-3.5763e-07	0.000225545	-0.066	0.00122691	-4.57766e-05	0.00122786	-2.13	0.00105143	-5.53133e-05	0.00105286	-2.994	-1.819345e-11
0.218	391			5.57455e-05	-6.33302e-06	5.61106e-05	-6.474	0.000211597	3.5763e-07	0.000211597	0.108	0.00119735	-4.57766e-05	0.0011983	-2.166	0.00104476	-5.48365e-05	0.00104619	-2.994	-1.827722e-11
0.216	392			6.74506e-05	-6.80241e-06	6.77933e-05	-5.754	0.000237585	-1.07289e-06	0.000237585	-0.24	0.00119544	-4.48229e-05	0.00119639	-2.136	0.00102855	-5.3406e-05	0.00102998	-2.946	-2.187902e-11
0.214	393			6.0119e-05	-6.99612e-06	6.05287e-05	-6.636	0.000253679	-2.3842e-06	0.000253679	-0.528	0.00121022	-4.57766e-05	0.00121117	-2.16	0.00101758	-5.3406e-05	0.00101901	-2.982	-2.23816e-11
0.212	394			4.69836e-05	-5.62522e-06	4.73114e-05	-6.822	0.00025809	-1.54973e-06	0.00025809	-0.342	0.00121928	-4.62534e-05	0.00122023	-2.16	0.00100899	-5.3406e-05	0.00101043	-3.024	-2.14602e-11
0.21	395			5.22512e-05	-6.47458e-06	5.2646e-05	-7.062	0.000237347	-1.07289e-06	0.000237347	-0.24	0.00119115	-4.52998e-05	0.00119258	-2.16	0.00100756	-5.3406e-05	0.00100899	-3.03	-1.836098e-11
0.208	396			6.4448e-05	-7.79337e-06	6.49174e-05	-6.888	0.00022471	-2.3842e-07	0.00022471	-0.048	0.00115157	-4.33924e-05	0.00115205	-2.136	0.000992544	-5.26907e-05	0.000993736	-3.036	-2.732363e-11
0.206	397			6.44405e-05	-7.53257e-06	6.48801e-05	-6.66	0.000226737	-8.34469e-07	0.000226737	-0.186	0.00114251	-4.38693e-05	0.00114346	-2.19	0.000982292	-5.22139e-05	0.000983723	-3.03	-2.384745e-11
0.204	398			5.02246e-05	-5.3719e-06	5.05077e-05	-6.096	0.000218512	-1.43052e-06	0.000218512	-0.366	0.00113917	-4.38693e-05	0.00114013	-2.196	0.000972752	-5.0545e-05	0.000973944	-2.964	-1.764897e-11
0.202	399			5.03364e-05	-6.36282e-06	5.07312e-05	-7.2	0.000228406	-8.34469e-07	0.000228406	-0.186	0.00114442	-4.33924e-05	0.00114489	-2.148	0.000967745	-5.14986e-05	0.000969175	-3.048	-2.133455e-11
0.2	400			6.29579e-05	-6.53419e-06	6.33006e-05	-5.922	0.000245215	-1.31131e-06	0.000245215	-0.294	0.00113536	-4.29156e-05	0.00113583	-2.148	0.000956539	-5.0545e-05	0.000957731	-3.024	-2.012e-11
0.198	401			6.12666e-05	-6.51929e-06	6.16168e-05	-6.066	0.000221969	-8.34469e-07	0.000221969	-0.186	0.00110436	-4.10082e-05	0.00110484	-2.124	0.000943903	-4.98297e-05	0.000945095	-3.012	-2.422437e-11
0.196	402			5.23033e-05	-5.82638e-06	5.26237e-05	-6.348	0.000203014	-3.5763e-07	0.000203014	-0.096	0.00108767	-4.10082e-05	0.00108815	-2.142	0.000938419	-4.95913e-05	0.00093985	-3.018	-1.857037e-11
0.194	403			5.70642e-05	-7.01103e-06	5.74964e-05	-7.002	0.000212432	-4.76841e-07	0.000212432	-0.126	0.00108386	-4.00546e-05	0.00108434	-2.112	0.000930551	-4.93529e-05	0.000931982	-3.036	-1.949172e-11
0.192	404			6.29504e-05	-6.79496e-06	6.33155e-05	-6.156	0.000234486	-2.3842e-06	0.000234486	-0.57	0.00108481	-4.10082e-05	0.00108577	-2.166	0.000915293	-4.86376e-05	0.000916723	-3.03	-2.154396e-11
0.19	405			5.59988e-05	-6.7279e-06	5.64011e-05	-6.846	0.000218392	-3.5763e-07	0.000218392	-0.072	0.00106908	-4.00546e-05	0.00106955	-2.142	0.000907902	-4.81608e-05	0.000909332	-3.024	-1.815154e-11
0.188	406			5.48589e-05	-5.64012e-06	5.51494e-05	-5.868	0.000195802	5.9605e-07	0.000195802	0.186	0.00104333	-3.91009e-05	0.0010438	-2.124	0.000904564	-4.74455e-05	0.000905756	-2.994	-1.957552e-11
0.186	407			6.43437e-05	-6.39263e-06	6.46641e-05	-5.67	0.000214339	-4.17234e-07	0.000214339	-0.108	0.00103761	-3.91009e-05	0.00103808	-2.154	0.000890736	-4.67303e-05	0.000891928	-2.988	-1.743958e-11
0.184	408			5.921e-05	-6.63105e-06	5.95751e-05	-6.384	0.000212074	-1.72854e-06	0.000212074	-0.456	0.00102855	-3.8624e-05	0.0010295	-2.13	0.000878099	-4.62534e-05	0.000879291	-3.012	-1.995246e-11
0.182	409			5.20947e-05	-6.29577e-06	5.24747e-05	-6.888	0.000198246	5.96051e-08	0.000198246	0.018	0.00101901	-3.81472e-05	0.00101949	-2.136	0.000874046	-4.62534e-05	0.000875238	-3.024	-1.861226e-11
0.18	410			6.27493e-05	-6.0797e-06	6.30398e-05	-5.526	0.000203253	-1.01329e-06	0.000203253	-0.282	0.00100184	-3.81472e-05	0.0010028	-2.172	0.000865225	-4.52998e-05	0.000866417	-2.988	-1.932426e-11
0.178	411			6.26375e-05	-5.81148e-06	6.29057e-05	-5.298	0.000207962	-9.53682e-07	0.000207962	-0.246	0.000994928	-3.69551e-05	0.000995643	-2.118	0.000850204	-4.50613e-05	0.000851396	-3.018	-1.756518e-11
0.176	412			5.4002e-05	-5.90834e-06	5.43224e-05	-6.24	0.000184895	1.78815e-07	0.000184895	0.06	0.000973228	-3.60014e-05	0.000973944	-2.106	0.000844721	-4.41077e-05	0.000845913	-2.982	-2.217223e-11
0.174	413			6.09013e-05	-5.89344e-06	6.11846e-05	-5.52	0.00019914	-1.1921e-07	0.00019914	-0.018	0.000971083	-3.52862e-05	0.000971559	-2.076	0.000835899	-4.33924e-05	0.000837091	-2.97	-1.258125e-11
0.172	414			6.09981e-05	-5.357e-06	6.12368e-05	-5.016	0.000200928	-6.55655e-07	0.000200928	-0.174	0.000961307	-3.60014e-05	0.000962023	-2.136	0.000823978	-4.38693e-05	0.00082517	-3.03	-1.819344e-11
0.17	415			5.69748e-05	-5.10368e-06	5.71983e-05	-5.118	0.000181914	-2.98025e-07	0.000181914	-0.084	0.000942234	-3.50478e-05	0.000942949	-2.124	0.000819448	-4.24387e-05	0.000820402	-2.958	-2.137645e-11
0.168	416			6.11697e-05	-5.64012e-06	6.14305e-05	-5.268	0.000182749	-4.17234e-07	0.000182749	-0.126	0.000923876	-3.45709e-05	0.000924591	-2.136	0.000805382	-4.26772e-05	0.000806574	-3.018	-2.024562e-11
0.166	417			5.84202e-05	-6.75026e-06	5.88077e-05	-6.588	0.000191809	-8.34469e-07	0.000191809	-0.24	0.000928406	-3.36173e-05	0.000928883	-2.064	0.000795845	-4.22003e-05	0.000797037	-3.018	-1.986868e-11
0.164	418			5.79881e-05	-5.75188e-06	5.82712e-05	-5.658	0.000180901	4.17234e-07	0.000180901	0.15	0.00091124	-3.38557e-05	0.000911955	-2.118	0.000791077	-4.12466e-05	0.000792269	-2.976	-1.748145e-11
0.162	419			6.06703e-05	-5.45385e-06	6.09162e-05	-5.136	0.000175298	-6.55655e-07	0.000175298	-0.198	0.00088859	-3.26636e-05	0.000889305	-2.094	0.000776295	-4.0293e-05	0.000777248	-2.964	-2.024564e-11
0.16	420			5.40169e-05	-5.26014e-06	5.42703e-05	-5.562	0.000174285	-3.5763e-07	0.000174285	-0.108	0.000888828	-3.33788e-05	0.000889543	-2.148	0.000769619	-4.05314e-05	0.000770573	-3.0	-2.405686e-11
0.158	421			6.07597e-05	-5.08878e-06	6.09758e-05	-4.782	0.000180782	-8.34469e-07	0.000180782	-0.264	0.000876907	-3.19483e-05	0.000877384	-2.076	0.000760321	-4.00546e-05	0.000761274	-3.0	-2.359615e-11
0.156	422			5.6267e-05	-6.19146e-06	5.66097e-05	-6.276	0.000162722	1.78815e-07	0.000162722	0.084	0.000853781	-3.14715e-05	0.000854257	-2.1	0.000747446	-3.93393e-05	0.0007484	-3.0	-2.108327e-11
0.154	423			5.55443e-05	-5.45385e-06	5.58125e-05	-5.604	0.000168384	-7.74864e-07	0.000168384	-0.258	0.000852112	-3.19483e-05	0.000852827	-2.136	0.000741486	-3.91009e-05	0.000742439	-3.012	-1.802593e-11
0.152	424			5.75262e-05	-5.51346e-06	5.77944e-05	-5.472	0.000171007	-2.3842e-07	0.000171007	-0.078	0.000841144	-3.12331e-05	0.000841621	-2.112	0.000729565	-3.88625e-05	0.000730757	-3.048	-2.037124e-11
0.15	425			5.47396e-05	-5.24524e-06	5.4993e-05	-5.466	0.00015235	4.17234e-07	0.00015235	0.174	0.000818495	-3.05178e-05	0.000818972	-2.136	0.000723127	-3.83856e-05	0.000724081	-3.036	-1.857037e-11
0.148	426			5.58572e-05	-5.37935e-06	5.61106e-05	-5.496	0.000167907	2.98025e-07	0.000167907	0.114	0.000819448	-3.05178e-05	0.000819925	-2.118	0.000708107	-3.76704e-05	0.000709061	-3.042	-2.104137e-11
0.146	427			5.3637e-05	-4.96212e-06	5.38605e-05	-5.286	0.000151456	4.17234e-07	0.000151456	0.174	0.000799421	-3.00409e-05	0.000799898	-2.148	0.000703815	-3.69551e-05	0.000704769	-2.994	-2.401496e-11
0.144	428			5.45459e-05	-4.55978e-06	5.47322e-05	-4.77	0.000154258	2.3842e-07	0.000154258	0.096	0.000788692	-2.93256e-05	0.000789169	-2.118	0.000691894	-3.55246e-05	0.00069261	-2.922	-1.576426e-11
0.142	429			5.19457e-05	-4.87271e-06	5.21766e-05	-5.352	0.000149311	1.1921e-07	0.000149311	0.054	0.00078154	-2.93256e-05	0.000782017	-2.136	0.000685696	-3.62399e-05	0.000686649	-3.018	-2.037124e-11
0.14	430			5.44118e-05	-5.07387e-06	5.46502e-05	-5.322	0.000146271	7.15259e-07	0.000146271	0.3	0.000763182	-2.74183e-05	0.000763658	-2.052	0.000673059	-3.55246e-05	0.000674251	-3.018	-2.355427e-11
0.138	431			5.03885e-05	-4.66409e-06	5.06046e-05	-5.286	0.000143767	7.74864e-07	0.000143767	0.33	0.000757221	-2.74183e-05	0.000757698	-2.064	0.000665192	-3.48093e-05	0.000665907	-2.982	-1.999436e-11
0.136	432			5.16477e-05	-4.14255e-06	5.18116e-05	-4.584	0.000140668	2.98025e-07	0.000140668	0.138	0.000740293	-2.71798e-05	0.00074077	-2.088	0.00065494	-3.38557e-05	0.000655893	-2.94	-1.819343e-11
0.134	433			5.00011e-05	-3.93394e-06	5.01575e-05	-4.5	0.000138343	1.1921e-06	0.000138343	0.51	0.000731234	-2.6703e-05	0.000731949	-2.076	0.000645403	-3.36173e-05	0.000646118	-2.97	-2.254912e-11
0.132	434			4.96956e-05	-4.61194e-06	4.99042e-05	-5.298	0.000131489	1.66894e-06	0.000131489	0.744	0.000717167	-2.62262e-05	0.000717644	-2.076	0.000636343	-3.36173e-05	0.000637058	-3.012	-2.158587e-11
0.13	435			4.97999e-05	-4.88761e-06	5.00383e-05	-5.604	0.000136198	9.53682e-07	0.000136198	0.42	0.000709537	-2.59877e-05	0.000710014	-2.082	0.000625852	-3.38557e-05	0.000626568	-3.096	-1.974306e-11
0.128	436			4.85408e-05	-4.09785e-06	4.87121e-05	-4.818	0.000124336	7.74864e-07	0.000124336	0.384	0.00069261	-2.52725e-05	0.000693087	-2.082	0.000617985	-3.21867e-05	0.000618938	-2.976	-1.936613e-11
0.126	437			4.85259e-05	-4.03824e-06	4.86972e-05	-4.752	0.000128449	3.5763e-07	0.000128449	0.162	0.000686888	-2.52725e-05	0.000687603	-2.094	0.00060821	-3.17099e-05	0.000608925	-2.982	-1.622499e-11
0.124	438			4.73934e-05	-4.42567e-06	4.7602e-05	-5.328	0.000120819	1.90736e-06	0.000120819	0.93	0.000669006	-2.40804e-05	0.000669483	-2.052	0.000598434	-3.21867e-05	0.000599388	-3.078	-2.338675e-11
0.122	439			4.59107e-05	-4.71625e-06	4.61491e-05	-5.862	0.0001207	1.31131e-06	0.0001207	0.636	0.000662569	-2.3842e-05	0.000663046	-2.058	0.000589851	-3.07562e-05	0.000590567	-2.976	-1.898921e-11
0.12	440			4.62534e-05	-4.90251e-06	4.65142e-05	-6.048	0.000116587	1.66894e-06	0.000116587	0.834	0.000648741	-2.33651e-05	0.000649218	-2.046	0.000580076	-3.17099e-05	0.000580791	-3.126	-2.296791e-11
0.118	441			4.55382e-05	-3.53904e-06	4.56797e-05	-4.434	0.000113488	9.53682e-07	0.000113488	0.504	0.000635628	-2.31267e-05	0.000636104	-2.07	0.000569109	-3.00409e-05	0.000570063	-3.0	-2.154396e-11
0.116	442			4.527e-05	-3.61355e-06	4.54115e-05	-4.554	0.000114263	1.78815e-07	0.000114263	0.114	0.000626568	-2.31267e-05	0.000627283	-2.1	0.000560287	-2.88488e-05	0.000561003	-2.946	-2.003621e-11
0.114	443			4.44876e-05	-4.23941e-06	4.46888e-05	-5.436	0.000104785	5.9605e-07	0.000104785	0.348	0.000610832	-2.24115e-05	0.000611071	-2.094	0.000551704	-2.88488e-05	0.00055242	-2.976	-2.280041e-11
0.112	444			4.38544e-05	-4.38842e-06	4.40779e-05	-5.712	0.000109196	1.54973e-06	0.000109196	0.822	0.000606064	-2.14578e-05	0.000606541	-2.016	0.000541452	-2.88488e-05	0.000542406	-3.03	-1.890543e-11
0.11	445			4.38618e-05	-3.47944e-06	4.40034e-05	-4.524	0.000105381	3.5763e-07	0.000105381	0.216	0.000593428	-2.12194e-05	0.000593666	-2.028	0.000533108	-2.78951e-05	0.000533585	-2.988	-2.079013e-11
0.108	446			4.26176e-05	-3.48689e-06	4.27591e-05	-4.668	9.92422e-05	1.2517e-06	9.92422e-05	0.732	0.000576738	-2.12194e-05	0.000577215	-2.1	0.000523094	-2.76567e-05	0.000523809	-3.006	-2.464318e-11
0.106	447			4.18725e-05	-4.18726e-06	4.20811e-05	-5.706	9.9123e-05	1.60933e-06	9.9123e-05	0.966	0.000566963	-2.00273e-05	0.00056744	-2.004	0.000513081	-2.74183e-05	0.000513796	-3.048	-2.187899e-11
0.104	448			4.0971e-05	-3.41983e-06	4.11051e-05	-4.764	9.68878e-05	1.72854e-06	9.68878e-05	1.026	0.000557426	-1.88352e-05	0.000557665	-1.932	0.000503782	-2.69414e-05	0.000504259	-3.048	-2.363809e-11
0.102	449			3.97044e-05	-3.6359e-06	3.98683e-05	-5.232	9.22089e-05	1.04309e-06	9.22089e-05	0.654	0.000543837	-2.00273e-05	0.000544075	-2.106	0.000492815	-2.56301e-05	0.00049353	-2.976	-1.764899e-11
0.1	450			3.95181e-05	-3.18141e-06	3.96448e-05	-4.602	8.93478e-05	1.72854e-06	8.93776e-05	1.122	0.000531916	-1.85968e-05	0.000532392	-1.992	0.000484826	-2.57493e-05	0.000485541	-3.03	-1.764899e-11
0.098	451			3.91977e-05	-3.24102e-06	3.93318e-05	-4.722	8.72617e-05	1.1325e-06	8.72617e-05	0.744	0.00052071	-2.00273e-05	0.000520948	-2.178	0.000473263	-2.50341e-05	0.000473859	-3.024	-1.944993e-11
0.096	452			3.76108e-05	-3.56139e-06	3.77747e-05	-5.406	8.47881e-05	1.93717e-06	8.47881e-05	1.32	0.000510935	-1.76431e-05	0.000511173	-1.962	0.000465395	-2.52725e-05	0.00046611	-3.102	-1.877978e-11
0.094	453			3.80056e-05	-3.6359e-06	3.81845e-05	-5.46	8.30595e-05	1.96697e-06	8.30595e-05	1.368	0.000499491	-1.77623e-05	0.000499848	-2.022	0.000454905	-2.41996e-05	0.00045562	-3.036	-1.676945e-11
0.092	454			3.72531e-05	-3.32297e-06	3.74021e-05	-5.094	8.09436e-05	1.69874e-06	8.09734e-05	1.218	0.000488762	-1.7047e-05	0.000489	-1.986	0.000446917	-2.36036e-05	0.000447514	-3.012	-2.045502e-11
0.09	455			3.54203e-05	-3.02495e-06	3.5547e-05	-4.872	7.79931e-05	2.02657e-06	7.80229e-05	1.494	0.000477435	-1.72855e-05	0.000477793	-2.064	0.000437262	-2.33651e-05	0.000437858	-3.048	-1.995249e-11
0.088	456			3.48019e-05	-3.13671e-06	3.49435e-05	-5.142	7.58474e-05	1.04309e-06	7.58474e-05	0.792	0.000466825	-1.72855e-05	0.000467064	-2.112	0.000427606	-2.27691e-05	0.000428202	-3.036	-1.781649e-11
0.086	457			3.45188e-05	-3.23357e-06	3.46752e-05	-5.34	7.40592e-05	1.72854e-06	7.4089e-05	1.338	0.000456454	-1.62126e-05	0.000456812	-2.022	0.000419023	-2.16962e-05	0.000419499	-2.958	-2.028753e-11
0.084	458			3.32e-05	-2.06383e-06	3.32671e-05	-3.552	7.18837e-05	1.10269e-06	7.19135e-05	0.888	0.000443818	-1.60934e-05	0.000444056	-2.064	0.000408294	-2.11002e-05	0.000408771	-2.946	-1.861227e-11
0.082	459			3.26114e-05	-2.83869e-06	3.27306e-05	-4.968	6.93207e-05	2.29479e-06	6.93505e-05	1.902	0.000433804	-1.51396e-05	0.000434162	-1.986	0.000398638	-2.13386e-05	0.000399234	-3.06	-1.656004e-11
0.08	460			3.19781e-05	-2.414e-06	3.20675e-05	-4.314	6.61914e-05	2.11598e-06	6.62212e-05	1.83	0.000421884	-1.51396e-05	0.000422122	-2.052	0.000390174	-2.13386e-05	0.00039077	-3.12	-2.284231e-11
0.078	461			3.14119e-05	-3.0473e-06	3.15534e-05	-5.526	6.45821e-05	2.17558e-06	6.46119e-05	1.95	0.000410797	-1.28747e-05	0.000411035	-1.794	0.000379922	-2.03849e-05	0.000380399	-3.066	-1.894729e-11
0.076	462			3.00483e-05	-2.99515e-06	3.01973e-05	-5.688	6.09162e-05	1.1325e-06	6.0946e-05	1.068	0.000399949	-1.39475e-05	0.000400307	-1.992	0.000369431	-2.00273e-05	0.000369908	-3.09	-1.505231e-11
0.074	463			2.9564e-05	-2.07873e-06	2.96385e-05	-4.014	5.82936e-05	1.78815e-06	5.83234e-05	1.782	0.000389697	-1.45436e-05	0.000389935	-2.124	0.000360491	-1.89544e-05	0.000360968	-3.006	-2.095759e-11
0.072	464			2.87668e-05	-2.66732e-06	2.8886e-05	-5.28	5.69525e-05	2.02657e-06	5.70121e-05	2.046	0.000378491	-1.33515e-05	0.00037873	-2.004	0.000351788	-1.9312e-05	0.000352265	-3.126	-1.568055e-11
0.07	465			2.71798e-05	-1.66149e-06	2.7232e-05	-3.492	5.53133e-05	1.87755e-06	5.53431e-05	1.95	0.000368001	-1.33515e-05	0.000368239	-2.064	0.000340702	-1.75239e-05	0.000341179	-2.934	-2.363804e-11
0.068	466			2.65763e-05	-3.26337e-06	2.67775e-05	-6.99	5.36742e-05	1.72854e-06	5.3704e-05	1.848	0.000356676	-1.26362e-05	0.000356914	-2.01	0.000331284	-1.84776e-05	0.000331761	-3.18	-2.179526e-11
0.066	467			2.69936e-05	-2.9728e-06	2.71575e-05	-6.27	5.16179e-05	2.53321e-06	5.17073e-05	2.826	0.000345947	-1.16826e-05	0.000346066	-1.92	0.000321152	-1.76431e-05	0.000321629	-3.138	-1.760707e-11
0.064	468			2.56599e-05	-2.08618e-06	2.57493e-05	-4.632	4.83694e-05	2.9877e-06	4.84588e-05	3.54	0.000335338	-1.12057e-05	0.000335576	-1.902	0.000314238	-1.76431e-05	0.000314714	-3.192	-1.752334e-11
0.062	469			2.56078e-05	-1.96697e-06	2.56823e-05	-4.374	4.5635e-05	2.65987e-06	4.5717e-05	3.336	0.000323774	-1.10865e-05	0.000324013	-1.944	0.000303747	-1.7047e-05	0.000304224	-3.204	-1.974304e-11
0.06	470			2.35887e-05	-1.02819e-06	2.3611e-05	-2.49	4.54711e-05	2.55556e-06	4.55382e-05	3.222	0.000313284	-1.10865e-05	0.000313522	-2.022	0.000293972	-1.6451e-05	0.000294449	-3.192	-2.112514e-11
0.058	471			2.24338e-05	-1.89245e-06	2.25158e-05	-4.806	4.29752e-05	2.16813e-06	4.30273e-05	2.892	0.000302436	-9.5368e-06	0.000302555	-1.806	0.000283362	-1.57357e-05	0.00028372	-3.162	-1.635062e-11
0.056	472			2.3015e-05	-1.99677e-06	2.31044e-05	-4.95	4.0889e-05	2.74183e-06	4.09784e-05	3.846	0.000293018	-1.01328e-05	0.000293138	-1.968	0.000275971	-1.53781e-05	0.000276448	-3.168	-2.19628e-11
0.054	473			2.16739e-05	-1.51248e-06	2.1726e-05	-3.972	3.87358e-05	2.10853e-06	3.87954e-05	3.12	0.000280978	-1.01328e-05	0.000281217	-2.052	0.00026405	-1.39475e-05	0.000264408	-3.018	-2.016182e-11
0.052	474			2.06606e-05	-1.05054e-06	2.06904e-05	-2.898	3.72829e-05	1.69129e-06	3.73202e-05	2.598	0.000270845	-9.29838e-06	0.000270965	-1.956	0.00025654	-1.34707e-05	0.000256898	-2.988	-1.73558e-11
0.05	475			1.98708e-05	-1.98932e-06	1.99677e-05	-5.706	3.45188e-05	1.8105e-06	3.45709e-05	3.006	0.000259401	-8.82155e-06	0.00025964	-1.944	0.000244977	-1.38283e-05	0.000245335	-3.21	-2.296794e-11
0.048	476			1.90363e-05	-2.04147e-06	1.91481e-05	-6.114	3.27753e-05	3.01005e-06	3.29169e-05	5.25	0.000249626	-7.74866e-06	0.000249745	-1.776	0.000237704	-1.32323e-05	0.000238062	-3.18	-2.133454e-11
0.046	477			1.85781e-05	-1.51993e-06	1.86415e-05	-4.668	3.1099e-05	2.19794e-06	3.11809e-05	4.044	0.000238896	-7.51021e-06	0.000239016	-1.788	0.000228525	-1.20402e-05	0.000228883	-2.988	-1.651815e-11
0.044	478			1.80044e-05	-1.65031e-06	1.8079e-05	-5.226	2.99067e-05	2.51086e-06	3.00185e-05	4.806	0.000228406	-8.10629e-06	0.000228644	-2.004	0.000218392	-1.28747e-05	0.00021875	-3.372	-2.003617e-11
0.042	479			1.87756e-05	-1.54228e-06	1.88389e-05	-4.686	2.82304e-05	2.99515e-06	2.83868e-05	6.066	0.000217439	-7.2718e-06	0.000217558	-1.896	0.000209928	-1.27555e-05	0.000210286	-3.468	-2.213028e-11
0.04	480			1.66335e-05	-5.43896e-07	1.66447e-05	-1.872	2.60548e-05	2.78653e-06	2.62038e-05	6.12	0.00020671	-7.03338e-06	0.000206829	-1.92	0.000199319	-1.12057e-05	0.000199557	-3.216	-2.087384e-11
0.038	481			1.65255e-05	-6.48204e-07	1.65367e-05	-2.238	2.47658e-05	2.78653e-06	2.49223e-05	6.42	0.000195147	-6.43733e-06	0.000195266	-1.878	0.000188709	-1.05501e-05	0.000189007	-3.186	-2.05388e-11
0.036	482			1.60412e-05	-8.67996e-07	1.60636e-05	-3.09	2.38494e-05	3.22612e-06	2.40655e-05	7.716	0.00018555	-5.42405e-06	0.00018561	-1.656	0.000178278	-1.04905e-05	0.000178576	-3.36	-2.108323e-11
0.034	483			1.56501e-05	-1.41934e-06	1.57134e-05	-5.172	2.19644e-05	1.49012e-06	2.20166e-05	3.888	0.000175239	-5.30484e-06	0.000175298	-1.734	0.000169278	-9.95403e-06	0.000169576	-3.348	-1.630872e-11
0.032	484			1.50353e-05	-1.70992e-06	1.51322e-05	-6.474	2.1346e-05	1.7956e-06	2.14205e-05	4.818	0.000166715	-5.30484e-06	0.000166834	-1.818	0.000159861	-9.83482e-06	0.000160159	-3.51	-1.995246e-11
0.03	485			1.43797e-05	-1.30758e-06	1.44393e-05	-5.19	1.98336e-05	2.9728e-06	2.00571e-05	8.544	0.000155152	-5.18563e-06	0.000155211	-1.896	0.000150681	-8.94075e-06	0.000150979	-3.39	-1.702074e-11
0.028	486			1.26735e-05	-7.59963e-07	1.26958e-05	-3.414	1.89767e-05	2.68967e-06	1.91667e-05	8.064	0.000144781	-4.7684e-06	0.00014484	-1.884	0.000142337	-8.40431e-06	0.000142575	-3.366	-2.162772e-11
0.026	487			1.3195e-05	-5.81149e-07	1.32062e-05	-2.514	1.77027e-05	2.14951e-06	1.78331e-05	6.924	0.000134886	-3.51669e-06	0.000134946	-1.47	0.000132681	-8.52352e-06	0.000132979	-3.648	-2.183711e-11
0.024	488			1.30162e-05	-5.40171e-07	1.30274e-05	-2.376	1.66224e-05	1.80677e-06	1.67192e-05	6.216	0.000125111	-4.17235e-06	0.000125171	-1.89	0.000122608	-7.80827e-06	0.000122846	-3.636	-1.647625e-11
0.022	489			1.28672e-05	-9.87209e-07	1.29045e-05	-4.386	1.489e-05	2.24264e-06	1.50577e-05	8.568	0.000114799	-3.09946e-06	0.000114859	-1.53	0.000112951	-7.15259e-06	0.00011319	-3.594	-2.083196e-11
0.02	490			1.19359e-05	-5.10368e-07	1.19433e-05	-2.448	1.60673e-05	1.1921e-06	1.6112e-05	4.248	0.000106574	-3.57629e-06	0.000106693	-1.896	0.000103355	-6.67575e-06	0.000103534	-3.672	-2.393117e-11
0.018	491			1.13436e-05	-9.61132e-07	1.13845e-05	-4.836	1.38358e-05	2.62634e-06	1.40817e-05	10.752	9.72752e-05	-2.62262e-06	9.7305e-05	-1.542	9.46228e-05	-6.58634e-06	9.48613e-05	-3.966	-1.848663e-11
0.016	492			1.11871e-05	-7.89765e-07	1.12132e-05	-4.02	1.43462e-05	3.18514e-06	1.46963e-05	12.522	8.77087e-05	-1.90736e-06	8.77385e-05	-1.23	8.52053e-05	-6.25852e-06	8.54437e-05	-4.194	-1.823531e-11
0.014	493			1.131e-05	2.68223e-07	1.13138e-05	1.368	1.36346e-05	3.07338e-06	1.39773e-05	12.714	7.80826e-05	-1.43052e-06	7.80826e-05	-1.038	7.76057e-05	-5.39425e-06	7.77845e-05	-3.954	-2.192085e-11
0.012	494			1.11126e-05	-9.16425e-07	1.11461e-05	-4.698	1.28933e-05	2.84241e-06	1.32025e-05	12.432	6.76815e-05	-2.02657e-06	6.77113e-05	-1.704	6.57444e-05	-5.48366e-06	6.5953e-05	-4.752	-1.798399e-11
0.01	495			1.08407e-05	-2.86849e-07	1.08444e-05	-1.512	1.27741e-05	1.78815e-06	1.2897e-05	7.974	5.73399e-05	-1.81795e-06	5.73697e-05	-1.794	5.83234e-05	-4.7386e-06	5.85022e-05	-4.62	-2.393122e-11
0.008	496			1.05464e-05	-7.00358e-07	1.05724e-05	-3.798	1.14814e-05	2.40655e-06	1.1731e-05	11.85	4.65142e-05	-1.40817e-06	4.65366e-05	-1.734	4.56052e-05	-3.68805e-06	4.57542e-05	-4.62	-1.831907e-11
0.006	497			1.11722e-05	-6.07226e-07	1.11871e-05	-3.108	1.26102e-05	2.01167e-06	1.27704e-05	9.072	3.82366e-05	-1.86265e-07	3.82366e-05	-0.27	3.82664e-05	-3.57629e-06	3.84378e-05	-5.334	-2.028752e-11
0.004	498			1.16863e-05	-5.9605e-07	1.17049e-05	-2.904	1.28411e-05	1.73972e-06	1.29566e-05	7.716	2.6852e-05	1.1921e-07	2.6852e-05	0.258	2.69787e-05	-2.03402e-06	2.70532e-05	-4.308	-2.8245e-11
0.002	499			1.15261e-05	1.26661e-07	1.15261e-05	0.648	1.39699e-05	2.27617e-06	1.41524e-05	9.252	1.66149e-05	7.33886e-07	1.66298e-05	2.538	1.55346e-05	-2.22029e-06	1.5691e-05	-8.118	-2.430815e-11
0.0	500			1.25208e-05	8.27018e-07	1.25468e-05	3.792	1.25357e-05	1.71737e-06	1.26511e-05	7.812	6.35724e-06	2.45871e-07	6.36189e-06	2.22	6.60311e-06	-1.65962e-06	6.80893e-06	-14.106	-2.326107e-11
