variable x	variable x count			lockin1 x	lockin1 y	lockin1 r	lockin1 phi	lockin2 x	lockin2 y	lockin2 r	lockin2 phi	lockin3 x	lockin3 y	lockin3 r	lockin3 phi	smu1 meas	


0.6	0			0.00106002	-0.00010252	0.00106526	-5.514	-0.003912	0.000227929	0.00391772	176.664	0.00179911	-2.90872e-05	0.00179959	-0.924	-2.154396e-11
0.595	1			0.0009594	-9.48911e-05	0.00096393	-5.646	-0.003912	0.000226022	0.00391772	176.682	0.0017891	-2.81335e-05	0.00178958	-0.894	-2.146021e-11
0.59	2			0.000875	-8.86922e-05	0.00087953	-5.772	-0.00391105	0.000226022	0.00391677	176.682	0.0017829	-2.90872e-05	0.00178338	-0.918	-1.785835e-11
0.585	3			0.000915769	-9.13148e-05	0.000920061	-5.682	-0.00391105	0.000226975	0.00391677	176.67	0.00177623	-2.81335e-05	0.0017767	-0.894	-2.158581e-11
0.58	4			0.0009172	-9.15532e-05	0.00092173	-5.694	-0.00391105	0.000226022	0.00391677	176.682	0.00177289	-2.86103e-05	0.00177336	-0.918	-2.221405e-11
0.575	5			0.000869755	-8.84538e-05	0.000874046	-5.796	-0.003912	0.000226975	0.00391772	176.676	0.00177241	-2.90872e-05	0.00177289	-0.936	-2.338673e-11
0.57	6			0.000863794	-8.82153e-05	0.000868324	-5.814	-0.00391296	0.000226022	0.00391868	176.682	0.00177146	-2.90872e-05	0.00177193	-0.924	-1.743953e-11
0.565	7			0.00090361	-9.15532e-05	0.000908379	-5.772	-0.00391582	0.000226022	0.00392154	176.688	0.00177336	-2.90872e-05	0.00177384	-0.924	-2.275854e-11
0.56	8			0.000880007	-8.94074e-05	0.000884537	-5.796	-0.00391868	0.000227929	0.0039244	176.67	0.00177384	-2.6703e-05	0.00177432	-0.864	-1.769083e-11
0.555	9			0.000892166	-9.01227e-05	0.000896696	-5.76	-0.0039244	0.000227929	0.00393012	176.676	0.00178195	-2.76567e-05	0.00178242	-0.876	-2.250717e-11
0.55	10			0.000803951	-8.44006e-05	0.000808243	-5.988	-0.00393203	0.000227929	0.00393775	176.682	0.00179244	-2.90872e-05	0.00179292	-0.924	-2.125077e-11
0.545	11			0.000796083	-8.46391e-05	0.000800613	-6.06	-0.00394443	0.000228883	0.00395015	176.67	0.00181819	-3.05178e-05	0.00181819	-0.954	-1.806778e-11
0.54	12			0.000841144	-8.72617e-05	0.000845674	-5.916	-0.00397113	0.000229836	0.00397685	176.676	0.00187875	-3.38557e-05	0.00187922	-1.026	-2.31773e-11
0.535	13			0.000939373	-9.41758e-05	0.000944141	-5.724	-0.00401786	0.000232697	0.00402358	176.676	0.0019455	-3.76704e-05	0.0019455	-1.11	-1.965926e-11
0.53	14			0.000945095	-9.63216e-05	0.000950102	-5.808	-0.00408462	0.00023842	0.00409034	176.652	0.00191403	-3.62399e-05	0.00191451	-1.08	-2.334484e-11
0.525	15			0.000956062	-9.656e-05	0.000960831	-5.754	-0.00414565	0.000241281	0.00415233	176.67	0.00181819	-3.14715e-05	0.00181866	-0.978	-2.367991e-11
0.52	16			0.000909094	-9.48911e-05	0.000913862	-5.946	-0.00420478	0.000243188	0.00421146	176.688	0.00174809	-2.86103e-05	0.00174857	-0.93	-1.689507e-11
0.515	17			0.00082517	-8.9169e-05	0.000829939	-6.168	-0.00428584	0.000247957	0.00429252	176.688	0.00168277	-2.43188e-05	0.00168277	-0.816	-2.254907e-11
0.51	18			0.00074077	-8.27317e-05	0.000745539	-6.366	-0.00433925	0.000251772	0.00434592	176.676	0.00161887	-2.00273e-05	0.00161887	-0.708	-1.714637e-11
0.505	19			0.000636581	-7.72481e-05	0.00064135	-6.906	-0.0043278	0.000249865	0.00433448	176.682	0.00156117	-1.57357e-05	0.00156117	-0.576	-2.02456e-11
0.5	20			0.000645164	-7.58176e-05	0.000649694	-6.69	-0.00430396	0.000247957	0.00431064	176.7	0.00151778	-1.38283e-05	0.00151778	-0.516	-2.426625e-11
0.495	21			0.000478031	-6.43735e-05	0.000482323	-7.662	-0.00427726	0.000245096	0.00428393	176.718	0.00148822	-1.1921e-05	0.00148822	-0.45	-1.71045e-11
0.49	22			0.000378134	-5.78167e-05	0.000382544	-8.688	-0.004262	0.000245096	0.00426772	176.706	0.00146771	-1.14442e-05	0.00146771	-0.444	-1.999435e-11
0.485	23			0.000456573	-6.34198e-05	0.000460984	-7.902	-0.00425723	0.000244142	0.00426295	176.712	0.00146056	-1.14442e-05	0.00146056	-0.432	-2.250722e-11
0.48	24			0.000122786	-4.12466e-05	0.000129581	-18.54	-0.00425723	0.000244142	0.00426295	176.712	0.00145913	-1.00136e-05	0.00145913	-0.378	-2.150206e-11
0.475	25			0.000269772	-5.13794e-05	0.00027466	-10.77	-0.00426963	0.000245096	0.00427631	176.712	0.00147105	-1.23978e-05	0.00147105	-0.48	-2.200463e-11
0.47	26			0.000442388	-6.23469e-05	0.000446679	-8.01	-0.0042868	0.00024605	0.00429347	176.706	0.00148822	-1.23978e-05	0.00148822	-0.474	-2.305169e-11
0.465	27			0.000611547	-7.36718e-05	0.000615958	-6.864	-0.00431922	0.000248911	0.00432494	176.694	0.00152064	-1.38283e-05	0.00152064	-0.516	-2.079008e-11
0.46	28			0.000823382	-8.75001e-05	0.000827912	-6.06	-0.00437453	0.000252726	0.00438026	176.682	0.00157643	-1.76431e-05	0.00157643	-0.63	-1.685318e-11
0.455	29			0.0010196	-9.83481e-05	0.00102425	-5.502	-0.0044432	0.000255587	0.00444987	176.7	0.00164319	-2.24115e-05	0.00164319	-0.768	-2.020372e-11
0.45	30			0.00103617	-0.000100017	0.00104106	-5.514	-0.00450614	0.000261309	0.00451282	176.682	0.00170947	-2.47956e-05	0.00170995	-0.816	-2.137641e-11
