variable x	variable x count			lockin1 x	lockin1 y	lockin1 r	lockin1 phi	lockin2 x	lockin2 y	lockin2 r	lockin2 phi	lockin3 x	lockin3 y	lockin3 r	lockin3 phi	smu1 meas	


1.0	0			0.00111891	-0.000104785	0.00112379	-5.346	-0.00391963	0.000228883	0.00392535	176.652	0.00185729	-3.21867e-05	0.00185753	-0.99	-2.288443e-11
0.9975	1			0.00114644	-0.000107408	0.00115145	-5.352	-0.00391296	0.000227929	0.00391868	176.652	0.00188447	-3.21867e-05	0.00188471	-0.978	-2.158613e-11
0.995	2			0.00124741	-0.000113607	0.00125266	-5.202	-0.003912	0.000228883	0.00391772	176.646	0.00191785	-3.45709e-05	0.00191808	-1.032	-2.225621e-11
0.9925	3			0.00134624	-0.000119925	0.00135148	-5.088	-0.003912	0.000227929	0.00391772	176.652	0.00197126	-3.88625e-05	0.0019715	-1.122	-2.083222e-11
0.99	4			0.00150228	-0.000130177	0.00150789	-4.95	-0.003912	0.000229836	0.00391772	176.634	0.00205709	-4.33924e-05	0.00205757	-1.206	-2.079036e-11
0.9875	5			0.00163496	-0.000138403	0.0016408	-4.836	-0.00390054	0.000228883	0.00390628	176.634	0.00216486	-4.95913e-05	0.00216533	-1.308	-2.187932e-11
0.985	6			0.00166775	-0.000140668	0.00167359	-4.824	-0.00385763	0.000227929	0.00386335	176.616	0.00224306	-5.45981e-05	0.00224377	-1.392	-1.676971e-11
0.9825	7			0.00151444	-0.000129701	0.00151993	-4.89	-0.00377466	0.000222207	0.00378038	176.622	0.00223495	-5.31676e-05	0.00223567	-1.362	-2.254937e-11
0.98	8			0.00140835	-0.000123979	0.00141383	-5.028	-0.00369169	0.000217439	0.00369741	176.622	0.00217773	-5.0545e-05	0.00217821	-1.326	-2.141854e-11
0.9775	9			0.00130583	-0.000117302	0.00131107	-5.13	-0.00364019	0.000213624	0.00364496	176.634	0.00211813	-4.6015e-05	0.0021186	-1.242	-1.764918e-11
0.975	10			0.00102318	-9.75137e-05	0.00102783	-5.442	-0.00361921	0.000211717	0.00362398	176.634	0.00207187	-4.33924e-05	0.00207235	-1.2	-2.095787e-11
0.9725	11			0.00107516	-0.000101209	0.00107992	-5.376	-0.00361349	0.000211717	0.00361826	176.64	0.0020342	-4.22003e-05	0.00203468	-1.188	-1.790049e-11
0.97	12			0.000895981	-8.86922e-05	0.000900391	-5.646	-0.00361253	0.000211717	0.00361826	176.64	0.00200798	-4.05314e-05	0.00200821	-1.158	-1.67697e-11
0.9675	13			0.000798706	-8.33278e-05	0.000803117	-5.952	-0.00361253	0.000210763	0.0036173	176.652	0.0019889	-4.05314e-05	0.00198938	-1.164	-2.04134e-11
0.965	14			0.000754956	-8.01091e-05	0.000759128	-6.054	-0.00361158	0.000208856	0.00361635	176.682	0.0019486	-3.88625e-05	0.00194884	-1.14	-1.970137e-11
0.9625	15			0.000842456	-8.42814e-05	0.000846628	-5.712	-0.00361253	0.000207902	0.00361826	176.694	0.00190616	-3.55246e-05	0.0019064	-1.068	-1.702097e-11
0.96	16			0.00085092	-8.4043e-05	0.000854973	-5.634	-0.00361349	0.000205041	0.00361826	176.748	0.00182343	-3.31404e-05	0.00182367	-1.038	-2.301011e-11
0.9575	17			0.000902895	-8.70232e-05	0.000907186	-5.496	-0.00361444	0.000203134	0.00361921	176.772	0.00180603	-3.17099e-05	0.00180627	-1.002	-2.125104e-11
0.955	18			0.000821356	-8.21357e-05	0.000825409	-5.706	-0.00361539	0.000203134	0.00362016	176.772	0.00182033	-3.24252e-05	0.00182081	-1.02	-1.986896e-11
0.9525	19			0.000774864	-7.86786e-05	0.000778798	-5.796	-0.00361539	0.000203134	0.00362016	176.778	0.00183607	-3.33788e-05	0.00183655	-1.038	-2.187928e-11
0.95	20			0.000903253	-8.76193e-05	0.000907544	-5.538	-0.00361539	0.00020218	0.00362016	176.79	0.00186134	-3.50478e-05	0.00186158	-1.08	-1.949201e-11
0.9475	21			0.000812057	-8.22549e-05	0.00081623	-5.778	-0.00361539	0.00020218	0.00362016	176.79	0.00187636	-3.50478e-05	0.00187684	-1.062	-1.857065e-11
0.945	22			0.000749115	-7.74865e-05	0.000753049	-5.904	-0.00361444	0.00020218	0.00361921	176.79	0.00190187	-3.50478e-05	0.00190211	-1.056	-1.702099e-11
0.9425	23			0.000791673	-8.09436e-05	0.000795845	-5.832	-0.00361539	0.000204087	0.00362016	176.76	0.0017891	-3.00409e-05	0.00178934	-0.954	-1.727228e-11
0.94	24			0.000809554	-8.27317e-05	0.000813726	-5.832	-0.00361253	0.000205041	0.00361826	176.748	0.00155998	-1.95504e-05	0.00156022	-0.714	-2.229808e-11
0.9375	25			0.00079513	-8.04667e-05	0.000799183	-5.772	-0.00361444	0.000205995	0.00361921	176.724	0.00146414	-1.45436e-05	0.00146414	-0.558	-2.024587e-11
0.935	26			0.000744347	-7.67712e-05	0.00074828	-5.88	-0.00361444	0.000205041	0.00361921	176.736	0.00144888	-1.28747e-05	0.00144888	-0.504	-1.878003e-11
0.9325	27			0.000667576	-7.17645e-05	0.00067151	-6.132	-0.00361349	0.000205995	0.00361826	176.724	0.00145412	-1.38283e-05	0.00145412	-0.54	-2.275882e-11
0.93	28			0.000644449	-7.18837e-05	0.000648383	-6.36	-0.00361444	0.000204087	0.00361921	176.76	0.00145603	-1.50204e-05	0.00145603	-0.582	-1.949201e-11
0.9275	29			0.000664476	-7.23605e-05	0.00066841	-6.204	-0.00361349	0.000205041	0.00361826	176.748	0.00146437	-1.40668e-05	0.00146437	-0.546	-1.702099e-11
0.925	30			0.00069559	-7.48639e-05	0.000699524	-6.144	-0.00361539	0.000204087	0.00362016	176.76	0.00148917	-1.74047e-05	0.00148941	-0.666	-2.238189e-11
0.9225	31			0.000665072	-7.24797e-05	0.000669006	-6.21	-0.00361444	0.000204087	0.00361921	176.76	0.00154544	-1.95504e-05	0.00154568	-0.726	-2.049718e-11
0.92	32			0.000715856	-7.52215e-05	0.000719789	-5.994	-0.00361063	0.000205041	0.00361635	176.742	0.00163079	-2.45572e-05	0.00163103	-0.858	-2.024591e-11
0.9175	33			0.000788573	-8.04667e-05	0.000792626	-5.826	-0.00360109	0.000205041	0.00360586	176.736	0.00170351	-2.9564e-05	0.00170375	-0.99	-1.965953e-11
0.915	34			0.00078452	-7.96323e-05	0.000788573	-5.79	-0.00356962	0.000203134	0.00357439	176.73	0.00173116	-3.17099e-05	0.0017314	-1.05	-2.3387e-11
0.9125	35			0.00077248	-7.96323e-05	0.000776533	-5.88	-0.00351526	0.000199319	0.00352003	176.742	0.00172783	-3.21867e-05	0.0017283	-1.062	-1.484315e-11
0.91	36			0.000739459	-7.64136e-05	0.000743393	-5.898	-0.00345232	0.000197412	0.00345708	176.718	0.00172234	-3.05178e-05	0.00172282	-1.008	-1.953389e-11
0.9075	37			0.000775818	-7.87978e-05	0.000779871	-5.796	-0.0034094	0.00019455	0.00341322	176.73	0.00171901	-2.98024e-05	0.00171948	-0.99	-1.957575e-11
0.905	38			0.000771884	-7.87978e-05	0.000775818	-5.826	-0.00338747	0.000192643	0.00339223	176.736	0.001714	-3.02793e-05	0.00171424	-1.008	-1.953391e-11
0.9025	39			0.000755433	-7.78441e-05	0.000759486	-5.88	-0.00337888	0.000192643	0.00338365	176.736	0.00171042	-3.07562e-05	0.00171066	-1.026	-2.271689e-11
0.9	40			0.000748757	-7.78441e-05	0.00075281	-5.934	-0.00337411	0.000192643	0.00337888	176.718	0.00170756	-3.07562e-05	0.00170804	-1.026	-1.848682e-11
0.8975	41			0.00073934	-7.79633e-05	0.000743393	-6.012	-0.00337316	0.000191689	0.00337698	176.742	0.0017047	-3.05178e-05	0.00170518	-1.026	-1.953388e-11
0.895	42			0.000751738	-7.80826e-05	0.000755791	-5.922	-0.00337316	0.000191689	0.00337793	176.742	0.00170089	-3.17099e-05	0.00170136	-1.068	-1.848683e-11
0.8925	43			0.000830416	-8.26125e-05	0.000834469	-5.682	-0.00337411	0.000192643	0.00337888	176.73	0.00169779	-3.07562e-05	0.00169802	-1.038	-1.903131e-11
0.89	44			0.000785235	-7.86786e-05	0.000789169	-5.718	-0.00337316	0.000191689	0.00337793	176.742	0.00169755	-3.02793e-05	0.00169802	-1.02	-2.158612e-11
0.8875	45			0.000796799	-7.87978e-05	0.000800733	-5.64	-0.00337316	0.000191689	0.00337698	176.742	0.00170089	-2.9564e-05	0.00170136	-0.996	-2.213059e-11
0.885	46			0.000708703	-7.40294e-05	0.000712518	-5.958	-0.00337316	0.000190736	0.00337698	176.754	0.00171138	-3.12331e-05	0.00171161	-1.044	-1.890565e-11
0.8825	47			0.000827912	-8.10628e-05	0.000831846	-5.586	-0.00337316	0.000190736	0.00337698	176.754	0.00172377	-3.14715e-05	0.00172401	-1.044	-2.192116e-11
0.88	48			0.000795249	-7.8917e-05	0.000799183	-5.664	-0.00337411	0.000191689	0.00337888	176.742	0.0017407	-3.24252e-05	0.00174094	-1.062	-2.334509e-11
0.8775	49			0.00083733	-8.21357e-05	0.000841383	-5.598	-0.00337316	0.000190736	0.00337698	176.754	0.00176049	-3.31404e-05	0.00176073	-1.074	-2.053905e-11
0.875	50			0.000836853	-8.14204e-05	0.000840787	-5.556	-0.00337411	0.000190736	0.00337888	176.754	0.00178004	-3.55246e-05	0.00178052	-1.14	-2.309385e-11
0.8725	51			0.000783209	-7.87978e-05	0.000787143	-5.742	-0.00337411	0.000190736	0.00337888	176.754	0.00179888	-3.62399e-05	0.00179911	-1.152	-2.355456e-11
0.87	52			0.000759725	-7.68905e-05	0.000763539	-5.772	-0.00337602	0.000190736	0.00338079	176.754	0.00181318	-3.76704e-05	0.00181342	-1.182	-2.229811e-11
0.8675	53			0.000772718	-7.74865e-05	0.000776533	-5.724	-0.00338174	0.000189782	0.00338556	176.784	0.00184394	-3.95777e-05	0.00184441	-1.23	-1.974329e-11
0.865	54			0.000812892	-8.02283e-05	0.000816826	-5.634	-0.00338651	0.000189782	0.00339128	176.778	0.00188399	-4.00546e-05	0.00188447	-1.212	-1.660214e-11
0.8625	55			0.000869635	-8.39238e-05	0.000873808	-5.508	-0.00338937	0.000190736	0.00339414	176.766	0.00192571	-4.29156e-05	0.00192619	-1.272	-2.229813e-11
0.86	56			0.00076199	-7.61752e-05	0.000765804	-5.706	-0.00337125	0.000188828	0.00337507	176.784	0.00194956	-4.41077e-05	0.00195003	-1.29	-1.806806e-11
0.8575	57			0.000714067	-7.39102e-05	0.000717882	-5.904	-0.00332166	0.000185967	0.00332643	176.784	0.00194884	-4.3154e-05	0.00194932	-1.266	-1.589016e-11
0.855	58			0.000690822	-7.18837e-05	0.000694517	-5.934	-0.00325681	0.000182153	0.00326158	176.79	0.00193764	-4.26772e-05	0.00193811	-1.26	-1.681156e-11
0.8525	59			0.000755075	-7.54599e-05	0.000758771	-5.7	-0.00321008	0.000179292	0.0032139	176.79	0.0019405	-4.19619e-05	0.00194097	-1.236	-2.049718e-11
0.85	60			0.000715379	-7.05724e-05	0.000718836	-5.622	-0.00318338	0.000179292	0.00318719	176.772	0.00192214	-4.10082e-05	0.00192261	-1.224	-2.171176e-11
0.8475	61			0.000662688	-6.74729e-05	0.000666026	-5.808	-0.00317003	0.000178338	0.00317384	176.772	0.00190831	-4.14851e-05	0.00190879	-1.242	-2.02878e-11
0.845	62			0.000636581	-6.5804e-05	0.000640158	-5.898	-0.00316431	0.000179292	0.00316907	176.754	0.00187374	-3.93393e-05	0.00187422	-1.2	-1.74817e-11
0.8425	63			0.00061119	-6.36582e-05	0.000614528	-5.94	-0.00316145	0.000178338	0.00316621	176.766	0.00174118	-3.2902e-05	0.00174142	-1.08	-2.108353e-11
0.84	64			0.000576142	-6.23469e-05	0.00057948	-6.174	-0.00316335	0.000176431	0.00316621	176.79	0.00155235	-2.52725e-05	0.00155259	-0.93	-2.016215e-11
0.8375	65			0.000483753	-5.63862e-05	0.000487091	-6.642	-0.0031624	0.000174523	0.00316621	176.826	0.00147773	-2.24115e-05	0.00147796	-0.864	-1.92407e-11
0.835	66			0.000504259	-5.73399e-05	0.000507597	-6.48	-0.00316335	0.000174523	0.00316621	176.826	0.00146223	-2.19346e-05	0.00146247	-0.858	-2.217247e-11
0.8325	67			0.0004797	-5.5671e-05	0.000482799	-6.618	-0.0031624	0.000174523	0.00316621	176.838	0.0014515	-2.2173e-05	0.00145174	-0.876	-2.112541e-11
0.83	68			0.000515345	-5.75783e-05	0.000518564	-6.372	-0.00316335	0.00017357	0.00316621	176.85	0.00144745	-2.12194e-05	0.00144769	-0.84	-1.831931e-11
0.8275	69			0.000475766	-5.48365e-05	0.000478866	-6.57	-0.00316335	0.00017357	0.00316717	176.85	0.00144697	-2.26499e-05	0.00144721	-0.894	-1.970142e-11
0.825	70			0.00047815	-5.55518e-05	0.000481369	-6.624	-0.00316335	0.000174523	0.00316717	176.838	0.00144649	-2.28883e-05	0.00144673	-0.9	-2.338703e-11
0.8225	71			0.000454905	-5.43597e-05	0.000458123	-6.81	-0.00316335	0.00017357	0.00316717	176.85	0.00144578	-2.43188e-05	0.00144602	-0.96	-1.727227e-11
0.82	72			0.000398161	-5.00681e-05	0.00040126	-7.158	-0.00316335	0.000174523	0.00316717	176.838	0.00144506	-2.14578e-05	0.00144506	-0.846	-2.104163e-11
0.8175	73			0.000447514	-5.53133e-05	0.000450971	-7.038	-0.00316335	0.00017357	0.00316717	176.85	0.00144006	-2.16962e-05	0.00144006	-0.858	-2.062285e-11
0.815	74			0.000390531	-5.00681e-05	0.00039375	-7.302	-0.00316335	0.000174523	0.00316621	176.838	0.00143648	-2.19346e-05	0.00143672	-0.87	-1.743979e-11
0.8125	75			0.000413181	-5.20947e-05	0.0004164	-7.182	-0.00316335	0.00017357	0.00316621	176.85	0.00142885	-2.12194e-05	0.00142909	-0.84	-1.79424e-11
0.81	76			0.000447752	-5.3406e-05	0.000450971	-6.792	-0.00316335	0.000174523	0.00316621	176.826	0.00143243	-2.19346e-05	0.00143266	-0.876	-2.146048e-11
0.8075	77			0.000500564	-5.69823e-05	0.000503663	-6.486	-0.0031624	0.000174523	0.00316621	176.826	0.00146223	-2.19346e-05	0.00146247	-0.858	-1.42568e-11
0.805	78			0.000516299	-5.73399e-05	0.000519518	-6.336	-0.00315763	0.000174523	0.00316145	176.82	0.00152374	-2.45572e-05	0.00152398	-0.924	-2.028772e-11
0.8025	79			0.000534538	-5.8532e-05	0.000537757	-6.24	-0.00314619	0.000174523	0.00315	176.808	0.00157452	-2.74183e-05	0.00157476	-0.996	-2.028778e-11
0.8	80			0.000509504	-5.75783e-05	0.000512723	-6.444	-0.0031233	0.000174523	0.00312711	176.784	0.00159503	-2.81335e-05	0.00159503	-1.008	-1.480124e-11
0.7975	81			0.000484349	-5.53133e-05	0.000487449	-6.51	-0.00308324	0.000172616	0.00308706	176.796	0.00159002	-2.86103e-05	0.00159026	-1.026	-1.459185e-11
0.795	82			0.000494484	-5.65054e-05	0.000497703	-6.504	-0.00303651	0.000168801	0.00304033	176.808	0.00159121	-2.81335e-05	0.00159121	-1.008	-2.292637e-11
0.7925	83			0.000589494	-6.24661e-05	0.000592832	-6.042	-0.00300027	0.000167848	0.00300409	176.784	0.00158716	-2.78951e-05	0.0015874	-0.996	-1.153445e-11
0.79	84			0.000568513	-6.18701e-05	0.000571851	-6.204	-0.00298406	0.000166894	0.00298692	176.79	0.00158907	-2.83719e-05	0.00158907	-1.014	-1.676968e-11
0.7875	85			0.000501636	-5.65054e-05	0.000504736	-6.414	-0.00297834	0.000166894	0.00298215	176.784	0.00157834	-2.81335e-05	0.00157858	-1.014	-1.953395e-11
0.785	86			0.00050116	-5.6267e-05	0.000504259	-6.402	-0.00297739	0.00016594	0.00298025	176.796	0.00153042	-2.62262e-05	0.00153065	-0.972	-2.1628e-11
0.7825	87			0.000482442	-5.4002e-05	0.000485422	-6.384	-0.00297548	0.00016594	0.00297929	176.808	0.0014751	-2.2173e-05	0.00147534	-0.864	-2.024592e-11
0.78	88			0.000452759	-5.30484e-05	0.000455739	-6.666	-0.00297739	0.00016594	0.00298025	176.796	0.00138951	-1.97889e-05	0.00138975	-0.81	-2.037155e-11
0.7775	89			0.000483872	-5.50749e-05	0.000486972	-6.486	-0.00297739	0.00016594	0.00298025	176.808	0.00123335	-1.28747e-05	0.00123335	-0.594	-1.609958e-11
0.775	90			0.00052369	-5.74591e-05	0.00052679	-6.252	-0.00297739	0.000163079	0.00298025	176.862	0.00112892	-8.58313e-06	0.00112892	-0.432	-2.259131e-11
0.7725	91			0.000615124	-6.23469e-05	0.000618223	-5.778	-0.00297739	0.000162126	0.00298025	176.874	0.00109173	-6.67575e-06	0.00109173	-0.348	-2.120915e-11
0.77	92			0.000631217	-6.33006e-05	0.000634316	-5.718	-0.00297739	0.000161172	0.00298025	176.898	0.00112296	-8.34471e-06	0.00112296	-0.414	-1.81099e-11
0.7675	93			0.000564102	-5.88896e-05	0.000567202	-5.958	-0.00297739	0.000161172	0.0029812	176.886	0.00117207	-1.00136e-05	0.00117207	-0.486	-2.368021e-11
0.765	94			0.000546936	-5.75783e-05	0.000549916	-6.006	-0.0029812	0.000163079	0.00298502	176.85	0.0012734	-1.50204e-05	0.0012734	-0.678	-2.376399e-11
0.7625	95			0.000558738	-5.79359e-05	0.000561718	-5.916	-0.00298406	0.000163079	0.00298788	176.856	0.00135661	-1.95504e-05	0.00135685	-0.822	-1.760733e-11
0.76	96			0.000436427	-5.12602e-05	0.000439407	-6.69	-0.0029812	0.000163079	0.00298502	176.85	0.00140286	-2.2173e-05	0.00140286	-0.9	-2.041341e-11
0.7575	97			0.00044799	-5.12602e-05	0.000450971	-6.522	-0.00295545	0.000162126	0.00295927	176.85	0.00143338	-2.40804e-05	0.00143362	-0.96	-2.032966e-11
0.755	98			0.000535253	-5.60286e-05	0.000538234	-5.964	-0.00289251	0.000160218	0.00289632	176.82	0.00144697	-2.45572e-05	0.00144721	-0.966	-1.71885e-11
0.7525	99			0.000433924	-4.99489e-05	0.000436904	-6.552	-0.00284006	0.000159265	0.00284387	176.79	0.00144244	-2.2173e-05	0.00144268	-0.882	-2.154422e-11
0.75	100			0.000444056	-5.0545e-05	0.000446917	-6.492	-0.00282194	0.000156404	0.00282575	176.808	0.00143767	-2.45572e-05	0.00143791	-0.972	-2.074848e-11
0.7475	101			0.000368478	-4.55382e-05	0.000371339	-7.044	-0.00281335	0.000154496	0.00281622	176.838	0.00143362	-2.31267e-05	0.00143386	-0.918	-2.271692e-11
0.745	102			0.000349285	-4.45845e-05	0.000352027	-7.266	-0.00281145	0.000154496	0.00281431	176.85	0.00143386	-2.47956e-05	0.00143386	-0.984	-1.869626e-11
0.7425	103			0.000325801	-4.32732e-05	0.000328662	-7.548	-0.00281145	0.000154496	0.00281431	176.85	0.00143362	-2.55109e-05	0.00143386	-1.014	-2.330326e-11
0.74	104			0.000299217	-4.14851e-05	0.000302078	-7.89	-0.00281145	0.000152589	0.00281431	176.88	0.0014329	-2.55109e-05	0.0014329	-1.014	-1.706285e-11
0.7375	105			0.000377895	-4.62534e-05	0.000380756	-6.966	-0.0028124	0.000154496	0.00281526	176.85	0.00142194	-2.52725e-05	0.00142217	-1.014	-2.288448e-11
0.735	106			0.000347616	-4.48229e-05	0.000350477	-7.332	-0.00281145	0.000153542	0.00281431	176.862	0.00141168	-2.3842e-05	0.00141168	-0.96	-2.104168e-11
0.7325	107			0.000377538	-4.61342e-05	0.000380279	-6.966	-0.0028124	0.000152589	0.00281526	176.892	0.00140453	-2.3842e-05	0.00140453	-0.972	-1.940828e-11
0.73	108			0.000338199	-4.41077e-05	0.000341179	-7.422	-0.00281335	0.000152589	0.00281622	176.88	0.00140453	-2.31267e-05	0.00140453	-0.936	-1.936638e-11
0.7275	109			0.000343205	-4.375e-05	0.000345947	-7.248	-0.00281145	0.000152589	0.00281431	176.892	0.00140048	-2.3842e-05	0.00140072	-0.978	-2.313575e-11
0.725	110			0.00035	-4.48229e-05	0.000352861	-7.29	-0.00281145	0.000151635	0.00281431	176.904	0.00139857	-2.45572e-05	0.00139857	-0.996	-1.601581e-11
0.7225	111			0.000347497	-4.44653e-05	0.000350358	-7.278	-0.00281145	0.000151635	0.00281431	176.904	0.00139023	-2.33651e-05	0.00139023	-0.96	-1.928258e-11
0.72	112			0.000394227	-4.78032e-05	0.000397088	-6.912	-0.00281145	0.000151635	0.00281431	176.904	0.00138307	-2.28883e-05	0.00138307	-0.948	-1.953387e-11
0.7175	113			0.000393154	-4.68495e-05	0.000395896	-6.786	-0.0028124	0.000150681	0.00281526	176.922	0.00140715	-2.2173e-05	0.00140739	-0.9	-2.234001e-11
0.715	114			0.000404837	-4.828e-05	0.000407698	-6.798	-0.00280572	0.000150681	0.00280859	176.91	0.00144268	-2.55109e-05	0.00144292	-1.008	-1.727227e-11
0.7125	115			0.000440719	-4.98297e-05	0.00044346	-6.438	-0.00278474	0.000150681	0.0027876	176.886	0.0014875	-2.69414e-05	0.00148774	-1.032	-2.058096e-11
0.71	116			0.000456216	-4.94721e-05	0.000458958	-6.186	-0.00275804	0.000149728	0.0027609	176.874	0.0015266	-2.71798e-05	0.00152684	-1.02	-2.405715e-11
0.7075	117			0.000408294	-4.66111e-05	0.000410916	-6.51	-0.00274374	0.000148774	0.0027466	176.886	0.00152541	-2.9564e-05	0.00152589	-1.104	-1.731416e-11
0.705	118			0.000407936	-4.72071e-05	0.000410678	-6.6	-0.0027342	0.000148774	0.00273706	176.874	0.00146938	-2.55109e-05	0.00146962	-0.996	-2.33033e-11
0.7025	119			0.000397207	-4.51806e-05	0.000399711	-6.48	-0.00272657	0.000148774	0.00273038	176.868	0.00140692	-2.3842e-05	0.00140692	-0.966	-1.547136e-11
0.7	120			0.000329735	-4.11274e-05	0.000332238	-7.098	-0.00271417	0.000148774	0.00271703	176.85	0.00133754	-1.95504e-05	0.00133754	-0.834	-2.254943e-11
0.6975	121			0.000343444	-4.24387e-05	0.000345947	-7.038	-0.00270082	0.000145913	0.00270368	176.892	0.00130583	-1.88352e-05	0.00130606	-0.828	-2.38059e-11
0.695	122			0.000349523	-4.38693e-05	0.000352265	-7.14	-0.00268461	0.000145913	0.00268747	176.886	0.0013094	-2.00273e-05	0.00130964	-0.87	-1.660215e-11
0.6925	123			0.00036204	-4.47037e-05	0.000364663	-7.02	-0.00267412	0.000144959	0.00267698	176.886	0.00131202	-2.05041e-05	0.00131226	-0.888	-2.099982e-11
0.69	124			0.000425817	-4.81608e-05	0.000428559	-6.438	-0.00266649	0.000144006	0.00266935	176.892	0.00130153	-2.05041e-05	0.00130177	-0.9	-2.141864e-11
0.6875	125			0.000425579	-4.78032e-05	0.000428202	-6.396	-0.00266553	0.000144959	0.0026684	176.88	0.00126792	-1.90736e-05	0.00126792	-0.858	-1.953393e-11
0.685	126			0.000415685	-4.68495e-05	0.000418307	-6.426	-0.00266363	0.000143052	0.00266649	176.904	0.00126315	-1.97889e-05	0.00126339	-0.894	-2.573242e-11
0.6825	127			0.000410439	-4.74455e-05	0.000413181	-6.576	-0.00266649	0.000144006	0.00266935	176.892	0.00128341	-2.00273e-05	0.00128365	-0.888	-1.878002e-11
0.68	128			0.000506524	-5.25715e-05	0.000509266	-5.922	-0.00266935	0.000144959	0.00267221	176.88	0.00128151	-2.0981e-05	0.00128175	-0.93	-1.551323e-11
0.6775	129			0.000468018	-5.06642e-05	0.000470759	-6.168	-0.00266363	0.000144006	0.00266649	176.892	0.00125552	-2.05041e-05	0.00125576	-0.93	-2.338704e-11
0.675	130			0.000362279	-4.29156e-05	0.000364901	-6.738	-0.0026312	0.000142098	0.00263406	176.898	0.00122786	-1.78815e-05	0.00122786	-0.834	-2.581621e-11
0.6725	131			0.000379445	-4.375e-05	0.000381948	-6.576	-0.00257112	0.000139237	0.00257398	176.898	0.00120641	-1.78815e-05	0.00120664	-0.84	-1.697911e-11
0.67	132			0.000321629	-4.0889e-05	0.000324251	-7.23	-0.00253774	0.000136376	0.0025406	176.904	0.00118805	-1.78815e-05	0.00118829	-0.852	-2.317764e-11
0.6675	133			0.000304701	-3.91009e-05	0.000307204	-7.302	-0.00253202	0.000136376	0.00253488	176.892	0.00117756	-1.69278e-05	0.00117756	-0.822	-2.187932e-11
0.665	134			0.000245335	-3.49286e-05	0.000247838	-8.082	-0.00253011	0.000136376	0.00253297	176.91	0.00116158	-1.54973e-05	0.00116182	-0.756	-2.028777e-11
0.6625	135			0.000219227	-3.2902e-05	0.00022173	-8.52	-0.00253011	0.000136376	0.00253297	176.892	0.00113798	-1.38283e-05	0.00113798	-0.69	-1.743982e-11
0.66	136			0.000218631	-3.25444e-05	0.000221015	-8.448	-0.00253107	0.000136376	0.00253393	176.892	0.00110245	-1.23978e-05	0.00110245	-0.63	-2.007839e-11
0.6575	137			0.000245931	-3.43325e-05	0.000248315	-7.944	-0.00253107	0.000136376	0.00253393	176.892	0.00109292	-1.1921e-05	0.00109292	-0.624	-2.066472e-11
0.655	138			0.000283958	-3.63591e-05	0.000286343	-7.278	-0.00253011	0.000136376	0.00253297	176.91	0.00108743	-1.38283e-05	0.00108767	-0.72	-1.651839e-11
0.6525	139			0.000288131	-3.68359e-05	0.000290515	-7.266	-0.00253011	0.000135423	0.00253297	176.922	0.00107837	-1.1921e-05	0.00107837	-0.63	-1.756547e-11
0.65	140			0.000275137	-3.67167e-05	0.00027764	-7.572	-0.00253107	0.000134469	0.00253297	176.94	0.00103617	-9.77522e-06	0.00103617	-0.534	-1.999461e-11
0.6475	141			0.000298621	-3.81472e-05	0.000301005	-7.272	-0.00253107	0.000134469	0.00253297	176.94	0.000978477	-8.10629e-06	0.000978477	-0.468	-1.743982e-11
0.645	142			0.000356795	-4.0889e-05	0.00035906	-6.522	-0.00252725	0.000134469	0.00253011	176.952	0.000968698	-6.19891e-06	0.000968698	-0.354	-1.731417e-11
0.6425	143			0.000341298	-3.95777e-05	0.000343563	-6.594	-0.0024891	0.000132562	0.00249101	176.946	0.00102163	-9.05996e-06	0.00102163	-0.498	-1.99946e-11
0.64	144			0.000316145	-3.73127e-05	0.00031841	-6.708	-0.00243284	0.000127793	0.0024357	176.97	0.00108314	-1.23978e-05	0.00108314	-0.654	-2.292632e-11
0.6375	145			0.000355007	-4.05314e-05	0.000357272	-6.51	-0.00241472	0.00012684	0.00241663	176.982	0.00110818	-1.45436e-05	0.00110842	-0.744	-1.689537e-11
0.635	146			0.0003078	-3.74319e-05	0.000310065	-6.912	-0.00241186	0.00012684	0.00241376	176.976	0.00112606	-1.52589e-05	0.0011263	-0.774	-1.974333e-11
0.6325	147			0.00026715	-3.52862e-05	0.000269415	-7.518	-0.00241281	0.000128747	0.00241567	176.934	0.00115753	-1.57357e-05	0.00115753	-0.768	-2.049714e-11
0.63	148			0.000251533	-3.50478e-05	0.000254037	-7.914	-0.00241663	0.000128747	0.00241853	176.934	0.00118614	-1.69278e-05	0.00118638	-0.816	-2.259127e-11
0.6275	149			0.000268461	-3.62399e-05	0.000270845	-7.662	-0.0024233	0.000130654	0.00242616	176.916	0.00119782	-1.69278e-05	0.00119806	-0.804	-2.137673e-11
0.625	150			0.000285389	-3.65975e-05	0.000287773	-7.296	-0.00243093	0.000129701	0.00243379	176.94	0.00120855	-1.83583e-05	0.00120855	-0.87	-2.028779e-11
0.6225	151			0.000275614	-3.68359e-05	0.000277998	-7.59	-0.00243951	0.000130654	0.00244237	176.934	0.00121427	-1.83583e-05	0.00121451	-0.864	-2.338702e-11
0.62	152			0.000296952	-3.85048e-05	0.000299456	-7.368	-0.00244714	0.000130654	0.00244905	176.94	0.00123788	-2.12194e-05	0.00123812	-0.978	-1.982707e-11
0.6175	153			0.000288131	-3.73127e-05	0.000290634	-7.368	-0.00244333	0.000130654	0.00244524	176.94	0.00128008	-2.28883e-05	0.00128032	-1.014	-1.593206e-11
0.615	154			0.000285747	-3.67167e-05	0.000288012	-7.296	-0.00243093	0.000129701	0.00243379	176.94	0.00130773	-2.47956e-05	0.00130773	-1.08	-2.062284e-11
0.6125	155			0.000320436	-3.87433e-05	0.000322701	-6.882	-0.00241281	0.000127793	0.00241567	176.964	0.00129104	-2.45572e-05	0.00129104	-1.08	-1.95758e-11
0.61	156			0.000321509	-3.8028e-05	0.000323774	-6.726	-0.00239374	0.000125886	0.00239564	176.97	0.00122023	-2.36036e-05	0.00122023	-1.104	-2.162805e-11
0.6075	157			0.000284316	-3.5167e-05	0.000286343	-7.044	-0.00237657	0.000125886	0.00237943	176.964	0.00121666	-2.16962e-05	0.0012169	-1.014	-2.418282e-11
0.605	158			0.000255467	-3.30212e-05	0.000257613	-7.356	-0.00236131	0.000124932	0.00236322	176.964	0.00115848	-1.81199e-05	0.00115872	-0.888	-1.693722e-11
0.6025	159			0.000243546	-3.27828e-05	0.000245811	-7.65	-0.00233747	0.000123025	0.00234033	176.982	0.00112391	-1.78815e-05	0.00112391	-0.912	-2.020403e-11
0.6	160			0.000209809	-3.17099e-05	0.000212193	-8.58	-0.00230886	0.000121117	0.00231172	176.976	0.00108839	-1.57357e-05	0.00108863	-0.822	-2.137669e-11
0.5975	161			0.000211478	-3.0637e-05	0.000213743	-8.226	-0.00230218	0.000121117	0.00230505	176.982	0.00107504	-1.50204e-05	0.00107528	-0.792	-2.028778e-11
0.595	162			0.00019312	-2.99813e-05	0.000195445	-8.808	-0.00230123	0.000122071	0.00230314	176.946	0.00105143	-1.40668e-05	0.00105167	-0.762	-1.815182e-11
0.5925	163			0.000180365	-2.99813e-05	0.000182868	-9.432	-0.00230123	0.000121117	0.00230409	176.964	0.00101186	-1.23978e-05	0.00101186	-0.702	-1.873819e-11
0.59	164			0.000176848	-2.93256e-05	0.000179232	-9.402	-0.00230218	0.000121117	0.00230505	176.964	0.000966553	-1.07289e-05	0.000966553	-0.63	-1.710477e-11
0.5875	165			0.000238658	-3.31404e-05	0.000240983	-7.896	-0.00230218	0.000121117	0.00230505	176.982	0.000954393	-1.02521e-05	0.000954393	-0.612	-2.17955e-11
0.585	166			0.000266435	-3.42729e-05	0.00026864	-7.32	-0.00227739	0.000121117	0.00228025	176.952	0.000998504	-1.16826e-05	0.000998504	-0.66	-1.911507e-11
0.5825	167			0.000295581	-3.58226e-05	0.000297727	-6.9	-0.00222398	0.000117302	0.00222684	176.982	0.00101209	-1.23978e-05	0.00101209	-0.702	-1.928261e-11
0.58	168			0.000329437	-3.72531e-05	0.000331523	-6.444	-0.00220682	0.000115395	0.00220872	176.988	0.00100971	-1.21594e-05	0.00100971	-0.684	-1.509441e-11
0.5775	169			0.000303568	-3.64187e-05	0.000305714	-6.828	-0.00220396	0.000116349	0.00220586	176.97	0.000999697	-1.23978e-05	0.000999697	-0.708	-1.991083e-11
0.575	170			0.000319542	-3.71339e-05	0.000321629	-6.624	-0.00220205	0.000115395	0.00220491	176.982	0.00100232	-1.16826e-05	0.00100232	-0.666	-2.154421e-11
0.5725	171			0.000275614	-3.36173e-05	0.00027764	-6.942	-0.00220205	0.000116349	0.00220491	176.97	0.00101162	-1.23978e-05	0.00101162	-0.69	-1.919886e-11
0.57	172			0.000251116	-3.30808e-05	0.000253262	-7.5	-0.00220396	0.000117302	0.00220682	176.952	0.0010264	-1.43052e-05	0.0010264	-0.792	-1.852875e-11
0.5675	173			0.000259163	-3.27232e-05	0.000261249	-7.182	-0.00221063	0.000117302	0.00221254	176.946	0.00104357	-1.4782e-05	0.00104357	-0.804	-1.764917e-11
0.565	174			0.000281813	-3.49286e-05	0.000283958	-7.056	-0.00221922	0.000117302	0.00222112	176.952	0.00108076	-1.71663e-05	0.001081	-0.912	-1.986894e-11
0.5625	175			0.000333132	-3.78492e-05	0.000335278	-6.48	-0.00220586	0.000117302	0.00220777	176.952	0.00113321	-1.90736e-05	0.00113321	-0.96	-2.166987e-11
0.56	176			0.000320377	-3.53458e-05	0.000322344	-6.294	-0.00217535	0.000115395	0.00217821	176.946	0.00113583	-1.97889e-05	0.00113607	-0.99	-1.664401e-11
0.5575	177			0.000294806	-3.45113e-05	0.000296833	-6.672	-0.00216295	0.000113488	0.00216581	176.982	0.0010686	-1.71663e-05	0.00106884	-0.912	-1.6309e-11
0.555	178			0.000255765	-3.18887e-05	0.000257732	-7.092	-0.00214674	0.000112534	0.00214769	176.994	0.000992067	-1.28747e-05	0.000992067	-0.744	-1.790052e-11
0.5525	179			0.000241042	-3.11139e-05	0.000243009	-7.344	-0.00211813	0.000110627	0.00212003	177.012	0.000936035	-1.14442e-05	0.000936035	-0.696	-1.95758e-11
0.55	180			0.000239492	-2.99216e-05	0.0002414	-7.104	-0.00211336	0.000109673	0.00211526	177.018	0.000928883	-1.02521e-05	0.000928883	-0.63	-2.162802e-11
0.5475	181			0.000202418	-2.85507e-05	0.000204385	-8.016	-0.0021248	0.000109673	0.00212671	177.036	0.000941996	-1.04905e-05	0.000941996	-0.63	-1.756545e-11
0.545	182			0.000193716	-2.68222e-05	0.000195564	-7.866	-0.00213625	0.000110627	0.00213815	177.036	0.0009594	-1.12057e-05	0.0009594	-0.666	-1.919885e-11
0.5425	183			0.000214578	-2.8968e-05	0.000216545	-7.686	-0.00212862	0.000110627	0.00213052	177.006	0.000961307	-1.23978e-05	0.000961307	-0.726	-1.949203e-11
0.54	184			0.00025505	-3.19483e-05	0.000257077	-7.128	-0.00211336	0.000109673	0.00211526	177.018	0.000971083	-1.23978e-05	0.000971083	-0.72	-1.681156e-11
0.5375	185			0.000275077	-3.24848e-05	0.000276985	-6.726	-0.00208856	0.000108719	0.00209047	177.006	0.000990875	-1.40668e-05	0.000991113	-0.81	-2.162799e-11
0.535	186			0.000203074	-2.83719e-05	0.000205041	-7.944	-0.00204946	0.000105858	0.00205137	177.018	0.000951294	-1.21594e-05	0.000951294	-0.726	-1.844496e-11
0.5325	187			0.000150264	-2.65242e-05	0.000152589	-9.996	-0.00203325	0.000103951	0.00203516	177.054	0.000924829	-1.16826e-05	0.000924829	-0.726	-2.041345e-11
0.53	188			0.000155271	-2.61666e-05	0.000157476	-9.552	-0.00203039	0.000104905	0.00203229	177.03	0.000915769	-1.21594e-05	0.000915769	-0.75	-2.175369e-11
0.5275	189			0.000160814	-2.6107e-05	0.0001629	-9.216	-0.00202943	0.000104905	0.00203039	177.03	0.000912908	-1.07289e-05	0.000912908	-0.66	-1.831933e-11
0.525	190			0.000154556	-2.52725e-05	0.000156642	-9.282	-0.00203134	0.000105858	0.00203229	177.012	0.000900749	-1.1921e-05	0.000900749	-0.756	-2.166988e-11
0.5225	191			0.000170709	-2.57493e-05	0.000172616	-8.574	-0.00203611	0.000105858	0.00203706	177.018	0.000925783	-1.33515e-05	0.000926021	-0.816	-2.221431e-11
0.52	192			0.000206352	-2.83719e-05	0.00020826	-7.818	-0.00201799	0.000105858	0.00201894	176.994	0.000955347	-1.35899e-05	0.000955585	-0.81	-1.953386e-11
0.5175	193			0.000208617	-2.93852e-05	0.000210644	-8.004	-0.00196363	0.00010252	0.00196554	177.006	0.000934605	-1.35899e-05	0.000934843	-0.828	-1.672781e-11
0.515	194			0.000177086	-2.67626e-05	0.000179113	-8.586	-0.00194979	0.000100613	0.00195218	177.042	0.000912432	-1.16826e-05	0.000912432	-0.732	-2.041341e-11
0.5125	195			0.000138522	-2.39016e-05	0.000140549	-9.774	-0.00194932	0.000100613	0.00195123	177.036	0.00090814	-1.21594e-05	0.00090814	-0.756	-1.752356e-11
0.51	196			0.000150324	-2.43188e-05	0.000152291	-9.18	-0.00195362	0.000101567	0.00195552	177.018	0.000913862	-1.12057e-05	0.000913862	-0.702	-1.706286e-11
0.5075	197			0.000168622	-2.56897e-05	0.000170589	-8.652	-0.00196601	0.000101567	0.00196792	177.03	0.000922922	-1.26362e-05	0.000922922	-0.774	-1.932448e-11
0.505	198			0.000200809	-2.6405e-05	0.000202538	-7.482	-0.00197603	0.000102044	0.00197841	177.036	0.000944857	-1.38283e-05	0.000945095	-0.828	-1.869628e-11
0.5025	199			0.000236393	-2.80143e-05	0.000238062	-6.744	-0.00195791	0.00010252	0.00196029	176.988	0.000973228	-1.4782e-05	0.000973467	-0.864	-1.924075e-11
0.5	200			0.000264468	-2.99216e-05	0.000266137	-6.444	-0.00194073	0.000100613	0.00194312	177.018	0.000998981	-1.59742e-05	0.00099922	-0.906	-1.915693e-11
0.4975	201			0.000212313	-2.71202e-05	0.000214041	-7.272	-0.00192881	0.000100613	0.0019312	177.012	0.0010016	-1.66894e-05	0.00100184	-0.942	-2.062282e-11
0.495	202			0.000203074	-2.7001e-05	0.000204862	-7.56	-0.00191737	9.91826e-05	0.00191975	177.036	0.00099159	-1.62126e-05	0.00099159	-0.924	-1.693724e-11
0.4925	203			0.000205816	-2.68222e-05	0.000207544	-7.41	-0.0019002	9.96594e-05	0.00190211	176.988	0.000980861	-1.54973e-05	0.0009811	-0.894	-1.919886e-11
0.49	204			0.000247302	-2.78951e-05	0.000248851	-6.426	-0.00188685	9.72752e-05	0.00188876	177.036	0.000966553	-1.33515e-05	0.000966791	-0.792	-2.133486e-11
0.4875	205			0.000221671	-2.71798e-05	0.00022334	-6.978	-0.00188542	9.77521e-05	0.00188781	177.024	0.00093675	-1.33515e-05	0.00093675	-0.804	-1.84031e-11
0.485	206			0.000247898	-2.91468e-05	0.000249567	-6.702	-0.00188733	9.63216e-05	0.00188876	177.066	0.000907425	-1.35899e-05	0.000907663	-0.852	-2.334515e-11
0.4825	207			0.000215591	-2.62858e-05	0.0002172	-6.936	-0.00186682	9.63216e-05	0.00186921	177.036	0.000846867	-1.12057e-05	0.000846867	-0.756	-1.773296e-11
0.48	208			0.000168026	-2.3842e-05	0.000169695	-8.058	-0.00182153	9.203e-05	0.00182343	177.096	0.000780825	-8.82155e-06	0.000780825	-0.636	-1.861254e-11
0.4775	209			0.000148238	-2.30671e-05	0.000150026	-8.844	-0.00181008	9.15532e-05	0.00181199	177.09	0.000715498	-4.52998e-06	0.000715498	-0.348	-2.079032e-11
0.475	210			0.00014937	-2.27095e-05	0.000151039	-8.64	-0.00180913	9.15532e-05	0.00181103	177.09	0.000701908	-4.29156e-06	0.000701908	-0.342	-1.790051e-11
0.4725	211			0.000154675	-2.3544e-05	0.000156404	-8.652	-0.00180913	9.25069e-05	0.00181103	177.066	0.000725988	-5.96049e-06	0.000725988	-0.462	-2.108355e-11
0.47	212			0.000144542	-2.25903e-05	0.00014633	-8.868	-0.0018096	9.15532e-05	0.00181151	177.09	0.000746731	-6.67575e-06	0.000746731	-0.51	-1.85706e-11
0.4675	213			0.000156284	-2.30671e-05	0.000158013	-8.382	-0.00181151	9.15532e-05	0.00181342	177.09	0.00077248	-7.15259e-06	0.00077248	-0.516	-2.321949e-11
0.465	214			0.000165344	-2.4736e-05	0.000167192	-8.496	-0.00180198	9.25069e-05	0.00180388	177.054	0.000788931	-1.00136e-05	0.000788931	-0.714	-1.961764e-11
0.4625	215			0.00014633	-2.3544e-05	0.000148178	-9.12	-0.00176812	9.15532e-05	0.00177003	177.03	0.000812057	-1.00136e-05	0.000812057	-0.708	-2.363833e-11
0.46	216			0.000123561	-2.11002e-05	0.000125349	-9.672	-0.00175668	9.05995e-05	0.00175858	177.036	0.000827555	-1.09673e-05	0.000827555	-0.75	-1.928259e-11
0.4575	217			0.000136257	-2.22326e-05	0.000138045	-9.252	-0.00176574	9.10764e-05	0.00176764	177.036	0.000844721	-1.14442e-05	0.000844721	-0.768	-2.074846e-11
0.455	218			0.000156105	-2.27095e-05	0.000157715	-8.262	-0.00177432	9.15532e-05	0.00177623	177.042	0.000871424	-1.38283e-05	0.000871424	-0.9	-1.798426e-11
0.4525	219			0.000167967	-2.29479e-05	0.000169576	-7.758	-0.00176526	9.10764e-05	0.00176717	177.036	0.000910763	-1.54973e-05	0.000910763	-0.966	-1.676966e-11
0.45	220			0.000166238	-2.26499e-05	0.000167788	-7.752	-0.00173379	8.9169e-05	0.00173569	177.048	0.000904087	-1.45436e-05	0.000904325	-0.906	-1.769111e-11
0.4475	221			0.000167073	-2.32459e-05	0.000168682	-7.914	-0.00169802	8.67848e-05	0.00169993	177.066	0.000869993	-1.23978e-05	0.000870232	-0.81	-1.999459e-11
0.445	222			0.000150443	-2.27691e-05	0.000152112	-8.604	-0.00168896	8.6308e-05	0.00169087	177.072	0.000839237	-1.16826e-05	0.000839237	-0.786	-1.660216e-11
0.4425	223			0.000147463	-2.21134e-05	0.000149072	-8.508	-0.00168801	8.72617e-05	0.00168992	177.036	0.000819925	-1.14442e-05	0.000819925	-0.792	-1.718849e-11
0.44	224			0.000184775	-2.43784e-05	0.000186385	-7.5	-0.00168849	8.48775e-05	0.00168992	177.108	0.000823501	-1.1921e-05	0.00082374	-0.822	-2.137672e-11
0.4375	225			0.000192286	-2.39016e-05	0.000193716	-7.086	-0.00168896	8.6308e-05	0.00169087	177.072	0.000809435	-1.1921e-05	0.000809673	-0.84	-2.058099e-11
0.435	226			0.000177146	-2.34843e-05	0.000178696	-7.536	-0.00168992	8.58312e-05	0.00169183	177.084	0.000797037	-1.00136e-05	0.000797037	-0.72	-2.091605e-11
0.4325	227			0.000165523	-2.19942e-05	0.000166954	-7.56	-0.00168467	8.48775e-05	0.0016861	177.102	0.000781778	-1.02521e-05	0.000781778	-0.744	-1.873812e-11
0.43	228			0.000135363	-2.04445e-05	0.000136913	-8.58	-0.00165129	8.29701e-05	0.0016532	177.12	0.000713829	-7.86787e-06	0.000713829	-0.63	-1.924073e-11
0.4275	229			0.000154556	-2.15174e-05	0.000156046	-7.92	-0.00164033	8.15396e-05	0.00164176	177.138	0.000662092	-5.24524e-06	0.000662092	-0.444	-1.496876e-11
0.425	230			0.000132085	-1.99677e-05	0.000133575	-8.58	-0.00163937	8.15396e-05	0.0016408	177.138	0.000662331	-6.19891e-06	0.000662331	-0.534	-2.141862e-11
0.4225	231			0.000115693	-1.81795e-05	0.000117124	-8.904	-0.00163794	8.20165e-05	0.00163937	177.12	0.000656847	-5.72208e-06	0.000656847	-0.48	-1.526196e-11
0.42	232			0.000119746	-2.00869e-05	0.000121415	-9.498	-0.00161172	8.10628e-05	0.00161315	177.114	0.000639204	-4.29156e-06	0.000639204	-0.372	-1.974328e-11
0.4175	233			7.8172e-05	-1.57357e-05	7.97217e-05	-11.364	-0.00158931	8.05859e-05	0.00159121	177.084	0.000653509	-4.52998e-06	0.000653509	-0.396	-1.354478e-11
0.415	234			9.00035e-05	-1.78517e-05	9.1732e-05	-11.208	-0.00158263	7.96323e-05	0.00158454	177.108	0.000683073	-7.86787e-06	0.000683073	-0.66	-1.957579e-11
0.4125	235			7.84104e-05	-1.74047e-05	8.02879e-05	-12.51	-0.00158311	8.05859e-05	0.00158454	177.084	0.000717405	-8.10629e-06	0.000717405	-0.642	-1.676968e-11
0.41	236			0.000109286	-1.93716e-05	0.000110984	-10.05	-0.00158358	7.96323e-05	0.00158501	177.12	0.000754122	-1.02521e-05	0.000754122	-0.774	-2.053907e-11
0.4075	237			0.00011158	-1.8716e-05	0.00011313	-9.51	-0.00158406	7.91554e-05	0.00158549	177.132	0.000762228	-1.12057e-05	0.000762228	-0.828	-2.229813e-11
0.405	238			0.000123174	-1.89246e-05	0.000124604	-8.724	-0.00158263	7.96323e-05	0.00158406	177.108	0.000759128	-9.5368e-06	0.000759128	-0.708	-1.903134e-11
0.4025	239			0.000144095	-2.03551e-05	0.000145526	-8.028	-0.00156832	7.96323e-05	0.00157023	177.078	0.000753883	-1.00136e-05	0.000753883	-0.75	-1.651841e-11
0.4	240			0.00014034	-2.00273e-05	0.000141771	-8.118	-0.00154496	7.86786e-05	0.00154687	177.072	0.000769619	-1.09673e-05	0.000769619	-0.804	-1.953391e-11
0.3975	241			0.000117064	-1.83285e-05	0.000118465	-8.88	-0.00153971	7.82018e-05	0.00154115	177.09	0.000772718	-1.07289e-05	0.000772718	-0.792	-2.221431e-11
0.395	242			0.000102073	-1.80603e-05	0.000103653	-10.026	-0.00153685	7.72481e-05	0.00153828	177.108	0.00074983	-1.00136e-05	0.00074983	-0.75	-2.644442e-11
0.3925	243			5.28696e-05	-1.40966e-05	5.47173e-05	-14.91	-0.00150872	7.67712e-05	0.00151015	177.078	0.000715021	-8.10629e-06	0.000715021	-0.642	-1.919886e-11
0.39	244			5.6647e-05	-1.45734e-05	5.84947e-05	-14.424	-0.0014906	7.48639e-05	0.00149251	177.108	0.000646118	-5.48366e-06	0.000646118	-0.474	-1.995271e-11
0.3875	245			6.43735e-05	-1.4104e-05	6.59009e-05	-12.354	-0.00148965	7.39102e-05	0.00149108	177.144	0.000560764	-2.3842e-06	0.000560764	-0.222	-1.656028e-11
0.385	246			6.77262e-05	-1.48491e-05	6.93356e-05	-12.366	-0.0014906	7.29566e-05	0.00149203	177.186	0.000513557	-4.76841e-07	0.000513557	-0.036	-1.647653e-11
0.3825	247			0.000106454	-1.65702e-05	0.000107728	-8.844	-0.0014906	7.39102e-05	0.00149251	177.156	0.000519279	-1.1921e-06	0.000519279	-0.108	-1.965956e-11
0.38	248			9.46452e-05	-1.5922e-05	9.59714e-05	-9.546	-0.00148965	7.43871e-05	0.00149155	177.132	0.000551943	-2.86104e-06	0.000551943	-0.294	-1.974328e-11
0.3775	249			0.000101261	-1.60263e-05	0.00010252	-8.994	-0.00147725	7.39102e-05	0.00147868	177.132	0.000641111	-7.39101e-06	0.000641111	-0.642	-2.192118e-11
0.375	250			8.70158e-05	-1.58624e-05	8.84463e-05	-10.332	-0.00146342	7.39102e-05	0.00146485	177.108	0.000703815	-1.00136e-05	0.000703815	-0.816	-1.945015e-11
0.3725	251			7.8999e-05	-1.6004e-05	8.06083e-05	-11.448	-0.00145293	7.29566e-05	0.00145388	177.126	0.000725273	-1.12057e-05	0.000725511	-0.87	-2.397336e-11
0.37	252			8.33427e-05	-1.57581e-05	8.48104e-05	-10.704	-0.00144149	7.24797e-05	0.00144244	177.114	0.000698093	-8.58313e-06	0.000698093	-0.696	-1.764918e-11
0.3675	253			7.69277e-05	-1.49534e-05	7.83657e-05	-10.992	-0.00141621	7.1526e-05	0.00141717	177.09	0.000670914	-8.10629e-06	0.000670914	-0.684	-1.873815e-11
0.365	254			8.61366e-05	-1.56612e-05	8.75522e-05	-10.302	-0.00140858	7.05724e-05	0.00140954	177.126	0.000657324	-7.62945e-06	0.000657324	-0.654	-2.087413e-11
0.3625	255			6.63851e-05	-1.48342e-05	6.80243e-05	-12.594	-0.00140668	7.05724e-05	0.00140811	177.108	0.000635628	-6.67575e-06	0.000635628	-0.6	-1.676969e-11
0.36	256			9.06964e-05	-1.61753e-05	9.21343e-05	-10.11	-0.00140858	6.96187e-05	0.00140954	177.156	0.000639442	-6.67575e-06	0.000639442	-0.6	-2.04972e-11
0.3575	257			0.000111491	-1.69651e-05	0.000112772	-8.652	-0.00140572	7.00955e-05	0.00140668	177.132	0.000644449	-6.91417e-06	0.000644449	-0.606	-1.64765e-11
0.355	258			0.000108041	-1.58028e-05	0.000109189	-8.322	-0.00139333	6.8665e-05	0.00139428	177.162	0.000607256	-6.91417e-06	0.000607256	-0.642	-2.041342e-11
0.3525	259			0.000100986	-1.52216e-05	0.000102126	-8.568	-0.00138522	6.81882e-05	0.00138617	177.162	0.000559572	-4.7684e-06	0.000559572	-0.474	-1.806803e-11
0.35	260			0.000104554	-1.49608e-05	0.00010562	-8.142	-0.00137139	6.77113e-05	0.00137282	177.162	0.000540975	-4.05314e-06	0.000540975	-0.42	-1.739792e-11
0.3475	261			0.000106097	-1.39848e-05	0.000107021	-7.506	-0.00135566	6.72345e-05	0.00135709	177.144	0.000541929	-5.00682e-06	0.000541929	-0.51	-2.108356e-11
0.345	262			9.86611e-05	-1.56985e-05	9.98979e-05	-9.036	-0.00133801	6.62808e-05	0.00133944	177.162	0.000555281	-5.48366e-06	0.000555281	-0.552	-1.819369e-11
0.3425	263			8.86773e-05	-1.42977e-05	8.98247e-05	-9.156	-0.00133515	6.67577e-05	0.00133658	177.126	0.000585798	-5.00682e-06	0.000585798	-0.474	-2.694705e-11
0.34	264			9.81768e-05	-1.66149e-05	9.957e-05	-9.606	-0.00133611	6.62808e-05	0.00133754	177.144	0.000627283	-7.86787e-06	0.000627283	-0.714	-1.756547e-11
0.3375	265			0.000123181	-1.74643e-05	0.000124418	-8.064	-0.00132609	6.72345e-05	0.00132752	177.096	0.00064588	-9.05996e-06	0.00064588	-0.786	-2.443416e-11
0.335	266			0.000120812	-1.70023e-05	0.000122004	-8.01	-0.00130511	6.43735e-05	0.00130654	177.162	0.000664715	-1.02521e-05	0.000664715	-0.876	-2.598374e-11
0.3325	267			0.000108235	-1.5855e-05	0.000109382	-8.334	-0.00129748	6.43735e-05	0.00129891	177.144	0.000644926	-1.00136e-05	0.000644926	-0.876	-1.970145e-11
0.33	268			9.28198e-05	-1.55793e-05	9.41162e-05	-9.522	-0.00128938	6.48503e-05	0.00129081	177.114	0.000608448	-7.86787e-06	0.000608448	-0.72	-2.313577e-11
0.3275	269			0.000103474	-1.60934e-05	0.000104711	-8.838	-0.00128461	6.38966e-05	0.00128604	177.15	0.000563387	-5.00682e-06	0.000563387	-0.51	-1.727229e-11
0.325	270			0.000126981	-1.59295e-05	0.000127972	-7.152	-0.00127459	6.2943e-05	0.00127602	177.156	0.00050116	-3.33787e-06	0.00050116	-0.378	-2.284256e-11
0.3225	271			0.000136153	-1.63914e-05	0.000137129	-6.864	-0.00126935	6.2943e-05	0.0012703	177.156	0.000510935	-3.33787e-06	0.000510935	-0.354	-1.743982e-11
0.32	272			0.000129105	-1.61232e-05	0.000130103	-7.116	-0.00124217	6.19893e-05	0.00124312	177.144	0.000531916	-5.00682e-06	0.000531916	-0.522	-1.957579e-11
0.3175	273			9.3237e-05	-1.39475e-05	9.42801e-05	-8.508	-0.00121737	5.96049e-05	0.00121833	177.18	0.000541214	-6.19891e-06	0.000541214	-0.636	-1.614143e-11
0.315	274			6.3837e-05	-1.283e-05	6.51111e-05	-11.358	-0.00121547	6.05586e-05	0.0012169	177.144	0.000540737	-5.48366e-06	0.000540737	-0.564	-2.112543e-11
0.3125	275			6.16242e-05	-1.20104e-05	6.27865e-05	-11.022	-0.00121976	6.05586e-05	0.00122119	177.15	0.000554327	-5.24524e-06	0.000554327	-0.534	-1.509442e-11
0.31	276			9.20598e-05	-1.41785e-05	9.31476e-05	-8.754	-0.00121403	6.10356e-05	0.00121547	177.108	0.000573639	-6.19891e-06	0.000573639	-0.6	-1.869627e-11
0.3075	277			0.000131742	-1.66e-05	0.000132785	-7.176	-0.00121117	5.96049e-05	0.00121213	177.18	0.000599865	-8.58313e-06	0.000599865	-0.81	-1.773299e-11
0.305	278			0.000145086	-1.67118e-05	0.000146047	-6.57	-0.00118686	5.86512e-05	0.00118781	177.168	0.00059605	-8.34471e-06	0.00059605	-0.786	-2.045532e-11
0.3025	279			9.52636e-05	-1.38581e-05	9.62694e-05	-8.274	-0.00115395	5.6267e-05	0.00115491	177.204	0.000513796	-5.24524e-06	0.000513796	-0.576	-2.01621e-11
0.3	280			5.23033e-05	-1.15336e-05	5.3555e-05	-12.432	-0.001153	5.6267e-05	0.00115348	177.204	0.00044811	-2.3842e-06	0.00044811	-0.3	-1.400549e-11
0.2975	281			7.18241e-05	-1.27331e-05	7.29491e-05	-10.044	-0.00115681	5.53133e-05	0.00115777	177.264	0.000430824	-1.90736e-06	0.000430824	-0.246	-1.643462e-11
0.295	282			0.000100948	-1.40295e-05	0.00010191	-7.908	-0.0011468	5.6267e-05	0.00114775	177.186	0.000450494	-2.62262e-06	0.000450494	-0.324	-2.179553e-11
0.2925	283			0.000115052	-1.45436e-05	0.000115961	-7.2	-0.00114013	5.53133e-05	0.00114108	177.222	0.000504974	-4.88761e-06	0.000504974	-0.552	-1.806806e-11
0.29	284			9.65004e-05	-1.30758e-05	9.73796e-05	-7.716	-0.00111247	5.53133e-05	0.00111342	177.15	0.000532631	-6.55654e-06	0.00053275	-0.702	-1.865439e-11
0.2875	285			6.08119e-05	-1.20774e-05	6.20042e-05	-11.226	-0.00110198	5.43597e-05	0.00110293	177.162	0.000537042	-6.43733e-06	0.000537161	-0.684	-1.55551e-11
0.285	286			5.44193e-05	-1.14292e-05	5.56039e-05	-11.856	-0.00110198	5.43597e-05	0.00110293	177.162	0.000524763	-5.60287e-06	0.000524763	-0.606	-2.087411e-11
0.2825	287			8.67625e-05	-1.34931e-05	8.77981e-05	-8.838	-0.00110293	5.38828e-05	0.00110389	177.18	0.000494126	-4.88761e-06	0.000494126	-0.558	-1.886379e-11
0.28	288			9.41162e-05	-1.33366e-05	9.50624e-05	-8.064	-0.00108815	5.29292e-05	0.0010891	177.192	0.000433566	-3.6955e-06	0.000433566	-0.474	-1.727227e-11
0.2775	289			9.33115e-05	-1.32099e-05	9.42429e-05	-8.052	-0.00106908	5.10218e-05	0.00107003	177.252	0.000412228	-1.54973e-06	0.000412228	-0.216	-2.053906e-11
0.275	290			8.0735e-05	-1.25766e-05	8.17035e-05	-8.85	-0.00105668	5.14986e-05	0.00105763	177.204	0.000398757	-1.54973e-06	0.000398757	-0.222	-2.032964e-11
0.2725	291			7.14441e-05	-1.09822e-05	7.2286e-05	-8.736	-0.00105668	5.10218e-05	0.00105716	177.216	0.000436665	-3.33787e-06	0.000436665	-0.438	-2.108354e-11
0.27	292			7.56388e-05	-1.17422e-05	7.65477e-05	-8.82	-0.00105811	5.24523e-05	0.00105906	177.15	0.000497822	-5.48366e-06	0.000497822	-0.624	-1.756543e-11
0.2675	293			7.94833e-05	-1.16453e-05	8.03252e-05	-8.334	-0.00104571	5.10218e-05	0.00104619	177.186	0.000509743	-5.96049e-06	0.000509862	-0.66	-2.435034e-11
0.265	294			8.51904e-05	-1.23233e-05	8.6077e-05	-8.226	-0.00102092	4.91145e-05	0.00102187	177.234	0.000467779	-5.60287e-06	0.000467779	-0.678	-1.911509e-11
0.2625	295			8.54139e-05	-1.31578e-05	8.64198e-05	-8.754	-0.00101424	4.91145e-05	0.00101519	177.216	0.000400068	-2.74183e-06	0.000400068	-0.39	-1.551322e-11
0.26	296			6.81062e-05	-1.15634e-05	6.90822e-05	-9.636	-0.00101424	4.76839e-05	0.00101472	177.288	0.000376822	-1.43052e-06	0.000376822	-0.204	-1.651839e-11
0.2575	297			5.61776e-05	-1.11536e-05	5.72728e-05	-11.22	-0.00101281	4.86376e-05	0.00101376	177.228	0.000390889	-2.14578e-06	0.000390889	-0.3	-1.936635e-11
0.255	298			7.06394e-05	-1.12132e-05	7.1526e-05	-9.018	-0.000998981	4.81608e-05	0.000999935	177.228	0.000431063	-3.57629e-06	0.000431063	-0.462	-1.467556e-11
0.2525	299			7.9893e-05	-1.11312e-05	8.06679e-05	-7.926	-0.000977762	4.74455e-05	0.000978716	177.216	0.000469686	-4.7684e-06	0.000469686	-0.57	-1.95758e-11
0.25	300			6.82776e-05	-1.10046e-05	6.91568e-05	-9.15	-0.000976328	4.74455e-05	0.000977047	177.204	0.00045562	-4.7684e-06	0.00045562	-0.594	-1.64765e-11
0.2475	301			5.29888e-05	-9.96894e-06	5.39126e-05	-10.65	-0.000974897	4.79224e-05	0.000975851	177.18	0.000415685	-3.09946e-06	0.000415685	-0.414	-2.585809e-11
0.245	302			7.73896e-05	-1.09301e-05	7.81571e-05	-8.034	-0.000964407	4.67303e-05	0.000965361	177.222	0.000378253	-2.62262e-06	0.000378253	-0.384	-2.31776e-11
0.2425	303			0.000104882	-1.20327e-05	0.000105568	-6.54	-0.000947002	4.48229e-05	0.000947718	177.276	0.000373365	-1.1921e-06	0.000373365	-0.174	-1.58064e-11
0.24	304			8.28137e-05	-1.06022e-05	8.34842e-05	-7.296	-0.000940565	4.52998e-05	0.000941519	177.228	0.000415923	-4.64919e-06	0.000415923	-0.636	-2.087408e-11
0.2375	305			7.23456e-05	-9.82737e-06	7.30162e-05	-7.734	-0.000929121	4.52998e-05	0.000930075	177.198	0.00045109	-6.0797e-06	0.00045109	-0.762	-2.053906e-11
0.235	306			7.67638e-05	-1.10567e-05	7.7561e-05	-8.19	-0.000924829	4.43461e-05	0.000925545	177.246	0.000414612	-4.17235e-06	0.000414612	-0.564	-2.259132e-11
0.2325	307			0.000104875	-1.27033e-05	0.000105642	-6.906	-0.000914339	4.36308e-05	0.000915054	177.258	0.000379087	-2.74183e-06	0.000379087	-0.402	-1.95758e-11
0.23	308			9.71486e-05	-1.15336e-05	9.78266e-05	-6.768	-0.000900749	4.29156e-05	0.000901464	177.264	0.000389697	-3.6955e-06	0.000389697	-0.528	-1.827745e-11
0.2275	309			6.42766e-05	-1.02744e-05	6.50887e-05	-9.078	-0.000882629	4.17235e-05	0.000883583	177.288	0.000360133	-3.21867e-06	0.000360133	-0.51	-1.320974e-11
0.225	310			8.64272e-05	-1.17869e-05	8.72244e-05	-7.758	-0.00088549	4.36308e-05	0.000886444	177.168	0.000382902	-2.26499e-06	0.000382902	-0.33	-1.647653e-11
0.2225	311			9.86238e-05	-1.1988e-05	9.9354e-05	-6.93	-0.000872616	4.19619e-05	0.000873569	177.234	0.000420095	-5.84128e-06	0.000420095	-0.78	-1.970143e-11
0.22	312			6.79572e-05	-9.70071e-06	6.86427e-05	-8.124	-0.000845913	4.07698e-05	0.000846628	177.234	0.000357868	-2.74183e-06	0.000357868	-0.438	-2.13767e-11
0.2175	313			8.82377e-05	-1.13994e-05	8.89753e-05	-7.356	-0.000853542	4.07698e-05	0.000854257	177.264	0.000332596	-1.43052e-06	0.000332596	-0.24	-2.585806e-11
0.215	314			8.20388e-05	-1.05948e-05	8.27168e-05	-7.356	-0.000839476	3.98161e-05	0.000840191	177.282	0.000353696	-2.62262e-06	0.000353696	-0.42	-2.171176e-11
0.2125	315			5.76528e-05	-8.53842e-06	5.82787e-05	-8.418	-0.000820164	3.98161e-05	0.000820879	177.216	0.000361921	-2.62262e-06	0.000361921	-0.414	-2.175367e-11
0.21	316			8.47061e-05	-1.00509e-05	8.53022e-05	-6.762	-0.000824455	3.91009e-05	0.00082517	177.27	0.000352981	-3.09946e-06	0.000352981	-0.498	-2.024588e-11
0.2075	317			7.50427e-05	-9.33564e-06	7.56164e-05	-7.092	-0.000808243	3.88625e-05	0.000808958	177.24	0.00033343	-2.3842e-06	0.00033343	-0.402	-1.857062e-11
0.205	318			5.79508e-05	-8.9333e-06	5.86363e-05	-8.76	-0.00079203	3.64783e-05	0.000792746	177.36	0.000317337	-2.02657e-06	0.000317337	-0.36	-1.92826e-11
0.2025	319			7.49384e-05	-9.00781e-06	7.54823e-05	-6.852	-0.000795845	3.88625e-05	0.00079656	177.192	0.000321986	-2.02657e-06	0.000321986	-0.342	-2.481102e-11
0.2	320			6.92536e-05	-8.8737e-06	6.98199e-05	-7.302	-0.00077844	3.76704e-05	0.000779156	177.216	0.000346782	-2.74183e-06	0.000346782	-0.45	-1.685344e-11
0.1975	321			6.71824e-05	-9.35799e-06	6.78306e-05	-7.926	-0.000769142	3.67167e-05	0.000769619	177.258	0.000326755	-2.14578e-06	0.000326755	-0.36	-2.003651e-11
0.195	322			7.63019e-05	-8.75449e-06	7.68011e-05	-6.546	-0.000768665	3.62399e-05	0.00076938	177.294	0.000293257	-1.31131e-06	0.000293257	-0.246	-2.108353e-11
0.1925	323			7.79186e-05	-9.08232e-06	7.84476e-05	-6.648	-0.000748876	3.60014e-05	0.000749592	177.234	0.000320556	-2.74183e-06	0.000320556	-0.486	-2.012023e-11
0.19	324			6.75698e-05	-8.65763e-06	6.81211e-05	-7.296	-0.000747208	3.52862e-05	0.000747923	177.282	0.000332238	-3.09946e-06	0.000332238	-0.528	-1.777485e-11
0.1875	325			7.99303e-05	-9.22388e-06	8.04593e-05	-6.582	-0.000738386	3.40941e-05	0.000739101	177.336	0.000296952	-1.54973e-06	0.000296952	-0.282	-2.150232e-11
0.185	326			6.85309e-05	-7.92003e-06	6.89854e-05	-6.588	-0.000725988	3.40941e-05	0.000726704	177.306	0.000305178	-2.50341e-06	0.000305178	-0.462	-2.104164e-11
0.1825	327			7.17868e-05	-8.68744e-06	7.23158e-05	-6.9	-0.000720505	3.36173e-05	0.000720982	177.312	0.000307443	-2.62262e-06	0.000307443	-0.474	-2.175365e-11
0.18	328			6.48876e-05	-8.31491e-06	6.5424e-05	-7.302	-0.000707868	3.36173e-05	0.000708584	177.276	0.000304582	-2.26499e-06	0.000304582	-0.414	-1.681157e-11
0.1775	329			7.06171e-05	-8.29255e-06	7.11014e-05	-6.69	-0.000695709	3.21867e-05	0.000696424	177.342	0.000274541	-9.53682e-07	0.000274541	-0.192	-2.296823e-11
0.175	330			6.2183e-05	-8.63528e-06	6.27716e-05	-7.902	-0.000685934	3.24252e-05	0.000686411	177.288	0.000305416	-3.09946e-06	0.000305416	-0.576	-1.970137e-11
0.1725	331			6.50664e-05	-8.50862e-06	6.56177e-05	-7.446	-0.000674728	3.17099e-05	0.000675444	177.3	0.00027621	-2.3842e-07	0.00027621	-0.042	-1.492689e-11
0.17	332			5.50824e-05	-6.69065e-06	5.54847e-05	-6.918	-0.000665668	3.14715e-05	0.000666145	177.294	0.000270845	-1.1921e-06	0.000270845	-0.24	-2.079036e-11
0.1675	333			6.12219e-05	-7.94983e-06	6.1736e-05	-7.398	-0.000653271	3.09946e-05	0.000653747	177.282	0.000265362	-9.53682e-07	0.000265362	-0.186	-1.647654e-11
0.165	334			5.10591e-05	-7.03338e-06	5.15433e-05	-7.842	-0.000640873	3.02793e-05	0.00064135	177.288	0.000260474	-8.34469e-07	0.000260474	-0.162	-1.94501e-11
0.1625	335			6.47162e-05	-7.81572e-06	6.51781e-05	-6.882	-0.000638012	3.02793e-05	0.00063825	177.264	0.000251891	-1.31131e-06	0.000251891	-0.288	-1.563885e-11
0.16	336			5.73846e-05	-7.46551e-06	5.78689e-05	-7.404	-0.000623468	2.93256e-05	0.000623945	177.306	0.000254871	-1.07289e-06	0.000254871	-0.24	-2.007837e-11
0.1575	337			5.95751e-05	-7.60707e-06	6.00594e-05	-7.278	-0.000621323	2.86103e-05	0.000621799	177.342	0.000245573	-1.54973e-06	0.000245573	-0.354	-1.810991e-11
0.155	338			6.80913e-05	-7.83807e-06	6.85384e-05	-6.564	-0.000605825	2.86103e-05	0.000606302	177.294	0.000245931	-1.1921e-06	0.000245931	-0.264	-2.125108e-11
0.1525	339			5.84575e-05	-6.92162e-06	5.88673e-05	-6.75	-0.000602011	2.90872e-05	0.000602249	177.228	0.000243546	-1.07289e-06	0.000243546	-0.252	-1.802613e-11
0.15	340			6.83968e-05	-7.3165e-06	6.87768e-05	-6.102	-0.000591282	2.76567e-05	0.000591759	177.306	0.0002383	-8.34469e-07	0.0002383	-0.174	-2.162799e-11
0.1475	341			5.7027e-05	-6.54164e-06	5.73995e-05	-6.54	-0.00058103	2.71798e-05	0.000581507	177.306	0.000236035	-1.66894e-06	0.000236035	-0.402	-2.451785e-11
0.145	342			5.22363e-05	-6.50439e-06	5.26311e-05	-7.092	-0.000573162	2.59877e-05	0.0005734	177.384	0.000222565	-1.1921e-07	0.000222565	-0.018	-1.769108e-11
0.1425	343			5.52612e-05	-6.98122e-06	5.57008e-05	-7.2	-0.000557665	2.62262e-05	0.000558142	177.294	0.000219108	-1.1921e-07	0.000219108	-0.018	-1.886377e-11
0.14	344			5.32942e-05	-6.34047e-06	5.36668e-05	-6.786	-0.000547174	2.59877e-05	0.000547413	177.276	0.000212074	0.0	0.000212074	0.0	-1.731414e-11
0.1375	345			4.64024e-05	-5.99775e-06	4.67899e-05	-7.362	-0.000540737	2.45572e-05	0.000540975	177.39	0.000205279	-4.76841e-07	0.000205279	-0.132	-1.697908e-11
0.135	346			4.55307e-05	-6.46713e-06	4.59852e-05	-8.082	-0.000531677	2.45572e-05	0.000531916	177.342	0.000208379	-1.1921e-07	0.000208379	-0.018	-1.957576e-11
0.1325	347			5.19606e-05	-6.81731e-06	5.24076e-05	-7.47	-0.00052214	2.50341e-05	0.000522617	177.24	0.00020063	-2.3842e-07	0.00020063	-0.054	-2.108351e-11
0.13	348			6.2943e-05	-6.86946e-06	6.33155e-05	-6.228	-0.000507358	2.36036e-05	0.000507597	177.33	0.000198127	-3.5763e-07	0.000198127	-0.096	-1.718851e-11
0.1275	349			5.81148e-05	-6.52674e-06	5.84798e-05	-6.408	-0.000501875	2.24115e-05	0.000502113	177.432	0.000192762	3.5763e-07	0.000192762	0.108	-1.802614e-11
0.125	350			5.6051e-05	-6.79496e-06	5.64682e-05	-6.912	-0.000493411	2.25307e-05	0.000493888	177.384	0.000183166	6.55655e-07	0.000183166	0.21	-2.254939e-11
0.1225	351			5.36817e-05	-4.99192e-06	5.39126e-05	-5.31	-0.000483396	2.18154e-05	0.000483753	177.402	0.000180067	-1.07289e-06	0.000180067	-0.336	-2.012021e-11
0.12	352			5.04332e-05	-5.72953e-06	5.0761e-05	-6.48	-0.000473978	2.1577e-05	0.000474336	177.39	0.000174762	-2.98025e-07	0.000174762	-0.09	-2.502042e-11
0.1175	353			5.04034e-05	-6.82476e-06	5.08579e-05	-7.704	-0.000463249	2.08617e-05	0.000463607	177.42	0.000166954	1.78815e-07	0.000166954	0.078	-1.915695e-11
0.115	354			4.83247e-05	-5.88599e-06	4.86823e-05	-6.936	-0.00045264	2.05041e-05	0.000452997	177.396	0.000164271	-2.3842e-07	0.000164271	-0.072	-1.748167e-11
0.1125	355			4.87866e-05	-5.45385e-06	4.90921e-05	-6.378	-0.000441672	2.06233e-05	0.00044203	177.312	0.000162543	-4.17234e-07	0.000162543	-0.138	-1.840306e-11
0.11	356			4.78106e-05	-4.62684e-06	4.80267e-05	-5.52	-0.000433447	2.00273e-05	0.000433804	177.342	0.000158072	2.98025e-07	0.000158072	0.108	-1.95339e-11
0.1075	357			4.6395e-05	-5.3868e-06	4.67079e-05	-6.612	-0.000424506	1.88352e-05	0.000424745	177.444	0.000153066	6.55655e-07	0.000153066	0.264	-1.764921e-11
0.105	358			4.866e-05	-5.08133e-06	4.89282e-05	-5.958	-0.000416161	1.81199e-05	0.0004164	177.498	0.000148297	4.76841e-07	0.000148297	0.204	-1.999459e-11
0.1025	359			4.44876e-05	-4.85036e-06	4.47484e-05	-6.216	-0.000404479	1.85968e-05	0.000404717	177.36	0.000141979	1.01329e-06	0.000141979	0.414	-2.363831e-11
0.1	360			4.41896e-05	-5.61032e-06	4.45398e-05	-7.23	-0.000393869	1.75239e-05	0.000394108	177.444	0.000138939	3.5763e-07	0.000138939	0.162	-2.116724e-11
0.0975	361			4.64173e-05	-4.67154e-06	4.66483e-05	-5.742	-0.000386598	1.83583e-05	0.000386955	177.276	0.000136198	-5.96051e-08	0.000136198	-0.012	-1.777484e-11
0.095	362			4.43312e-05	-4.52998e-06	4.45622e-05	-5.832	-0.000375153	1.66894e-05	0.000375392	177.438	0.000131668	-1.78815e-07	0.000131668	-0.072	-1.69791e-11
0.0925	363			4.36904e-05	-5.22289e-06	4.40034e-05	-6.816	-0.000365974	1.69278e-05	0.000366213	177.348	0.000128091	6.55655e-07	0.000128091	0.3	-2.342892e-11
0.09	364			4.52476e-05	-4.91741e-06	4.55158e-05	-6.198	-0.000355007	1.5855e-05	0.000355246	177.444	0.000121773	7.74864e-07	0.000121773	0.39	-1.597392e-11
0.0875	365			4.46516e-05	-4.03079e-06	4.48304e-05	-5.154	-0.000347497	1.50204e-05	0.000347735	177.504	0.000119985	6.55655e-07	0.000119985	0.318	-2.053906e-11
0.085	366			4.45324e-05	-5.12603e-06	4.48304e-05	-6.558	-0.000336768	1.56165e-05	0.000337007	177.324	0.000115872	1.66894e-06	0.000115872	0.84	-2.074848e-11
0.0825	367			4.35489e-05	-4.7535e-06	4.38096e-05	-6.228	-0.000326755	1.40668e-05	0.000326993	177.522	0.000110865	1.07289e-06	0.000110865	0.57	-1.79005e-11
0.08	368			4.22003e-05	-4.35117e-06	4.24238e-05	-5.88	-0.000317337	1.44244e-05	0.000317575	177.378	0.000107646	1.37091e-06	0.000107646	0.744	-1.576453e-11
0.0775	369			4.02408e-05	-4.46293e-06	4.04867e-05	-6.324	-0.000307443	1.34707e-05	0.000307562	177.48	0.000103355	8.94073e-07	0.000103355	0.516	-2.229807e-11
0.075	370			4.112e-05	-3.99354e-06	4.13137e-05	-5.544	-0.000298264	1.2517e-05	0.000298383	177.582	0.000101269	1.72854e-06	0.000101269	0.978	-1.965956e-11
0.0725	371			3.94138e-05	-4.88016e-06	3.97118e-05	-7.056	-0.000286939	1.33515e-05	0.000287177	177.312	9.71858e-05	1.31131e-06	9.71858e-05	0.786	-2.233998e-11
0.07	372			3.95703e-05	-3.85943e-06	3.97565e-05	-5.562	-0.000278952	1.22786e-05	0.000279071	177.468	9.32817e-05	1.1325e-06	9.32817e-05	0.696	-2.06647e-11
0.0675	373			3.93095e-05	-3.28572e-06	3.94436e-05	-4.77	-0.000269653	1.1921e-05	0.000269772	177.45	8.95266e-05	1.81795e-06	8.95266e-05	1.176	-2.196303e-11
0.065	374			3.8706e-05	-2.69712e-06	3.88029e-05	-3.978	-0.000260117	1.09673e-05	0.000260236	177.564	8.59504e-05	1.43052e-06	8.59504e-05	0.954	-1.911509e-11
0.0625	375			3.8259e-05	-3.6061e-06	3.84303e-05	-5.376	-0.000250818	1.07289e-05	0.000250818	177.534	8.22847e-05	1.72854e-06	8.23145e-05	1.206	-2.22562e-11
0.06	376			3.88178e-05	-3.56139e-06	3.89817e-05	-5.238	-0.000242473	1.13249e-05	0.000242592	177.324	7.88872e-05	7.45062e-07	7.88872e-05	0.558	-2.301013e-11
0.0575	377			3.73574e-05	-2.63007e-06	3.74469e-05	-4.02	-0.000231029	1.02521e-05	0.000231148	177.438	7.53705e-05	1.66894e-06	7.53705e-05	1.278	-1.852871e-11
0.055	378			3.735e-05	-3.84453e-06	3.75512e-05	-5.868	-0.000220896	9.05996e-06	0.000220896	177.63	7.14366e-05	8.34469e-07	7.14366e-05	0.684	-1.90313e-11
0.0525	379			3.74692e-05	-2.92064e-06	3.7581e-05	-4.446	-0.000210763	8.94075e-06	0.000210763	177.552	6.78604e-05	1.63914e-06	6.78604e-05	1.404	-2.045528e-11
0.05	380			3.65304e-05	-2.79398e-06	3.66347e-05	-4.362	-0.000201822	9.41759e-06	0.000201822	177.312	6.43437e-05	1.87755e-06	6.43735e-05	1.674	-1.593204e-11
0.0475	381			3.63889e-05	-2.80143e-06	3.64932e-05	-4.398	-0.000192345	8.52352e-06	0.000192464	177.462	6.21383e-05	1.1325e-06	6.21681e-05	1.062	-2.016208e-11
0.045	382			3.66943e-05	-2.54066e-06	3.67837e-05	-3.948	-0.000182868	7.80827e-06	0.000182987	177.534	5.79657e-05	1.1325e-06	5.79956e-05	1.122	-2.116735e-11
0.0425	383			3.53011e-05	-2.85359e-06	3.54128e-05	-4.608	-0.00017196	7.21219e-06	0.00017208	177.582	5.38232e-05	1.66894e-06	5.3853e-05	1.788	-2.146048e-11
0.04	384			3.5845e-05	-2.54811e-06	3.59344e-05	-4.062	-0.000163258	7.21219e-06	0.000163377	177.45	5.23927e-05	1.1325e-06	5.24225e-05	1.236	-1.986894e-11
0.0375	385			3.43698e-05	-2.84614e-06	3.4489e-05	-4.722	-0.000153841	6.73535e-06	0.0001539	177.48	4.88984e-05	1.37836e-06	4.89207e-05	1.614	-1.945013e-11
0.035	386			3.39376e-05	-2.68222e-06	3.40419e-05	-4.512	-0.000144065	5.78168e-06	0.000144125	177.696	4.62609e-05	1.54228e-06	4.62907e-05	1.914	-2.162802e-11
0.0325	387			3.26934e-05	-2.16813e-06	3.27679e-05	-3.792	-0.000132442	5.60287e-06	0.000132502	177.564	4.30497e-05	1.37836e-06	4.30646e-05	1.836	-1.446618e-11
0.03	388			3.31479e-05	-2.33205e-06	3.32298e-05	-4.014	-0.000125648	5.00682e-06	0.000125648	177.69	4.11051e-05	1.50502e-06	4.11349e-05	2.1	-1.810992e-11
0.0275	389			3.29094e-05	-1.40072e-06	3.29318e-05	-2.424	-0.000113488	5.24524e-06	0.000113547	177.342	3.8177e-05	1.55718e-06	3.82068e-05	2.34	-2.091602e-11
0.025	390			3.23954e-05	-2.92064e-06	3.25295e-05	-5.148	-0.000104845	4.94721e-06	0.000104905	177.27	3.56215e-05	1.43797e-06	3.56513e-05	2.316	-1.865438e-11
0.0225	391			3.22985e-05	-1.30386e-06	3.23209e-05	-2.304	-9.32817e-05	4.29156e-06	9.33413e-05	177.348	3.42506e-05	1.27406e-06	3.42729e-05	2.142	-1.693722e-11
0.02	392			3.06221e-05	-2.04892e-06	3.06892e-05	-3.822	-8.69338e-05	3.96374e-06	8.69934e-05	177.39	3.24773e-05	7.59963e-07	3.24848e-05	1.338	-1.995272e-11
0.0175	393			3.01303e-05	-2.25754e-06	3.02122e-05	-4.278	-7.74269e-05	2.65242e-06	7.74567e-05	178.026	3.07711e-05	1.03564e-06	3.0786e-05	1.938	-2.04553e-11
0.015	394			2.96311e-05	-5.9605e-07	2.96385e-05	-1.146	-6.74729e-05	2.29479e-06	6.74729e-05	178.05	3.00185e-05	1.50502e-06	3.00632e-05	2.874	-2.543923e-11
0.0125	395			2.95417e-05	-2.414e-06	2.96385e-05	-4.668	-5.82042e-05	2.11598e-06	5.82042e-05	177.9	2.85284e-05	2.01912e-06	2.86029e-05	4.05	-2.091599e-11
0.01	396			2.76045e-05	-1.19955e-06	2.76269e-05	-2.472	-4.72816e-05	1.57953e-06	4.7304e-05	178.08	2.66434e-05	6.92908e-07	2.66508e-05	1.488	-1.945015e-11
0.0075	397			2.6472e-05	-1.31131e-06	2.65093e-05	-2.826	-3.86389e-05	1.81795e-06	3.86687e-05	177.306	2.62336e-05	1.13995e-06	2.62634e-05	2.502	-1.940824e-11
0.005	398			2.53321e-05	-1.1921e-06	2.53619e-05	-2.682	-2.64795e-05	8.5682e-07	2.64869e-05	178.14	2.44753e-05	9.46227e-07	2.44976e-05	2.232	-2.292632e-11
0.0025	399			2.34322e-05	-1.27406e-06	2.34694e-05	-3.108	-1.68943e-05	2.27244e-07	1.68869e-05	179.22	2.32087e-05	1.84775e-06	2.32832e-05	4.566	-1.936633e-11
0.0	400			2.15397e-05	-1.02074e-06	2.15695e-05	-2.712	-2.78281e-06	-3.27827e-07	2.79957e-06	-173.304	2.30299e-05	1.95952e-06	2.31118e-05	4.884	-1.91988e-11
