variable x	variable x count			lockin1 x	lockin1 y	lockin1 r	lockin1 phi	smu1 meas	


1.0	0			3.6089e-08	2.97327e-07	2.99538e-07	83.076	-2.087384e-11
1.004	1			-1.82074e-07	5.81847e-07	6.09671e-07	107.37	-2.238159e-11
1.008	2			4.11064e-07	-1.79979e-07	4.48783e-07	-23.634	-2.250725e-11
1.012	3			-1.72878e-07	-1.00933e-07	2.00119e-07	-149.718	-2.33449e-11
1.016	4			5.63221e-07	8.64504e-07	1.0318e-06	56.916	-1.915675e-11
1.02	5			-5.30043e-07	1.74624e-07	5.58099e-07	161.754	-2.166959e-11
1.024	6			-5.90346e-07	-4.91509e-07	7.67996e-07	-140.22	-1.957553e-11
1.028	7			1.76719e-07	7.17238e-07	7.38659e-07	76.158	-2.309364e-11
1.032	8			7.03153e-08	-3.51227e-07	3.58095e-07	-78.666	-2.489451e-11
1.036	9			-2.89177e-07	-2.5728e-07	3.86966e-07	-138.342	-2.120893e-11
1.04	10			7.28589e-07	2.81203e-07	7.80976e-07	21.108	-2.300981e-11
1.044	11			5.07807e-07	-5.4599e-08	5.10718e-07	-6.132	-2.020372e-11
1.048	12			1.68943e-06	-9.19687e-09	1.68943e-06	-0.312	-2.275857e-11
1.052	13			6.56958e-06	-2.42145e-08	6.56958e-06	-0.21	-1.877979e-11
1.056	14			8.93982e-06	-1.05566e-06	9.00222e-06	-6.732	-2.108328e-11
1.06	15			3.00446e-05	-5.51347e-07	3.00502e-05	-1.05	-2.476889e-11
1.064	16			6.05586e-05	-1.09524e-06	6.05697e-05	-1.032	-2.125081e-11
1.068	17			0.000126884	-2.88339e-06	0.000126922	-1.302	-2.31774e-11
1.072	18			0.00016182	-3.12181e-06	0.00016185	-1.104	-2.19628e-11
1.076	19			0.00015618	-2.83869e-06	0.000156202	-1.038	-2.171151e-11
1.08	20			0.000131273	-2.55556e-06	0.000131295	-1.116	-2.187902e-11
1.084	21			0.000118673	-3.6061e-06	0.000118725	-1.74	-1.827723e-11
1.088	22			6.76666e-05	-1.90736e-06	6.76964e-05	-1.608	-1.735583e-11
1.092	23			3.99353e-05	-1.71364e-06	3.99577e-05	-2.448	-2.342868e-11
1.096	24			2.31267e-05	-1.2368e-06	2.3164e-05	-3.054	-2.388936e-11
1.1	25			2.02731e-05	-6.85457e-07	2.0288e-05	-1.92	-2.35962e-11
1.104	26			1.71663e-05	9.31327e-08	1.71663e-05	0.324	-2.045509e-11
1.108	27			1.53558e-05	-1.41562e-06	1.54191e-05	-5.262	-2.313547e-11
1.112	28			1.26102e-05	-5.43896e-07	1.26251e-05	-2.466	-1.932427e-11
1.116	29			6.94583e-06	-1.44169e-06	7.09298e-06	-11.712	-2.133457e-11
1.12	30			4.68365e-06	1.04309e-07	4.68458e-06	1.278	-1.911486e-11
1.124	31			3.56884e-06	-8.02804e-07	3.65825e-06	-12.672	-2.208845e-11
1.128	32			1.27056e-06	-1.40165e-07	1.27825e-06	-6.294	-2.192095e-11
1.132	33			1.26591e-06	-2.07919e-07	1.2829e-06	-9.33	-2.439191e-11
1.136	34			3.43194e-07	-2.16301e-07	4.05476e-07	-32.208	-2.179528e-11
1.14	35			-5.49018e-07	9.85579e-07	1.12819e-06	119.118	-2.259104e-11
1.144	36			-6.96866e-07	5.652e-07	8.97217e-07	140.952	-2.24235e-11
1.148	37			1.93134e-07	-5.34816e-07	5.6846e-07	-70.14	-1.915674e-11
1.152	38			1.3701e-06	1.01398e-07	1.37382e-06	4.236	-2.661167e-11
1.156	39			-5.0059e-07	-5.49833e-07	7.43548e-07	-132.324	-2.024571e-11
1.16	40			-3.84172e-07	9.14679e-07	9.92099e-07	112.776	-2.204657e-11
1.164	41			9.88371e-08	-8.08275e-07	8.14212e-07	-83.028	-2.17953e-11
1.168	42			2.14205e-08	-5.22941e-07	5.23291e-07	-87.642	-2.29261e-11
1.172	43			2.67175e-07	-1.64961e-07	3.13974e-07	-31.668	-2.791001e-11
1.176	44			-9.7161e-07	2.08501e-07	9.93612e-07	167.88	-2.476889e-11
1.18	45			-3.86617e-07	-5.11882e-07	6.41336e-07	-127.056	-2.154401e-11
1.184	46			1.30386e-07	-1.07522e-06	1.08302e-06	-83.082	-2.003626e-11
1.188	47			-5.28413e-07	-7.276e-08	5.33302e-07	-172.17	-2.510393e-11
1.192	48			4.15605e-08	-4.44825e-07	4.46687e-07	-84.648	-2.032944e-11
1.196	49			5.73815e-07	-2.03029e-07	6.08623e-07	-19.482	-2.238163e-11
1.2	50			5.8534e-07	-5.1095e-07	7.76959e-07	-41.112	-2.238162e-11
1.204	51			4.04546e-06	-2.46337e-07	4.05291e-06	-3.48	-2.012001e-11
1.208	52			8.83365e-06	-1.90922e-07	8.83552e-06	-1.236	-2.60672e-11
1.212	53			1.61474e-05	-3.11995e-07	1.61511e-05	-1.104	-2.246539e-11
1.216	54			2.61926e-05	-9.98385e-07	2.62113e-05	-2.178	-2.175339e-11
1.22	55			3.09146e-05	-1.2368e-06	3.09388e-05	-2.286	-1.785838e-11
1.224	56			4.03097e-05	-8.10254e-07	4.03172e-05	-1.152	-1.98268e-11
1.228	57			4.42083e-05	-1.99863e-06	4.42548e-05	-2.586	-2.548086e-11
1.232	58			4.18613e-05	-1.10642e-06	4.18762e-05	-1.512	-1.907296e-11
1.236	59			2.84688e-05	-9.35052e-07	2.84837e-05	-1.878	-2.359619e-11
1.24	60			1.6261e-05	-1.05054e-06	1.62945e-05	-3.696	-2.430817e-11
1.244	61			7.24944e-06	-6.91045e-07	7.28297e-06	-5.436	-2.506204e-11
1.248	62			2.71808e-06	1.19257e-06	2.96814e-06	23.688	-2.313551e-11
1.252	63			1.18791e-06	-1.72296e-07	1.20048e-06	-8.238	-2.150211e-11
1.256	64			9.13398e-07	-6.25852e-07	1.10688e-06	-34.41	-2.187902e-11
1.26	65			-6.78705e-07	-1.30852e-07	6.91045e-07	-169.086	-1.924049e-11
1.264	66			-1.52971e-07	-5.57284e-07	5.77773e-07	-105.348	-2.112516e-11
1.268	67			1.36451e-06	-1.44822e-07	1.37219e-06	-6.054	-2.087384e-11
1.272	68			-9.66252e-08	1.14344e-06	1.14751e-06	94.824	-2.388936e-11
1.276	69			-6.35049e-07	-2.46686e-07	6.8115e-07	-158.778	-2.141836e-11
1.28	70			-2.09432e-07	6.37843e-07	6.71254e-07	108.174	-2.12927e-11
1.284	71			3.30971e-07	8.52047e-07	9.14213e-07	68.772	-2.129269e-11
1.288	72			-9.80222e-08	7.47972e-07	7.54491e-07	97.458	-1.953369e-11
1.292	73			3.6508e-07	3.97909e-07	5.39938e-07	47.46	-2.12927e-11
1.296	74			2.6962e-07	-2.83939e-07	3.91507e-07	-46.464	-2.19628e-11
1.3	75			3.75907e-07	1.68105e-07	4.11763e-07	24.108	-2.271668e-11
1.304	76			-2.14205e-08	-1.95811e-07	1.96859e-07	-96.216	-2.099949e-11
1.308	77			-6.8406e-07	2.79398e-09	6.83944e-07	179.76	-1.743958e-11
1.312	78			1.07522e-06	-7.39008e-07	1.30467e-06	-34.5	-1.890544e-11
1.316	79			-3.24218e-07	7.02919e-07	7.73933e-07	114.762	-2.355433e-11
1.32	80			-1.26428e-07	7.042e-07	7.15492e-07	100.17	-2.703055e-11
1.324	81			-3.95115e-07	-3.25499e-07	5.11882e-07	-140.514	-2.263291e-11
1.328	82			2.45871e-07	1.81958e-07	3.05825e-07	36.504	-2.58997e-11
1.332	83			7.18286e-07	8.68346e-07	1.12691e-06	50.406	-1.903108e-11
1.336	84			-6.11533e-07	-8.06413e-07	1.01189e-06	-127.17	-2.56484e-11
1.34	85			-7.61709e-07	-4.52974e-07	8.86041e-07	-149.262	-2.296791e-11
1.344	86			-2.17348e-07	-1.07429e-06	1.09594e-06	-101.436	-1.957549e-11
1.348	87			4.08154e-07	3.2061e-07	5.191e-07	38.16	-2.053883e-11
1.352	88			-3.15022e-07	3.22822e-07	4.50995e-07	134.286	-2.238161e-11
1.356	89			-5.99543e-08	5.53617e-07	5.56818e-07	96.18	-2.39731e-11
1.36	90			5.43314e-07	-2.08559e-07	5.81964e-07	-21.0	-2.196279e-11
1.364	91			-6.23058e-07	1.64379e-07	6.44362e-07	165.216	-1.986874e-11
1.368	92			2.82775e-07	4.95293e-07	5.70322e-07	60.276	-2.179529e-11
1.372	93			1.47441e-07	8.14911e-10	1.47441e-07	0.336	-2.012005e-11
1.376	94			6.17588e-08	3.21541e-07	3.27362e-07	79.122	-2.179526e-11
1.38	95			-7.47391e-08	1.11061e-07	1.33879e-07	123.924	-2.012001e-11
1.384	96			-2.20957e-07	-4.84059e-07	5.32022e-07	-114.528	-2.087387e-11
1.388	97			-4.59843e-08	-3.99772e-07	4.02217e-07	-96.558	-2.367995e-11
1.392	98			2.37954e-07	-6.27948e-07	6.71487e-07	-69.234	-2.288421e-11
1.396	99			-7.27134e-07	4.64266e-07	8.62641e-07	147.438	-2.271667e-11
1.4	100			4.17234e-07	1.72074e-06	1.77057e-06	76.368	-2.162775e-11
1.404	101			1.79513e-07	-2.11877e-07	2.77652e-07	-49.716	-1.890543e-11
1.408	102			-7.42384e-07	-2.91739e-07	7.97449e-07	-158.55	-1.97431e-11
1.412	103			7.02454e-07	-3.58328e-07	7.88601e-07	-27.024	-2.150211e-11
1.416	104			1.11201e-06	-2.94533e-07	1.15031e-06	-14.832	-1.869603e-11
1.42	105			1.16358e-06	1.37254e-06	1.79944e-06	49.71	-2.032942e-11
1.424	106			1.10572e-06	-1.02656e-06	1.50875e-06	-42.876	-2.250726e-11
1.428	107			1.21049e-06	8.65435e-07	1.48803e-06	35.562	-2.489452e-11
1.432	108			4.55466e-06	1.60654e-07	4.55699e-06	2.022	-2.321927e-11
1.436	109			8.829e-06	-2.51925e-07	8.83272e-06	-1.632	-2.229786e-11
1.44	110			1.64557e-05	1.56463e-07	1.64566e-05	0.546	-2.154399e-11
1.444	111			3.03277e-05	-8.12117e-07	3.03389e-05	-1.53	-2.066448e-11
1.448	112			4.87978e-05	-2.68223e-07	4.87978e-05	-0.312	-2.246539e-11
1.452	113			6.35725e-05	-2.0452e-06	6.36061e-05	-1.842	-1.911485e-11
1.456	114			0.000109256	-3.16651e-06	0.000109308	-1.656	-1.752334e-11
1.46	115			0.00014335	-4.34372e-06	0.000143417	-1.734	-2.372185e-11
1.464	116			0.0001615	-4.67899e-06	0.000161567	-1.656	-2.053886e-11
1.468	117			0.000226618	-7.09298e-06	0.000226737	-1.788	-2.037131e-11
1.472	118			0.000237496	-7.03338e-06	0.000237615	-1.692	-2.187906e-11
1.476	119			0.000233294	-6.76516e-06	0.000233413	-1.656	-2.502017e-11
1.48	120			0.000223518	-5.72208e-06	0.000223578	-1.458	-2.242352e-11
1.484	121			0.00019461	-5.24524e-06	0.0001947	-1.542	-2.020377e-11
1.488	122			0.000151099	-3.6359e-06	0.000151129	-1.38	-1.70208e-11
1.492	123			0.000139267	-4.17235e-06	0.000139327	-1.716	-1.991063e-11
1.496	124			0.000104666	-3.21867e-06	0.000104726	-1.752	-2.468513e-11
1.5	125			8.01091e-05	-3.03985e-06	8.01687e-05	-2.154	-1.7649e-11
1.504	126			5.88896e-05	-1.93717e-06	5.89194e-05	-1.878	-2.162774e-11
1.508	127			3.44517e-05	-2.20539e-06	3.45262e-05	-3.654	-2.347056e-11
1.512	128			2.99365e-05	-1.78815e-06	2.99887e-05	-3.414	-2.233976e-11
1.516	129			6.34234e-06	-9.72308e-07	6.41498e-06	-8.712	-2.246537e-11
1.52	130			4.65012e-06	-8.75447e-07	4.73115e-06	-10.662	-2.125086e-11
1.524	131			2.13321e-06	2.16533e-07	2.14392e-06	5.796	-1.961745e-11
1.528	132			1.29571e-06	-2.82891e-07	1.32621e-06	-12.312	-2.280045e-11
1.532	133			5.32487e-07	-4.3004e-07	6.84293e-07	-38.904	-2.690487e-11
1.536	134			-6.46342e-07	-5.03151e-07	8.18869e-07	-142.098	-1.861229e-11
1.54	135			-1.76137e-07	9.67419e-07	9.83251e-07	100.32	-2.192095e-11
1.544	136			-6.79986e-07	7.22944e-08	6.83827e-07	173.922	-2.259103e-11
1.548	137			-1.39001e-07	9.01524e-07	9.12234e-07	98.766	-2.481079e-11
1.552	138			1.28989e-07	4.68224e-07	4.85688e-07	74.58	-2.129271e-11
1.556	139			-5.63337e-07	-9.32723e-07	1.08965e-06	-121.128	-2.146025e-11
1.56	140			8.77659e-07	3.35278e-08	8.78241e-07	2.19	-2.355429e-11
1.564	141			8.24225e-08	6.10136e-07	6.15724e-07	82.302	-2.388938e-11
1.568	142			2.70784e-07	2.37837e-07	3.60424e-07	41.298	-1.710456e-11
1.572	143			6.56587e-08	-4.68108e-07	4.72532e-07	-82.014	-2.091578e-11
1.576	144			4.36792e-07	1.04006e-06	1.12807e-06	67.218	-2.125081e-11
1.58	145			2.58444e-07	3.09667e-07	4.03264e-07	50.154	-2.250726e-11
1.584	146			1.35985e-06	3.60307e-07	1.40677e-06	14.844	-2.112518e-11
1.588	147			-2.32832e-09	2.50993e-07	2.50993e-07	90.534	-1.995253e-11
1.592	148			-1.24961e-06	-2.58327e-07	1.27592e-06	-168.324	-2.522957e-11
1.596	149			7.99078e-07	-6.4704e-07	1.02819e-06	-38.988	-1.986874e-11
1.6	150			3.7579e-07	-7.94655e-07	8.78939e-07	-64.674	-2.208846e-11
1.604	151			6.86854e-07	-8.86856e-07	1.12155e-06	-52.236	-2.045511e-11
1.608	152			-3.2061e-07	-5.84176e-07	6.66132e-07	-118.764	-1.92824e-11
1.612	153			1.05589e-07	3.33765e-07	3.50179e-07	72.438	-2.225599e-11
1.616	154			-9.05716e-08	6.40288e-07	6.46574e-07	98.04	-1.97431e-11
1.62	155			-1.36451e-06	5.93955e-07	1.48803e-06	156.474	-1.823534e-11
1.624	156			-4.01285e-07	9.04667e-07	9.89538e-07	113.916	-2.405691e-11
1.628	157			-3.67874e-07	-4.7649e-07	6.01754e-07	-127.668	-2.204658e-11
1.632	158			4.88133e-07	-4.97096e-08	4.90694e-07	-5.802	-2.108332e-11
1.636	159			-6.12465e-07	-3.6997e-07	7.15492e-07	-148.866	-2.271671e-11
1.64	160			2.13216e-07	-7.64853e-08	2.26487e-07	-19.728	-1.852852e-11
1.644	161			5.53966e-07	-1.86498e-07	5.84525e-07	-18.594	-2.263294e-11
1.648	162			4.80391e-07	-6.09787e-07	7.76261e-07	-51.768	-2.104142e-11
1.652	163			1.42144e-07	5.48436e-07	5.66597e-07	75.468	-1.861227e-11
1.656	164			-8.23061e-08	-2.48374e-07	2.61587e-07	-108.33	-2.535524e-11
1.66	165			4.80974e-07	4.177e-07	6.37086e-07	40.974	-2.242353e-11
1.664	166			7.78356e-07	-3.71716e-07	8.62525e-07	-25.524	-2.531338e-11
1.668	167			-7.04316e-07	1.20491e-07	7.14503e-07	170.286	-2.137648e-11
1.672	168			6.75329e-07	-1.58093e-07	6.93606e-07	-13.164	-2.108331e-11
1.676	169			-6.4413e-07	5.7754e-07	8.65086e-07	138.114	-2.363805e-11
1.68	170			5.39007e-07	7.20614e-07	8.99894e-07	53.202	-2.225598e-11
1.684	171			-2.67873e-07	6.32546e-07	6.86912e-07	112.95	-2.091578e-11
1.688	172			6.1526e-08	4.27537e-07	4.31961e-07	81.804	-2.233977e-11
1.692	173			2.89003e-07	-7.91686e-07	8.42676e-07	-69.942	-2.309362e-11
1.696	174			3.35569e-07	3.38072e-07	4.76373e-07	45.216	-1.802592e-11
1.7	175			8.71954e-07	6.37028e-07	1.07988e-06	36.156	-2.116708e-11
1.704	176			6.113e-07	-1.74857e-07	6.35748e-07	-15.954	-2.133459e-11
1.708	177			-3.23054e-07	2.48549e-07	4.07455e-07	142.41	-1.819348e-11
1.712	178			8.04434e-08	6.64735e-07	6.69625e-07	83.094	-2.133461e-11
1.716	179			-8.74284e-08	-5.28646e-07	5.35747e-07	-99.39	-2.284236e-11
1.72	180			-6.92558e-07	2.89876e-07	7.5065e-07	157.278	-2.196284e-11
1.724	181			6.03151e-07	1.19233e-06	1.33622e-06	63.162	-2.338676e-11
1.728	182			1.35625e-07	5.12464e-07	5.30159e-07	75.174	-2.368e-11
1.732	183			1.01561e-06	-2.631e-08	1.01585e-06	-1.482	-2.041319e-11
1.736	184			-9.69744e-08	-9.9466e-07	9.99316e-07	-95.568	-2.305176e-11
1.74	185			1.25019e-06	-5.62872e-07	1.37103e-06	-24.24	-2.280046e-11
1.744	186			4.83965e-06	3.61355e-07	4.85269e-06	4.272	-2.087389e-11
1.748	187			7.46365e-06	-5.3272e-07	7.48274e-06	-4.08	-2.481076e-11
1.752	188			1.28048e-05	-8.06529e-07	1.283e-05	-3.6	-2.162776e-11
1.756	189			2.01819e-05	-2.1849e-06	2.02992e-05	-6.174	-2.665359e-11
1.76	190			3.4882e-05	-1.80677e-06	3.49286e-05	-2.964	-2.372187e-11
1.764	191			3.80485e-05	-2.57792e-06	3.8136e-05	-3.876	-1.69789e-11
1.768	192			5.96608e-05	-1.92226e-06	5.96906e-05	-1.842	-2.25073e-11
1.772	193			6.89481e-05	-2.28362e-06	6.89854e-05	-1.896	-2.070635e-11
1.776	194			0.000105493	-2.9579e-06	0.00010553	-1.602	-2.04132e-11
1.78	195			0.000131764	-4.53743e-06	0.000131846	-1.968	-2.007815e-11
1.784	196			0.000157238	-4.82055e-06	0.000157312	-1.758	-2.464333e-11
1.788	197			0.000189335	-4.97702e-06	0.000189395	-1.494	-2.250728e-11
1.792	198			0.000225932	-6.46713e-06	0.000226022	-1.638	-2.661167e-11
1.796	199			0.000238211	-7.98708e-06	0.00023836	-1.914	-2.367997e-11
1.8	200			0.000281068	-8.13609e-06	0.000281187	-1.656	-2.200466e-11
1.804	201			0.000287535	-8.67253e-06	0.000287654	-1.728	-2.527146e-11
1.808	202			0.000292959	-1.07885e-05	0.000293138	-2.106	-2.066451e-11
1.812	203			0.000277223	-9.86463e-06	0.000277402	-2.034	-2.439196e-11
1.816	204			0.000244022	-7.92748e-06	0.000244142	-1.854	-2.213038e-11
1.82	205			0.000213177	-6.37773e-06	0.000213296	-1.71	-2.221412e-11
1.824	206			0.000175298	-4.85781e-06	0.000175358	-1.578	-2.535519e-11
1.828	207			0.000131727	-5.54326e-06	0.000131846	-2.406	-2.384748e-11
1.832	208			8.4341e-05	-1.51993e-06	8.43708e-05	-1.032	-2.070637e-11
1.836	209			5.0925e-05	-9.68583e-07	5.09324e-05	-1.086	-2.531335e-11
1.84	210			2.70979e-05	-1.08034e-06	2.71128e-05	-2.28	-1.672763e-11
1.844	211			1.57916e-05	-1.66149e-06	1.58773e-05	-6.0	-2.460138e-11
1.848	212			6.48948e-06	4.26548e-07	6.50252e-06	3.774	-2.23816e-11
1.852	213			2.73438e-06	-2.5239e-07	2.74555e-06	-5.268	-2.275858e-11
1.856	214			2.05731e-06	-1.11759e-07	2.06103e-06	-3.096	-2.233977e-11
1.86	215			1.66475e-06	-4.87085e-07	1.73413e-06	-16.302	-2.20885e-11
1.864	216			-6.6101e-07	-1.39699e-09	6.60777e-07	-179.898	-2.644418e-11
1.868	217			-9.08974e-07	-4.06408e-07	9.95475e-07	-155.916	-2.280043e-11
1.872	218			-4.57165e-07	5.9279e-07	7.48554e-07	127.638	-2.52715e-11
1.876	219			-5.11183e-07	-8.276e-07	9.72541e-07	-121.704	-2.263292e-11
1.88	220			3.71134e-07	5.76842e-07	6.85923e-07	57.24	-2.409883e-11
1.884	221			-8.06995e-07	3.55069e-07	8.81617e-07	156.246	-2.250727e-11
1.888	222			4.25965e-07	1.04262e-06	1.12633e-06	67.776	-2.116706e-11
1.892	223			1.3318e-07	4.34813e-07	4.5472e-07	72.972	-2.141836e-11
1.896	224			-1.00001e-07	-6.21661e-07	6.29461e-07	-99.138	-2.108329e-11
1.9	225			7.12349e-07	-3.6054e-07	7.98263e-07	-26.838	-2.04132e-11
1.904	226			-7.01988e-07	-1.89991e-07	7.27134e-07	-164.862	-2.267485e-11
1.908	227			-1.01876e-06	9.05598e-07	1.363e-06	138.366	-2.259105e-11
1.912	228			3.85104e-07	-1.82074e-07	4.25965e-07	-25.296	-1.92405e-11
1.916	229			-5.84641e-07	4.69156e-08	5.86388e-07	175.41	-2.300986e-11
1.92	230			5.879e-08	-3.06116e-07	3.11646e-07	-79.122	-2.150211e-11
1.924	231			-7.33421e-08	7.40463e-07	7.44072e-07	95.658	-2.150213e-11
1.928	232			-6.43548e-07	1.3481e-07	6.57517e-07	168.162	-2.137649e-11
1.932	233			8.4809e-08	2.0722e-07	2.23926e-07	67.722	-2.032943e-11
1.936	234			-3.52275e-07	-7.63921e-07	8.41221e-07	-114.756	-1.831913e-11
1.94	235			-5.05246e-07	8.7859e-07	1.01352e-06	119.898	-2.351249e-11
1.944	236			-7.62175e-07	5.24687e-07	9.25273e-07	145.452	-2.2256e-11
1.948	237			8.79987e-07	-2.65662e-07	9.19335e-07	-16.8	-2.309362e-11
1.952	238			-4.40285e-07	3.41332e-07	5.57051e-07	142.206	-2.393129e-11
1.956	239			-5.0478e-07	7.76959e-07	9.26553e-07	123.012	-1.882169e-11
1.96	240			-4.76373e-07	1.01468e-06	1.12085e-06	115.14	-2.388936e-11
1.964	241			3.51343e-07	6.67995e-07	7.54841e-07	62.256	-2.066452e-11
1.968	242			1.26195e-06	-4.83126e-08	1.26288e-06	-2.19	-2.162779e-11
1.972	243			-3.26547e-07	-3.50063e-07	4.78471e-07	-133.008	-2.20047e-11
1.976	244			1.8708e-07	3.86268e-07	4.29225e-07	64.152	-2.007813e-11
1.98	245			-6.22827e-08	-4.27595e-07	4.32019e-07	-98.274	-2.187906e-11
1.984	246			-5.63452e-08	-1.02889e-06	1.0304e-06	-93.132	-2.250728e-11
1.988	247			-7.47391e-08	9.16891e-07	9.19918e-07	94.656	-1.882169e-11
1.992	248			-3.7905e-07	-1.22819e-07	3.98375e-07	-162.054	-2.393127e-11
1.996	249			3.90226e-07	-1.79281e-07	4.29342e-07	-24.666	-1.831912e-11
2.0	250			3.17117e-07	-3.68806e-07	4.8627e-07	-49.296	-2.08739e-11
2.004	251			6.01405e-07	-6.71953e-07	9.0164e-07	-48.168	-2.091577e-11
2.008	252			2.31318e-07	3.11762e-07	3.88247e-07	53.43	-2.125085e-11
2.012	253			-5.44595e-07	1.67639e-08	5.44711e-07	178.224	-2.233976e-11
2.016	254			5.84991e-07	4.41216e-07	7.32722e-07	37.026	-2.024568e-11
2.02	255			7.60545e-07	3.87199e-07	8.53444e-07	26.988	-2.007819e-11
2.024	256			9.47625e-08	-9.38893e-07	9.4355e-07	-84.228	-2.259109e-11
2.028	257			1.08057e-06	9.8686e-07	1.46346e-06	42.402	-2.154397e-11
2.032	258			1.22714e-06	6.8569e-07	1.40572e-06	29.196	-2.070637e-11
2.036	259			-5.78006e-07	5.91161e-07	8.26669e-07	134.346	-2.330296e-11
2.04	260			7.75912e-07	-3.71949e-07	8.60429e-07	-25.602	-2.05807e-11
2.044	261			-2.10829e-07	2.03961e-07	2.93252e-07	135.918	-1.739769e-11
2.048	262			-2.57396e-07	-3.3586e-07	4.23055e-07	-127.47	-2.129271e-11
2.052	263			-3.77071e-07	-7.04317e-08	3.8359e-07	-169.416	-2.284231e-11
2.056	264			-5.62581e-07	-1.28232e-07	5.76958e-07	-167.166	-2.066447e-11
2.06	265			-5.04489e-07	4.65488e-07	6.86447e-07	137.298	-2.384749e-11
2.064	266			-3.69038e-07	-6.12349e-08	3.73928e-07	-170.592	-1.940799e-11
2.068	267			-1.546e-07	-3.62054e-08	1.58675e-07	-166.842	-2.179525e-11
2.072	268			-5.28878e-07	5.59496e-07	7.69858e-07	133.38	-2.347059e-11
2.076	269			2.36557e-07	-4.02566e-07	4.66827e-07	-59.556	-2.468506e-11
2.08	270			-5.20846e-07	3.47734e-07	6.26202e-07	146.262	-2.108326e-11
2.084	271			-4.92091e-07	7.27017e-07	8.77775e-07	124.086	-2.359619e-11
2.088	272			-7.07809e-07	-9.33655e-08	7.13862e-07	-172.494	-2.24235e-11
2.092	273			-3.9756e-07	-1.66126e-07	4.30622e-07	-157.326	-2.112517e-11
2.096	274			1.55183e-07	-9.11885e-07	9.24923e-07	-80.334	-2.037129e-11
2.1	275			-2.32948e-07	8.44946e-07	8.76378e-07	105.408	-2.016192e-11
2.104	276			-2.79398e-08	8.93258e-07	8.93608e-07	91.788	-2.552273e-11
2.108	277			8.67181e-07	-1.42959e-07	8.78823e-07	-9.354	-2.401503e-11
2.112	278			4.41216e-08	2.87548e-07	2.90807e-07	81.276	-2.162774e-11
2.116	279			7.37262e-07	2.20375e-07	7.69509e-07	16.644	-2.37637e-11
2.12	280			6.34001e-07	-5.44595e-07	8.35749e-07	-40.656	-2.271668e-11
2.124	281			-7.42384e-07	3.01518e-07	8.01174e-07	157.896	-2.242349e-11
2.128	282			-3.18048e-07	-6.14677e-07	6.91976e-07	-117.354	-2.263291e-11
2.132	283			2.59142e-07	-6.31673e-07	6.82663e-07	-67.686	-2.091576e-11
2.136	284			-3.24102e-07	2.77885e-07	4.26897e-07	139.386	-2.317738e-11
2.14	285			-2.25148e-07	2.44707e-07	3.32368e-07	132.6	-2.464324e-11
2.144	286			1.01515e-07	-7.46459e-07	7.53211e-07	-82.248	-2.070635e-11
2.148	287			-1.78582e-07	-1.3311e-06	1.34297e-06	-97.638	-2.313548e-11
2.152	288			-9.205e-07	-2.94416e-07	9.66254e-07	-162.264	-2.254912e-11
2.156	289			-2.17115e-07	-3.11762e-07	3.79749e-07	-124.854	-2.422439e-11
2.16	290			1.00828e-06	-7.01989e-08	1.01073e-06	-3.984	-2.133455e-11
2.164	291			8.59614e-07	-2.0722e-07	8.84178e-07	-13.554	-2.187906e-11
2.168	292			7.67297e-07	-2.68805e-07	8.13048e-07	-19.302	-2.347052e-11
2.172	293			-2.32482e-07	-1.45054e-07	2.73927e-07	-148.044	-2.552274e-11
2.176	294			-7.32257e-08	-5.90579e-07	5.95002e-07	-97.056	-2.04969e-11
2.18	295			6.14793e-07	-3.52857e-07	7.0874e-07	-29.844	-2.116704e-11
2.184	296			1.28931e-06	4.98843e-07	1.38244e-06	21.15	-2.242351e-11
2.188	297			7.51441e-06	-4.13509e-07	7.52558e-06	-3.15	-2.028753e-11
2.192	298			1.25813e-05	-1.25729e-06	1.26437e-05	-5.706	-2.171151e-11
2.196	299			1.80939e-05	-1.3914e-06	1.81469e-05	-4.398	-2.162774e-11
2.2	300			4.37873e-05	-1.52365e-06	4.38134e-05	-1.986	-1.773273e-11
2.204	301			5.37189e-05	-2.16813e-06	5.37636e-05	-2.31	-2.158585e-11
2.208	302			0.000116408	-4.88016e-06	0.000116505	-2.394	-2.095759e-11
2.212	303			0.000163996	-5.55816e-06	0.000164093	-1.938	-2.514583e-11
2.216	304			0.000227214	-6.61614e-06	0.000227333	-1.662	-1.986871e-11
2.22	305			0.000267448	-8.2553e-06	0.000267567	-1.764	-1.919857e-11
2.224	306			0.000348898	-1.04905e-05	0.000349047	-1.716	-2.137644e-11
2.228	307			0.000434013	-1.43946e-05	0.000434252	-1.896	-2.171147e-11
2.232	308			0.000566307	-1.86564e-05	0.000566665	-1.878	-2.363805e-11
2.236	309			0.000655893	-1.961e-05	0.000656191	-1.71	-2.305169e-11
2.24	310			0.000694577	-2.0981e-05	0.000694875	-1.728	-2.116704e-11
2.244	311			0.000806514	-2.52129e-05	0.000806931	-1.788	-2.058063e-11
2.248	312			0.000889841	-2.81335e-05	0.000890259	-1.806	-2.552269e-11
2.252	313			0.00100303	-3.09946e-05	0.00100351	-1.764	-2.053879e-11
2.256	314			0.00107408	-3.40941e-05	0.00107456	-1.818	-1.890541e-11
2.26	315			0.00113643	-3.43325e-05	0.00113691	-1.728	-2.137641e-11
2.264	316			0.00118423	-3.8624e-05	0.00118483	-1.866	-1.886352e-11
2.268	317			0.0012014	-3.85048e-05	0.00120199	-1.836	-2.011997e-11
2.272	318			0.00125302	-3.96969e-05	0.00125361	-1.812	-2.062253e-11
2.276	319			0.00128377	-4.11274e-05	0.00128437	-1.83	-2.225592e-11
2.28	320			0.00130821	-4.20811e-05	0.00130881	-1.836	-1.63925e-11
2.284	321			0.0013311	-4.30348e-05	0.00133169	-1.848	-1.940799e-11
2.288	322			0.00133515	-4.36308e-05	0.00133587	-1.866	-2.292602e-11
2.292	323			0.00134385	-4.36308e-05	0.00134457	-1.854	-1.827718e-11
2.296	324			0.00134457	-4.47037e-05	0.00134528	-1.902	-2.079007e-11
2.3	325			0.0013392	-4.38693e-05	0.00134004	-1.878	-2.765868e-11
2.304	326			0.00133408	-4.3154e-05	0.00133467	-1.848	-2.074819e-11
2.308	327			0.00132669	-4.3154e-05	0.0013274	-1.86	-2.585776e-11
2.312	328			0.00131644	-4.23195e-05	0.00131715	-1.836	-2.510388e-11
2.316	329			0.00131369	-4.19619e-05	0.00131429	-1.824	-2.573208e-11
2.32	330			0.00129832	-4.29156e-05	0.00129903	-1.89	-2.56902e-11
2.324	331			0.00128043	-4.07698e-05	0.00128115	-1.818	-1.769081e-11
2.328	332			0.00126434	-4.20811e-05	0.00126506	-1.902	-2.569015e-11
2.332	333			0.00124777	-4.12466e-05	0.00124837	-1.89	-2.137642e-11
2.336	334			0.00122882	-4.06506e-05	0.00122953	-1.89	-2.175336e-11
2.34	335			0.00122119	-3.93393e-05	0.00122178	-1.842	-1.970116e-11
2.344	336			0.00119448	-3.93393e-05	0.0011952	-1.884	-2.334486e-11
2.348	337			0.00117446	-3.79088e-05	0.00117505	-1.842	-2.656977e-11
2.352	338			0.00116552	-3.91009e-05	0.00116623	-1.92	-2.200464e-11
2.356	339			0.00112785	-3.76704e-05	0.00112844	-1.914	-2.183707e-11
2.36	340			0.00111926	-3.76704e-05	0.00111998	-1.926	-2.066442e-11
2.364	341			0.00108386	-3.63591e-05	0.00108445	-1.92	-2.087384e-11
2.368	342			0.00106145	-3.50478e-05	0.00106204	-1.884	-2.309356e-11
2.372	343			0.00103677	-3.45709e-05	0.00103737	-1.902	-2.372178e-11
2.376	344			0.00100804	-3.46901e-05	0.00100864	-1.968	-1.848657e-11
2.38	345			0.000977762	-3.25444e-05	0.000978239	-1.902	-2.062261e-11
2.384	346			0.000952248	-3.15907e-05	0.000952724	-1.896	-2.003615e-11
2.388	347			0.000926737	-3.2306e-05	0.000927333	-1.992	-2.187901e-11
2.392	348			0.000880007	-3.14715e-05	0.000880484	-2.046	-2.120892e-11
2.396	349			0.000865463	-2.90872e-05	0.00086594	-1.92	-2.150206e-11
2.4	350			0.000838403	-2.84911e-05	0.000838879	-1.938	-2.204653e-11
2.404	351			0.000796083	-2.78951e-05	0.00079656	-1.998	-2.351232e-11
2.408	352			0.000776652	-2.68222e-05	0.000777129	-1.974	-1.932421e-11
2.412	353			0.000723008	-2.51533e-05	0.000723485	-1.992	-1.760707e-11
2.416	354			0.000691179	-2.46764e-05	0.000691656	-2.04	-2.087384e-11
2.42	355			0.000669125	-2.26499e-05	0.000669483	-1.932	-1.953362e-11
2.424	356			0.000630382	-2.13386e-05	0.00063074	-1.932	-2.058065e-11
2.428	357			0.00057495	-2.12194e-05	0.000575427	-2.106	-2.426623e-11
2.432	358			0.000531558	-1.76431e-05	0.000531796	-1.896	-2.137642e-11
2.436	359			0.000512365	-1.83583e-05	0.000512723	-2.046	-1.877975e-11
2.44	360			0.000477435	-1.68086e-05	0.000477673	-2.016	-2.481068e-11
2.444	361			0.00043142	-1.51396e-05	0.000431659	-1.998	-1.915665e-11
2.448	362			0.000385286	-1.40668e-05	0.000385525	-2.088	-2.853819e-11
2.452	363			0.000360729	-1.33515e-05	0.000361087	-2.106	-2.367985e-11
2.456	364			0.000316503	-1.14442e-05	0.000316741	-2.064	-2.079004e-11
2.46	365			0.000265839	-9.29838e-06	0.000265958	-1.98	-2.280036e-11
2.464	366			0.000202061	-7.15259e-06	0.00020218	-2.004	-2.196275e-11
2.468	367			0.000162841	-7.21219e-06	0.00016302	-2.52	-2.183709e-11
2.472	368			0.000131846	-5.30484e-06	0.000131966	-2.286	-2.355425e-11
2.476	369			0.000121773	-5.54326e-06	0.000121952	-2.586	-2.690476e-11
2.48	370			8.148e-05	-4.7386e-06	8.15992e-05	-3.312	-1.538733e-11
2.484	371			6.83074e-05	-2.86104e-06	6.8367e-05	-2.376	-2.095759e-11
2.488	372			5.19159e-05	-2.3246e-06	5.19755e-05	-2.556	-2.200463e-11
2.492	373			2.84464e-05	-1.207e-06	2.84762e-05	-2.43	-2.686292e-11
2.496	374			2.24301e-05	-1.52365e-06	2.24822e-05	-3.876	-2.192087e-11
2.5	375			1.53409e-05	-3.61355e-07	1.53446e-05	-1.344	-2.280037e-11
2.504	376			7.41894e-06	3.98608e-07	7.42826e-06	3.084	-2.037124e-11
2.508	377			2.44986e-06	2.28175e-08	2.44986e-06	0.54	-2.455939e-11
2.512	378			6.1328e-07	-9.71377e-07	1.14879e-06	-57.714	-2.250721e-11
2.516	379			1.78256e-06	4.54953e-07	1.83984e-06	14.328	-1.957544e-11
2.52	380			1.9693e-06	7.20847e-07	2.09735e-06	20.112	-2.213026e-11
2.524	381			8.59964e-07	6.99893e-07	1.10886e-06	39.144	-2.317729e-11
2.528	382			-4.06291e-07	7.64969e-07	8.66134e-07	117.972	-2.342858e-11
2.532	383			5.72767e-07	6.30976e-08	5.76259e-07	6.294	-2.11251e-11
2.536	384			-1.50875e-07	1.51853e-06	1.52598e-06	95.664	-2.150203e-11
2.54	385			7.7207e-07	-8.42152e-07	1.14251e-06	-47.478	-2.162769e-11
2.544	386			7.87903e-07	1.25729e-07	7.97914e-07	9.072	-2.129264e-11
2.548	387			-4.50878e-07	1.4552e-07	4.73579e-07	162.096	-2.401495e-11
2.552	388			7.54259e-07	7.50184e-07	1.06393e-06	44.844	-2.091571e-11
2.556	389			-1.92086e-08	6.06877e-07	6.07226e-07	91.806	-1.924043e-11
2.56	390			-4.99425e-07	-1.09943e-06	1.20735e-06	-114.426	-1.836092e-11
2.564	391			-8.85925e-08	7.33071e-07	7.38426e-07	96.888	-1.953362e-11
2.568	392			5.27365e-07	3.26314e-07	6.20148e-07	31.746	-2.196274e-11
2.572	393			-4.63335e-07	1.22237e-06	1.30723e-06	110.754	-2.476882e-11
2.576	394			-1.21829e-06	-1.96394e-07	1.23389e-06	-170.844	-1.773271e-11
2.58	395			1.76719e-07	-3.57048e-07	3.98259e-07	-63.648	-2.388927e-11
2.584	396			6.4378e-07	-3.33299e-07	7.24922e-07	-27.36	-2.213027e-11
2.588	397			-3.77071e-07	-4.04079e-07	5.52627e-07	-133.02	-1.848657e-11
2.592	398			-3.5926e-07	2.10945e-07	4.16536e-07	149.574	-2.27585e-11
2.596	399			-1.11282e-06	3.8068e-07	1.17603e-06	161.112	-2.016185e-11
2.6	400			2.04892e-07	9.2632e-07	9.48789e-07	77.52	-1.781647e-11
2.604	401			4.46105e-07	3.05941e-07	5.41102e-07	34.434	-2.275847e-11
2.608	402			-1.88873e-06	5.65549e-07	1.97139e-06	163.326	-2.313541e-11
2.612	403			-8.57635e-07	9.80222e-08	8.63223e-07	173.472	-2.041314e-11
2.616	404			1.95229e-07	3.20144e-07	3.74976e-07	58.608	-2.351234e-11
2.62	405			-6.95003e-07	-5.22476e-07	8.69277e-07	-143.064	-2.229785e-11
2.624	406			-8.12233e-07	2.88828e-07	8.61943e-07	160.416	-2.037127e-11
2.628	407			1.25846e-06	-8.32722e-07	1.50898e-06	-33.486	-2.108324e-11
2.632	408			1.40712e-06	-3.65779e-07	1.45392e-06	-14.568	-2.539706e-11
2.636	409			3.62403e-07	4.36676e-07	5.67528e-07	50.316	-2.007808e-11
2.64	410			1.72878e-07	3.35045e-07	3.77071e-07	62.706	-1.781647e-11
2.644	411			-3.7905e-07	-1.46102e-07	4.06058e-07	-158.934	-2.25072e-11
2.648	412			-8.28299e-07	1.41725e-06	1.64158e-06	120.306	-2.028747e-11
2.652	413			-1.75555e-07	8.43549e-07	8.61477e-07	101.754	-2.25072e-11
2.656	414			2.16184e-07	-1.0446e-06	1.0666e-06	-78.306	-2.175326e-11
2.66	415			-5.28646e-07	-3.89295e-07	6.56353e-07	-143.64	-1.949172e-11
2.664	416			-6.21196e-07	9.55774e-08	6.28414e-07	171.258	-2.011992e-11
2.668	417			8.92909e-07	-5.9768e-07	1.0744e-06	-33.792	-2.27585e-11
2.672	418			-6.17005e-07	-2.22005e-07	6.55655e-07	-160.218	-1.995238e-11
2.676	419			-7.72536e-07	3.20493e-07	8.36331e-07	157.464	-2.263284e-11
2.68	420			-1.73343e-07	1.9034e-07	2.57396e-07	132.306	-2.443384e-11
2.684	421			6.93723e-07	4.20028e-07	8.10953e-07	31.188	-1.986867e-11
2.688	422			7.65667e-07	-4.09085e-07	8.67996e-07	-28.11	-2.192084e-11
2.692	423			-3.57164e-07	6.72069e-07	7.61011e-07	117.978	-2.543892e-11
2.696	424			1.48896e-06	-4.79984e-07	1.5644e-06	-17.868	-2.275851e-11
2.7	425			4.76606e-07	5.51579e-07	7.28996e-07	49.164	-2.330297e-11
2.704	426			-6.28763e-07	6.84991e-07	9.29813e-07	132.54	-2.095761e-11
2.708	427			-2.8033e-07	-1.85101e-08	2.80796e-07	-176.244	-2.233968e-11
2.712	428			5.18401e-07	-3.31436e-07	6.15259e-07	-32.586	-2.24235e-11
2.716	429			-8.21896e-07	-1.13878e-06	1.40433e-06	-125.82	-1.877977e-11
2.72	430			1.35776e-06	7.61593e-07	1.55683e-06	29.286	-2.074818e-11
2.724	431			8.0909e-07	9.84878e-08	8.15144e-07	6.948	-2.317734e-11
2.728	432			-5.0641e-07	7.33071e-07	8.9093e-07	124.632	-2.426626e-11
2.732	433			4.19912e-07	7.54957e-07	8.63805e-07	60.912	-2.192087e-11
2.736	434			9.40523e-07	1.00444e-06	1.37615e-06	46.884	-2.024561e-11
2.74	435			-6.66481e-07	-2.60889e-07	7.15609e-07	-158.622	-2.384742e-11
2.744	436			-1.39222e-06	-2.94533e-07	1.42295e-06	-168.06	-2.388928e-11
2.748	437			2.60423e-07	-1.1467e-07	2.84521e-07	-23.742	-2.200461e-11
2.752	438			-5.51696e-07	1.28686e-06	1.40013e-06	113.202	-1.685318e-11
2.756	439			2.88945e-07	6.52628e-07	7.13746e-07	66.12	-1.957549e-11
2.76	440			1.52156e-06	3.07688e-07	1.55229e-06	11.436	-2.200459e-11
2.764	441			4.7032e-08	2.01749e-07	2.0722e-07	76.86	-1.953362e-11
2.768	442			-8.73235e-07	2.97443e-07	9.22479e-07	161.184	-2.196276e-11
2.772	443			8.26087e-07	7.4285e-07	1.11108e-06	41.964	-2.326104e-11
2.776	444			-4.0827e-07	-1.10362e-07	4.22706e-07	-164.886	-2.045499e-11
2.78	445			-8.89184e-07	-5.78006e-07	1.06043e-06	-146.976	-2.011994e-11
2.784	446			4.3295e-07	-5.30625e-07	6.84875e-07	-50.778	-2.497825e-11
2.788	447			2.71832e-07	1.0361e-08	2.72064e-07	2.19	-2.489444e-11
2.792	448			6.1456e-07	-1.03727e-07	6.23175e-07	-9.576	-2.543893e-11
2.796	449			-3.43893e-07	5.91859e-07	6.84409e-07	120.156	-2.388929e-11
2.8	450			1.84636e-07	4.30506e-07	4.68573e-07	66.786	-2.280039e-11
2.804	451			1.03424e-06	-5.65781e-08	1.03575e-06	-3.126	-2.284227e-11
2.808	452			-5.42033e-07	2.59957e-07	6.01056e-07	154.368	-2.146016e-11
2.812	453			-1.3772e-07	6.09671e-07	6.25038e-07	102.72	-2.275848e-11
2.816	454			-4.62403e-07	9.0653e-07	1.01759e-06	117.018	-1.857031e-11
2.82	455			-4.40517e-07	5.44595e-07	7.00475e-07	128.964	-2.037123e-11
2.824	456			-1.04076e-07	4.28177e-07	4.40634e-07	103.656	-2.108322e-11
2.828	457			1.15566e-06	-1.32912e-06	1.76114e-06	-48.99	-1.903102e-11
2.832	458			-2.83822e-07	4.25616e-07	5.11765e-07	123.684	-2.280036e-11
2.836	459			-2.90342e-07	-1.56044e-06	1.58698e-06	-100.536	-2.125079e-11
2.84	460			8.12583e-07	-3.49015e-07	8.84294e-07	-23.244	-2.548073e-11
2.844	461			-3.90459e-07	9.02688e-07	9.83484e-07	113.382	-2.016181e-11
2.848	462			4.05127e-07	8.23293e-07	9.17589e-07	63.786	-2.401494e-11
2.852	463			7.05248e-07	-4.70785e-07	8.47973e-07	-33.708	-2.254906e-11
2.856	464			5.09901e-08	-4.86154e-07	4.88715e-07	-83.994	-2.409868e-11
2.86	465			-1.28523e-07	-3.16884e-07	3.41564e-07	-112.062	-2.481071e-11
2.864	466			-6.49601e-07	-2.53787e-07	6.97099e-07	-158.664	-2.359613e-11
2.868	467			6.58449e-07	1.82354e-06	1.9388e-06	70.146	-2.108323e-11
2.872	468			8.20732e-07	-1.05496e-06	1.33657e-06	-52.116	-1.9743e-11
2.876	469			-4.15255e-07	8.43549e-07	9.40174e-07	116.208	-2.213032e-11
2.88	470			-1.78815e-07	-3.21425e-07	3.67641e-07	-119.076	-2.225588e-11
2.884	471			-5.4215e-07	-7.08391e-07	8.91861e-07	-127.422	-2.112513e-11
2.888	472			5.11649e-07	-1.32714e-07	5.28529e-07	-14.532	-2.338671e-11
2.892	473			1.39816e-07	-1.17813e-07	1.82773e-07	-40.074	-2.233966e-11
2.896	474			1.58163e-06	5.95119e-07	1.68989e-06	20.622	-2.367986e-11
2.9	475			7.37728e-07	-1.12283e-06	1.34344e-06	-56.694	-2.409872e-11
2.904	476			1.1304e-07	3.09667e-08	1.17231e-07	15.396	-2.183709e-11
2.908	477			-4.98727e-07	1.24798e-06	1.34391e-06	111.78	-2.518765e-11
2.912	478			6.78123e-07	1.25729e-08	6.78356e-07	1.062	-1.974304e-11
2.916	479			1.76719e-07	-4.48201e-08	1.82307e-07	-14.202	-2.254908e-11
2.92	480			2.15835e-07	6.1002e-07	6.4704e-07	70.512	-2.32192e-11
2.924	481			5.19798e-07	1.25497e-07	5.34699e-07	13.578	-2.129263e-11
2.928	482			1.07662e-06	-1.59932e-06	1.92785e-06	-56.046	-2.326104e-11
2.932	483			4.19843e-06	-1.97441e-07	4.20309e-06	-2.688	-1.877971e-11
2.936	484			9.17731e-06	-1.64472e-06	9.32353e-06	-10.158	-1.861219e-11
2.94	485			1.7617e-05	-1.69129e-06	1.7698e-05	-5.478	-2.275848e-11
2.944	486			3.00353e-05	-1.74903e-06	3.00856e-05	-3.33	-2.485255e-11
2.948	487			4.38916e-05	-1.65031e-06	4.39214e-05	-2.148	-2.196273e-11
2.952	488			7.06171e-05	-3.77746e-06	7.07177e-05	-3.06	-2.305163e-11
2.956	489			8.29664e-05	-4.01962e-06	8.30633e-05	-2.772	-2.6444e-11
2.96	490			0.000150272	-6.21381e-06	0.000150398	-2.37	-1.986865e-11
2.964	491			0.000175507	-6.93652e-06	0.000175656	-2.262	-2.342858e-11
2.968	492			0.000277312	-1.03117e-05	0.000277491	-2.124	-2.338668e-11
2.972	493			0.000310661	-1.27555e-05	0.000310929	-2.352	-2.246532e-11
2.976	494			0.000408622	-1.59146e-05	0.00040892	-2.226	-2.271659e-11
2.98	495			0.000539545	-1.98485e-05	0.000539962	-2.1	-2.426624e-11
2.984	496			0.000589315	-2.29479e-05	0.000589732	-2.226	-1.77746e-11
2.988	497			0.000711922	-2.71202e-05	0.000712398	-2.178	-2.200461e-11
2.992	498			0.000863377	-3.33192e-05	0.000864033	-2.208	-1.982678e-11
2.996	499			0.000979908	-3.52862e-05	0.000980623	-2.058	-2.175328e-11
3.0	500			0.00105239	-3.92201e-05	0.0010531	-2.13	-1.978487e-11
3.004	501			0.00117541	-4.29156e-05	0.00117625	-2.088	-1.819339e-11
3.008	502			0.0012889	-4.80416e-05	0.00128973	-2.13	-1.790022e-11
3.012	503			0.00139869	-5.24523e-05	0.00139964	-2.142	-2.493628e-11
3.016	504			0.00153673	-5.81744e-05	0.00153781	-2.166	-2.108322e-11
3.02	505			0.00157619	-5.8532e-05	0.00157727	-2.124	-1.810962e-11
3.024	506			0.00170935	-6.40159e-05	0.00171054	-2.142	-1.760704e-11
3.028	507			0.00178397	-6.85458e-05	0.0017854	-2.196	-1.794209e-11
3.032	508			0.00184274	-7.08108e-05	0.00184418	-2.196	-1.999426e-11
3.036	509			0.00187207	-7.10492e-05	0.0018735	-2.172	-2.439185e-11
3.04	510			0.00191832	-7.48639e-05	0.00191975	-2.232	-2.338672e-11
3.044	511			0.00196148	-7.53407e-05	0.00196315	-2.196	-2.543888e-11
3.048	512			0.00197221	-7.43871e-05	0.00197364	-2.154	-1.760705e-11
3.052	513			0.00199963	-7.82018e-05	0.00200106	-2.232	-1.857031e-11
3.056	514			0.00201441	-7.67712e-05	0.00201584	-2.178	-2.447564e-11
3.06	515			0.00201847	-7.86786e-05	0.0020199	-2.232	-2.280036e-11
3.064	516			0.00201632	-7.70097e-05	0.00201799	-2.184	-2.338671e-11
3.068	517			0.00201632	-7.77249e-05	0.00201775	-2.208	-2.489448e-11
3.072	518			0.00200965	-7.74865e-05	0.00201108	-2.202	-2.518762e-11
3.076	519			0.00200059	-7.67712e-05	0.00200202	-2.196	-2.016181e-11
3.08	520			0.00198962	-7.70097e-05	0.00199105	-2.214	-2.137637e-11
3.084	521			0.00197817	-7.6056e-05	0.00197984	-2.196	-2.162769e-11
3.088	522			0.00196482	-7.62944e-05	0.00196625	-2.22	-2.187896e-11
3.092	523			0.00194717	-7.43871e-05	0.00194884	-2.184	-2.158581e-11
3.096	524			0.00194145	-7.53407e-05	0.00194288	-2.214	-2.150201e-11
3.1	525			0.00191785	-7.3195e-05	0.00191904	-2.184	-2.254905e-11
3.104	526			0.00190402	-7.34334e-05	0.00190521	-2.208	-2.037122e-11
3.108	527			0.00189877	-7.41486e-05	0.0019002	-2.232	-2.233967e-11
3.112	528			0.00187588	-7.3195e-05	0.00187732	-2.232	-2.003615e-11
3.116	529			0.00186277	-7.29566e-05	0.0018642	-2.238	-2.091569e-11
3.12	530			0.00185109	-7.27181e-05	0.00185252	-2.244	-2.409869e-11
3.124	531			0.0018406	-7.1526e-05	0.00184203	-2.226	-2.053873e-11
3.128	532			0.00182939	-7.05724e-05	0.00183082	-2.208	-2.414058e-11
3.132	533			0.00181986	-7.1526e-05	0.00182129	-2.244	-2.070627e-11
3.136	534			0.00181652	-7.10492e-05	0.00181795	-2.232	-1.781646e-11
3.14	535			0.00180436	-6.96187e-05	0.00180555	-2.208	-2.037124e-11
3.144	536			0.00179315	-7.10492e-05	0.00179458	-2.262	-2.02037e-11
3.148	537			0.00178648	-6.96187e-05	0.00178767	-2.226	-2.238155e-11
3.152	538			0.00178409	-6.96187e-05	0.00178552	-2.232	-2.108321e-11
3.156	539			0.0017748	-6.93803e-05	0.00177599	-2.238	-2.259092e-11
3.16	540			0.00176764	-6.96187e-05	0.00176883	-2.25	-2.171141e-11
3.164	541			0.00176121	-6.81882e-05	0.00176264	-2.208	-2.179521e-11
3.168	542			0.00175644	-6.93803e-05	0.00175787	-2.256	-2.305162e-11
3.172	543			0.0017562	-6.8665e-05	0.00175739	-2.238	-1.852844e-11
3.176	544			0.00175	-6.79498e-05	0.00175143	-2.22	-2.677911e-11
3.18	545			0.00174595	-6.89034e-05	0.00174738	-2.256	-2.476874e-11
3.184	546			0.00174237	-6.81882e-05	0.0017438	-2.238	-2.2926e-11
3.188	547			0.00174022	-6.79498e-05	0.00174142	-2.232	-1.961735e-11
3.192	548			0.00173665	-6.89034e-05	0.00173784	-2.268	-2.016181e-11
3.196	549			0.00173355	-6.8665e-05	0.00173474	-2.262	-1.693694e-11
3.2	550			0.00173116	-6.98571e-05	0.00173236	-2.31	-2.556454e-11
3.204	551			0.0017295	-6.81882e-05	0.00173093	-2.256	-1.852846e-11
3.208	552			0.00172735	-6.81882e-05	0.00172878	-2.262	-2.204647e-11
3.212	553			0.0017252	-6.84266e-05	0.0017264	-2.268	-2.250717e-11
3.216	554			0.00172401	-6.84266e-05	0.0017252	-2.268	-1.974301e-11
3.22	555			0.00172163	-6.89034e-05	0.00172306	-2.286	-1.957549e-11
3.224	556			0.0017202	-6.77113e-05	0.00172163	-2.244	-2.380552e-11
3.228	557			0.00171757	-6.89034e-05	0.00171901	-2.292	-2.129263e-11
3.232	558			0.00171519	-6.89034e-05	0.00171638	-2.298	-2.083193e-11
3.236	559			0.00171233	-6.8665e-05	0.00171376	-2.298	-2.246531e-11
3.24	560			0.00171018	-6.77113e-05	0.00171161	-2.262	-2.606711e-11
3.244	561			0.00170708	-6.79498e-05	0.00170851	-2.274	-2.221409e-11
3.248	562			0.00170565	-6.91419e-05	0.00170685	-2.316	-2.250714e-11
3.252	563			0.00170279	-6.74729e-05	0.00170422	-2.262	-2.083189e-11
3.256	564			0.00170089	-6.81882e-05	0.00170232	-2.286	-1.957546e-11
3.26	565			0.00169683	-6.81882e-05	0.00169802	-2.298	-2.3973e-11
3.264	566			0.00169445	-6.81882e-05	0.00169588	-2.304	-1.877974e-11
3.268	567			0.00169421	-6.72345e-05	0.00169564	-2.262	-1.639249e-11
3.272	568			0.00168944	-6.8665e-05	0.00169087	-2.322	-2.514573e-11
3.276	569			0.00168825	-6.72345e-05	0.00168968	-2.28	-2.154391e-11
3.28	570			0.0016842	-6.72345e-05	0.00168563	-2.28	-2.280036e-11
3.284	571			0.00167967	-6.79498e-05	0.0016811	-2.31	-1.982681e-11
3.288	572			0.001678	-6.84266e-05	0.00167919	-2.334	-1.656e-11
3.292	573			0.00167323	-6.8665e-05	0.00167466	-2.346	-2.631842e-11
3.296	574			0.0016687	-6.74729e-05	0.00167013	-2.31	-2.397303e-11
3.3	575			0.00166703	-6.79498e-05	0.00166822	-2.328	-2.531324e-11
3.304	576			0.0016625	-6.67577e-05	0.00166369	-2.298	-2.330296e-11
3.308	577			0.00165749	-6.65192e-05	0.00165869	-2.298	-2.334482e-11
3.312	578			0.00165344	-6.60424e-05	0.00165487	-2.286	-2.824495e-11
3.316	579			0.00165201	-6.72345e-05	0.00165344	-2.328	-2.099948e-11
3.32	580			0.00164438	-6.74729e-05	0.00164557	-2.346	-1.877975e-11
3.324	581			0.00164319	-6.74729e-05	0.00164438	-2.346	-2.615083e-11
3.328	582			0.00163866	-6.72345e-05	0.00163985	-2.34	-1.735572e-11
3.332	583			0.00163317	-6.60424e-05	0.00163437	-2.31	-2.351229e-11
3.336	584			0.00163413	-6.72345e-05	0.00163556	-2.346	-1.898915e-11
3.34	585			0.00162769	-6.5804e-05	0.00162912	-2.31	-2.397301e-11
3.344	586			0.00162435	-6.65192e-05	0.00162578	-2.34	-2.221396e-11
3.348	587			0.00162221	-6.60424e-05	0.0016234	-2.322	-2.384741e-11
3.352	588			0.00161839	-6.62808e-05	0.00161982	-2.34	-2.099949e-11
3.356	589			0.00161434	-6.62808e-05	0.00161553	-2.346	-2.351235e-11
3.36	590			0.00160623	-6.60424e-05	0.00160743	-2.352	-2.007807e-11
3.364	591			0.00160385	-6.55656e-05	0.00160528	-2.334	-2.514576e-11
3.368	592			0.0016029	-6.62808e-05	0.00160409	-2.364	-2.242345e-11
3.372	593			0.00159717	-6.60424e-05	0.0015986	-2.364	-2.288413e-11
3.376	594			0.00159503	-6.53272e-05	0.00159646	-2.34	-2.24653e-11
3.38	595			0.00159074	-6.60424e-05	0.00159193	-2.37	-1.383769e-11
3.384	596			0.0015874	-6.5804e-05	0.00158883	-2.37	-2.489445e-11
3.388	597			0.00158788	-6.65192e-05	0.00158931	-2.4	-1.743952e-11
3.392	598			0.00157953	-6.65192e-05	0.00158072	-2.412	-2.087381e-11
3.396	599			0.00157572	-6.60424e-05	0.00157691	-2.4	-2.811934e-11
3.4	600			0.00157381	-6.55656e-05	0.001575	-2.376	-2.347055e-11
3.404	601			0.00156976	-6.48503e-05	0.00157119	-2.364	-2.171145e-11
3.408	602			0.00156785	-6.41351e-05	0.00156904	-2.334	-2.422435e-11
3.412	603			0.0015607	-6.48503e-05	0.00156213	-2.376	-2.309354e-11
3.416	604			0.00155903	-6.43735e-05	0.00156022	-2.364	-2.527139e-11
3.42	605			0.00155307	-6.55656e-05	0.0015545	-2.406	-2.347046e-11
3.424	606			0.00154949	-6.41351e-05	0.00155068	-2.364	-2.233967e-11
3.428	607			0.00154305	-6.43735e-05	0.00154424	-2.388	-2.213027e-11
3.432	608			0.00153805	-6.60424e-05	0.00153924	-2.454	-1.869594e-11
3.436	609			0.0015359	-6.38966e-05	0.00153709	-2.382	-2.376363e-11
3.44	610			0.00152922	-6.55656e-05	0.00153042	-2.448	-2.254905e-11
3.444	611			0.00152255	-6.55656e-05	0.00152374	-2.46	-1.735572e-11
3.448	612			0.00152183	-6.48503e-05	0.00152303	-2.442	-2.003617e-11
3.452	613			0.00151039	-6.43735e-05	0.00151158	-2.436	-2.321918e-11
3.456	614			0.00150228	-6.27046e-05	0.00150371	-2.388	-1.919848e-11
3.46	615			0.00149656	-6.36582e-05	0.00149775	-2.43	-2.594146e-11
3.464	616			0.00148202	-6.27046e-05	0.00148345	-2.418	-2.321916e-11
3.468	617			0.00147725	-6.43735e-05	0.00147868	-2.484	-2.439186e-11
3.472	618			0.001467	-6.27046e-05	0.00146819	-2.442	-2.376362e-11
3.476	619			0.00145055	-6.27046e-05	0.00145198	-2.466	-2.200461e-11
3.48	620			0.001436	-6.22277e-05	0.00143719	-2.472	-2.133447e-11
3.484	621			0.00141931	-6.24661e-05	0.00142074	-2.514	-2.317726e-11
3.488	622			0.00140572	-6.1274e-05	0.00140715	-2.49	-2.434997e-11
3.492	623			0.00139547	-6.0797e-05	0.0013969	-2.49	-1.965919e-11
3.496	624			0.00138331	-6.05586e-05	0.00138474	-2.496	-1.480097e-11
3.5	625			0.00137258	-5.88896e-05	0.00137401	-2.454	-2.125073e-11
3.504	626			0.00135375	-5.9128e-05	0.00135518	-2.496	-2.259095e-11
3.508	627			0.00133682	-5.88896e-05	0.00133825	-2.52	-2.066439e-11
3.512	628			0.0013094	-5.69823e-05	0.00131036	-2.484	-2.162767e-11
3.516	629			0.00130153	-5.60286e-05	0.00130273	-2.46	-1.974299e-11
3.52	630			0.00127364	-5.57902e-05	0.00127483	-2.502	-2.539704e-11
3.524	631			0.00124193	-5.45981e-05	0.00124312	-2.514	-2.275846e-11
3.528	632			0.00123025	-5.65054e-05	0.00123144	-2.622	-1.886347e-11
3.532	633			0.00119854	-5.29292e-05	0.00119973	-2.526	-2.007802e-11
3.536	634			0.00116874	-5.14986e-05	0.00116993	-2.514	-2.489442e-11
3.54	635			0.00114895	-5.22139e-05	0.00115014	-2.592	-2.363802e-11
3.544	636			0.00113059	-5.14986e-05	0.00113154	-2.598	-2.355416e-11
3.548	637			0.00111485	-5.17371e-05	0.00111604	-2.652	-2.300975e-11
3.552	638			0.00110341	-4.8876e-05	0.0011046	-2.526	-1.882163e-11
3.556	639			0.00106598	-4.86376e-05	0.00106717	-2.604	-1.961737e-11
3.56	640			0.00101734	-4.64919e-05	0.00101829	-2.604	-2.397306e-11
3.564	641			0.000964884	-4.43461e-05	0.000966076	-2.622	-1.915665e-11
3.568	642			0.000948433	-4.38693e-05	0.000949387	-2.646	-2.342857e-11
3.572	643			0.000905756	-4.07698e-05	0.00090671	-2.568	-1.903101e-11
3.576	644			0.000880245	-3.98161e-05	0.00088096	-2.58	-2.602524e-11
3.58	645			0.000850204	-3.88625e-05	0.00085092	-2.616	-2.083195e-11
3.584	646			0.000836853	-4.00546e-05	0.000837807	-2.724	-2.162765e-11
3.588	647			0.000819925	-3.79088e-05	0.00082064	-2.64	-2.066437e-11
3.592	648			0.000766281	-3.5763e-05	0.000766996	-2.664	-1.982672e-11
3.596	649			0.000735287	-3.38557e-05	0.00073624	-2.622	-2.405678e-11
3.6	650			0.000717405	-3.40941e-05	0.000718359	-2.712	-2.443371e-11
3.604	651			0.000673059	-3.12331e-05	0.000673775	-2.634	-2.334479e-11
3.608	652			0.000662807	-3.05178e-05	0.000663523	-2.634	-2.342858e-11
3.612	653			0.000616793	-2.83719e-05	0.000617269	-2.616	-2.154391e-11
3.616	654			0.000596765	-2.81335e-05	0.000597242	-2.688	-1.940794e-11
3.62	655			0.000526194	-2.47956e-05	0.00052667	-2.682	-2.439187e-11
3.624	656			0.000442745	-2.13386e-05	0.000443341	-2.748	-2.087378e-11
3.628	657			0.000416519	-1.94312e-05	0.000416996	-2.664	-2.070626e-11
3.632	658			0.000370862	-1.89544e-05	0.000371339	-2.922	-2.280031e-11
3.636	659			0.000331404	-1.75239e-05	0.000331881	-3.018	-2.04968e-11
3.64	660			0.000279786	-1.35899e-05	0.000280144	-2.766	-2.581574e-11
3.644	661			0.000258448	-1.33515e-05	0.000258805	-2.94	-2.422425e-11
3.648	662			0.000216604	-1.01328e-05	0.000216843	-2.658	-2.627651e-11
3.652	663			0.000180841	-8.94075e-06	0.00018108	-2.826	-1.785833e-11
3.656	664			0.000119925	-6.43733e-06	0.000120044	-3.072	-2.288408e-11
3.66	665			9.23877e-05	-5.51346e-06	9.25665e-05	-3.408	-2.816116e-11
3.664	666			5.13496e-05	-2.4438e-06	5.14092e-05	-2.694	-2.242341e-11
3.668	667			5.44193e-05	-3.42728e-06	5.45087e-05	-3.594	-1.559669e-11
3.672	668			5.64309e-05	-4.31392e-06	5.65948e-05	-4.368	-1.92404e-11
3.676	669			4.19917e-05	-2.22029e-06	4.20513e-05	-3.018	-2.028742e-11
3.68	670			3.76927e-05	-2.4438e-06	3.77747e-05	-3.702	-2.158577e-11
3.684	671			2.46988e-05	-1.43797e-06	2.4736e-05	-3.324	-2.321912e-11
3.688	672			1.10828e-05	-2.3842e-07	1.10828e-05	-1.224	-2.280035e-11
3.692	673			5.79286e-06	4.8429e-08	5.79286e-06	0.492	-2.242338e-11
3.696	674			7.07622e-06	-1.23308e-06	7.18239e-06	-9.87	-2.305162e-11
3.7	675			4.70693e-06	-4.19097e-07	4.72556e-06	-5.076	-1.790018e-11
3.704	676			5.93814e-06	3.40866e-07	5.94932e-06	3.294	-1.731386e-11
3.708	677			6.79403e-07	1.04495e-06	1.24658e-06	56.958	-2.560638e-11
3.712	678			1.5637e-06	-1.67266e-06	2.28967e-06	-46.92	-2.409866e-11
3.716	679			1.63494e-06	8.38776e-07	1.83751e-06	27.162	-1.974298e-11
3.72	680			9.15144e-07	-1.15729e-06	1.47522e-06	-51.666	-2.250717e-11
3.724	681			-7.73234e-07	-7.57518e-07	1.08232e-06	-135.594	-1.961736e-11
3.728	682			4.09085e-07	-1.87546e-07	4.49947e-07	-24.624	-2.271659e-11
3.732	683			7.01639e-07	-1.48081e-07	7.17122e-07	-11.916	-2.27585e-11
3.736	684			1.76568e-06	8.16076e-08	1.76754e-06	2.646	-1.773265e-11
3.74	685			-2.67059e-07	-9.08044e-08	2.8196e-07	-161.238	-1.869594e-11
3.744	686			-1.42516e-06	-4.01635e-08	1.42563e-06	-178.392	-1.96592e-11
3.748	687			-4.69156e-07	5.62288e-08	4.72415e-07	173.154	-2.213021e-11
3.752	688			-8.31558e-07	1.12749e-06	1.40095e-06	126.408	-1.932416e-11
3.756	689			-3.44591e-07	1.27825e-07	3.67409e-07	159.642	-2.095753e-11
3.76	690			-1.19711e-06	1.83239e-07	1.21084e-06	171.294	-2.196273e-11
3.764	691			1.40863e-08	-9.26671e-08	9.35984e-08	-81.324	-1.836091e-11
3.768	692			-3.94766e-07	1.77651e-07	4.32834e-07	155.766	-2.347045e-11
3.772	693			2.8778e-07	4.5798e-07	5.40869e-07	57.852	-2.28841e-11
3.776	694			-5.23291e-07	-1.29024e-06	1.3921e-06	-112.074	-2.020369e-11
3.78	695			-6.88251e-07	-8.85109e-07	1.12097e-06	-127.866	-2.326104e-11
3.784	696			1.71364e-06	1.60724e-06	2.34951e-06	43.164	-1.714632e-11
3.788	697			8.34701e-07	3.51576e-07	9.05715e-07	22.842	-2.129259e-11
3.792	698			-7.79637e-07	9.37729e-07	1.21957e-06	129.738	-2.20046e-11
3.796	699			-7.92093e-07	3.10481e-07	8.5065e-07	158.592	-2.414058e-11
3.8	700			-3.14207e-07	1.08849e-07	3.32368e-07	160.884	-2.589959e-11
3.804	701			3.74626e-07	-6.18053e-07	7.22594e-07	-58.776	-2.099945e-11
3.808	702			2.92321e-07	-1.69222e-06	1.71713e-06	-80.196	-2.200461e-11
3.812	703			-1.09291e-06	9.66252e-08	1.09699e-06	174.936	-2.51457e-11
3.816	704			-7.73583e-07	8.13748e-08	7.77658e-07	173.988	-2.007806e-11
3.82	705			1.32249e-07	9.53446e-08	1.63099e-07	35.79	-2.125074e-11
3.824	706			-8.39242e-07	-7.79171e-07	1.14507e-06	-137.124	-2.267474e-11
3.828	707			9.72774e-07	-1.05357e-06	1.43378e-06	-47.28	-2.334483e-11
3.832	708			7.61361e-08	9.30162e-07	9.33422e-07	85.32	-2.418244e-11
3.836	709			5.73233e-07	-4.10948e-07	7.05248e-07	-35.622	-2.292601e-11
3.84	710			1.48849e-06	4.32834e-07	1.55019e-06	16.218	-2.690477e-11
3.844	711			-1.2595e-06	-2.10363e-07	1.27685e-06	-170.52	-2.271659e-11
3.848	712			5.7917e-07	7.42384e-07	9.41571e-07	52.038	-2.238153e-11
3.852	713			-1.2992e-07	8.0001e-07	8.10487e-07	99.216	-2.028745e-11
3.856	714			-4.06408e-07	-3.79516e-08	4.08038e-07	-174.666	-1.844467e-11
3.86	715			9.33771e-07	5.36911e-07	1.0772e-06	29.904	-2.242343e-11
3.864	716			-8.02804e-07	-2.63217e-07	8.44597e-07	-161.85	-2.238151e-11
3.868	717			2.19677e-07	1.19839e-06	1.21841e-06	79.608	-2.116701e-11
3.872	718			1.01294e-06	2.60656e-07	1.04588e-06	14.436	-2.104132e-11
3.876	719			-8.29346e-07	-1.54368e-07	8.43316e-07	-169.458	-1.894721e-11
3.88	720			-1.07103e-08	1.60235e-06	1.60235e-06	90.372	-2.514571e-11
3.884	721			1.19676e-06	9.45762e-07	1.52551e-06	38.322	-1.949172e-11
3.888	722			-2.04729e-06	-8.60546e-07	2.22052e-06	-157.2	-1.898914e-11
3.892	723			1.18931e-06	-1.47569e-06	1.89525e-06	-51.132	-2.066443e-11
3.896	724			1.5786e-07	-1.35159e-06	1.36067e-06	-83.334	-2.213026e-11
3.9	725			2.89876e-07	9.38428e-07	9.82203e-07	72.834	-1.777452e-11
3.904	726			-3.67409e-07	2.00119e-07	4.18282e-07	151.416	-1.727199e-11
3.908	727			1.15624e-06	4.98727e-07	1.25939e-06	23.334	-1.794208e-11
3.912	728			8.73351e-07	-9.75801e-07	1.30945e-06	-48.168	-2.280038e-11
3.916	729			-4.4401e-07	-6.10718e-07	7.54841e-07	-126.018	-2.443374e-11
3.92	730			1.10898e-06	1.64845e-06	1.98676e-06	56.07	-2.543888e-11
3.924	731			7.99777e-07	4.41216e-07	9.13398e-07	28.884	-2.213021e-11
3.928	732			-9.36681e-07	-2.39585e-07	9.6672e-07	-165.654	-2.162765e-11
3.932	733			3.56233e-08	-3.39003e-07	3.40633e-07	-83.994	-2.254907e-11
3.936	734			-1.58326e-06	-3.90459e-07	1.63029e-06	-166.152	-2.259092e-11
3.94	735			1.50409e-06	1.10083e-06	1.86405e-06	36.198	-2.27166e-11
3.944	736			1.60374e-06	-4.73347e-07	1.67196e-06	-16.44	-2.48526e-11
3.948	737			8.3121e-08	-9.18521e-07	9.22013e-07	-84.822	-1.978488e-11
3.952	738			-2.79166e-07	1.43564e-06	1.46242e-06	101.004	-2.460127e-11
3.956	739			1.26358e-06	-2.07686e-07	1.28058e-06	-9.33	-2.242341e-11
3.96	740			7.36214e-07	1.41189e-06	1.59234e-06	62.46	-2.204648e-11
3.964	741			-8.45645e-07	3.28992e-07	9.07112e-07	158.73	-2.430809e-11
3.968	742			-2.59608e-07	-2.56465e-07	3.64731e-07	-135.348	-1.965925e-11
3.972	743			4.53439e-07	1.79758e-06	1.85392e-06	75.84	-2.225591e-11
3.976	744			-2.33181e-07	-6.37961e-08	2.41564e-07	-164.706	-1.823529e-11
3.98	745			2.37837e-07	-1.24321e-06	1.26556e-06	-79.164	-2.569017e-11
3.984	746			1.24356e-06	-6.13978e-07	1.38675e-06	-26.262	-2.527137e-11
3.988	747			8.01989e-07	-3.23753e-07	8.64853e-07	-21.978	-2.359611e-11
3.992	748			-6.60311e-07	-1.31934e-06	1.47522e-06	-116.586	-2.418244e-11
3.996	749			3.89411e-07	-9.35984e-08	4.00471e-07	-13.506	-2.049683e-11
4.0	750			1.57162e-08	-8.03851e-07	8.03851e-07	-88.878	-1.781642e-11
4.004	751			-3.62868e-07	-3.21192e-07	4.84408e-07	-138.48	-1.986863e-11
4.008	752			-8.4937e-07	3.78235e-07	9.2958e-07	155.994	-2.104132e-11
4.012	753			3.73579e-07	5.49135e-07	6.64153e-07	55.776	-1.697881e-11
4.016	754			9.90818e-07	-7.15143e-07	1.2219e-06	-35.814	-2.367979e-11
4.02	755			2.34461e-07	1.37941e-06	1.3992e-06	80.352	-2.133447e-11
4.024	756			2.95696e-08	-2.92204e-08	4.15605e-08	-44.676	-2.095759e-11
4.028	757			-6.78356e-07	-2.53322e-07	7.23991e-07	-159.534	-2.217208e-11
4.032	758			3.79516e-08	3.46919e-07	3.49015e-07	83.742	-2.120884e-11
4.036	759			1.61725e-06	6.63571e-07	1.7481e-06	22.308	-2.284221e-11
4.04	760			-6.29345e-07	-3.86734e-07	7.38542e-07	-148.434	-2.158576e-11
4.044	761			-3.81262e-07	-8.79638e-07	9.58687e-07	-113.436	-2.271659e-11
4.048	762			7.79404e-07	2.709e-07	8.25272e-07	19.17	-2.221399e-11
4.052	763			1.40863e-08	4.75908e-07	4.76024e-07	88.29	-2.091566e-11
4.056	764			3.14556e-07	7.89649e-07	8.49952e-07	68.28	-2.263285e-11
4.06	765			2.82891e-07	3.15138e-07	4.23637e-07	48.09	-1.999425e-11
4.064	766			-1.07697e-06	2.73345e-07	1.11108e-06	165.75	-2.137642e-11
4.068	767			3.6962e-07	4.98145e-07	6.20264e-07	53.418	-1.932418e-11
4.072	768			3.42496e-07	-1.14309e-06	1.19315e-06	-73.32	-2.062248e-11
4.076	769			-5.44245e-07	1.21061e-06	1.32737e-06	114.204	-2.376362e-11
4.08	770			8.35866e-07	1.37662e-06	1.6105e-06	58.728	-2.502006e-11
4.084	771			2.9104e-07	-1.46405e-06	1.49245e-06	-78.75	-2.539699e-11
4.088	772			-1.77953e-06	1.99304e-07	1.79047e-06	173.604	-2.284221e-11
4.092	773			3.48782e-07	5.48087e-07	6.49601e-07	57.534	-2.300975e-11
4.096	774			2.27709e-07	7.18287e-08	2.3877e-07	17.514	-1.974299e-11
4.1	775			-2.74043e-07	4.58678e-07	5.34234e-07	120.852	-2.242341e-11
4.104	776			-4.51344e-07	-8.20266e-07	9.35983e-07	-118.818	-2.30935e-11
4.108	777			2.67757e-07	1.73669e-06	1.75741e-06	81.234	-2.221401e-11
4.112	778			8.84062e-07	-7.93258e-07	1.18768e-06	-41.892	-2.120882e-11
4.116	779			-9.79293e-07	-1.13389e-07	9.85579e-07	-173.4	-2.112508e-11
4.12	780			-7.53676e-07	1.92855e-06	2.07034e-06	111.342	-2.058062e-11
4.124	781			-3.54603e-07	4.35162e-07	5.61125e-07	129.156	-2.45175e-11
4.128	782			-8.87787e-07	4.30971e-07	9.86744e-07	154.092	-1.961734e-11
4.132	783			-1.83471e-07	-8.7696e-07	8.95936e-07	-101.814	-2.42243e-11
4.136	784			3.56349e-07	7.60196e-07	8.39475e-07	64.884	-1.949169e-11
4.14	785			1.41667e-06	-4.74744e-07	1.49408e-06	-18.522	-2.355418e-11
4.144	786			-6.98961e-07	-2.01283e-07	7.2725e-07	-163.938	-2.09575e-11
4.148	787			1.28081e-06	1.56463e-07	1.29047e-06	6.966	-2.363796e-11
4.152	788			5.1584e-07	1.05939e-08	5.15956e-07	1.182	-2.242338e-11
4.156	789			-1.35042e-08	-7.18053e-07	7.18053e-07	-91.08	-2.166952e-11
4.16	790			3.95232e-07	1.95229e-07	4.40867e-07	26.286	-1.965921e-11
4.164	791			-3.60889e-09	-3.40051e-07	3.39935e-07	-90.606	-2.108317e-11
4.168	792			4.28643e-07	2.22005e-07	4.82662e-07	27.384	-1.970111e-11
4.172	793			-1.55299e-07	-9.8255e-08	1.83588e-07	-147.708	-2.079001e-11
4.176	794			-3.15953e-07	1.2006e-06	1.24146e-06	104.736	-2.309349e-11
4.18	795			1.34263e-06	-5.8534e-07	1.46463e-06	-23.55	-1.723008e-11
4.184	796			1.7963e-07	1.26312e-07	2.1956e-07	35.112	-2.267471e-11
4.188	797			-9.19686e-08	-1.09745e-06	1.10118e-06	-94.794	-2.045496e-11
4.192	798			1.01666e-06	7.04317e-08	1.01911e-06	3.966	-1.953358e-11
4.196	799			-6.29461e-07	1.12085e-06	1.28547e-06	119.31	-2.305162e-11
4.2	800			-1.93134e-07	4.92439e-08	1.99304e-07	165.696	-2.037121e-11
4.204	801			6.55771e-07	1.1084e-06	1.28791e-06	59.388	-2.493632e-11
4.208	802			1.31434e-07	1.28593e-06	1.29257e-06	84.162	-2.213021e-11
4.212	803			6.04316e-07	4.81847e-07	7.73001e-07	38.562	-2.263281e-11
4.216	804			2.38886e-07	-4.73929e-07	5.30625e-07	-63.24	-2.313538e-11
4.22	805			-2.51575e-07	-6.06993e-07	6.56935e-07	-112.506	-2.166956e-11
4.224	806			-8.85691e-07	-4.72182e-07	1.00362e-06	-151.938	-1.991051e-11
4.228	807			-5.113e-07	4.29574e-07	6.67762e-07	139.962	-2.028741e-11
4.232	808			1.32062e-06	3.11529e-07	1.35683e-06	13.272	-2.347043e-11
4.236	809			-3.31436e-07	-1.70084e-07	3.72414e-07	-152.856	-2.35961e-11
4.24	810			-4.7195e-07	7.26202e-07	8.66134e-07	123.012	-2.40568e-11
4.244	811			1.02562e-07	1.1226e-06	1.12726e-06	84.78	-2.296787e-11
4.248	812			-9.28999e-08	6.99893e-07	7.05946e-07	97.56	-2.125072e-11
4.252	813			2.45638e-07	-1.55415e-07	2.90574e-07	-32.304	-1.932419e-11
4.256	814			-9.04085e-07	4.12112e-07	9.93263e-07	155.49	-2.31354e-11
4.26	815			2.12575e-07	5.69042e-07	6.07459e-07	69.51	-2.011991e-11
4.264	816			-1.24705e-06	-8.07926e-07	1.4857e-06	-147.066	-2.472689e-11
4.268	817			-7.29229e-07	5.83943e-07	9.3412e-07	141.306	-1.848652e-11
4.272	818			5.03849e-07	-5.96051e-08	5.07342e-07	-6.744	-2.246528e-11
4.276	819			-8.49603e-07	-1.25811e-06	1.51795e-06	-124.032	-2.108316e-11
4.28	820			-8.86041e-07	7.99778e-08	8.89533e-07	174.834	-2.095754e-11
4.284	821			-7.98613e-07	4.801e-07	9.31675e-07	148.986	-2.522944e-11
4.288	822			-6.8406e-07	2.36557e-07	7.23758e-07	160.914	-2.246526e-11
4.292	823			-8.94074e-08	-4.20727e-07	4.3004e-07	-102.0	-2.300972e-11
4.296	824			-1.12237e-06	-8.99894e-07	1.43843e-06	-141.276	-2.539701e-11
4.3	825			1.21154e-06	1.33203e-06	1.8006e-06	47.712	-2.200463e-11
4.304	826			-6.92558e-07	2.11178e-07	7.23874e-07	163.038	-2.158576e-11
4.308	827			2.96977e-07	-1.04658e-07	3.14672e-07	-19.404	-2.049684e-11
4.312	828			-3.80447e-07	8.47391e-07	9.28881e-07	114.168	-2.116698e-11
4.316	829			-1.41189e-06	1.56347e-07	1.42039e-06	173.682	-2.175327e-11
4.32	830			-4.37258e-07	-4.41682e-07	6.21429e-07	-134.706	-2.062251e-11
4.324	831			2.71715e-07	1.32621e-06	1.35368e-06	78.414	-2.288412e-11
4.328	832			-5.4995e-07	-3.4203e-07	6.47273e-07	-148.134	-1.94498e-11
4.332	833			-1.19396e-06	-2.18862e-07	1.21375e-06	-169.62	-2.610896e-11
4.336	834			2.15602e-07	1.00327e-06	1.02632e-06	77.862	-2.221398e-11
4.34	835			6.28414e-07	5.95119e-07	8.65435e-07	43.434	-2.095753e-11
4.344	836			-1.53203e-07	9.75684e-07	9.87558e-07	98.916	-2.246527e-11
4.348	837			-1.11713e-06	-2.54136e-07	1.14553e-06	-167.184	-1.953354e-11
4.352	838			-2.56232e-07	-3.03613e-07	3.97094e-07	-130.158	-1.965919e-11
4.356	839			-6.26318e-07	5.37841e-08	6.28181e-07	175.068	-2.334478e-11
4.36	840			4.8662e-07	1.64239e-06	1.71294e-06	73.5	-2.221397e-11
4.364	841			-9.35984e-08	-3.64382e-07	3.7579e-07	-104.4	-1.836088e-11
4.368	842			-1.1928e-06	8.36564e-07	1.45683e-06	144.954	-2.397299e-11
4.372	843			-7.38542e-07	-8.12583e-08	7.42733e-07	-173.73	-2.066435e-11
4.376	844			-1.31713e-06	4.36792e-07	1.38721e-06	161.652	-2.238148e-11
4.38	845			4.04196e-07	-2.37488e-07	4.6869e-07	-30.414	-1.957544e-11
4.384	846			-3.95581e-07	-2.78002e-07	4.83127e-07	-144.912	-2.137634e-11
4.388	847			-1.67173e-07	-9.97919e-07	1.01142e-06	-99.51	-2.179511e-11
4.392	848			6.35864e-07	1.21306e-07	6.47273e-07	10.818	-2.187892e-11
4.396	849			5.11765e-07	-1.96044e-07	5.47854e-07	-20.952	-2.271653e-11
4.4	850			-1.56696e-07	8.22129e-07	8.36797e-07	100.764	-2.016179e-11
4.404	851			-2.29339e-07	6.60079e-07	6.98961e-07	109.14	-2.673718e-11
4.408	852			-2.84754e-07	9.45063e-07	9.86976e-07	106.758	-2.053869e-11
4.412	853			4.96399e-07	1.94647e-07	5.33186e-07	21.42	-2.087378e-11
4.416	854			7.30626e-07	-1.585e-06	1.74519e-06	-65.25	-2.079001e-11
4.42	855			-9.48789e-08	-5.94187e-07	6.01638e-07	-99.066	-2.200456e-11
4.424	856			1.04355e-06	-4.91975e-07	1.15357e-06	-25.236	-2.380547e-11
4.428	857			1.80875e-06	4.62171e-07	1.86684e-06	14.334	-2.275844e-11
4.432	858			4.06641e-07	-7.68346e-08	4.13742e-07	-10.698	-2.146011e-11
4.436	859			5.71021e-07	3.83707e-07	6.88018e-07	33.9	-2.355418e-11
4.44	860			2.95952e-06	-2.02796e-07	2.96651e-06	-3.918	-2.430802e-11
4.444	861			3.69713e-06	-4.88017e-07	3.72926e-06	-7.518	-2.313536e-11
4.448	862			3.68177e-06	-1.04355e-06	3.8266e-06	-15.822	-2.464311e-11
4.452	863			3.84732e-06	-1.3013e-06	4.06129e-06	-18.684	-1.823523e-11
4.456	864			4.55932e-06	-1.0375e-06	4.67573e-06	-12.816	-1.882156e-11
4.46	865			7.32674e-06	-1.36719e-06	7.45294e-06	-10.566	-2.673717e-11
4.464	866			8.31444e-06	-1.15485e-06	8.39407e-06	-7.908	-2.342855e-11
4.468	867			9.95403e-06	-2.86569e-06	1.03573e-05	-16.056	-2.053865e-11
4.472	868			1.11703e-05	-2.0899e-06	1.13641e-05	-10.596	-1.8319e-11
4.476	869			1.29454e-05	-2.23612e-06	1.31373e-05	-9.798	-2.30935e-11
4.48	870			1.6247e-05	-2.86476e-06	1.64976e-05	-9.996	-2.280033e-11
4.484	871			1.65739e-05	-4.44989e-06	1.71607e-05	-15.03	-2.334482e-11
4.488	872			2.03886e-05	-5.16701e-06	2.10331e-05	-14.22	-1.714632e-11
4.492	873			2.31696e-05	-3.01005e-06	2.33651e-05	-7.404	-2.275844e-11
4.496	874			2.55388e-05	-3.49992e-06	2.57773e-05	-7.8	-2.116696e-11
4.5	875			2.94634e-05	-5.60287e-06	2.99906e-05	-10.764	-2.271659e-11
4.504	876			3.25947e-05	-5.63453e-06	3.30771e-05	-9.804	-2.204642e-11
4.508	877			3.63311e-05	-4.99378e-06	3.6672e-05	-7.824	-1.798396e-11
4.512	878			4.04736e-05	-5.93814e-06	4.09076e-05	-8.346	-2.229778e-11
4.516	879			4.67415e-05	-7.6518e-06	4.73673e-05	-9.294	-2.497818e-11
4.52	880			4.89953e-05	-6.08343e-06	4.93715e-05	-7.074	-1.777458e-11
4.524	881			5.80961e-05	-8.2106e-06	5.86736e-05	-8.04	-2.120888e-11
4.528	882			5.90349e-05	-8.44902e-06	5.96347e-05	-8.142	-2.292599e-11
4.532	883			6.72494e-05	-8.77684e-06	6.78194e-05	-7.434	-2.003616e-11
4.536	884			7.55158e-05	-1.1094e-05	7.63242e-05	-8.358	-2.363798e-11
4.54	885			8.4315e-05	-9.46975e-06	8.4844e-05	-6.408	-2.380553e-11
4.544	886			8.67439e-05	-1.25208e-05	8.76454e-05	-8.214	-2.221401e-11
4.548	887			0.000101865	-1.43871e-05	0.000102878	-8.04	-2.581584e-11
4.552	888			0.000103981	-1.3806e-05	0.00010489	-7.56	-2.31354e-11
4.556	889			0.000116148	-1.34782e-05	0.000116922	-6.618	-1.748139e-11
4.56	890			0.000129499	-1.37538e-05	0.000130222	-6.06	-2.267469e-11
4.564	891			0.000145555	-1.55495e-05	0.000146382	-6.096	-2.058061e-11
4.568	892			0.000148089	-1.8418e-05	0.000149229	-7.086	-2.120883e-11
4.572	893			0.00017018	-1.76431e-05	0.000171096	-5.916	-1.995236e-11
4.576	894			0.000177779	-1.81646e-05	0.000178703	-5.832	-2.05806e-11
4.58	895			0.000204028	-1.96398e-05	0.000204981	-5.496	-2.313543e-11
4.584	896			0.000210793	-2.02657e-05	0.000211746	-5.484	-2.443378e-11
4.588	897			0.000236274	-2.28883e-05	0.000237376	-5.532	-2.120884e-11
4.592	898			0.000267776	-2.37228e-05	0.000268849	-5.058	-1.865409e-11
4.596	899			0.000279428	-2.44082e-05	0.000280501	-4.986	-1.865409e-11
4.6	900			0.000318678	-2.75971e-05	0.00031987	-4.95	-2.409867e-11
4.604	901			0.000347735	-2.83123e-05	0.000348868	-4.65	-2.208836e-11
4.608	902			0.000381293	-3.21271e-05	0.000382634	-4.812	-2.648595e-11
4.612	903			0.000438185	-3.32e-05	0.000439437	-4.332	-1.999432e-11
4.616	904			0.00047827	-3.69551e-05	0.0004797	-4.416	-2.56902e-11
4.62	905			0.000506226	-3.93393e-05	0.000507776	-4.44	-2.506194e-11
4.624	906			0.000575904	-4.20215e-05	0.000577454	-4.17	-1.831903e-11
4.628	907			0.000598196	-4.22599e-05	0.000599686	-4.038	-2.313542e-11
4.632	908			0.00067449	-4.78032e-05	0.000676159	-4.05	-1.865412e-11
4.636	909			0.000735763	-5.09622e-05	0.000737552	-3.96	-2.300978e-11
4.64	910			0.000827078	-5.54922e-05	0.000828926	-3.834	-2.497825e-11
4.644	911			0.000893477	-5.99625e-05	0.000895504	-3.834	-2.539703e-11
4.648	912			0.000931505	-6.18701e-05	0.000933532	-3.798	-2.183711e-11
4.652	913			0.00102998	-6.73537e-05	0.00103212	-3.738	-2.589954e-11
4.656	914			0.00114036	-7.18837e-05	0.00114263	-3.606	-2.376367e-11
4.66	915			0.00123263	-7.85594e-05	0.00123502	-3.642	-2.393125e-11
4.664	916			0.00126971	-7.98707e-05	0.00127221	-3.6	-2.133451e-11
4.668	917			0.00139297	-8.49967e-05	0.00139559	-3.486	-2.778429e-11
4.672	918			0.0014881	-9.11956e-05	0.00149096	-3.504	-2.376359e-11
4.676	919			0.00161649	-9.76329e-05	0.00161947	-3.456	-2.573207e-11
4.68	920			0.00165857	-0.000100852	0.00166167	-3.48	-2.18371e-11
4.684	921			0.00179196	-0.000104428	0.00179482	-3.33	-2.229783e-11
4.688	922			0.00184251	-0.000108958	0.00184584	-3.378	-2.326107e-11
4.692	923			0.00194717	-0.000113488	0.00195051	-3.33	-2.615093e-11
4.696	924			0.002023	-0.00011921	0.00202657	-3.366	-2.217217e-11
4.7	925			0.00210716	-0.000123502	0.00211097	-3.354	-1.752331e-11
4.704	926			0.00218202	-0.00012684	0.0021856	-3.324	-2.489444e-11
4.708	927			0.00225593	-0.000130177	0.00225951	-3.3	-1.957555e-11
4.712	928			0.00230433	-0.000133277	0.00230815	-3.306	-2.225588e-11
4.716	929			0.00235321	-0.000135423	0.00235702	-3.294	-1.806777e-11
4.72	930			0.00239231	-0.00013733	0.00239612	-3.288	-2.359609e-11
4.724	931			0.00241806	-0.000138045	0.00242211	-3.264	-1.70626e-11
4.728	932			0.00244261	-0.000138522	0.00244667	-3.246	-2.782616e-11
4.732	933			0.00244237	-0.000138045	0.00244619	-3.234	-2.007807e-11
4.736	934			0.00244524	-0.000137807	0.00244905	-3.222	-2.120889e-11
4.74	935			0.00242402	-0.0001359	0.00242783	-3.21	-2.518766e-11
4.744	936			0.00241329	-0.000135184	0.00241734	-3.204	-1.865407e-11
4.748	937			0.00235941	-0.000132562	0.00236298	-3.21	-2.288418e-11
4.752	938			0.00230409	-0.000128032	0.00230767	-3.174	-1.898921e-11
4.756	939			0.0022874	-0.000127793	0.00229098	-3.192	-2.242346e-11
4.76	940			0.0021918	-0.00012231	0.00219513	-3.192	-1.9408e-11
4.764	941			0.00216247	-0.00012064	0.00216581	-3.192	-1.785837e-11
4.768	942			0.00206687	-0.000115157	0.00206997	-3.186	-2.321918e-11
4.772	943			0.00196339	-0.000109673	0.00196649	-3.192	-2.636035e-11
4.776	944			0.00188518	-0.000103951	0.00188804	-3.15	-2.367996e-11
4.78	945			0.00185562	-0.000100852	0.00185824	-3.108	-1.819347e-11
4.784	946			0.00171757	-9.44142e-05	0.0017202	-3.144	-2.510392e-11
4.788	947			0.00162555	-9.03611e-05	0.00162817	-3.18	-2.405686e-11
4.792	948			0.0015421	-8.53543e-05	0.00154448	-3.168	-1.898919e-11
4.796	949			0.00144697	-8.10628e-05	0.00144935	-3.198	-2.19209e-11
4.8	950			0.00136019	-7.39102e-05	0.00136233	-3.108	-1.995248e-11
4.804	951			0.00128008	-7.03339e-05	0.00128198	-3.144	-1.949177e-11
4.808	952			0.00124455	-6.91419e-05	0.00124622	-3.174	-2.192093e-11
4.812	953			0.00113822	-6.31814e-05	0.00113989	-3.174	-2.112516e-11
4.816	954			0.00106288	-5.93665e-05	0.00106455	-3.192	-2.246538e-11
4.82	955			0.000984199	-5.48365e-05	0.00098563	-3.18	-2.250728e-11
4.824	956			0.000908379	-5.14986e-05	0.000909809	-3.246	-2.083195e-11
4.828	957			0.000829939	-4.67303e-05	0.000831131	-3.216	-2.012003e-11
4.832	958			0.000739578	-4.12466e-05	0.00074077	-3.186	-2.426634e-11
4.836	959			0.000708107	-4.05314e-05	0.000709061	-3.258	-2.183718e-11
4.84	960			0.000626806	-3.55246e-05	0.00062776	-3.228	-2.267479e-11
4.844	961			0.000548605	-3.21867e-05	0.000549559	-3.354	-2.397315e-11
4.848	962			0.000501279	-3.02793e-05	0.000502232	-3.45	-2.104142e-11
4.852	963			0.000473501	-2.84911e-05	0.000474336	-3.432	-2.439195e-11
4.856	964			0.000411035	-2.4438e-05	0.000411751	-3.396	-2.409879e-11
4.86	965			0.00036657	-2.34843e-05	0.000367286	-3.648	-2.229785e-11
4.864	966			0.000323417	-2.0981e-05	0.000324132	-3.702	-2.447576e-11
4.868	967			0.000284674	-1.74047e-05	0.00028515	-3.486	-2.112521e-11
4.872	968			0.00023842	-1.45436e-05	0.000238896	-3.468	-2.187906e-11
4.876	969			0.00020671	-1.44244e-05	0.000207187	-3.984	-2.016192e-11
4.88	970			0.00018102	-1.53185e-05	0.000181616	-4.83	-2.552277e-11
4.884	971			0.000156821	-1.19806e-05	0.000157298	-4.35	-2.594163e-11
4.888	972			0.000135184	-9.71562e-06	0.000135542	-4.104	-1.496858e-11
4.892	973			0.000128807	-1.09673e-05	0.000129283	-4.854	-1.928237e-11
4.896	974			0.000104785	-9.71562e-06	0.000105203	-5.268	-1.894735e-11
4.9	975			8.92584e-05	-8.43412e-06	8.96459e-05	-5.4	-2.414069e-11
4.904	976			7.36718e-05	-6.22871e-06	7.394e-05	-4.824	-2.116706e-11
4.908	977			6.92611e-05	-5.93069e-06	6.94995e-05	-4.884	-1.978497e-11
4.912	978			5.65352e-05	-6.67575e-06	5.69227e-05	-6.72	-2.38056e-11
4.916	979			4.65813e-05	-4.1351e-06	4.67601e-05	-5.07	-1.991063e-11
4.92	980			4.35414e-05	-5.96049e-06	4.39512e-05	-7.782	-1.932426e-11
4.924	981			3.27977e-05	-5.00682e-06	3.31777e-05	-8.682	-2.744934e-11
4.928	982			2.97875e-05	-6.52674e-06	3.04953e-05	-12.342	-2.347057e-11
4.932	983			2.71947e-05	-4.22451e-06	2.75226e-05	-8.82	-2.112518e-11
4.936	984			2.1197e-05	-3.98609e-06	2.15695e-05	-10.632	-2.271671e-11
4.94	985			2.06233e-05	-3.7104e-06	2.09586e-05	-10.188	-2.31774e-11
4.944	986			1.50689e-05	-4.90624e-06	1.58438e-05	-18.024	-2.166966e-11
4.948	987			1.33552e-05	-5.11113e-06	1.42977e-05	-20.934	-2.217225e-11
4.952	988			1.14106e-05	-2.83496e-06	1.17571e-05	-13.938	-2.020382e-11
4.956	989			1.21967e-05	-2.98025e-06	1.2558e-05	-13.728	-2.129274e-11
4.96	990			9.61876e-06	-3.23543e-06	1.01477e-05	-18.588	-2.175342e-11
4.964	991			8.61852e-06	-4.34931e-06	9.65415e-06	-26.766	-2.066452e-11
4.968	992			7.21033e-06	-3.18328e-06	7.88091e-06	-23.808	-1.953371e-11
4.972	993			7.23268e-06	-3.55394e-06	8.05786e-06	-26.16	-2.166967e-11
4.976	994			5.58796e-06	-3.44405e-06	6.56399e-06	-31.632	-2.326113e-11
4.98	995			4.66968e-06	-2.36557e-06	5.23406e-06	-26.856	-2.347061e-11
4.984	996			4.51042e-06	-9.99316e-07	4.61939e-06	-12.486	-2.338683e-11
4.988	997			3.56325e-06	-3.28758e-06	4.84756e-06	-42.69	-2.38894e-11
4.992	998			3.2168e-06	-2.69154e-06	4.19377e-06	-39.912	-2.497837e-11
4.996	999			1.52644e-06	-2.63286e-06	3.04265e-06	-59.892	-1.949186e-11
5.0	1000			3.50644e-06	-3.13671e-06	4.70414e-06	-41.808	-2.397319e-11
