variable x	variable x count			lockin1 x	lockin1 y	lockin1 r	lockin1 phi	smu1 meas	


5.0	0			1.91947e-06	-2.6785e-06	3.29503e-06	-54.36	-2.221417e-11
5.005	1			2.20725e-06	-1.62144e-06	2.7381e-06	-36.276	-2.388945e-11
5.01	2			4.05501e-06	-1.9353e-06	4.49366e-06	-25.5	-2.150217e-11
5.015	3			1.95579e-06	-2.74835e-06	3.37233e-06	-54.546	-2.233982e-11
5.02	4			2.19328e-06	-2.18303e-06	3.09387e-06	-44.85	-2.024573e-11
5.025	5			2.10015e-06	-2.36278e-06	3.15999e-06	-48.348	-2.267484e-11
5.03	6			1.90642e-06	-3.50086e-06	3.98516e-06	-61.428	-1.852855e-11
5.035	7			3.90226e-07	-1.04961e-06	1.11946e-06	-69.594	-2.430825e-11
5.04	8			8.91279e-07	-3.58793e-06	3.69643e-06	-76.05	-2.053886e-11
5.045	9			1.36859e-06	-2.5863e-06	2.92576e-06	-62.106	-2.259108e-11
5.05	10			2.00515e-06	-2.72274e-06	3.38118e-06	-53.622	-2.242352e-11
5.055	11			1.59676e-06	-2.66546e-06	3.10644e-06	-59.07	-2.460139e-11
5.06	12			3.27268e-06	-2.86663e-06	4.3507e-06	-41.214	-2.409884e-11
5.065	13			2.16348e-06	-2.76977e-06	3.51436e-06	-52.002	-2.686303e-11
5.07	14			2.0927e-06	-3.18421e-06	3.81006e-06	-56.682	-2.037136e-11
5.075	15			3.57443e-06	-3.41052e-06	4.9407e-06	-43.65	-2.426635e-11
5.08	16			3.11389e-06	-3.55254e-06	4.7237e-06	-48.762	-2.81614e-11
5.085	17			3.77932e-06	-2.5551e-06	4.56165e-06	-34.062	-2.309366e-11
5.09	18			4.33114e-06	-3.05987e-06	5.30298e-06	-35.238	-2.338687e-11
5.095	19			6.60217e-06	-1.58838e-06	6.7903e-06	-13.524	-1.865424e-11
5.1	20			7.59962e-06	-1.36765e-06	7.72165e-06	-10.2	-2.028765e-11
5.105	21			8.36753e-06	-2.23752e-06	8.66136e-06	-14.97	-1.919865e-11
5.11	22			1.12607e-05	-2.55743e-06	1.15466e-05	-12.792	-1.844483e-11
5.115	23			1.28672e-05	-1.43145e-06	1.29473e-05	-6.348	-2.447577e-11
5.12	24			1.38032e-05	-1.83751e-06	1.39243e-05	-7.578	-2.213042e-11
5.125	25			1.85092e-05	-1.77138e-06	1.85949e-05	-5.46	-2.363822e-11
5.13	26			2.07407e-05	-3.11808e-06	2.09735e-05	-8.544	-2.05808e-11
5.135	27			3.04581e-05	-3.17769e-06	3.06221e-05	-5.952	-1.974315e-11
5.14	28			3.84862e-05	-5.03662e-06	3.8814e-05	-7.452	-2.388945e-11
5.145	29			4.91517e-05	-4.66409e-06	4.93715e-05	-5.418	-2.087393e-11
5.15	30			6.4109e-05	-4.4294e-06	6.42617e-05	-3.948	-2.062265e-11
5.155	31			8.17333e-05	-6.3144e-06	8.19792e-05	-4.416	-1.898932e-11
5.16	32			0.000103616	-7.80827e-06	0.000103906	-4.308	-2.166974e-11
5.165	33			0.000128799	-7.44316e-06	0.000129008	-3.306	-2.267492e-11
5.17	34			0.000174657	-1.18912e-05	0.00017506	-3.894	-2.133473e-11
5.175	35			0.000225843	-1.35601e-05	0.00022626	-3.432	-2.066462e-11
5.18	36			0.000275882	-1.53185e-05	0.000276299	-3.174	-2.183728e-11
5.185	37			0.000342043	-1.95206e-05	0.000342609	-3.264	-2.376377e-11
5.19	38			0.000410946	-2.25903e-05	0.000411572	-3.144	-2.267491e-11
5.195	39			0.000496153	-2.85507e-05	0.000496987	-3.294	-2.661178e-11
5.2	40			0.00060213	-3.42133e-05	0.000603084	-3.246	-2.334503e-11
5.205	41			0.000710968	-3.98161e-05	0.0007121	-3.204	-2.204669e-11
5.21	42			0.000827972	-4.75051e-05	0.000829343	-3.282	-2.120906e-11
5.215	43			0.000941161	-5.1141e-05	0.000942592	-3.108	-2.171165e-11
5.22	44			0.00108803	-6.03201e-05	0.0010897	-3.168	-1.89055e-11
5.225	45			0.00118459	-6.41351e-05	0.00118626	-3.102	-1.806792e-11
5.23	46			0.00134469	-7.40294e-05	0.00134683	-3.15	-2.007823e-11
5.235	47			0.00144816	-7.87978e-05	0.00145031	-3.114	-1.974317e-11
5.24	48			0.00160945	-8.94074e-05	0.00161196	-3.174	-2.120906e-11
5.245	49			0.00172485	-9.54871e-05	0.00172759	-3.168	-2.049708e-11
5.25	50			0.00183059	-0.000100136	0.00183321	-3.126	-1.90312e-11
5.255	51			0.00194979	-0.000108004	0.00195266	-3.168	-2.091593e-11
5.26	52			0.00202657	-0.000112057	0.00202967	-3.162	-1.978509e-11
5.265	53			0.00212981	-0.000118733	0.00213315	-3.186	-2.292616e-11
5.27	54			0.00218536	-0.000121594	0.0021887	-3.18	-2.539728e-11
5.275	55			0.00225402	-0.000126601	0.0022576	-3.21	-2.162787e-11
5.28	56			0.00230815	-0.000128509	0.00231148	-3.18	-2.669551e-11
5.285	57			0.002342	-0.000131131	0.00234558	-3.204	-2.062267e-11
5.29	58			0.00236203	-0.000132323	0.00236584	-3.204	-2.200483e-11
5.295	59			0.0023842	-0.000134469	0.00238802	-3.222	-2.091587e-11
5.3	60			0.00239517	-0.000134469	0.00239898	-3.21	-2.594171e-11
5.305	61			0.00240065	-0.000134946	0.00240447	-3.216	-2.141842e-11
5.31	62			0.00239898	-0.000136138	0.0024028	-3.246	-2.166972e-11
5.315	63			0.00239255	-0.000135184	0.00239636	-3.228	-2.183727e-11
5.32	64			0.00238468	-0.000135423	0.00238849	-3.246	-2.267491e-11
5.325	65			0.00237419	-0.000134707	0.002378	-3.246	-2.070646e-11
5.33	66			0.00236227	-0.000133515	0.00236608	-3.228	-2.326129e-11
5.335	67			0.00234582	-0.000133277	0.00234963	-3.252	-2.020388e-11
5.34	68			0.00232984	-0.000132323	0.00233342	-3.246	-1.965943e-11
5.345	69			0.00231482	-0.000130893	0.00231864	-3.228	-2.158598e-11
5.35	70			0.00229837	-0.00013137	0.00230218	-3.264	-2.091584e-11
5.355	71			0.0022855	-0.000128985	0.00228907	-3.228	-1.810981e-11
5.36	72			0.00227167	-0.000129939	0.00227524	-3.27	-2.35963e-11
5.365	73			0.00225998	-0.000128985	0.0022638	-3.264	-2.20886e-11
5.37	74			0.00224663	-0.000127078	0.00225045	-3.234	-1.676957e-11
5.375	75			0.00224139	-0.000127793	0.00224496	-3.258	-2.246554e-11
5.38	76			0.00223114	-0.000126601	0.00223471	-3.246	-2.288432e-11
5.385	77			0.0022247	-0.000126124	0.00222827	-3.24	-2.275869e-11
5.39	78			0.00221802	-0.000125409	0.00222136	-3.234	-2.368011e-11
5.395	79			0.00221445	-0.000127078	0.00221802	-3.282	-2.095779e-11
5.4	80			0.00221135	-0.000126363	0.00221492	-3.264	-2.242366e-11
5.405	81			0.00220944	-0.000126124	0.00221302	-3.264	-1.873807e-11
5.41	82			0.00220992	-0.00012684	0.00221349	-3.282	-1.953373e-11
5.415	83			0.00220968	-0.000126363	0.00221349	-3.27	-2.146034e-11
5.42	84			0.00221421	-0.000126601	0.00221802	-3.27	-2.162789e-11
5.425	85			0.00221802	-0.000127078	0.0022216	-3.276	-2.447586e-11
5.43	86			0.0022247	-0.000128985	0.00222851	-3.312	-1.584821e-11
5.435	87			0.00223066	-0.000128032	0.00223424	-3.282	-2.120905e-11
5.44	88			0.00223948	-0.000128509	0.0022433	-3.282	-2.238177e-11
5.445	89			0.00224878	-0.000130177	0.00225259	-3.306	-2.539724e-11
5.45	90			0.00225855	-0.000130654	0.00226237	-3.306	-1.840299e-11
5.455	91			0.00227	-0.00013137	0.00227381	-3.306	-2.225613e-11
5.46	92			0.00228168	-0.000132562	0.0022855	-3.318	-2.39733e-11
5.465	93			0.00229551	-0.000131846	0.00229932	-3.282	-2.610927e-11
5.47	94			0.00230767	-0.000134946	0.00231148	-3.342	-2.074832e-11
5.475	95			0.0023203	-0.000135661	0.00232436	-3.348	-2.208862e-11
5.48	96			0.00233485	-0.000135661	0.00233866	-3.324	-2.564854e-11
5.485	97			0.00234796	-0.00013733	0.00235201	-3.342	-1.743973e-11
5.49	98			0.00236036	-0.00013733	0.00236417	-3.324	-1.982698e-11
5.495	99			0.00237633	-0.000140191	0.00238039	-3.372	-2.07484e-11
5.5	100			0.00239064	-0.000139476	0.00239469	-3.336	-2.292625e-11
5.505	101			0.00240375	-0.000139714	0.0024078	-3.324	-2.00364e-11
5.51	102			0.00241734	-0.000142575	0.00242139	-3.372	-2.711443e-11
5.515	103			0.00243045	-0.000141622	0.00243451	-3.33	-2.158601e-11
5.52	104			0.00244524	-0.000143529	0.00244929	-3.36	-2.13347e-11
5.525	105			0.00245787	-0.000144721	0.00246216	-3.366	-2.192106e-11
5.53	106			0.00247075	-0.000146628	0.00247504	-3.396	-2.560665e-11
5.535	107			0.00248052	-0.000145675	0.00248481	-3.36	-2.125095e-11
5.54	108			0.00248624	-0.000147344	0.00249054	-3.39	-2.581605e-11
5.545	109			0.00249697	-0.000146867	0.0025015	-3.366	-2.037143e-11
5.55	110			0.00250651	-0.000149251	0.0025108	-3.408	-2.686313e-11
5.555	111			0.00251414	-0.000149013	0.00251843	-3.39	-1.970131e-11
5.56	112			0.00251962	-0.000149966	0.00252415	-3.402	-2.024578e-11
5.565	113			0.00252439	-0.000150205	0.00252892	-3.402	-2.493653e-11
5.57	114			0.0025325	-0.00015092	0.00253679	-3.408	-2.095779e-11
5.575	115			0.00253321	-0.00015235	0.00253774	-3.438	-2.204672e-11
5.58	116			0.00253607	-0.000151874	0.0025406	-3.42	-2.439211e-11
5.585	117			0.00253488	-0.000151874	0.00253941	-3.426	-2.049706e-11
5.59	118			0.00253631	-0.000151874	0.00254084	-3.42	-1.748159e-11
5.595	119			0.00253512	-0.00015235	0.00253965	-3.438	-2.728192e-11
5.6	120			0.00253154	-0.000152827	0.00253631	-3.456	-2.024579e-11
5.605	121			0.00252654	-0.000152827	0.0025313	-3.456	-2.200481e-11
5.61	122			0.00252415	-0.000152827	0.00252868	-3.462	-2.032956e-11
5.615	123			0.0025139	-0.00015235	0.00251867	-3.462	-2.225612e-11
5.62	124			0.00251175	-0.000151874	0.00251628	-3.462	-2.179544e-11
5.625	125			0.0024984	-0.00015092	0.00250293	-3.456	-2.393133e-11
5.63	126			0.00248982	-0.000150681	0.00249435	-3.462	-1.936627e-11
5.635	127			0.00247552	-0.000151874	0.00248028	-3.51	-2.510403e-11
5.64	128			0.00245835	-0.000149728	0.00246264	-3.48	-2.179542e-11
5.645	129			0.00243618	-0.000149251	0.00244047	-3.504	-2.196294e-11
5.65	130			0.00241901	-0.000147344	0.00242354	-3.48	-1.928252e-11
5.655	131			0.00239445	-0.000147105	0.00239898	-3.51	-2.309376e-11
5.66	132			0.00237967	-0.00014782	0.00238396	-3.552	-1.643453e-11
5.665	133			0.00235416	-0.000145436	0.00235869	-3.534	-1.999452e-11
5.67	134			0.00232483	-0.000144244	0.00232936	-3.546	-1.714653e-11
5.675	135			0.00229885	-0.000142575	0.00230314	-3.546	-2.158602e-11
5.68	136			0.00228049	-0.000141622	0.00228478	-3.552	-1.953382e-11
5.685	137			0.00225307	-0.000139953	0.00225736	-3.552	-2.393135e-11
5.69	138			0.00222613	-0.000137807	0.00223042	-3.54	-1.760723e-11
5.695	139			0.0022092	-0.000137568	0.00221349	-3.558	-1.986885e-11
5.7	140			0.00217868	-0.000135184	0.00218298	-3.546	-2.305191e-11
5.705	141			0.00214507	-0.000134469	0.00214936	-3.582	-2.07902e-11
5.71	142			0.00210406	-0.000133038	0.00210835	-3.618	-2.213042e-11
5.715	143			0.00206281	-0.000129701	0.00206687	-3.594	-2.012007e-11
5.72	144			0.00203897	-0.000127555	0.00204302	-3.576	-1.961755e-11
5.725	145			0.00199772	-0.000126363	0.00200178	-3.612	-1.894745e-11
5.73	146			0.00196077	-0.000124455	0.00196482	-3.63	-2.46015e-11
5.735	147			0.00192333	-0.000123263	0.00192738	-3.666	-2.581612e-11
5.74	148			0.00188733	-0.000120163	0.00189114	-3.636	-2.543912e-11
5.745	149			0.00184918	-0.000119448	0.001853	-3.69	-2.171166e-11
5.75	150			0.00181556	-0.000116826	0.00181938	-3.678	-2.317753e-11
5.755	151			0.00176454	-0.000111819	0.00176788	-3.618	-1.760725e-11
5.76	152			0.00173021	-0.000111342	0.00173355	-3.678	-1.92406e-11
5.765	153			0.00170303	-0.000110627	0.00170637	-3.714	-2.041335e-11
5.77	154			0.00166918	-0.000108004	0.00167275	-3.696	-2.288436e-11
5.775	155			0.0016377	-0.00010705	0.00164104	-3.732	-2.146039e-11
5.78	156			0.00161958	-0.000103474	0.00162292	-3.648	-2.150227e-11
5.785	157			0.0015955	-0.000104428	0.00159884	-3.744	-2.267494e-11
5.79	158			0.00157691	-0.000102282	0.00158025	-3.708	-1.764912e-11
5.795	159			0.00155402	-0.000101805	0.00155736	-3.744	-1.97851e-11
5.8	160			0.00153161	-0.000100613	0.00153495	-3.756	-2.200484e-11
5.805	161			0.00151301	-9.87058e-05	0.00151611	-3.726	-1.831923e-11
5.81	162			0.00149966	-9.91826e-05	0.001503	-3.78	-1.907311e-11
5.815	163			0.00148011	-9.58447e-05	0.00148321	-3.702	-1.894748e-11
5.82	164			0.00146342	-9.75137e-05	0.00146652	-3.81	-2.284249e-11
5.825	165			0.00144268	-9.48911e-05	0.00144602	-3.756	-2.393141e-11
5.83	166			0.00142742	-9.41758e-05	0.00143052	-3.774	-2.062276e-11
5.835	167			0.00141073	-9.41758e-05	0.00141383	-3.81	-1.861242e-11
5.84	168			0.0013938	-9.34605e-05	0.0013969	-3.828	-1.802605e-11
5.845	169			0.00137902	-9.13148e-05	0.00138212	-3.78	-2.037144e-11
5.85	170			0.00136781	-9.13148e-05	0.00137091	-3.81	-2.099962e-11
5.855	171			0.00134803	-8.86922e-05	0.00135089	-3.762	-1.953383e-11
5.86	172			0.00133205	-9.03611e-05	0.00133515	-3.87	-2.338694e-11
5.865	173			0.00131655	-8.82153e-05	0.00131965	-3.822	-2.041334e-11
5.87	174			0.00129891	-8.9169e-05	0.00130201	-3.918	-2.166981e-11
5.875	175			0.00128651	-8.51159e-05	0.00128938	-3.78	-2.88316e-11
5.88	176			0.00127388	-8.55927e-05	0.00127674	-3.84	-2.066467e-11
5.885	177			0.00126029	-8.36854e-05	0.00126315	-3.798	-2.296815e-11
5.89	178			0.00124646	-8.36854e-05	0.00124932	-3.84	-2.899911e-11
5.895	179			0.00123645	-8.29701e-05	0.00123931	-3.834	-2.108345e-11
5.9	180			0.00122357	-8.10628e-05	0.00122619	-3.786	-2.058086e-11
5.905	181			0.00121666	-8.10628e-05	0.00121928	-3.81	-2.204674e-11
5.91	182			0.00120283	-8.03475e-05	0.00120545	-3.81	-1.89475e-11
5.915	183			0.00118948	-8.10628e-05	0.00119234	-3.894	-1.932444e-11
5.92	184			0.00118256	-8.01091e-05	0.00118542	-3.87	-2.53135e-11
5.925	185			0.00117541	-8.03475e-05	0.00117803	-3.912	-2.246555e-11
5.93	186			0.00116707	-7.93939e-05	0.00116969	-3.888	-2.301001e-11
5.935	187			0.00116134	-7.91554e-05	0.00116397	-3.888	-1.530373e-11
5.94	188			0.00115729	-7.82018e-05	0.00115991	-3.858	-2.196297e-11
5.945	189			0.0011561	-7.72481e-05	0.00115872	-3.816	-2.271681e-11
5.95	190			0.00114942	-7.91554e-05	0.00115205	-3.93	-1.576443e-11
5.955	191			0.00114561	-7.82018e-05	0.00114823	-3.894	-2.338696e-11
5.96	192			0.00114537	-7.74865e-05	0.00114799	-3.864	-2.355445e-11
5.965	193			0.00114728	-7.82018e-05	0.0011499	-3.894	-2.259121e-11
5.97	194			0.00114942	-7.91554e-05	0.00115205	-3.93	-2.125102e-11
5.975	195			0.00115157	-7.82018e-05	0.00115443	-3.876	-2.183732e-11
5.98	196			0.00115801	-7.93939e-05	0.00116063	-3.912	-1.978506e-11
5.985	197			0.00116373	-7.98707e-05	0.00116635	-3.924	-2.376389e-11
5.99	198			0.00117064	-7.8917e-05	0.00117327	-3.852	-2.012015e-11
5.995	199			0.00117803	-7.93939e-05	0.00118066	-3.846	-2.032957e-11
6.0	200			0.00118686	-8.08244e-05	0.00118948	-3.888	-2.012015e-11
6.005	201			0.00119878	-8.22549e-05	0.00120164	-3.918	-2.460151e-11
6.01	202			0.0012095	-8.3447e-05	0.00121237	-3.942	-1.672773e-11
6.015	203			0.00121976	-8.27317e-05	0.00122238	-3.876	-1.919875e-11
6.02	204			0.00123263	-8.27317e-05	0.00123549	-3.834	-2.384765e-11
6.025	205			0.00124384	-8.27317e-05	0.00124646	-3.792	-1.932445e-11
6.03	206			0.00125981	-8.51159e-05	0.00126267	-3.858	-2.213051e-11
6.035	207			0.00127006	-8.46391e-05	0.00127292	-3.804	-2.137662e-11
6.04	208			0.00128675	-8.58312e-05	0.00128961	-3.816	-2.368009e-11
6.045	209			0.00129939	-8.65464e-05	0.00130225	-3.798	-1.915687e-11
6.05	210			0.00131274	-8.77385e-05	0.00131584	-3.822	-1.936629e-11
6.055	211			0.0013187	-8.9169e-05	0.00132156	-3.864	-2.024582e-11
6.06	212			0.00131799	-8.9169e-05	0.00132108	-3.87	-2.280062e-11
6.065	213			0.00131369	-8.9169e-05	0.00131679	-3.882	-2.405707e-11
6.07	214			0.00130058	-8.77385e-05	0.00130344	-3.858	-2.049714e-11
6.075	215			0.00127769	-8.70232e-05	0.00128055	-3.894	-2.577424e-11
6.08	216			0.00124622	-8.36854e-05	0.00124908	-3.84	-1.932444e-11
6.085	217			0.00119568	-8.1778e-05	0.00119854	-3.906	-2.083218e-11
6.09	218			0.00112916	-7.74865e-05	0.00113178	-3.918	-1.781667e-11
6.095	219			0.00105406	-7.17645e-05	0.00105668	-3.888	-2.146039e-11
6.1	220			0.000989921	-6.81882e-05	0.000992306	-3.936	-2.058086e-11
6.105	221			0.000898127	-6.19893e-05	0.000900272	-3.936	-2.016205e-11
6.11	222			0.000810388	-5.65054e-05	0.000812296	-3.99	-2.401523e-11
6.115	223			0.000697855	-4.98297e-05	0.000699762	-4.068	-2.183733e-11
6.12	224			0.000628237	-4.38693e-05	0.000629906	-3.972	-1.978513e-11
6.125	225			0.000534538	-3.83856e-05	0.000535969	-4.08	-1.517811e-11
6.13	226			0.000461103	-3.45709e-05	0.000462415	-4.284	-1.8403e-11
6.135	227			0.000383021	-2.86103e-05	0.000384094	-4.26	-1.718846e-11
6.14	228			0.000323178	-2.52725e-05	0.000324132	-4.458	-1.882187e-11
6.145	229			0.000275852	-2.16962e-05	0.000276687	-4.488	-1.903125e-11
6.15	230			0.000242234	-1.88352e-05	0.000242949	-4.434	-1.932443e-11
6.155	231			0.000198842	-1.6451e-05	0.000199557	-4.71	-2.317758e-11
6.16	232			0.00016302	-1.53781e-05	0.000163735	-5.376	-2.280062e-11
6.165	233			0.000144065	-1.36495e-05	0.000144721	-5.406	-1.91988e-11
6.17	234			0.000120044	-1.28747e-05	0.000120759	-6.102	-2.384764e-11
6.175	235			0.00010717	-9.83482e-06	0.000107646	-5.244	-2.204676e-11
6.18	236			9.10764e-05	-1.04607e-05	9.16724e-05	-6.546	-2.744948e-11
6.185	237			7.99303e-05	-9.26858e-06	8.04667e-05	-6.6	-2.292627e-11
6.19	238			6.83074e-05	-1.00732e-05	6.90226e-05	-8.382	-2.443403e-11
6.195	239			6.17211e-05	-8.85135e-06	6.23469e-05	-8.142	-1.731413e-11
6.2	240			5.65352e-05	-8.91095e-06	5.72505e-05	-8.922	-2.10416e-11
6.205	241			5.16775e-05	-7.48041e-06	5.22139e-05	-8.22	-2.14185e-11
6.21	242			4.66036e-05	-6.99612e-06	4.71177e-05	-8.532	-2.4434e-11
6.215	243			4.28038e-05	-7.35375e-06	4.34297e-05	-9.738	-1.781669e-11
6.22	244			4.03377e-05	-7.69651e-06	4.10604e-05	-10.8	-1.844493e-11
6.225	245			3.66794e-05	-5.72208e-06	3.7119e-05	-8.862	-2.313568e-11
6.23	246			3.59046e-05	-5.76678e-06	3.63665e-05	-9.12	-2.347075e-11
6.235	247			3.27679e-05	-6.88437e-06	3.34831e-05	-11.856	-1.911503e-11
6.24	248			3.28126e-05	-7.12278e-06	3.358e-05	-12.24	-2.045525e-11
6.245	249			3.19111e-05	-6.83221e-06	3.26263e-05	-12.078	-1.819362e-11
6.25	250			3.00632e-05	-7.18239e-06	3.09052e-05	-13.428	-2.049709e-11
6.255	251			3.05253e-05	-6.035e-06	3.11139e-05	-11.178	-2.233989e-11
6.26	252			3.00409e-05	-7.25689e-06	3.09052e-05	-13.572	-2.351264e-11
6.265	253			2.94746e-05	-6.47458e-06	3.0175e-05	-12.384	-2.066466e-11
6.27	254			3.01228e-05	-6.63105e-06	3.08382e-05	-12.402	-2.368015e-11
6.275	255			3.04134e-05	-5.71462e-06	3.09499e-05	-10.638	-2.242369e-11
6.28	256			3.11958e-05	-5.88599e-06	3.17397e-05	-10.674	-1.769103e-11
6.285	257			3.03389e-05	-5.70717e-06	3.08754e-05	-10.638	-2.275876e-11
6.29	258			3.19856e-05	-6.40008e-06	3.26189e-05	-11.31	-2.204678e-11
6.295	259			3.30287e-05	-6.60869e-06	3.36843e-05	-11.31	-1.953384e-11
6.3	260			3.39525e-05	-6.45223e-06	3.45635e-05	-10.752	-2.31776e-11
6.305	261			3.62846e-05	-7.10788e-06	3.697e-05	-11.082	-1.760729e-11
6.31	262			3.69849e-05	-7.62197e-06	3.77598e-05	-11.64	-2.003643e-11
6.315	263			4.00471e-05	-6.21381e-06	4.05314e-05	-8.808	-2.137667e-11
6.32	264			4.1351e-05	-6.80986e-06	4.19023e-05	-9.348	-2.024586e-11
6.325	265			4.6015e-05	-6.78006e-06	4.65142e-05	-8.382	-2.275877e-11
6.33	266			4.78106e-05	-6.79496e-06	4.82874e-05	-8.088	-2.309377e-11
6.335	267			5.24672e-05	-6.99612e-06	5.29366e-05	-7.59	-2.476908e-11
6.34	268			5.82191e-05	-7.89022e-06	5.87555e-05	-7.716	-1.936635e-11
6.345	269			6.31963e-05	-7.07808e-06	6.35837e-05	-6.384	-2.049715e-11
6.35	270			6.57071e-05	-8.8737e-06	6.63032e-05	-7.686	-1.852863e-11
6.355	271			7.43051e-05	-8.99291e-06	7.4849e-05	-6.894	-2.17536e-11
6.36	272			8.3447e-05	-9.41014e-06	8.3976e-05	-6.432	-1.739787e-11
6.365	273			9.17097e-05	-1.11461e-05	9.23802e-05	-6.924	-2.104161e-11
6.37	274			0.000103288	-1.22712e-05	0.000104011	-6.774	-2.108347e-11
6.375	275			0.000118554	-1.0036e-05	0.000118979	-4.836	-2.267499e-11
6.38	276			0.000126482	-1.13398e-05	0.000126989	-5.124	-2.368013e-11
6.385	277			0.000142568	-1.29864e-05	0.000143149	-5.202	-1.681154e-11
6.39	278			0.000164659	-1.40221e-05	0.000165247	-4.866	-1.974327e-11
6.395	279			0.00017921	-1.5475e-05	0.000179873	-4.938	-2.02039e-11
6.4	280			0.000206054	-1.69874e-05	0.000206769	-4.71	-1.877995e-11
6.405	281			0.000234396	-1.89842e-05	0.000235171	-4.626	-1.802611e-11
6.41	282			0.000253679	-1.97889e-05	0.000254424	-4.452	-1.991077e-11
6.415	283			0.000290962	-2.08617e-05	0.000291707	-4.098	-1.932443e-11
6.42	284			0.000332894	-2.40506e-05	0.000333758	-4.128	-2.204674e-11
6.425	285			0.000361981	-2.81931e-05	0.000363084	-4.452	-1.991079e-11
6.43	286			0.000417443	-3.04581e-05	0.000418546	-4.17	-1.953386e-11
6.435	287			0.000471117	-3.21867e-05	0.00047219	-3.906	-2.221431e-11
6.44	288			0.000521425	-3.61206e-05	0.000522617	-3.954	-1.936632e-11
6.445	289			0.000578765	-3.99353e-05	0.000580076	-3.948	-1.932445e-11
6.45	290			0.00063521	-4.38693e-05	0.00063676	-3.948	-2.074845e-11
6.455	291			0.000705544	-4.90549e-05	0.000707272	-3.972	-2.372203e-11
6.46	292			0.000775877	-5.27503e-05	0.000777666	-3.888	-2.497854e-11
6.465	293			0.000848178	-5.72207e-05	0.000850085	-3.858	-2.016208e-11
6.47	294			0.000928525	-6.34198e-05	0.000930671	-3.9	-1.928256e-11
6.475	295			0.0010059	-6.98571e-05	0.0010084	-3.966	-1.815173e-11
6.48	296			0.00109292	-7.28373e-05	0.0010953	-3.81	-1.676963e-11
6.485	297			0.00114871	-7.74865e-05	0.00115133	-3.852	-2.058087e-11
6.49	298			0.00125719	-8.44006e-05	0.00125993	-3.84	-2.242373e-11
6.495	299			0.00134528	-9.03611e-05	0.00134838	-3.84	-1.91988e-11
6.5	300			0.00140584	-9.47719e-05	0.00140894	-3.858	-2.263311e-11
6.505	301			0.00150741	-0.00010252	0.00151087	-3.888	-2.125102e-11
6.51	302			0.00160349	-0.000107885	0.00160707	-3.846	-2.388957e-11
6.515	303			0.00168658	-0.000114441	0.00169051	-3.882	-2.129289e-11
6.52	304			0.0017705	-0.000119806	0.00177456	-3.87	-2.422463e-11
6.525	305			0.00185371	-0.000125886	0.001858	-3.876	-2.15442e-11
6.53	306			0.00190998	-0.000129939	0.00191451	-3.888	-2.045526e-11
6.535	307			0.00200035	-0.0001359	0.00200512	-3.882	-1.693716e-11
6.54	308			0.00206591	-0.00014186	0.00207068	-3.924	-2.099972e-11
6.545	309			0.00213076	-0.000146628	0.00213577	-3.93	-1.743975e-11
6.55	310			0.00220086	-0.000151397	0.0022061	-3.93	-1.940824e-11
6.555	311			0.00224449	-0.000154735	0.00224973	-3.942	-1.844494e-11
6.56	312			0.00230981	-0.000160218	0.0023153	-3.96	-1.710469e-11
6.565	313			0.00235869	-0.000162126	0.00236417	-3.93	-1.894749e-11
6.57	314			0.00241281	-0.000167848	0.00241853	-3.972	-2.08741e-11
6.575	315			0.002445	-0.00017047	0.00245096	-3.984	-2.862225e-11
6.58	316			0.00249149	-0.000173331	0.00249745	-3.978	-1.970135e-11
6.585	317			0.00253107	-0.000177623	0.00253727	-4.008	-1.936631e-11
6.59	318			0.00255348	-0.00017953	0.00255968	-4.02	-2.1963e-11
6.595	319			0.00258781	-0.000181437	0.00259425	-4.008	-1.974324e-11
6.6	320			0.00260951	-0.000184537	0.00261594	-4.044	-1.928261e-11
6.605	321			0.00262381	-0.000185491	0.00263025	-4.038	-2.225616e-11
6.61	322			0.00264265	-0.000188352	0.00264932	-4.074	-2.221427e-11
6.615	323			0.00265457	-0.000189305	0.00266124	-4.074	-2.435025e-11
6.62	324			0.00266887	-0.000190736	0.00267579	-4.086	-1.877996e-11
6.625	325			0.00267531	-0.000191689	0.00268222	-4.092	-2.23399e-11
6.63	326			0.00267936	-0.000192643	0.00268628	-4.11	-1.810987e-11
6.635	327			0.00268342	-0.000193358	0.00269033	-4.116	-2.066465e-11
6.64	328			0.00268103	-0.00019455	0.00268795	-4.146	-2.045525e-11
6.645	329			0.00268127	-0.000195504	0.00268842	-4.17	-1.911501e-11
6.65	330			0.00267746	-0.000193835	0.00268437	-4.14	-2.476904e-11
6.655	331			0.00267245	-0.000195743	0.0026796	-4.188	-2.208863e-11
6.66	332			0.00266196	-0.000194312	0.00266911	-4.17	-2.414082e-11
6.665	333			0.00265695	-0.00019455	0.0026641	-4.182	-2.129289e-11
6.67	334			0.00263955	-0.000195504	0.0026467	-4.236	-2.422452e-11
6.675	335			0.002625	-0.000194074	0.00263216	-4.224	-2.179546e-11
6.68	336			0.00261737	-0.000192882	0.00262453	-4.212	-1.965946e-11
6.685	337			0.00259639	-0.000192166	0.00260355	-4.23	-1.890559e-11
6.69	338			0.00256206	-0.000191213	0.00256921	-4.266	-2.187923e-11
6.695	339			0.00254251	-0.000189544	0.00254942	-4.26	-2.55648e-11
6.7	340			0.00252296	-0.000188113	0.00252987	-4.26	-1.861241e-11
6.705	341			0.0024996	-0.000186444	0.00250651	-4.266	-2.032954e-11
6.71	342			0.00248052	-0.000186206	0.00248767	-4.29	-1.597384e-11
6.715	343			0.00246765	-0.000186921	0.0024748	-4.332	-2.024581e-11
6.72	344			0.00243784	-0.000183106	0.00244452	-4.29	-2.150226e-11
6.725	345			0.00241329	-0.000182391	0.0024202	-4.32	-2.079027e-11
6.73	346			0.00239183	-0.00018263	0.00239874	-4.362	-2.581608e-11
6.735	347			0.00237538	-0.000182391	0.00238229	-4.386	-1.986888e-11
6.74	348			0.00236227	-0.000179769	0.00236918	-4.35	-2.049706e-11
6.745	349			0.00232722	-0.00017953	0.00233413	-4.404	-1.576444e-11
6.75	350			0.00231196	-0.000178815	0.00231864	-4.416	-2.330318e-11
6.755	351			0.0022793	-0.000175715	0.00228621	-4.404	-2.271681e-11
6.76	352			0.00223853	-0.000173331	0.0022452	-4.428	-1.890558e-11
6.765	353			0.0022247	-0.000173093	0.00223137	-4.446	-2.137659e-11
6.77	354			0.00221445	-0.000173093	0.00222112	-4.464	-1.911499e-11
6.775	355			0.00219466	-0.000173093	0.00220157	-4.506	-1.986883e-11
6.78	356			0.00214578	-0.00016904	0.00215246	-4.5	-2.472718e-11
6.785	357			0.00210859	-0.000165463	0.00211503	-4.482	-1.840299e-11
6.79	358			0.00208832	-0.000164033	0.00209476	-4.488	-1.898932e-11
6.795	359			0.00206019	-0.000161887	0.00206639	-4.494	-2.108342e-11
6.8	360			0.00201894	-0.000161172	0.00202538	-4.566	-1.601566e-11
6.805	361			0.00199415	-0.000158549	0.00200059	-4.542	-1.99945e-11
6.81	362			0.00195719	-0.000154496	0.00196339	-4.512	-2.292623e-11
6.815	363			0.00191475	-0.000153304	0.00192095	-4.572	-2.233986e-11
6.82	364			0.00189305	-0.000153542	0.00189925	-4.632	-2.024579e-11
6.825	365			0.00187112	-0.000150443	0.00187708	-4.59	-2.1586e-11
6.83	366			0.0018611	-0.000148059	0.00186682	-4.548	-2.527165e-11
6.835	367			0.00183583	-0.000147582	0.00184155	-4.59	-2.250739e-11
6.84	368			0.00180484	-0.000146867	0.00181103	-4.644	-2.326131e-11
6.845	369			0.00178433	-0.000143052	0.00179005	-4.578	-1.622517e-11
6.85	370			0.00174309	-0.000140191	0.00174881	-4.596	-2.259119e-11
6.855	371			0.00169707	-0.000139237	0.00170279	-4.686	-1.869618e-11
6.86	372			0.00166298	-0.000135423	0.00166846	-4.65	-2.00783e-11
6.865	373			0.00160719	-0.00013137	0.00161267	-4.668	-1.97851e-11
6.87	374			0.00159002	-0.000129224	0.00159527	-4.644	-2.020388e-11
6.875	375			0.00156689	-0.000129224	0.00157214	-4.704	-2.087404e-11
6.88	376			0.0015204	-0.00012827	0.00152589	-4.818	-2.355448e-11
6.885	377			0.00145674	-0.000120163	0.00146151	-4.71	-2.208859e-11
6.89	378			0.00140811	-0.000115395	0.00141288	-4.674	-1.991074e-11
6.895	379			0.00134111	-0.000112534	0.00134588	-4.788	-2.275872e-11
6.9	380			0.00128389	-0.00010705	0.00128842	-4.752	-2.405707e-11
6.905	381			0.00121904	-0.00010252	0.00122357	-4.806	-2.083215e-11
6.91	382			0.00115538	-9.75137e-05	0.00115968	-4.818	-1.882182e-11
6.915	383			0.00108171	-9.03611e-05	0.00108577	-4.77	-1.894747e-11
6.92	384			0.00100208	-8.6308e-05	0.00100566	-4.914	-1.924062e-11
6.925	385			0.000924114	-7.67712e-05	0.000927214	-4.74	-2.183731e-11
6.93	386			0.000864033	-7.24797e-05	0.000866894	-4.782	-1.873805e-11
6.935	387			0.000781301	-6.72345e-05	0.000784162	-4.902	-2.175351e-11
6.94	388			0.00072575	-6.05586e-05	0.000728134	-4.752	-2.028765e-11
6.945	389			0.000634912	-5.48365e-05	0.000637297	-4.938	-2.120906e-11
6.95	390			0.000565294	-4.76839e-05	0.000567202	-4.818	-1.965946e-11
6.955	391			0.00049508	-4.17235e-05	0.000496868	-4.812	-1.647647e-11
6.96	392			0.000440123	-3.82664e-05	0.000441791	-4.962	-1.94082e-11
6.965	393			0.000370504	-3.5167e-05	0.000372173	-5.418	-1.861244e-11
6.97	394			0.000330808	-2.90872e-05	0.000332	-5.01	-2.187923e-11
6.975	395			0.000293972	-2.68222e-05	0.000295164	-5.196	-2.133475e-11
6.98	396			0.000242115	-2.24115e-05	0.000243069	-5.268	-2.049712e-11
6.985	397			0.000200869	-2.18154e-05	0.000202061	-6.192	-1.764914e-11
6.99	398			0.000151635	-1.48416e-05	0.00015235	-5.586	-2.137665e-11
6.995	399			0.00012231	-1.19806e-05	0.000122906	-5.568	-1.706278e-11
7.0	400			0.000103057	-1.06097e-05	0.000103593	-5.868	-2.108343e-11
7.005	401			9.49209e-05	-7.77846e-06	9.52189e-05	-4.668	-1.664398e-11
7.01	402			8.4192e-05	-8.16589e-06	8.45795e-05	-5.526	-2.012017e-11
7.015	403			6.92611e-05	-5.90089e-06	6.94995e-05	-4.854	-1.882184e-11
7.02	404			5.58498e-05	-5.66247e-06	5.6118e-05	-5.772	-1.760728e-11
7.025	405			5.00383e-05	-6.0499e-06	5.04258e-05	-6.888	-1.894752e-11
7.03	406			4.49421e-05	-4.8131e-06	4.51955e-05	-6.102	-2.388954e-11
7.035	407			3.75661e-05	-4.31392e-06	3.78119e-05	-6.54	-1.924069e-11
7.04	408			3.41313e-05	-5.39425e-06	3.4556e-05	-8.976	-2.221424e-11
7.045	409			2.59654e-05	-4.99937e-06	2.64348e-05	-10.884	-2.003642e-11
7.05	410			2.39537e-05	-4.25431e-06	2.43263e-05	-10.068	-2.09997e-11
7.055	411			1.94424e-05	-3.3118e-06	1.97218e-05	-9.66	-1.777481e-11
7.06	412			1.78294e-05	-2.80516e-06	1.80491e-05	-8.934	-2.141852e-11
7.065	413			1.56054e-05	-3.56512e-06	1.6004e-05	-12.858	-2.133472e-11
7.07	414			1.16453e-05	-2.46243e-06	1.19024e-05	-11.928	-2.116723e-11
7.075	415			1.06469e-05	-1.11759e-06	1.07065e-05	-5.988	-2.016207e-11
7.08	416			1.05389e-05	-4.20216e-06	1.13436e-05	-21.726	-2.254931e-11
7.085	417			9.73424e-06	-4.10902e-06	1.0565e-05	-22.866	-2.171168e-11
7.09	418			6.25852e-06	-2.31342e-06	6.67202e-06	-20.268	-2.246555e-11
7.095	419			5.77982e-06	-9.77896e-07	5.86177e-06	-9.588	-1.697904e-11
7.1	420			7.04828e-06	-1.97814e-06	7.32022e-06	-15.66	-2.208865e-11
7.105	421			5.03476e-06	-2.17372e-06	5.48179e-06	-23.346	-2.02877e-11
7.11	422			4.55047e-06	-2.40283e-07	4.55699e-06	-3.018	-1.945009e-11
7.115	423			3.03426e-06	-1.31597e-06	3.30714e-06	-23.43	-1.949194e-11
7.12	424			3.48968e-06	-8.52164e-07	3.59213e-06	-13.716	-2.045522e-11
7.125	425			3.12553e-06	-1.33925e-06	3.40027e-06	-23.184	-2.192112e-11
7.13	426			1.62563e-06	-1.06637e-06	1.94415e-06	-33.252	-2.03715e-11
7.135	427			1.31783e-06	-8.54958e-07	1.57068e-06	-32.958	-1.965949e-11
7.14	428			-4.00703e-07	-7.24805e-07	8.27949e-07	-118.92	-2.012019e-11
7.145	429			8.25621e-07	-1.97093e-06	2.1367e-06	-67.272	-2.301004e-11
7.15	430			9.55544e-07	7.43898e-07	1.21096e-06	37.902	-2.007831e-11
7.155	431			4.28411e-08	-7.09788e-07	7.10952e-07	-86.544	-2.112535e-11
7.16	432			-7.60197e-08	1.61003e-07	1.78e-07	115.224	-1.685341e-11
7.165	433			1.01585e-06	4.4529e-07	1.10921e-06	23.67	-2.171173e-11
7.17	434			9.60317e-07	2.63566e-07	9.95824e-07	15.354	-2.263309e-11
7.175	435			-5.66015e-07	1.37056e-06	1.48279e-06	112.434	-1.714659e-11
7.18	436			-8.51465e-07	6.58798e-07	1.0765e-06	142.266	-2.380582e-11
7.185	437			1.64496e-07	6.2853e-07	6.49834e-07	75.336	-2.099976e-11
7.19	438			-2.48898e-07	7.0781e-08	2.5856e-07	164.1	-1.936632e-11
7.195	439			3.42845e-07	-6.042e-08	3.48084e-07	-9.978	-1.898939e-11
7.2	440			-5.30275e-07	-3.48899e-07	6.34467e-07	-146.664	-1.953382e-11
7.205	441			7.50882e-07	-9.13865e-08	7.56354e-07	-6.936	-1.852868e-11
7.21	442			-1.94298e-07	-9.05249e-07	9.25738e-07	-102.108	-2.049715e-11
7.215	443			3.05126e-07	1.50095e-06	1.53168e-06	78.51	-2.175357e-11
7.22	444			5.50997e-07	9.73123e-07	1.11841e-06	60.48	-2.070656e-11
7.225	445			5.69275e-07	-5.55887e-07	7.95586e-07	-44.31	-2.267499e-11
7.23	446			1.04774e-08	5.97214e-07	5.97214e-07	88.992	-2.422462e-11
7.235	447			1.33331e-06	9.13864e-07	1.61643e-06	34.428	-2.200489e-11
7.24	448			-1.67523e-07	5.48669e-07	5.73698e-07	106.968	-2.351262e-11
7.245	449			-1.01003e-06	1.65683e-06	1.94054e-06	121.368	-1.970134e-11
7.25	450			-1.78117e-08	6.52628e-07	6.52861e-07	91.56	-2.225618e-11
7.255	451			5.15722e-08	8.52862e-07	8.54376e-07	86.544	-2.083221e-11
7.26	452			4.85454e-08	2.52739e-07	2.57396e-07	79.122	-1.970139e-11
7.265	453			1.21794e-06	-7.84643e-07	1.4488e-06	-32.79	-2.095786e-11
7.27	454			-1.93832e-07	3.15604e-07	3.70203e-07	121.554	-2.309383e-11
7.275	455			-8.7696e-07	-4.3074e-09	8.76844e-07	-179.724	-1.64346e-11
7.28	456			-8.32375e-09	6.89648e-07	6.89706e-07	90.69	-2.24237e-11
7.285	457			-2.80505e-07	6.20497e-07	6.80917e-07	114.324	-2.129289e-11
7.29	458			9.22595e-07	5.70672e-07	1.08488e-06	31.74	-2.183735e-11
7.295	459			-8.66949e-07	5.17353e-07	1.00944e-06	149.172	-2.359638e-11
7.3	460			-4.4075e-07	9.41571e-07	1.0396e-06	115.074	-1.823551e-11
7.305	461			-5.62988e-07	5.70904e-07	8.01756e-07	134.598	-2.296816e-11
7.31	462			-4.92324e-07	1.61224e-06	1.6857e-06	106.98	-1.760728e-11
7.315	463			-6.0094e-07	1.14251e-06	1.29094e-06	117.738	-2.166985e-11
7.32	464			-3.47851e-07	4.86387e-07	5.97913e-07	125.562	-1.961763e-11
7.325	465			-1.2098e-06	5.68109e-08	1.21096e-06	177.318	-2.414087e-11
7.33	466			-6.60079e-07	1.12039e-06	1.30037e-06	120.492	-2.049712e-11
7.335	467			-5.25037e-07	1.02097e-06	1.14786e-06	117.192	-1.609955e-11
7.34	468			-9.01291e-07	9.80222e-08	9.06646e-07	173.784	-2.158605e-11
7.345	469			3.54137e-07	1.3134e-06	1.3602e-06	74.91	-1.986891e-11
7.35	470			2.64264e-08	3.326e-07	3.33648e-07	85.452	-2.418272e-11
7.355	471			-8.35982e-07	1.75788e-08	8.36098e-07	178.788	-2.217242e-11
7.36	472			-6.23058e-07	1.24879e-06	1.39571e-06	116.514	-1.861246e-11
7.365	473			1.09408e-06	1.29827e-06	1.69781e-06	49.878	-1.965947e-11
7.37	474			-1.07219e-06	1.66126e-07	1.08477e-06	171.186	-2.066465e-11
7.375	475			-1.71213e-06	-3.99656e-07	1.75811e-06	-166.86	-2.263312e-11
7.38	476			-1.58791e-07	4.3621e-07	4.64266e-07	109.986	-1.798424e-11
7.385	477			-3.07338e-07	1.27545e-06	1.31189e-06	103.548	-1.790045e-11
7.39	478			7.3668e-07	3.81845e-08	7.37728e-07	2.97	-2.016209e-11
7.395	479			3.38538e-07	1.53308e-06	1.5701e-06	77.544	-2.024585e-11
7.4	480			-1.22237e-07	1.22819e-06	1.23424e-06	95.676	-1.961761e-11
7.405	481			4.11879e-07	1.16137e-06	1.23226e-06	70.47	-2.242372e-11
7.41	482			-4.5018e-07	1.45206e-06	1.52027e-06	107.226	-1.622519e-11
7.415	483			-8.18636e-07	1.72971e-06	1.91353e-06	115.326	-2.330321e-11
7.42	484			-8.02338e-07	-1.35508e-07	8.13514e-07	-170.418	-2.024584e-11
7.425	485			-3.49248e-07	-7.16191e-07	7.9675e-07	-115.992	-2.07484e-11
7.43	486			-5.95468e-07	1.82074e-07	6.22593e-07	162.996	-2.049717e-11
7.435	487			-2.17698e-07	8.50883e-07	8.78241e-07	104.346	-2.317757e-11
7.44	488			3.60889e-07	1.26428e-07	3.8231e-07	19.32	-1.635081e-11
7.445	489			2.85685e-07	-9.81505e-07	1.02213e-06	-73.77	-1.890564e-11
7.45	490			1.39722e-06	8.02105e-07	1.61108e-06	29.862	-2.187924e-11
7.455	491			-1.26195e-07	-9.44714e-07	9.52979e-07	-97.608	-2.183741e-11
7.46	492			-8.70557e-07	-9.11537e-08	8.75214e-07	-174.024	-2.292625e-11
7.465	493			3.66943e-07	8.80569e-07	9.54031e-07	67.374	-2.1963e-11
7.47	494			-1.72645e-07	8.43665e-07	8.61244e-07	101.562	-1.96176e-11
7.475	495			-1.00747e-06	5.22126e-07	1.13459e-06	152.598	-1.953385e-11
7.48	496			3.23287e-07	6.96982e-07	7.68345e-07	65.106	-2.108355e-11
7.485	497			8.56005e-07	9.80923e-07	1.30188e-06	48.888	-2.305194e-11
7.49	498			-1.16649e-06	-5.84991e-07	1.30491e-06	-153.372	-2.217239e-11
7.495	499			1.77884e-07	4.6869e-07	5.01288e-07	69.21	-2.24656e-11
7.5	500			5.4995e-07	1.35648e-06	1.46381e-06	67.926	-1.982702e-11
7.505	501			4.06291e-07	6.02569e-07	7.26435e-07	56.016	-2.284255e-11
7.51	502			-5.41335e-07	1.26917e-06	1.37976e-06	113.1	-2.305195e-11
7.515	503			-4.9407e-07	1.56672e-06	1.64263e-06	107.502	-2.154423e-11
7.52	504			7.85807e-07	-3.45406e-07	8.58334e-07	-23.724	-1.974326e-11
7.525	505			5.89764e-07	2.09549e-08	5.90229e-07	2.04	-2.464345e-11
7.53	506			3.89295e-07	-9.48556e-07	1.02539e-06	-67.686	-1.886375e-11
7.535	507			3.16186e-07	8.78939e-07	9.3412e-07	70.206	-2.016209e-11
7.54	508			3.98259e-07	4.56932e-07	6.06062e-07	48.924	-1.919882e-11
7.545	509			3.49713e-07	-5.80218e-07	6.77308e-07	-58.92	-1.978515e-11
7.55	510			6.30742e-07	3.84871e-07	7.38892e-07	31.398	-2.284255e-11
7.555	511			-1.6403e-07	-5.11998e-07	5.37493e-07	-107.766	-1.886375e-11
7.56	512			2.01749e-07	1.45299e-06	1.46684e-06	82.092	-2.33032e-11
7.565	513			4.98028e-07	3.51925e-07	6.09787e-07	35.25	-2.380582e-11
7.57	514			-7.66017e-08	9.33887e-07	9.37031e-07	94.686	-2.053901e-11
7.575	515			1.15484e-07	-2.25032e-07	2.52856e-07	-62.82	-1.873812e-11
7.58	516			1.302e-06	3.05476e-07	1.33739e-06	13.212	-2.104162e-11
7.585	517			2.48665e-07	2.87082e-07	3.79981e-07	49.092	-1.961764e-11
7.59	518			1.56929e-07	-5.62988e-07	5.84176e-07	-74.412	-1.915692e-11
7.595	519			-1.1545e-06	7.34351e-07	1.36824e-06	147.54	-2.024586e-11
7.6	520			-6.9384e-08	2.20492e-06	2.20608e-06	91.8	-2.175362e-11
7.605	521			9.21314e-07	3.1572e-07	9.73938e-07	18.918	-2.305195e-11
7.61	522			-7.34817e-07	5.9442e-07	9.4483e-07	141.018	-1.798423e-11
7.615	523			-2.69853e-07	6.55655e-07	7.08973e-07	112.362	-2.355456e-11
7.62	524			1.89059e-07	-5.93722e-07	6.22826e-07	-72.324	-1.819366e-11
7.625	525			1.08709e-06	1.17929e-06	1.60398e-06	47.334	-1.848682e-11
7.63	526			5.67878e-07	1.8424e-06	1.92797e-06	72.87	-1.915696e-11
7.635	527			1.60654e-08	2.55068e-07	2.5565e-07	86.412	-2.208866e-11
7.64	528			7.0874e-07	-1.08383e-06	1.29455e-06	-56.808	-1.802611e-11
7.645	529			5.20379e-08	1.46917e-06	1.4701e-06	87.972	-2.175357e-11
7.65	530			8.12466e-07	5.32487e-07	9.71377e-07	33.24	-2.112541e-11
7.655	531			-1.3389e-06	2.65312e-07	1.36486e-06	168.786	-2.074844e-11
7.66	532			1.1694e-06	5.87668e-07	1.30875e-06	26.682	-2.196303e-11
7.665	533			1.17184e-06	9.55777e-07	1.51224e-06	39.198	-2.0204e-11
7.67	534			-3.52042e-07	1.60421e-06	1.64239e-06	102.372	-2.095785e-11
7.675	535			6.24921e-07	6.73583e-07	9.18753e-07	47.136	-2.108352e-11
7.68	536			8.26552e-07	1.90876e-06	2.08012e-06	66.588	-1.907319e-11
7.685	537			7.59264e-07	1.04774e-07	7.66249e-07	7.872	-2.309379e-11
7.69	538			-4.03497e-07	9.62762e-07	1.04379e-06	112.722	-2.363829e-11
7.695	539			4.10017e-07	9.28067e-07	1.01468e-06	66.156	-2.263314e-11
7.7	540			-6.0094e-07	6.68926e-07	8.98963e-07	131.928	-2.007832e-11
7.705	541			2.29106e-07	1.01561e-06	1.04099e-06	77.286	-1.852865e-11
7.71	542			-4.67759e-07	5.26899e-07	7.04549e-07	131.586	-1.739792e-11
7.715	543			1.01747e-07	1.57837e-06	1.58186e-06	86.31	-2.053903e-11
7.72	544			9.29929e-07	4.74045e-07	1.04402e-06	27.006	-1.898941e-11
7.725	545			8.86623e-07	1.3176e-06	1.58791e-06	56.064	-2.242372e-11
7.73	546			6.60311e-07	4.5146e-07	8.0001e-07	34.362	-1.915692e-11
7.735	547			-9.43433e-07	1.40654e-06	1.69362e-06	123.84	-2.083218e-11
7.74	548			8.3866e-07	1.69967e-07	8.55656e-07	11.46	-2.079031e-11
7.745	549			1.16416e-08	1.35043e-06	1.35043e-06	89.508	-2.288443e-11
7.75	550			6.4378e-07	-8.971e-07	1.10409e-06	-54.324	-2.062279e-11
7.755	551			-9.83717e-07	1.19326e-06	1.54647e-06	129.498	-1.827739e-11
7.76	552			-1.01073e-06	3.61355e-07	1.07324e-06	160.326	-2.162796e-11
7.765	553			-3.6054e-07	-5.41684e-07	6.50532e-07	-123.642	-1.9115e-11
7.77	554			-6.40171e-07	-4.30389e-07	7.71372e-07	-146.088	-1.664405e-11
7.775	555			5.10368e-07	8.49835e-07	9.914e-07	59.01	-1.882186e-11
7.78	556			-5.60311e-07	1.03587e-06	1.17778e-06	118.404	-2.263312e-11
7.785	557			3.20028e-07	-1.28756e-07	3.4494e-07	-21.894	-1.982704e-11
7.79	558			5.21544e-07	1.86149e-07	5.53675e-07	19.656	-2.384772e-11
7.795	559			4.12112e-07	-3.0792e-07	5.14327e-07	-36.768	-1.99108e-11
7.8	560			3.05708e-07	5.79751e-08	3.1118e-07	10.728	-2.133478e-11
7.805	561			-6.8115e-07	9.00127e-07	1.12877e-06	127.11	-2.120915e-11
7.81	562			7.05946e-07	1.21003e-06	1.40083e-06	59.742	-2.171171e-11
7.815	563			-1.24449e-07	1.04635e-06	1.0538e-06	96.78	-2.301003e-11
7.82	564			1.49013e-08	9.46461e-08	9.58103e-08	81.036	-2.376394e-11
7.825	565			8.47508e-08	1.3389e-06	1.34158e-06	86.376	-2.083224e-11
7.83	566			4.56699e-07	1.55869e-06	1.62423e-06	73.668	-1.940824e-11
7.835	567			-7.40405e-07	7.8441e-07	1.0786e-06	133.344	-2.154421e-11
7.84	568			-4.86736e-07	2.32832e-10	4.8662e-07	179.958	-2.267497e-11
7.845	569			4.05826e-07	-8.89418e-08	4.15488e-07	-12.36	-1.605767e-11
7.85	570			8.80918e-07	1.51341e-08	8.81035e-07	0.99	-1.844497e-11
7.855	571			1.69968e-08	6.46109e-07	6.46342e-07	88.476	-1.991083e-11
7.86	572			-6.74281e-07	4.37258e-07	8.03502e-07	147.018	-1.869622e-11
7.865	573			4.83593e-07	6.26318e-07	7.91395e-07	52.332	-1.953386e-11
7.87	574			-1.18511e-07	1.63681e-06	1.64123e-06	94.134	-2.250748e-11
7.875	575			-8.89417e-07	1.15252e-06	1.45566e-06	127.65	-2.053901e-11
7.88	576			-4.5798e-07	1.09454e-06	1.18651e-06	112.692	-2.012021e-11
7.885	577			6.47273e-07	2.62635e-07	6.98728e-07	22.092	-2.083219e-11
7.89	578			2.3353e-07	4.95933e-07	5.48087e-07	64.776	-1.92407e-11
7.895	579			3.14323e-09	1.2559e-06	1.2559e-06	89.85	-2.401524e-11
7.9	580			1.07219e-07	5.18168e-07	5.29111e-07	78.306	-1.844493e-11
7.905	581			1.11538e-06	7.79404e-07	1.36067e-06	34.944	-2.233996e-11
7.91	582			1.71132e-08	1.34903e-06	1.34926e-06	89.268	-2.158605e-11
7.915	583			7.04317e-08	7.33419e-09	7.0781e-08	5.994	-2.397336e-11
7.92	584			8.86041e-07	1.88012e-07	9.05715e-07	11.982	-1.760731e-11
7.925	585			1.94414e-07	7.63689e-08	2.08966e-07	21.462	-1.743975e-11
7.93	586			6.98961e-07	5.63452e-08	7.0129e-07	4.614	-2.380584e-11
7.935	587			-1.22935e-07	-1.9977e-07	2.34345e-07	-121.596	-2.455969e-11
7.94	588			1.4063e-06	-3.66012e-07	1.4531e-06	-14.58	-1.970139e-11
7.945	589			3.35278e-07	9.73938e-07	1.03005e-06	71.004	-1.982703e-11
7.95	590			-1.58093e-07	9.16192e-07	9.29696e-07	99.786	-2.233998e-11
7.955	591			4.64965e-07	1.40956e-06	1.48454e-06	71.742	-1.794237e-11
7.96	592			-6.71022e-07	1.26404e-06	1.43122e-06	117.948	-1.852866e-11
7.965	593			-6.13978e-07	1.30479e-06	1.44193e-06	115.188	-2.120914e-11
7.97	594			5.83012e-07	4.30506e-07	7.24805e-07	36.444	-2.116726e-11
7.975	595			-5.91393e-07	6.14909e-07	8.53095e-07	133.878	-2.162796e-11
7.98	596			5.262e-08	3.67641e-07	3.716e-07	81.828	-2.384773e-11
7.985	597			-2.13972e-07	8.92443e-07	9.17822e-07	103.47	-2.179549e-11
7.99	598			1.25077e-06	1.38768e-07	1.25869e-06	6.33	-2.204674e-11
7.995	599			6.98495e-10	-8.11186e-07	8.10953e-07	-89.952	-1.852875e-11
8.0	600			2.79631e-07	-6.2399e-07	6.83594e-07	-65.856	-2.045525e-11
8.005	601			-7.70674e-08	-4.59493e-07	4.65663e-07	-99.522	-2.208863e-11
8.01	602			1.43005e-06	7.52279e-07	1.61597e-06	27.75	-2.200489e-11
8.015	603			2.68921e-08	-1.70433e-07	1.7247e-07	-81.018	-2.049713e-11
8.02	604			5.67994e-07	1.3481e-06	1.46288e-06	67.152	-2.43084e-11
8.025	605			2.11877e-08	1.13436e-06	1.13459e-06	88.926	-2.376394e-11
8.03	606			-1.1269e-07	2.34485e-06	2.34765e-06	92.748	-2.623499e-11
8.035	607			2.68456e-07	5.37841e-08	2.73578e-07	11.382	-2.271688e-11
8.04	608			-1.03459e-06	1.31096e-06	1.6701e-06	128.274	-2.229808e-11
8.045	609			-6.83944e-07	4.74744e-07	8.3249e-07	145.224	-1.87381e-11
8.05	610			-5.53675e-07	-1.6275e-07	5.76958e-07	-163.626	-2.032963e-11
8.055	611			-2.7253e-07	1.13599e-06	1.16812e-06	103.488	-2.292633e-11
8.06	612			-6.77192e-07	7.64503e-07	1.02132e-06	131.526	-2.271693e-11
8.065	613			-3.32717e-07	3.96047e-07	5.17237e-07	130.026	-2.359645e-11
8.07	614			3.08619e-07	-8.63922e-07	9.1724e-07	-70.338	-1.907319e-11
8.075	615			6.23873e-07	8.32606e-07	1.04041e-06	53.154	-2.083222e-11
8.08	616			-7.57868e-08	7.02221e-07	7.06295e-07	96.156	-1.865436e-11
8.085	617			1.9977e-07	1.2708e-06	1.2864e-06	81.066	-1.986896e-11
8.09	618			-1.76742e-06	1.68221e-07	1.77534e-06	174.564	-2.112539e-11
8.095	619			-7.86972e-08	-6.25038e-07	6.29811e-07	-97.17	-1.802613e-11
8.1	620			-3.95115e-07	1.72202e-06	1.76684e-06	102.924	-2.053901e-11
8.105	621			-8.07693e-07	1.07487e-06	1.34449e-06	126.918	-1.961763e-11
8.11	622			2.42961e-07	7.60545e-07	7.9838e-07	72.282	-1.844496e-11
8.115	623			3.86966e-07	1.50759e-06	1.55648e-06	75.606	-1.945011e-11
8.12	624			-7.7824e-07	8.21197e-07	1.13133e-06	133.458	-1.945012e-11
8.125	625			-1.80794e-07	1.02714e-06	1.04286e-06	99.978	-2.338701e-11
8.13	626			-3.22123e-07	1.63611e-06	1.66742e-06	101.136	-2.384771e-11
8.135	627			9.85696e-07	2.02564e-07	1.0063e-06	11.616	-1.823556e-11
8.14	628			6.20497e-07	-1.7637e-07	6.45061e-07	-15.858	-2.150229e-11
8.145	629			3.65546e-07	6.76027e-07	7.68461e-07	61.596	-2.183735e-11
8.15	630			1.38302e-07	-7.47391e-08	1.57162e-07	-28.368	-2.418283e-11
8.155	631			3.56e-07	-7.35981e-07	8.17472e-07	-64.182	-2.527175e-11
8.16	632			-2.00468e-07	-3.24102e-07	3.81029e-07	-121.74	-2.284251e-11
8.165	633			-1.83006e-07	3.38421e-07	3.84754e-07	118.392	-1.970141e-11
8.17	634			-3.35162e-07	-9.27717e-07	9.86278e-07	-109.866	-1.932446e-11
8.175	635			5.18168e-07	4.2387e-07	6.69508e-07	39.288	-2.334515e-11
8.18	636			3.84405e-07	8.56005e-07	9.38311e-07	65.808	-1.785865e-11
8.185	637			6.74398e-07	1.21678e-06	1.39117e-06	61.002	-1.869624e-11
8.19	638			5.51812e-07	5.7393e-08	5.54839e-07	5.946	-2.137669e-11
8.195	639			-2.30503e-07	3.95814e-08	2.33763e-07	170.25	-2.045526e-11
8.2	640			-6.49019e-07	8.1235e-07	1.0396e-06	128.616	-1.806802e-11
8.205	641			6.36097e-07	-8.28882e-08	6.41568e-07	-7.422	-2.380586e-11
8.21	642			7.49719e-08	3.22938e-07	3.31553e-07	76.92	-1.890565e-11
8.215	643			8.32373e-07	8.75796e-07	1.20817e-06	46.458	-2.003646e-11
8.22	644			-8.27717e-08	1.16358e-06	1.16649e-06	94.062	-2.263313e-11
8.225	645			5.96516e-07	-5.37726e-07	8.03153e-07	-42.036	-1.865435e-11
8.23	646			1.33879e-07	7.66366e-07	7.78007e-07	80.082	-2.187926e-11
8.235	647			-4.17002e-07	-8.35633e-07	9.33771e-07	-116.52	-1.961764e-11
8.24	648			6.41801e-07	1.49013e-07	6.58798e-07	13.074	-1.882189e-11
8.245	649			3.10481e-07	8.84527e-07	9.37613e-07	70.662	-2.229807e-11
8.25	650			-7.39242e-08	9.06181e-07	9.09207e-07	94.656	-2.116728e-11
8.255	651			1.25031e-07	1.00572e-06	1.0134e-06	82.914	-2.401524e-11
8.26	652			-1.03727e-07	1.13704e-06	1.14181e-06	95.208	-1.919884e-11
8.265	653			-5.83012e-07	1.14146e-06	1.28174e-06	117.054	-2.18793e-11
8.27	654			3.60656e-07	-8.90115e-07	9.60317e-07	-67.938	-2.053905e-11
8.275	655			8.16424e-07	4.98843e-07	9.56708e-07	31.422	-2.15023e-11
8.28	656			-1.58652e-06	-2.85801e-07	1.61189e-06	-169.788	-2.179553e-11
8.285	657			1.94415e-08	-5.9314e-07	5.93489e-07	-88.116	-2.04134e-11
8.29	658			-3.41681e-07	-9.18753e-07	9.80108e-07	-110.4	-1.919878e-11
8.295	659			-4.53323e-07	6.64502e-07	8.04317e-07	124.296	-1.924075e-11
8.3	660			-3.27129e-08	7.73583e-07	7.74166e-07	92.424	-2.288443e-11
8.305	661			6.0059e-07	1.09314e-07	6.10486e-07	10.314	-2.317759e-11
8.31	662			-7.17123e-08	3.72298e-07	3.79167e-07	100.896	-1.965952e-11
8.315	663			-4.84291e-07	1.2134e-06	1.30642e-06	111.756	-2.187924e-11
8.32	664			-1.18872e-06	1.70782e-07	1.20083e-06	171.822	-2.27169e-11
8.325	665			6.31208e-07	-7.4739e-07	9.78245e-07	-49.812	-2.242374e-11
8.33	666			1.51015e-06	2.15602e-07	1.52551e-06	8.13	-2.158611e-11
8.335	667			-2.13274e-07	8.7568e-07	9.01058e-07	103.68	-2.338704e-11
8.34	668			4.55651e-07	9.32258e-07	1.03773e-06	63.948	-1.919882e-11
8.345	669			-1.16882e-06	1.3467e-06	1.78302e-06	130.956	-1.630896e-11
8.35	670			-7.83013e-07	2.18071e-06	2.31715e-06	109.746	-1.995273e-11
8.355	671			-1.5169e-06	-1.97907e-08	1.5169e-06	-179.256	-1.857057e-11
8.36	672			-1.87197e-07	1.82936e-06	1.8389e-06	95.838	-1.970141e-11
8.365	673			-3.61821e-07	6.5775e-07	7.50417e-07	118.8	-1.890567e-11
8.37	674			-1.12947e-06	-9.02688e-07	1.44565e-06	-141.372	-2.175363e-11
8.375	675			3.6345e-07	-7.4902e-07	8.32373e-07	-64.098	-1.915691e-11
8.38	676			8.10487e-07	8.42618e-07	1.16905e-06	46.11	-2.342889e-11
8.385	677			6.02337e-07	4.62171e-07	7.59264e-07	37.5	-2.213056e-11
8.39	678			8.07927e-08	1.31713e-06	1.31969e-06	86.49	-2.208867e-11
8.395	679			-8.01407e-07	7.69742e-07	1.11108e-06	136.14	-2.481101e-11
8.4	680			-1.08127e-06	8.23293e-07	1.35881e-06	142.71	-2.183737e-11
8.405	681			-8.5915e-08	5.46923e-07	5.53442e-07	98.916	-1.898941e-11
8.41	682			7.73933e-07	1.01445e-06	1.27592e-06	52.662	-2.351268e-11
8.415	683			-1.96626e-07	-4.15022e-07	4.59027e-07	-115.344	-2.183739e-11
8.42	684			1.24984e-06	5.35398e-07	1.35962e-06	23.19	-2.368016e-11
8.425	685			5.2364e-07	4.03148e-07	6.60893e-07	37.596	-2.137667e-11
8.43	686			2.72297e-07	1.5871e-06	1.61026e-06	80.262	-2.28426e-11
8.435	687			-2.55184e-07	4.67992e-08	2.59259e-07	169.59	-2.058093e-11
8.44	688			-3.46687e-07	4.43079e-07	5.62639e-07	128.034	-2.3052e-11
8.445	689			-3.75208e-07	1.18814e-06	1.246e-06	107.52	-1.873815e-11
8.45	690			1.85334e-07	8.99428e-07	9.18404e-07	78.36	-2.154425e-11
8.455	691			-8.66832e-07	4.20261e-07	9.63344e-07	154.128	-2.18793e-11
8.46	692			-1.53436e-07	3.48782e-07	3.81029e-07	113.736	-1.756542e-11
8.465	693			4.84175e-07	1.4545e-06	1.53308e-06	71.586	-1.953391e-11
8.47	694			-6.26551e-07	4.93139e-07	7.97216e-07	141.786	-2.200491e-11
8.475	695			1.04181e-06	-1.77767e-07	1.05683e-06	-9.678	-2.037153e-11
8.48	696			1.1141e-07	-3.79749e-07	3.95697e-07	-73.644	-1.886379e-11
8.485	697			7.10603e-07	1.0857e-06	1.29757e-06	56.796	-2.435031e-11
8.49	698			-9.53914e-07	-7.77658e-07	1.23052e-06	-140.808	-1.978519e-11
8.495	699			8.03269e-07	1.32714e-08	8.03269e-07	0.96	-1.936636e-11
8.5	700			5.07342e-07	6.69393e-08	5.11765e-07	7.524	-1.882189e-11
8.505	701			2.27826e-07	1.0992e-06	1.1226e-06	78.288	-2.158612e-11
8.51	702			-2.59026e-07	5.1421e-07	5.75794e-07	116.736	-2.351267e-11
8.515	703			1.19268e-06	9.07461e-07	1.49862e-06	37.266	-2.426659e-11
8.52	704			4.50413e-07	3.03729e-07	5.43314e-07	33.99	-2.024586e-11
8.525	705			3.40982e-07	-7.6264e-07	8.35284e-07	-65.91	-2.397344e-11
8.53	706			-1.29804e-07	1.51958e-06	1.52505e-06	94.878	-1.911509e-11
8.535	707			2.67757e-07	-8.32839e-07	8.74748e-07	-72.174	-1.83193e-11
8.54	708			4.17351e-07	1.241e-07	4.35395e-07	16.554	-2.451784e-11
8.545	709			9.47741e-07	-1.90689e-07	9.66837e-07	-11.37	-2.133477e-11
8.55	710			1.55415e-07	9.98385e-07	1.01061e-06	81.15	-1.861252e-11
8.555	711			-1.35042e-08	7.96867e-07	7.96983e-07	90.966	-2.125106e-11
8.56	712			4.60774e-07	6.21429e-07	7.73583e-07	53.442	-2.18793e-11
8.565	713			2.49247e-07	6.5321e-07	6.99078e-07	69.108	-2.133487e-11
8.57	714			3.4203e-07	-1.10153e-06	1.15333e-06	-72.744	-2.221433e-11
8.575	715			1.16416e-08	-6.22942e-07	6.23058e-07	-88.92	-1.961767e-11
8.58	716			4.25151e-07	5.61358e-07	7.042e-07	52.866	-1.970143e-11
8.585	717			2.67873e-07	8.0292e-07	8.46459e-07	71.544	-2.053906e-11
8.59	718			1.02528e-06	-4.47852e-07	1.11887e-06	-23.592	-2.39315e-11
8.595	719			5.37144e-07	2.62169e-07	5.9768e-07	26.022	-2.079036e-11
8.6	720			1.60863e-06	6.20264e-07	1.72412e-06	21.084	-2.032969e-11
8.605	721			7.19916e-07	1.17999e-06	1.38232e-06	58.608	-2.087411e-11
8.61	722			-1.09454e-06	7.16074e-07	1.30793e-06	146.802	-1.894754e-11
8.615	723			-9.82436e-07	4.09435e-07	1.06428e-06	157.374	-1.995272e-11
8.62	724			2.52623e-07	4.12811e-07	4.83942e-07	58.53	-1.957579e-11
8.625	725			5.31438e-08	2.88712e-07	2.93543e-07	79.566	-2.187932e-11
8.63	726			-2.49771e-07	-4.05011e-07	4.75791e-07	-121.662	-1.90732e-11
8.635	727			1.10886e-07	-7.57227e-07	7.6526e-07	-81.672	-2.254941e-11
8.64	728			-1.24798e-07	-1.2538e-07	1.76778e-07	-134.862	-2.514605e-11
8.645	729			-1.92086e-07	3.31553e-07	3.83241e-07	120.054	-2.099977e-11
8.65	730			-2.33996e-08	2.86966e-07	2.87897e-07	94.674	-2.179554e-11
8.655	731			5.46806e-07	1.21899e-06	1.33599e-06	65.838	-2.087414e-11
8.66	732			3.14149e-07	8.0327e-08	3.24277e-07	14.358	-2.401528e-11
8.665	733			-4.71135e-07	3.21309e-08	4.72066e-07	176.1	-1.995272e-11
8.67	734			6.11883e-07	7.74631e-07	9.87209e-07	51.696	-1.919883e-11
8.675	735			6.36563e-07	1.04542e-06	1.22423e-06	58.656	-2.20887e-11
8.68	736			-1.5162e-06	1.01049e-06	1.82214e-06	146.304	-2.397339e-11
8.685	737			-1.66824e-07	-5.13977e-07	5.40287e-07	-107.982	-2.246567e-11
8.69	738			1.48768e-06	3.52275e-07	1.52877e-06	13.326	-1.630898e-11
8.695	739			8.2469e-07	3.87898e-07	9.11419e-07	25.188	-1.949204e-11
8.7	740			5.55303e-08	7.20964e-07	7.23059e-07	85.59	-1.953389e-11
8.705	741			1.35054e-06	8.76611e-07	1.61003e-06	32.988	-2.104163e-11
8.71	742			-1.00234e-06	7.28065e-07	1.2389e-06	144.0	-1.982709e-11
8.715	743			5.78586e-08	-1.05822e-07	1.20491e-07	-61.284	-1.852875e-11
8.72	744			3.38421e-07	1.15112e-06	1.1999e-06	73.62	-2.16699e-11
8.725	745			6.26667e-07	5.06643e-07	8.05714e-07	38.952	-2.468539e-11
8.73	746			1.11061e-06	2.6962e-07	1.14286e-06	13.65	-1.924074e-11
8.735	747			9.10488e-07	6.29461e-07	1.107e-06	34.662	-1.970142e-11
8.74	748			9.97687e-07	1.28057e-08	9.97687e-07	0.738	-2.024591e-11
8.745	749			1.71713e-06	8.99894e-07	1.9388e-06	27.66	-1.739793e-11
8.75	750			1.03541e-06	-6.5193e-08	1.0375e-06	-3.6	-1.96177e-11
8.755	751			5.9279e-07	4.81032e-07	7.63455e-07	39.06	-2.288445e-11
8.76	752			6.00241e-07	5.85806e-07	8.3866e-07	44.298	-2.074851e-11
8.765	753			2.74742e-07	1.14041e-06	1.17324e-06	76.452	-1.890572e-11
8.77	754			6.3633e-07	9.46227e-07	1.14041e-06	56.082	-1.756546e-11
8.775	755			1.24798e-07	2.15369e-07	2.48898e-07	59.916	-2.363837e-11
8.78	756			-5.73233e-07	6.77774e-07	8.87787e-07	130.212	-2.062282e-11
8.785	757			4.8499e-07	4.0373e-07	6.30975e-07	39.774	-1.769111e-11
8.79	758			-7.4576e-07	1.01259e-06	1.25753e-06	126.36	-1.643463e-11
8.795	759			-8.88951e-07	-2.50993e-07	9.2341e-07	-164.238	-2.108351e-11
8.8	760			1.37045e-06	-2.93368e-07	1.40141e-06	-12.072	-1.919883e-11
8.805	761			-7.16889e-07	6.29345e-07	9.53914e-07	138.708	-1.982702e-11
8.81	762			-9.43317e-07	6.49718e-07	1.1453e-06	145.434	-1.999462e-11
8.815	763			2.90342e-07	1.08849e-07	3.10132e-07	20.544	-2.234e-11
8.82	764			5.4343e-07	2.9104e-07	6.16539e-07	28.176	-2.22981e-11
8.825	765			4.43195e-07	2.87547e-08	4.44126e-07	3.72	-2.313577e-11
8.83	766			3.99306e-07	-3.76256e-07	5.48553e-07	-43.29	-1.764924e-11
8.835	767			4.92091e-07	5.23872e-09	4.92091e-07	0.612	-2.175365e-11
8.84	768			1.14914e-06	-4.34115e-07	1.22831e-06	-20.694	-1.961768e-11
8.845	769			6.44712e-07	1.06521e-06	1.24519e-06	58.812	-2.388964e-11
8.85	770			4.21658e-07	1.30386e-06	1.37022e-06	72.072	-1.773299e-11
8.855	771			6.16539e-07	1.94625e-06	2.04171e-06	72.42	-2.414088e-11
8.86	772			-1.04565e-06	8.83363e-07	1.36882e-06	139.806	-2.049717e-11
8.865	773			-7.26668e-07	9.89421e-07	1.22761e-06	126.288	-2.104163e-11
8.87	774			-1.45869e-07	-2.90109e-07	3.24568e-07	-116.694	-2.250755e-11
8.875	775			-6.20498e-08	6.31324e-07	6.34351e-07	95.61	-2.112545e-11
8.88	776			-1.02353e-06	1.02248e-06	1.44658e-06	135.024	-1.773297e-11
8.885	777			4.37491e-07	1.21073e-06	1.28744e-06	70.128	-1.936636e-11
8.89	778			1.51574e-07	-2.48549e-07	2.9104e-07	-58.602	-2.200492e-11
8.895	779			-7.50883e-08	4.07921e-07	4.1479e-07	100.428	-2.049716e-11
8.9	780			-4.06e-07	7.1037e-07	8.18171e-07	119.748	-2.137672e-11
8.905	781			-1.29338e-07	4.75558e-07	4.9279e-07	105.216	-1.865438e-11
8.91	782			-3.49247e-09	9.2731e-07	9.27368e-07	90.216	-1.932451e-11
8.915	783			-8.32257e-07	3.56873e-07	9.0554e-07	156.786	-2.208869e-11
8.92	784			1.58559e-07	8.51931e-07	8.66541e-07	79.452	-1.92826e-11
8.925	785			-3.35394e-07	-9.15029e-08	3.47676e-07	-164.742	-1.99527e-11
8.93	786			-2.13274e-07	1.18372e-06	1.20281e-06	100.206	-2.003647e-11
8.935	787			3.93136e-07	-8.49137e-07	9.35634e-07	-65.154	-2.334517e-11
8.94	788			-1.95229e-07	5.64734e-07	5.97563e-07	109.068	-2.058094e-11
8.945	789			4.63218e-07	-4.16187e-07	6.22709e-07	-41.934	-1.894757e-11
8.95	790			6.60079e-08	3.1898e-08	7.34585e-08	25.776	-1.794237e-11
8.955	791			5.9151e-07	3.52158e-07	6.88484e-07	30.768	-2.543923e-11
8.96	792			-8.08741e-07	5.31905e-07	9.67884e-07	146.664	-2.120913e-11
8.965	793			1.48791e-06	3.51925e-07	1.52901e-06	13.308	-2.154426e-11
8.97	794			-4.59959e-07	5.34466e-07	7.05015e-07	130.704	-1.945015e-11
8.975	795			8.88253e-08	1.13343e-06	1.13692e-06	85.512	-2.120917e-11
8.98	796			-5.23873e-07	1.67627e-06	1.75613e-06	107.352	-2.020402e-11
8.985	797			-1.21771e-07	5.10718e-07	5.25037e-07	103.404	-1.739794e-11
8.99	798			-7.9384e-07	1.28966e-06	1.51434e-06	121.614	-2.158614e-11
8.995	799			-5.5612e-07	8.52397e-07	1.01771e-06	123.114	-1.882193e-11
9.0	800			-2.56814e-07	9.41804e-07	9.7615e-07	105.246	-2.29682e-11
9.005	801			-1.82889e-07	1.53657e-06	1.5474e-06	96.786	-2.049717e-11
9.01	802			-2.01749e-07	1.71131e-07	2.64497e-07	139.68	-2.271691e-11
9.015	803			2.09898e-07	1.16847e-06	1.18721e-06	79.812	-2.041336e-11
9.02	804			2.66826e-07	4.55419e-07	5.27831e-07	59.64	-1.991081e-11
9.025	805			-6.58216e-07	7.7044e-07	1.01329e-06	130.506	-1.894756e-11
9.03	806			-5.48318e-08	-6.11417e-07	6.13862e-07	-95.13	-2.213061e-11
9.035	807			-7.00009e-07	3.75907e-07	7.94422e-07	151.764	-2.326138e-11
9.04	808			-4.65664e-08	-3.98026e-07	4.00471e-07	-96.654	-2.35127e-11
9.045	809			-7.36796e-07	2.5693e-07	7.80219e-07	160.77	-2.254941e-11
9.05	810			-3.21309e-08	-5.93489e-07	5.94304e-07	-93.102	-1.919884e-11
9.055	811			-3.62053e-07	-6.30976e-08	3.67525e-07	-170.124	-2.099977e-11
9.06	812			-6.9931e-07	1.57953e-06	1.72738e-06	113.88	-2.539738e-11
9.065	813			5.01987e-07	1.19454e-06	1.29571e-06	67.206	-1.961768e-11
9.07	814			-5.31207e-07	8.16075e-07	9.73705e-07	123.06	-2.196305e-11
9.075	815			4.87784e-07	4.95584e-07	6.95352e-07	45.456	-2.225621e-11
9.08	816			2.50644e-07	3.6671e-07	4.44243e-07	55.65	-1.970137e-11
9.085	817			-6.97332e-08	3.73695e-07	3.80214e-07	100.56	-1.555513e-11
9.09	818			-6.80917e-07	2.91157e-07	7.40522e-07	156.84	-2.007834e-11
9.095	819			-7.82664e-07	-1.36207e-07	7.94305e-07	-170.13	-2.414092e-11
9.1	820			-3.13275e-07	3.72647e-07	4.86736e-07	130.044	-1.769111e-11
9.105	821			-7.36098e-07	1.42412e-06	1.60305e-06	117.33	-2.313574e-11
9.11	822			-9.5438e-07	7.06645e-07	1.18744e-06	143.478	-1.965957e-11
9.115	823			9.16193e-08	1.4389e-07	1.70549e-07	57.528	-1.844495e-11
9.12	824			1.33879e-07	3.05476e-07	3.33532e-07	66.33	-1.815175e-11
9.125	825			-8.73119e-08	2.69853e-07	2.83473e-07	107.91	-1.538758e-11
9.13	826			1.65543e-07	2.30852e-07	2.84055e-07	54.336	-2.11673e-11
9.135	827			5.06061e-07	-8.25854e-07	9.68583e-07	-58.494	-2.129296e-11
9.14	828			-5.13394e-08	5.59612e-07	5.6194e-07	95.244	-2.0204e-11
9.145	829			6.97331e-07	1.26428e-07	7.0874e-07	10.278	-2.162803e-11
9.15	830			1.61469e-07	-3.6962e-07	4.03264e-07	-66.39	-2.259127e-11
9.155	831			-8.14329e-07	-3.92322e-08	8.15144e-07	-177.246	-2.233997e-11
9.16	832			9.58687e-07	-1.3985e-06	1.69548e-06	-55.566	-2.330326e-11
9.165	833			1.28872e-06	3.0827e-07	1.32516e-06	13.458	-1.723034e-11
9.17	834			1.45636e-07	6.26434e-07	6.43198e-07	76.908	-1.953391e-11
9.175	835			-8.45062e-07	-1.51108e-07	8.58334e-07	-169.866	-1.903131e-11
9.18	836			2.29106e-07	-1.20491e-06	1.22644e-06	-79.23	-1.974331e-11
9.185	837			-1.50992e-07	-3.54952e-07	3.85569e-07	-113.04	-2.083223e-11
9.19	838			-1.43925e-06	-1.241e-07	1.44449e-06	-175.074	-1.819371e-11
9.195	839			-2.53554e-07	-8.07344e-07	8.4611e-07	-107.43	-1.882191e-11
9.2	840			1.07557e-06	-2.70551e-07	1.10898e-06	-14.118	-2.439221e-11
9.205	841			4.58678e-07	1.38535e-08	4.58911e-07	1.728	-2.292637e-11
9.21	842			-1.78931e-07	-7.80918e-07	8.00941e-07	-102.9	-2.053908e-11
9.215	843			-3.83008e-07	-1.34577e-06	1.39909e-06	-105.882	-2.217246e-11
9.22	844			-4.01635e-07	-8.79521e-07	9.6672e-07	-114.546	-2.146048e-11
9.225	845			-9.53446e-08	-1.67965e-06	1.68221e-06	-93.246	-2.007841e-11
9.23	846			6.15608e-07	-1.83995e-06	1.94008e-06	-71.496	-2.397339e-11
9.235	847			1.08314e-06	-1.48849e-06	1.84053e-06	-53.952	-2.007839e-11
9.24	848			8.85924e-07	-3.20982e-06	3.32949e-06	-74.568	-2.154425e-11
9.245	849			1.79699e-06	-3.10923e-06	3.59096e-06	-59.97	-1.618336e-11
9.25	850			2.78839e-06	-2.89899e-06	4.02218e-06	-46.11	-2.321952e-11
9.255	851			5.85806e-07	-3.59818e-06	3.64544e-06	-80.748	-1.978516e-11
9.26	852			3.44917e-06	-3.79888e-06	5.13115e-06	-47.76	-2.305199e-11
9.265	853			1.71737e-06	-4.33301e-06	4.66037e-06	-68.382	-2.393152e-11
9.27	854			2.35952e-06	-4.34977e-06	4.94768e-06	-61.518	-1.72723e-11
9.275	855			3.51576e-06	-4.36188e-06	5.60193e-06	-51.126	-1.970143e-11
9.28	856			3.96653e-06	-5.40915e-06	6.70741e-06	-53.742	-2.259128e-11
9.285	857			4.83872e-06	-5.9414e-06	7.66205e-06	-50.838	-2.016215e-11
9.29	858			6.18401e-06	-6.77121e-06	9.16986e-06	-47.592	-2.271693e-11
9.295	859			6.69624e-06	-6.0797e-06	9.04413e-06	-42.234	-2.288445e-11
9.3	860			7.41522e-06	-6.60404e-06	9.92889e-06	-41.688	-2.125105e-11
9.305	861			7.95355e-06	-6.40008e-06	1.02083e-05	-38.82	-1.844498e-11
9.31	862			1.04746e-05	-7.58751e-06	1.29333e-05	-35.916	-2.037154e-11
9.315	863			1.25068e-05	-7.18798e-06	1.44244e-05	-29.886	-2.238187e-11
9.32	864			1.18167e-05	-7.89302e-06	1.42102e-05	-33.738	-2.007838e-11
9.325	865			1.39559e-05	-7.87812e-06	1.60254e-05	-29.442	-1.936639e-11
9.33	866			1.50838e-05	-8.77312e-06	1.74503e-05	-30.18	-1.961764e-11
9.335	867			3.42766e-05	-1.42214e-05	3.71097e-05	-22.53	-1.756543e-11
9.34	868			1.98969e-05	-8.5049e-06	2.16385e-05	-23.142	-1.886381e-11
9.345	869			1.84291e-05	-9.60758e-06	2.07816e-05	-27.528	-2.225621e-11
9.35	870			2.26517e-05	-9.03761e-06	2.43877e-05	-21.75	-1.773297e-11
9.355	871			2.40171e-05	-9.77895e-06	2.59319e-05	-22.152	-1.928261e-11
9.36	872			2.62914e-05	-9.8609e-06	2.80795e-05	-20.556	-1.563888e-11
9.365	873			2.94187e-05	-1.04849e-05	3.12312e-05	-19.614	-2.347084e-11
9.37	874			3.37067e-05	-9.95217e-06	3.51446e-05	-16.446	-2.430844e-11
9.375	875			3.47758e-05	-1.09207e-05	3.64485e-05	-17.43	-2.053908e-11
9.38	876			3.54277e-05	-1.0619e-05	3.69849e-05	-16.686	-1.777487e-11
9.385	877			3.98962e-05	-1.15168e-05	4.15242e-05	-16.098	-2.313575e-11
9.39	878			4.18166e-05	-1.20979e-05	4.35321e-05	-16.134	-2.171177e-11
9.395	879			4.84812e-05	-1.2178e-05	4.99899e-05	-14.094	-2.037156e-11
9.4	880			5.27317e-05	-1.19284e-05	5.40654e-05	-12.744	-1.798431e-11
9.405	881			5.23778e-05	-1.26735e-05	5.38903e-05	-13.602	-2.087411e-11
9.41	882			5.89343e-05	-1.33552e-05	6.04282e-05	-12.762	-2.196306e-11
9.415	883			6.23506e-05	-1.24798e-05	6.35874e-05	-11.316	-2.200495e-11
9.42	884			6.74878e-05	-1.45883e-05	6.9045e-05	-12.198	-1.957577e-11
9.425	885			7.53407e-05	-1.56948e-05	7.69575e-05	-11.766	-2.079037e-11
9.43	886			8.08765e-05	-1.54601e-05	8.23368e-05	-10.824	-2.208871e-11
9.435	887			8.69525e-05	-1.56612e-05	8.83532e-05	-10.206	-2.150235e-11
9.44	888			9.35649e-05	-1.69725e-05	9.50922e-05	-10.278	-1.974327e-11
9.445	889			0.000101336	-1.73451e-05	0.000102804	-9.708	-2.330327e-11
9.45	890			0.000104674	-1.72855e-05	0.000106082	-9.372	-2.058094e-11
9.455	891			0.000116855	-1.88873e-05	0.000118368	-9.18	-2.393148e-11
9.46	892			0.000119314	-1.87085e-05	0.000120774	-8.91	-2.284256e-11
9.465	893			0.000133687	-2.13907e-05	0.000135385	-9.09	-2.317763e-11
9.47	894			0.000144341	-2.11747e-05	0.000145883	-8.346	-2.347082e-11
9.475	895			0.000146107	-2.10853e-05	0.000147619	-8.208	-2.271689e-11
9.48	896			0.000159019	-2.29107e-05	0.000160658	-8.196	-2.079035e-11
9.485	897			0.000174851	-2.44082e-05	0.000176542	-7.944	-2.246561e-11
9.49	898			0.000187338	-2.49447e-05	0.000188977	-7.578	-2.095789e-11
9.495	899			0.000200332	-2.70606e-05	0.00020215	-7.686	-2.13767e-11
9.5	900			0.000205011	-2.65838e-05	0.00020671	-7.386	-2.770091e-11
9.505	901			0.000227095	-2.90872e-05	0.000228942	-7.296	-1.898943e-11
9.51	902			0.000235201	-2.95342e-05	0.000237049	-7.158	-1.894756e-11
9.515	903			0.000263127	-3.22761e-05	0.000265094	-6.99	-1.911507e-11
9.52	904			0.00028068	-3.2604e-05	0.000282558	-6.624	-2.137673e-11
9.525	905			0.000288637	-3.44815e-05	0.000290694	-6.81	-1.593208e-11
9.53	906			0.000319453	-3.59418e-05	0.00032148	-6.42	-2.116727e-11
9.535	907			0.000340404	-3.87433e-05	0.000342609	-6.492	-2.225623e-11
9.54	908			0.000352116	-3.91903e-05	0.000354292	-6.348	-2.154425e-11
9.545	909			0.000381919	-4.21705e-05	0.000384243	-6.294	-2.012024e-11
9.55	910			0.000417056	-4.47335e-05	0.00041944	-6.12	-1.924074e-11
9.555	911			0.000447484	-4.71177e-05	0.000449928	-6.012	-2.342892e-11
9.56	912			0.000476541	-4.99489e-05	0.000479164	-5.976	-2.275883e-11
9.565	913			0.000492577	-5.06046e-05	0.000495199	-5.862	-1.965949e-11
9.57	914			0.00053132	-5.40616e-05	0.000534061	-5.808	-2.330328e-11
9.575	915			0.00057805	-5.75187e-05	0.000580911	-5.682	-1.869627e-11
9.58	916			0.000597242	-5.97837e-05	0.000600222	-5.712	-2.150233e-11
9.585	917			0.000644807	-6.31218e-05	0.000647906	-5.586	-2.430843e-11
9.59	918			0.000684742	-6.76517e-05	0.00068808	-5.634	-2.401527e-11
9.595	919			0.00073928	-7.21221e-05	0.000742797	-5.568	-2.045531e-11
9.6	920			0.000765268	-7.48043e-05	0.000768904	-5.58	-2.028772e-11
9.605	921			0.000828329	-8.02879e-05	0.000832204	-5.532	-2.074847e-11
9.61	922			0.000879411	-8.33874e-05	0.000883345	-5.418	-2.665385e-11
9.615	923			0.000952963	-8.96459e-05	0.000957135	-5.37	-2.00784e-11
9.62	924			0.00100971	-9.47719e-05	0.00101412	-5.358	-2.225624e-11
9.625	925			0.00108135	-0.000100732	0.001086	-5.316	-2.213056e-11
9.63	926			0.00112189	-0.00010407	0.00112677	-5.298	-2.175362e-11
9.635	927			0.00119878	-0.000111104	0.0012039	-5.292	-2.242373e-11
9.64	928			0.00127185	-0.000116468	0.00127722	-5.232	-2.430842e-11
9.645	929			0.00137294	-0.000124813	0.00137854	-5.19	-2.016212e-11
9.65	930			0.00146175	-0.000131489	0.00146759	-5.136	-2.175364e-11
9.655	931			0.00155426	-0.00014031	0.0015607	-5.16	-2.594184e-11
9.66	932			0.00164653	-0.000149132	0.00165332	-5.178	-1.890569e-11
9.665	933			0.00170458	-0.000154019	0.0017115	-5.16	-1.840312e-11
9.67	934			0.00184608	-0.000164271	0.00185347	-5.082	-2.003647e-11
9.675	935			0.0019095	-0.000170947	0.00191737	-5.112	-1.869621e-11
9.68	936			0.00205733	-0.000183345	0.00206544	-5.094	-1.706285e-11
9.685	937			0.00217892	-0.000193835	0.00218751	-5.076	-2.569053e-11
9.69	938			0.00225331	-0.000199557	0.00226213	-5.058	-1.735606e-11
9.695	939			0.00238849	-0.00021124	0.00239779	-5.052	-2.351267e-11
9.7	940			0.00256111	-0.000227929	0.00257112	-5.082	-1.924071e-11
9.705	941			0.00270726	-0.000240804	0.00271799	-5.082	-1.873812e-11
9.71	942			0.00285746	-0.000253202	0.00286867	-5.058	-1.852875e-11
9.715	943			0.00299861	-0.000266554	0.00301029	-5.076	-2.359647e-11
9.72	944			0.00317313	-0.000282289	0.00318553	-5.082	-2.133482e-11
9.725	945			0.00332262	-0.000295164	0.00333549	-5.076	-1.970143e-11
9.73	946			0.00343944	-0.000305654	0.00345303	-5.076	-2.108355e-11
9.735	947			0.00364377	-0.000324966	0.00365831	-5.094	-2.27588e-11
9.74	948			0.00384642	-0.000342848	0.00386168	-5.094	-1.869627e-11
9.745	949			0.0040324	-0.000359775	0.00404838	-5.1	-1.681159e-11
9.75	950			0.00415733	-0.000371696	0.00417379	-5.106	-2.238184e-11
9.755	951			0.00437954	-0.0003922	0.00439718	-5.118	-1.886378e-11
9.76	952			0.00459769	-0.000411512	0.00461629	-5.112	-2.150236e-11
9.765	953			0.00480703	-0.000432493	0.00482658	-5.136	-1.827742e-11
9.77	954			0.005034	-0.000452997	0.00505403	-5.142	-2.162802e-11
9.775	955			0.00517562	-0.000467302	0.0051966	-5.154	-1.907317e-11
9.78	956			0.00541547	-0.000490669	0.00543788	-5.178	-2.200495e-11
9.785	957			0.00566486	-0.000515942	0.00568822	-5.202	-2.003652e-11
9.79	958			0.00582841	-0.0005312	0.00585225	-5.208	-1.869622e-11
9.795	959			0.00612596	-0.000559334	0.00615123	-5.214	-2.548114e-11
9.8	960			0.00628617	-0.000576023	0.00631288	-5.232	-1.953388e-11
9.805	961			0.00656226	-0.000604633	0.00658992	-5.262	-2.25494e-11
9.81	962			0.00681737	-0.000629906	0.00684646	-5.274	-2.246564e-11
9.815	963			0.00700048	-0.000648979	0.00703052	-5.298	-2.112542e-11
9.82	964			0.00727513	-0.000678066	0.00730661	-5.322	-1.999459e-11
9.825	965			0.0074921	-0.000700001	0.007525	-5.334	-1.836124e-11
9.83	966			0.00772384	-0.000723366	0.00775722	-5.352	-2.045527e-11
9.835	967			0.00796181	-0.000748638	0.0079971	-5.37	-1.542948e-11
9.84	968			0.00818783	-0.000772003	0.00822407	-5.388	-2.129297e-11
9.845	969			0.00844055	-0.00079966	0.00847822	-5.412	-1.936636e-11
9.85	970			0.00866514	-0.000823978	0.00870425	-5.43	-2.301013e-11
9.855	971			0.00885636	-0.000844482	0.00889641	-5.448	-2.04972e-11
9.86	972			0.00907522	-0.000868801	0.00911623	-5.466	-2.380587e-11
9.865	973			0.00921255	-0.00088406	0.00925452	-5.478	-1.86125e-11
9.87	974			0.00942999	-0.000909809	0.00947386	-5.508	-1.844498e-11
9.875	975			0.00954062	-0.000922207	0.00958544	-5.514	-2.175365e-11
9.88	976			0.00974661	-0.000945095	0.00979239	-5.532	-1.982707e-11
9.885	977			0.00989538	-0.000961307	0.00994211	-5.55	-1.986895e-11
9.89	978			0.0100413	-0.000979431	0.010089	-5.568	-2.07066e-11
9.895	979			0.0101462	-0.000991829	0.0101939	-5.58	-2.347081e-11
9.9	980			0.010232	-0.00100327	0.0102816	-5.598	-2.451786e-11
9.905	981			0.0103264	-0.00101376	0.010376	-5.604	-1.664404e-11
9.91	982			0.0104085	-0.0010233	0.010459	-5.616	-2.066471e-11
9.915	983			0.0104781	-0.00103284	0.0105286	-5.628	-2.384777e-11
9.92	984			0.0105057	-0.00103665	0.0105572	-5.634	-1.773297e-11
9.925	985			0.0105572	-0.00104333	0.0106078	-5.64	-1.723039e-11
9.93	986			0.0105839	-0.0010481	0.0106354	-5.652	-2.213059e-11
9.935	987			0.0105858	-0.00104905	0.0106373	-5.658	-1.764922e-11
9.94	988			0.0105706	-0.0010481	0.010623	-5.658	-2.062282e-11
9.945	989			0.0105525	-0.00104714	0.010604	-5.664	-2.305199e-11
9.95	990			0.0105258	-0.00104619	0.0105773	-5.676	-1.965957e-11
9.955	991			0.0104733	-0.00104142	0.0105248	-5.676	-2.347085e-11
9.96	992			0.0104151	-0.00103665	0.0104666	-5.682	-2.280077e-11
9.965	993			0.010335	-0.00102807	0.0103856	-5.682	-1.907319e-11
9.97	994			0.0102702	-0.0010233	0.0103207	-5.688	-2.326139e-11
9.975	995			0.0102187	-0.00101758	0.0102692	-5.682	-1.76492e-11
9.98	996			0.0101443	-0.00100995	0.0101939	-5.682	-1.940828e-11
9.985	997			0.0100747	-0.00100327	0.0101243	-5.682	-1.898945e-11
9.99	998			0.00998312	-0.000993736	0.0100327	-5.682	-2.083223e-11
9.995	999			0.00988108	-0.000984199	0.00992972	-5.682	-2.062283e-11
10.0	1000			0.00979429	-0.000974659	0.00984198	-5.676	-1.907319e-11
10.005	1001			0.00964743	-0.0009594	0.00969511	-5.676	-2.17955e-11
10.01	1002			0.00951487	-0.000946049	0.0095616	-5.67	-1.974328e-11
10.015	1003			0.00937945	-0.000932697	0.00942522	-5.676	-2.099975e-11
10.02	1004			0.00924498	-0.000917438	0.00929075	-5.664	-1.886375e-11
10.025	1005			0.00911146	-0.000904087	0.00915533	-5.664	-2.108352e-11
10.03	1006			0.00898272	-0.000890736	0.00902659	-5.664	-2.213059e-11
10.035	1007			0.00888926	-0.000882152	0.00893313	-5.658	-2.087413e-11
10.04	1008			0.00875002	-0.000864986	0.00879198	-5.64	-2.187934e-11
10.045	1009			0.00863272	-0.000854496	0.00867468	-5.646	-1.995272e-11
10.05	1010			0.00849348	-0.000840191	0.00853544	-5.64	-2.183738e-11
10.055	1011			0.00834948	-0.000824932	0.00838953	-5.64	-2.585811e-11
10.06	1012			0.00820833	-0.000810627	0.00824839	-5.64	-2.179553e-11
10.065	1013			0.00808817	-0.000799183	0.00812727	-5.64	-2.347077e-11
10.07	1014			0.0079394	-0.000784878	0.00797755	-5.646	-2.31357e-11
10.075	1015			0.00779155	-0.000766758	0.00782877	-5.616	-2.158613e-11
10.08	1016			0.00764564	-0.00075436	0.00768283	-5.628	-1.999461e-11
10.085	1017			0.00750068	-0.000737194	0.00753596	-5.61	-2.481105e-11
10.09	1018			0.00738242	-0.000724796	0.00741771	-5.604	-2.213062e-11
10.095	1019			0.00720027	-0.000706676	0.00723556	-5.598	-1.957579e-11
10.1	1020			0.00704578	-0.000690464	0.00708011	-5.592	-1.810995e-11
10.105	1021			0.00692084	-0.000678066	0.00695422	-5.586	-2.079034e-11
10.11	1022			0.00673774	-0.000659946	0.00677016	-5.586	-2.112541e-11
10.115	1023			0.00660422	-0.000647549	0.0066357	-5.598	-1.79005e-11
10.12	1024			0.00650886	-0.000638012	0.00654033	-5.592	-2.355458e-11
10.125	1025			0.00635913	-0.000620846	0.00638869	-5.574	-1.957582e-11
10.13	1026			0.00622275	-0.000607494	0.00625136	-5.574	-2.342893e-11
10.135	1027			0.00609687	-0.000594143	0.00612548	-5.562	-1.601583e-11
10.14	1028			0.0059748	-0.000582699	0.00600341	-5.562	-2.095789e-11
10.145	1029			0.00582221	-0.000568394	0.00584891	-5.568	-2.627691e-11
10.15	1030			0.00571445	-0.000555996	0.00574115	-5.556	-1.982709e-11
10.155	1031			0.00558665	-0.000543598	0.00561336	-5.556	-1.752357e-11
10.16	1032			0.00546744	-0.000532154	0.00549415	-5.556	-2.066474e-11
10.165	1033			0.00535586	-0.00052071	0.00538161	-5.544	-2.012022e-11
10.17	1034			0.00526336	-0.000512127	0.00528815	-5.55	-1.723042e-11
10.175	1035			0.00513652	-0.000498775	0.00516036	-5.544	-2.225623e-11
10.18	1036			0.00502875	-0.000487329	0.0050526	-5.532	-1.940826e-11
10.185	1037			0.00493434	-0.000478746	0.00495818	-5.532	-2.455974e-11
10.19	1038			0.00486091	-0.000471117	0.00488284	-5.532	-2.259129e-11
10.195	1039			0.00475696	-0.00046158	0.00477889	-5.538	-2.058095e-11
10.2	1040			0.00467208	-0.000452043	0.00469401	-5.526	-1.806804e-11
10.205	1041			0.00459102	-0.000444414	0.004612	-5.526	-1.823557e-11
10.21	1042			0.00449947	-0.000436785	0.0045214	-5.538	-2.012024e-11
10.215	1043			0.00440887	-0.000426294	0.00442985	-5.52	-1.924073e-11
10.22	1044			0.00433162	-0.000418665	0.00435165	-5.508	-1.945013e-11
10.225	1045			0.00422862	-0.000410082	0.00424865	-5.526	-2.476914e-11
10.23	1046			0.00414565	-0.000401499	0.00416568	-5.52	-2.095792e-11
10.235	1047			0.00406745	-0.000394823	0.00408652	-5.538	-1.886381e-11
10.24	1048			0.00399211	-0.00038624	0.00401023	-5.52	-1.790052e-11
10.245	1049			0.00392154	-0.000379564	0.00393966	-5.526	-2.1628e-11
10.25	1050			0.00384904	-0.000373842	0.00386716	-5.538	-1.991083e-11
10.255	1051			0.00379564	-0.00036812	0.00381376	-5.526	-2.27169e-11
10.26	1052			0.0037203	-0.000361444	0.00373746	-5.544	-2.045531e-11
10.265	1053			0.00365831	-0.000356676	0.00367643	-5.556	-1.970142e-11
10.27	1054			0.00359823	-0.00035	0.00361539	-5.544	-1.852871e-11
10.275	1055			0.00353624	-0.000341417	0.00355245	-5.514	-1.974328e-11
10.28	1056			0.00347711	-0.000336649	0.00349332	-5.526	-1.894754e-11
10.285	1057			0.00341226	-0.000330927	0.00342847	-5.52	-2.489478e-11
10.29	1058			0.00336172	-0.000326158	0.00337793	-5.538	-2.468536e-11
10.295	1059			0.00331117	-0.00032139	0.00332643	-5.532	-1.878006e-11
10.3	1060			0.00326826	-0.000316622	0.00328352	-5.52	-1.28328e-11
10.305	1061			0.00320627	-0.000311853	0.00322153	-5.544	-1.840308e-11
10.31	1062			0.00315572	-0.000307085	0.00317098	-5.55	-1.450809e-11
10.315	1063			0.00310899	-0.00030327	0.00312425	-5.556	-2.334517e-11
10.32	1064			0.00306131	-0.000297548	0.00307561	-5.544	-2.37221e-11
10.325	1065			0.00301553	-0.000293734	0.00302984	-5.556	-1.982708e-11
10.33	1066			0.00297166	-0.000289919	0.00298597	-5.556	-1.898944e-11
10.335	1067			0.0029278	-0.000286104	0.0029421	-5.562	-2.171173e-11
10.34	1068			0.00288583	-0.000281336	0.00289918	-5.55	-2.171177e-11
10.345	1069			0.00284864	-0.000277521	0.00286199	-5.544	-2.196305e-11
10.35	1070			0.00280763	-0.000273706	0.00282098	-5.556	-1.48431e-11
10.355	1071			0.00276949	-0.000268938	0.00278188	-5.538	-2.594183e-11
10.36	1072			0.00273515	-0.000267984	0.00274755	-5.58	-2.062285e-11
10.365	1073			0.00269891	-0.00026417	0.00271131	-5.568	-2.493668e-11
10.37	1074			0.00267316	-0.000260355	0.00268556	-5.556	-1.945018e-11
10.375	1075			0.00263883	-0.000257494	0.00265123	-5.568	-1.886378e-11
10.38	1076			0.00261118	-0.000255587	0.00262357	-5.58	-2.539736e-11
10.385	1077			0.00257494	-0.000252726	0.00258829	-5.604	-1.907316e-11
10.39	1078			0.00255109	-0.000248911	0.00256254	-5.568	-1.844496e-11
10.395	1079			0.00252248	-0.000247004	0.00253488	-5.58	-2.187931e-11
10.4	1080			0.00249483	-0.000244142	0.00250627	-5.586	-2.13348e-11
10.405	1081			0.00247003	-0.000242234	0.00248243	-5.592	-2.338705e-11
10.41	1082			0.00244428	-0.000241281	0.00245573	-5.622	-2.464347e-11
10.415	1083			0.00242616	-0.000237466	0.00243761	-5.586	-1.92826e-11
10.42	1084			0.00240232	-0.000236512	0.00241376	-5.61	-1.9492e-11
10.425	1085			0.0023842	-0.000234605	0.00239564	-5.604	-2.326137e-11
10.43	1086			0.00237085	-0.000233651	0.00238229	-5.622	-1.802612e-11
10.435	1087			0.00234605	-0.00023079	0.0023575	-5.598	-2.338703e-11
10.44	1088			0.00232698	-0.000228883	0.00233842	-5.61	-2.037152e-11
10.445	1089			0.00231554	-0.000228883	0.00232698	-5.622	-1.580639e-11
10.45	1090			0.00230028	-0.000226022	0.00231172	-5.61	-2.037154e-11
10.455	1091			0.00228216	-0.000225068	0.0022936	-5.622	-1.857059e-11
10.46	1092			0.00227262	-0.000224114	0.00228311	-5.61	-2.003647e-11
10.465	1093			0.00226118	-0.000223161	0.00227167	-5.622	-2.506231e-11
10.47	1094			0.00225069	-0.000222207	0.00226118	-5.616	-2.933425e-11
10.475	1095			0.00224306	-0.000222207	0.00225355	-5.652	-2.012023e-11
10.48	1096			0.00223543	-0.000221253	0.00224592	-5.634	-2.07485e-11
10.485	1097			0.00222589	-0.0002203	0.00223638	-5.64	-1.806802e-11
10.49	1098			0.00221731	-0.000219346	0.0022278	-5.628	-2.012023e-11
10.495	1099			0.00221159	-0.000217439	0.00222208	-5.61	-2.213059e-11
10.5	1100			0.00220491	-0.000217439	0.0022154	-5.61	-2.355456e-11
10.505	1101			0.00220205	-0.000218392	0.00221254	-5.652	-2.028778e-11
10.51	1102			0.0022011	-0.000218392	0.00221159	-5.652	-1.991085e-11
10.515	1103			0.00219537	-0.000217439	0.00220586	-5.634	-2.355457e-11
10.52	1104			0.00219919	-0.000217439	0.00220968	-5.64	-2.204681e-11
10.525	1105			0.0022011	-0.000218392	0.00221159	-5.652	-2.34708e-11
10.53	1106			0.0022011	-0.000217439	0.00221159	-5.64	-1.982707e-11
10.535	1107			0.00220014	-0.000219346	0.00221063	-5.676	-2.242375e-11
10.54	1108			0.00219633	-0.000217439	0.00220682	-5.652	-2.066472e-11
10.545	1109			0.00219251	-0.000216485	0.002203	-5.628	-2.037153e-11
10.55	1110			0.00219537	-0.000217439	0.00220586	-5.652	-2.037156e-11
10.555	1111			0.00219823	-0.000218392	0.00220872	-5.664	-1.844494e-11
10.56	1112			0.00220682	-0.000219346	0.00221731	-5.676	-1.597393e-11
10.565	1113			0.00220586	-0.000217439	0.00221635	-5.622	-1.869626e-11
10.57	1114			0.00221445	-0.0002203	0.00222494	-5.67	-1.90313e-11
10.575	1115			0.00222303	-0.000219346	0.00223352	-5.634	-1.760734e-11
10.58	1116			0.00222398	-0.000222207	0.00223447	-5.682	-1.907323e-11
10.585	1117			0.0022402	-0.000224114	0.00225164	-5.694	-2.062282e-11
10.59	1118			0.00225355	-0.000224114	0.00226499	-5.676	-1.999463e-11
10.595	1119			0.00225641	-0.000225068	0.00226785	-5.682	-1.622523e-11
10.6	1120			0.00227453	-0.000226975	0.00228597	-5.688	-2.192119e-11
10.605	1121			0.00229169	-0.000228883	0.00230314	-5.676	-1.99946e-11
10.61	1122			0.00229646	-0.000229836	0.00230791	-5.7	-2.079033e-11
10.615	1123			0.00231172	-0.00023079	0.00232317	-5.682	-2.296823e-11
10.62	1124			0.00232984	-0.000232697	0.00234033	-5.7	-1.982708e-11
10.625	1125			0.00235178	-0.000235558	0.00236322	-5.7	-2.087414e-11
10.63	1126			0.00236608	-0.000237466	0.00237848	-5.712	-1.957581e-11
10.635	1127			0.00239183	-0.00023842	0.00240327	-5.682	-2.120917e-11
10.64	1128			0.00241186	-0.000241281	0.0024233	-5.7	-1.915694e-11
10.645	1129			0.00242426	-0.000243188	0.00243665	-5.712	-1.890567e-11
10.65	1130			0.00244905	-0.00024605	0.00246145	-5.718	-1.953391e-11
10.655	1131			0.00246622	-0.000248911	0.00247861	-5.742	-2.058094e-11
10.66	1132			0.00248434	-0.000248911	0.00249673	-5.718	-1.626713e-11
10.665	1133			0.0025139	-0.000252726	0.0025263	-5.736	-1.911508e-11
10.67	1134			0.00254442	-0.000255587	0.00255777	-5.73	-2.074848e-11
10.675	1135			0.00256826	-0.000258448	0.00258066	-5.736	-1.945015e-11
10.68	1136			0.0025921	-0.000261309	0.00260545	-5.742	-1.886379e-11
10.685	1137			0.0026169	-0.00026417	0.00263025	-5.742	-2.259127e-11
10.69	1138			0.00263979	-0.000266077	0.00265314	-5.736	-1.873817e-11
10.695	1139			0.00266935	-0.000268938	0.0026827	-5.748	-1.790053e-11
10.7	1140			0.00269701	-0.000286104	0.00271226	-6.036	-1.961765e-11
10.705	1141			0.0027218	-0.00027466	0.00273515	-5.76	-1.593206e-11
10.71	1142			0.0027466	-0.000278475	0.0027609	-5.778	-2.125105e-11
10.715	1143			0.00277902	-0.000281336	0.00279333	-5.778	-1.898945e-11
10.72	1144			0.00280382	-0.000284197	0.00281717	-5.772	-2.099977e-11
10.725	1145			0.00283815	-0.000288012	0.00285245	-5.778	-2.171176e-11
10.73	1146			0.00286771	-0.000290873	0.00288297	-5.784	-1.907325e-11
10.735	1147			0.00289537	-0.000294687	0.00290968	-5.796	-2.028777e-11
10.74	1148			0.0029297	-0.000299456	0.00294496	-5.82	-1.865439e-11
10.745	1149			0.00296213	-0.000302317	0.00297739	-5.82	-1.848683e-11
10.75	1150			0.00299646	-0.000307085	0.00301172	-5.844	-2.301013e-11
10.755	1151			0.00301553	-0.000308039	0.00303079	-5.82	-2.464347e-11
10.76	1152			0.00303365	-0.000309946	0.00304987	-5.82	-2.309386e-11
10.765	1153			0.00306417	-0.000314714	0.00308038	-5.85	-2.510418e-11
10.77	1154			0.00308897	-0.000317575	0.00310518	-5.862	-2.175365e-11
10.775	1155			0.00310041	-0.000318529	0.00311662	-5.856	-2.292637e-11
10.78	1156			0.0031376	-0.000323297	0.00315382	-5.868	-2.179553e-11
10.785	1157			0.00316526	-0.000326158	0.00318243	-5.88	-2.146049e-11
10.79	1158			0.00318052	-0.000328066	0.00319768	-5.886	-2.380584e-11
10.795	1159			0.00320245	-0.000331881	0.00321962	-5.904	-2.007836e-11
10.8	1160			0.00321485	-0.000332834	0.00323202	-5.91	-1.886385e-11
10.805	1161			0.00323774	-0.000335695	0.00325491	-5.91	-2.032963e-11
10.81	1162			0.00325586	-0.000338556	0.00327303	-5.928	-1.857061e-11
10.815	1163			0.00327875	-0.000341417	0.00329687	-5.94	-1.831934e-11
10.82	1164			0.00329973	-0.000344278	0.00331689	-5.952	-1.882191e-11
10.825	1165			0.00329687	-0.000345232	0.00331499	-5.97	-1.978519e-11
10.83	1166			0.00332166	-0.000348093	0.00333978	-5.982	-2.024584e-11
10.835	1167			0.00333978	-0.00035	0.00335695	-5.97	-1.72304e-11
10.84	1168			0.00335027	-0.000351908	0.00336935	-5.982	-2.217248e-11
10.845	1169			0.00334646	-0.000352861	0.00336553	-6.012	-1.505256e-11
10.85	1170			0.00335886	-0.000352861	0.00337698	-5.982	-2.099979e-11
10.855	1171			0.00336362	-0.000353815	0.00338174	-5.994	-2.058094e-11
10.86	1172			0.00337507	-0.000356676	0.00339414	-6.03	-1.852871e-11
10.865	1173			0.00338079	-0.00035763	0.00339891	-6.036	-1.79424e-11
10.87	1174			0.00337888	-0.000358583	0.00339796	-6.048	-1.873814e-11
10.875	1175			0.00339605	-0.000361444	0.00341512	-6.072	-2.439222e-11
10.88	1176			0.0034485	-0.000365259	0.00346757	-6.036	-2.807784e-11
10.885	1177			0.00348951	-0.000372889	0.00350954	-6.084	-2.330331e-11
10.89	1178			0.00347711	-0.000371935	0.00349618	-6.096	-2.296826e-11
10.895	1179			0.00345708	-0.000371935	0.00347711	-6.132	-1.815176e-11
10.9	1180			0.0034609	-0.000370981	0.00348093	-6.114	-2.028779e-11
10.905	1181			0.00346281	-0.000372889	0.00348283	-6.144	-1.848681e-11
10.91	1182			0.00343706	-0.000370027	0.00345708	-6.132	-1.831929e-11
10.915	1183			0.00341512	-0.00036812	0.0034342	-6.15	-1.999459e-11
10.92	1184			0.003397	-0.00036812	0.00341703	-6.168	-1.936635e-11
10.925	1185			0.00339128	-0.000367166	0.00341131	-6.168	-2.288448e-11
10.93	1186			0.00336458	-0.000366213	0.00338461	-6.192	-2.259124e-11
10.935	1187			0.00334837	-0.000363352	0.00336839	-6.192	-1.760732e-11
10.94	1188			0.00332834	-0.000361444	0.00334837	-6.192	-2.066469e-11
10.945	1189			0.00333501	-0.000363352	0.00335504	-6.216	-1.635087e-11
10.95	1190			0.00331022	-0.000361444	0.00332929	-6.216	-2.55649e-11
10.955	1191			0.0032797	-0.000358583	0.00329973	-6.228	-2.242373e-11
10.96	1192			0.00323488	-0.000354769	0.00325395	-6.246	-1.819366e-11
10.965	1193			0.00319768	-0.000350954	0.00321676	-6.258	-2.275876e-11
10.97	1194			0.00315095	-0.000347139	0.00317003	-6.276	-2.17955e-11
10.975	1195			0.0030842	-0.000341417	0.00310232	-6.312	-1.936638e-11
10.98	1196			0.00299264	-0.000330927	0.00301076	-6.306	-1.86125e-11
10.985	1197			0.00294115	-0.000326158	0.00295927	-6.324	-2.275881e-11
10.99	1198			0.00286581	-0.000317575	0.00288297	-6.318	-2.175361e-11
10.995	1199			0.00281622	-0.000313761	0.00283338	-6.348	-1.882187e-11
11.0	1200			0.00277807	-0.000309946	0.00279523	-6.354	-1.9492e-11
11.005	1201			0.00272371	-0.000305178	0.00273992	-6.384	-1.656027e-11
11.01	1202			0.00270845	-0.000304224	0.00272562	-6.402	-1.88219e-11
11.015	1203			0.00267221	-0.000299456	0.00268842	-6.39	-1.857059e-11
11.02	1204			0.00263692	-0.000296595	0.00265409	-6.402	-2.539733e-11
11.025	1205			0.00264741	-0.000298502	0.00266363	-6.42	-2.070657e-11
11.03	1206			0.0025797	-0.00029278	0.00259687	-6.456	-2.141857e-11
11.035	1207			0.00254919	-0.000288012	0.0025654	-6.432	-2.439212e-11
11.04	1208			0.00247385	-0.000281336	0.0024891	-6.474	-2.41828e-11
11.045	1209			0.00241758	-0.00027466	0.00243284	-6.48	-2.091597e-11
11.05	1210			0.00238515	-0.000272753	0.00240041	-6.504	-1.651837e-11
11.055	1211			0.00229169	-0.000261309	0.002306	-6.486	-2.384771e-11
11.06	1212			0.00221635	-0.000252726	0.00223066	-6.486	-2.623499e-11
11.065	1213			0.00216295	-0.000248911	0.0021763	-6.54	-1.685343e-11
11.07	1214			0.00209238	-0.000240327	0.00210668	-6.54	-2.192113e-11
11.075	1215			0.00203039	-0.000233651	0.00204374	-6.552	-1.54713e-11
11.08	1216			0.00193978	-0.000223638	0.00195218	-6.57	-1.723037e-11
11.085	1217			0.00191165	-0.000222684	0.00192452	-6.636	-2.099975e-11
11.09	1218			0.00183869	-0.000215054	0.00185109	-6.666	-1.831932e-11
11.095	1219			0.00181676	-0.00021267	0.00182915	-6.672	-1.932448e-11
11.1	1220			0.0017748	-0.000206471	0.00178672	-6.63	-2.200495e-11
11.105	1221			0.0016985	-0.000198365	0.00170995	-6.648	-1.756541e-11
11.11	1222			0.00163413	-0.00019312	0.00164557	-6.72	-1.85287e-11
11.115	1223			0.001575	-0.000185491	0.00158597	-6.708	-2.141859e-11
11.12	1224			0.00149346	-0.000176431	0.00150395	-6.732	-2.079035e-11
11.125	1225			0.00145055	-0.000173093	0.00146104	-6.798	-2.31776e-11
11.13	1226			0.00141049	-0.000170709	0.00142098	-6.894	-2.104163e-11
11.135	1227			0.00135709	-0.000163556	0.00136662	-6.864	-1.982707e-11
11.14	1228			0.00129414	-0.000156404	0.0013032	-6.87	-2.384774e-11
11.145	1229			0.00124884	-0.000152112	0.00125838	-6.924	-1.961764e-11
11.15	1230			0.00120879	-0.000146867	0.00121785	-6.918	-2.192115e-11
11.155	1231			0.00113059	-0.000138284	0.00113869	-6.96	-2.045529e-11
11.16	1232			0.00111914	-0.000139714	0.00112773	-7.098	-2.288443e-11
11.165	1233			0.00106526	-0.000132085	0.00107289	-7.062	-2.087408e-11
11.17	1234			0.00104523	-0.000131131	0.00105382	-7.14	-2.116728e-11
11.175	1235			0.00100804	-0.000127793	0.00101615	-7.2	-1.932448e-11
11.18	1236			0.000998266	-0.000126601	0.00100613	-7.224	-2.301008e-11
11.185	1237			0.000936273	-0.000119687	0.000943903	-7.272	-1.865436e-11
11.19	1238			0.000904564	-0.000116587	0.000912193	-7.338	-2.01202e-11
11.195	1239			0.000874761	-0.000112534	0.000881914	-7.32	-1.991082e-11
11.2	1240			0.000859264	-0.000110865	0.000866417	-7.35	-1.99527e-11
11.205	1241			0.000833277	-0.000108004	0.000840191	-7.374	-1.697907e-11
11.21	1242			0.000776533	-0.000100852	0.00078297	-7.398	-1.924069e-11
11.215	1243			0.000741724	-9.82289e-05	0.000748161	-7.524	-2.053904e-11
11.22	1244			0.000697616	-9.32221e-05	0.000703577	-7.608	-2.204681e-11
11.225	1245			0.000668053	-8.86922e-05	0.000673775	-7.548	-1.928258e-11
11.23	1246			0.000643257	-8.77385e-05	0.000649218	-7.758	-2.158608e-11
11.235	1247			0.000613455	-8.53543e-05	0.000619415	-7.902	-1.844495e-11
11.24	1248			0.000606779	-8.32085e-05	0.000612263	-7.806	-2.242371e-11
11.245	1249			0.000558618	-7.72481e-05	0.000564102	-7.86	-2.351267e-11
11.25	1250			0.000543121	-7.70097e-05	0.000548605	-8.046	-2.049717e-11
11.255	1251			0.000520471	-7.41486e-05	0.000525717	-8.088	-2.187927e-11
11.26	1252			0.000489954	-7.12876e-05	0.00049508	-8.274	-2.079036e-11
11.265	1253			0.000454189	-6.71153e-05	0.000459077	-8.388	-2.234001e-11
11.27	1254			0.000414373	-6.15125e-05	0.000418903	-8.436	-1.88219e-11
11.275	1255			0.000366332	-5.6267e-05	0.000370624	-8.73	-1.957576e-11
11.28	1256			0.000345947	-5.37636e-05	0.00035012	-8.814	-1.886377e-11
11.285	1257			0.000299098	-4.76839e-05	0.000302913	-9.054	-1.819363e-11
11.29	1258			0.00029123	-4.75647e-05	0.000295164	-9.264	-2.049717e-11
11.295	1259			0.000296237	-4.87568e-05	0.00030029	-9.324	-1.873812e-11
11.3	1260			0.000287296	-4.75647e-05	0.00029123	-9.39	-1.77748e-11
11.305	1261			0.000279786	-4.78032e-05	0.000283839	-9.69	-2.275884e-11
11.31	1262			0.000278832	-4.76839e-05	0.000282766	-9.684	-1.970144e-11
11.315	1263			0.000288965	-5.00681e-05	0.000293257	-9.816	-2.162798e-11
11.32	1264			0.000281336	-4.93529e-05	0.000285627	-9.942	-2.024592e-11
11.325	1265			0.000282289	-5.17371e-05	0.000286939	-10.374	-1.781674e-11
11.33	1266			0.00025809	-4.80416e-05	0.000262501	-10.536	-1.928256e-11
11.335	1267			0.000247123	-4.66111e-05	0.000251414	-10.674	-1.601578e-11
11.34	1268			0.000207425	-4.18427e-05	0.000211478	-11.376	-2.321949e-11
11.345	1269			0.000191153	-3.96373e-05	0.000195206	-11.7	-2.531358e-11
11.35	1270			0.000186385	-3.93393e-05	0.000190497	-11.916	-1.781671e-11
11.355	1271			0.00017655	-3.83856e-05	0.000180663	-12.258	-1.898941e-11
11.36	1272			0.00016153	-3.74319e-05	0.000165821	-13.032	-1.999459e-11
11.365	1273			0.00014794	-3.58822e-05	0.000152231	-13.626	-2.221437e-11
11.37	1274			0.000140966	-3.58226e-05	0.000145436	-14.232	-2.330325e-11
11.375	1275			0.000140668	-3.56438e-05	0.000145079	-14.214	-1.836114e-11
11.38	1276			0.000135125	-3.70743e-05	0.000140072	-15.324	-2.116728e-11
11.385	1277			0.000132383	-3.75512e-05	0.000137568	-15.822	-2.04553e-11
11.39	1278			0.000139416	-3.89221e-05	0.000144721	-15.588	-1.861247e-11
11.395	1279			0.000130714	-3.79684e-05	0.000136078	-16.182	-1.945013e-11
11.4	1280			0.000122429	-3.58822e-05	0.000127555	-16.326	-1.781677e-11
11.405	1281			0.000116647	-3.66571e-05	0.00012225	-17.418	-2.40571e-11
11.41	1282			0.00010264	-3.43325e-05	0.000108243	-18.486	-2.158608e-11
11.415	1283			9.49209e-05	-3.3051e-05	0.000100524	-19.182	-1.999459e-11
11.42	1284			8.62484e-05	-3.03389e-05	9.1434e-05	-19.374	-1.890565e-11
11.425	1285			8.3298e-05	-3.02197e-05	8.86028e-05	-19.926	-2.321948e-11
11.43	1286			7.96919e-05	-3.02197e-05	8.52053e-05	-20.754	-1.748166e-11
11.435	1287			7.39102e-05	-2.9266e-05	7.94833e-05	-21.588	-2.070658e-11
11.44	1288			7.35526e-05	-2.85209e-05	7.88872e-05	-21.174	-2.045528e-11
11.445	1289			8.59206e-05	-3.36471e-05	9.22685e-05	-21.372	-1.890565e-11
11.45	1290			8.98545e-05	-3.36769e-05	9.59341e-05	-20.526	-1.970139e-11
11.455	1291			9.67686e-05	-3.58822e-05	0.000103206	-20.334	-2.271695e-11
11.46	1292			0.00010714	-3.83856e-05	0.000113786	-19.71	-2.284252e-11
11.465	1293			0.000122131	-4.33924e-05	0.000129611	-19.554	-2.573243e-11
11.47	1294			0.000125111	-4.41375e-05	0.000132651	-19.428	-1.886375e-11
11.475	1295			0.000121236	-4.48527e-05	0.000129254	-20.292	-2.535546e-11
11.48	1296			0.000118942	-4.6313e-05	0.000127614	-21.27	-2.058091e-11
11.485	1297			0.000115723	-4.53594e-05	0.000124306	-21.396	-1.932447e-11
11.49	1298			0.000116557	-4.58958e-05	0.00012526	-21.486	-2.577425e-11
11.495	1299			0.000109524	-4.41375e-05	0.000118077	-21.942	-1.974328e-11
11.5	1300			9.91528e-05	-4.28262e-05	0.000108004	-23.34	-1.932447e-11
11.505	1301			9.71858e-05	-4.44057e-05	0.000106842	-24.54	-1.609956e-11
11.51	1302			9.20598e-05	-4.51806e-05	0.00010255	-26.13	-2.208864e-11
11.515	1303			8.51755e-05	-4.55978e-05	9.66196e-05	-28.158	-1.8068e-11
11.52	1304			7.67116e-05	-4.61342e-05	8.94968e-05	-31.02	-2.359641e-11
11.525	1305			7.73673e-05	-4.88164e-05	9.14936e-05	-32.232	-1.890567e-11
11.53	1306			7.6652e-05	-5.19457e-05	9.25963e-05	-34.11	-2.154421e-11
11.535	1307			7.96621e-05	-5.39722e-05	9.62024e-05	-34.098	-2.326137e-11
11.54	1308			7.53109e-05	-5.54922e-05	9.355e-05	-36.372	-1.618332e-11
11.545	1309			7.20923e-05	-5.49855e-05	9.06591e-05	-37.32	-2.162792e-11
11.55	1310			6.75027e-05	-5.26907e-05	8.56225e-05	-37.956	-1.551321e-11
11.555	1311			6.2943e-05	-5.21245e-05	8.16886e-05	-39.612	-1.852871e-11
11.56	1312			6.70855e-05	-5.22735e-05	8.50265e-05	-37.902	-2.166986e-11
11.565	1313			6.27046e-05	-5.17967e-05	8.1331e-05	-39.54	-2.288442e-11
11.57	1314			5.71313e-05	-5.03066e-05	7.61156e-05	-41.352	-2.158609e-11
11.575	1315			4.42269e-05	-4.3154e-05	6.17807e-05	-44.292	-2.003646e-11
11.58	1316			3.67763e-05	-4.13659e-05	5.53431e-05	-48.342	-2.359642e-11
11.585	1317			3.00856e-05	-3.6739e-05	4.74902e-05	-50.676	-2.074846e-11
11.59	1318			3.1166e-05	-3.69775e-05	4.83545e-05	-49.866	-1.911505e-11
11.595	1319			3.17993e-05	-3.52489e-05	4.74679e-05	-47.934	-1.848679e-11
11.6	1320			2.98024e-05	-3.26934e-05	4.42343e-05	-47.646	-1.953387e-11
11.605	1321			3.16801e-05	-3.37812e-05	4.63056e-05	-46.83	-2.246558e-11
11.61	1322			3.28871e-05	-3.73649e-05	4.97776e-05	-48.636	-1.911506e-11
11.615	1323			3.38929e-05	-3.74021e-05	5.04779e-05	-47.808	-2.267502e-11
11.62	1324			2.38569e-05	-3.07562e-05	3.89221e-05	-52.194	-2.154424e-11
11.625	1325			2.66061e-05	-3.34459e-05	4.27368e-05	-51.492	-2.384771e-11
11.63	1326			2.6174e-05	-3.13523e-05	4.08443e-05	-50.136	-2.007839e-11
11.635	1327			3.07786e-05	-3.14789e-05	4.40183e-05	-45.642	-1.986892e-11
11.64	1328			2.64348e-05	-3.0391e-05	4.02781e-05	-48.972	-2.489476e-11
11.645	1329			1.93493e-05	-2.50266e-05	3.16354e-05	-52.284	-2.242371e-11
11.65	1330			1.39028e-05	-2.33875e-05	2.72022e-05	-59.262	-1.857059e-11
11.655	1331			1.16304e-05	-2.07723e-05	2.37973e-05	-60.744	-1.794234e-11
11.66	1332			9.64111e-06	-1.87085e-05	2.10406e-05	-62.718	-1.940823e-11
11.665	1333			1.02074e-05	-1.6004e-05	1.89805e-05	-57.462	-2.003646e-11
11.67	1334			7.12278e-06	-1.49459e-05	1.65479e-05	-64.506	-1.810986e-11
11.675	1335			7.45433e-06	-1.30498e-05	1.50242e-05	-60.252	-2.116727e-11
11.68	1336			5.72208e-06	-1.30945e-05	1.42865e-05	-66.39	-1.71047e-11
11.685	1337			7.42826e-06	-1.44207e-05	1.62163e-05	-62.742	-1.924067e-11
11.69	1338			5.71462e-06	-1.39252e-05	1.50465e-05	-67.68	-1.94501e-11
11.695	1339			7.13769e-06	-1.49981e-05	1.66075e-05	-64.542	-2.284255e-11
11.7	1340			7.77846e-06	-1.5475e-05	1.7319e-05	-63.306	-2.049714e-11
11.705	1341			7.54374e-06	-1.67416e-05	1.83621e-05	-65.736	-1.798425e-11
11.71	1342			7.9163e-06	-1.58997e-05	1.77586e-05	-63.528	-1.810987e-11
11.715	1343			9.5666e-06	-1.89991e-05	2.12678e-05	-63.264	-2.007833e-11
11.72	1344			1.24872e-05	-1.99006e-05	2.34918e-05	-57.888	-2.125108e-11
11.725	1345			1.52104e-05	-2.35477e-05	2.80292e-05	-57.132	-1.773295e-11
11.73	1346			1.32882e-05	-2.12752e-05	2.50788e-05	-58.008	-2.028773e-11
11.735	1347			1.1094e-05	-1.9584e-05	2.25083e-05	-60.462	-2.112533e-11
11.74	1348			8.48627e-06	-1.75462e-05	1.94871e-05	-64.188	-1.932444e-11
11.745	1349			6.79123e-06	-1.37501e-05	1.53334e-05	-63.708	-2.108349e-11
11.75	1350			6.22871e-06	-1.51024e-05	1.63318e-05	-67.578	-2.003642e-11
11.755	1351			5.4613e-06	-1.42605e-05	1.52664e-05	-69.036	-2.196301e-11
11.76	1352			5.4017e-06	-1.28598e-05	1.39438e-05	-67.206	-2.405711e-11
11.765	1353			4.11647e-06	-1.09561e-05	1.16975e-05	-69.402	-2.33032e-11
11.77	1354			6.55281e-06	-1.27182e-05	1.43052e-05	-62.736	-2.313569e-11
11.775	1355			2.753e-06	-1.07103e-05	1.1053e-05	-75.582	-2.187923e-11
11.78	1356			3.04358e-06	-9.65974e-06	1.01254e-05	-72.492	-2.510414e-11
11.785	1357			3.33787e-06	-1.00136e-05	1.05538e-05	-71.556	-2.12929e-11
11.79	1358			3.34346e-06	-6.13931e-06	6.98867e-06	-61.41	-2.305195e-11
11.795	1359			2.28175e-06	-7.08739e-06	7.44316e-06	-72.138	-1.961764e-11
11.8	1360			1.86265e-06	-6.11509e-06	6.39263e-06	-73.05	-2.095781e-11
11.805	1361			1.91109e-06	-4.14814e-06	4.5663e-06	-65.262	-2.108348e-11
11.81	1362			1.51154e-06	-4.96864e-06	5.19308e-06	-73.074	-2.032963e-11
11.815	1363			2.00888e-06	-6.50997e-06	6.81265e-06	-72.846	-2.083218e-11
11.82	1364			9.2667e-07	-4.54395e-06	4.63708e-06	-78.468	-2.053906e-11
11.825	1365			1.58512e-06	-4.4592e-06	4.73208e-06	-70.416	-2.158606e-11
11.83	1366			1.38488e-06	-4.48062e-06	4.68924e-06	-72.822	-2.393146e-11
11.835	1367			1.44263e-06	-3.187e-06	3.49713e-06	-65.634	-2.64025e-11
11.84	1368			1.86917e-06	-3.95536e-06	4.37445e-06	-64.704	-2.280063e-11
11.845	1369			1.86731e-06	-4.01869e-06	4.43033e-06	-65.07	-2.40571e-11
11.85	1370			1.43983e-06	-2.48665e-06	2.87314e-06	-59.91	-1.924069e-11
11.855	1371			5.113e-07	-3.06872e-06	3.1097e-06	-80.526	-1.999458e-11
11.86	1372			9.61132e-07	-3.38723e-06	3.52041e-06	-74.142	-1.957572e-11
11.865	1373			6.81732e-07	-2.96535e-06	3.04171e-06	-77.034	-1.986891e-11
11.87	1374			1.39327e-06	-1.00304e-06	1.71643e-06	-35.736	-2.079032e-11
11.875	1375			2.63566e-07	-1.67173e-06	1.69222e-06	-81.036	-2.334509e-11
11.88	1376			-2.00235e-08	1.83192e-06	1.83192e-06	90.624	-1.836115e-11
11.885	1377			-1.83006e-07	-1.29315e-06	1.30572e-06	-98.04	-1.756541e-11
11.89	1378			6.46342e-07	-8.3866e-07	1.05846e-06	-52.356	-2.284253e-11
11.895	1379			2.66593e-07	-4.36094e-07	5.11067e-07	-58.536	-2.120913e-11
11.9	1380			4.11297e-07	-6.6101e-07	7.78356e-07	-58.104	-2.154417e-11
11.905	1381			8.57752e-07	-7.22361e-07	1.12132e-06	-40.098	-2.305187e-11
11.91	1382			8.87089e-08	-2.08268e-07	2.26312e-07	-66.918	-2.024584e-11
11.915	1383			4.65081e-07	-6.47389e-07	7.96983e-07	-54.3	-1.932449e-11
11.92	1384			8.15144e-07	1.46917e-07	8.28182e-07	10.224	-2.217245e-11
11.925	1385			2.90109e-07	-6.78706e-08	2.97909e-07	-13.164	-2.192115e-11
11.93	1386			-1.49245e-07	4.9407e-07	5.16073e-07	106.8	-2.166985e-11
11.935	1387			1.23168e-07	9.05133e-07	9.13515e-07	82.248	-2.208865e-11
11.94	1388			2.28291e-07	3.66244e-07	4.3167e-07	58.056	-1.882186e-11
11.945	1389			-2.53438e-07	6.1002e-07	6.60544e-07	112.548	-1.953386e-11
11.95	1390			-7.28764e-07	-4.91393e-07	8.78823e-07	-146.01	-1.857056e-11
11.955	1391			-2.39701e-07	-4.7032e-08	2.44125e-07	-168.906	-1.769107e-11
11.96	1392			5.61358e-07	9.81156e-07	1.1304e-06	60.222	-2.120915e-11
11.965	1393			-6.31324e-07	5.61242e-07	8.44713e-07	138.36	-2.17955e-11
11.97	1394			-4.76373e-07	5.50881e-07	7.28298e-07	130.842	-1.911505e-11
11.975	1395			1.03622e-06	7.84759e-07	1.2999e-06	37.134	-1.94082e-11
11.98	1396			4.22706e-07	5.30625e-07	6.78472e-07	51.462	-1.936632e-11
11.985	1397			7.67182e-08	6.60893e-07	6.65317e-07	83.37	-2.556486e-11
11.99	1398			-8.58101e-07	-5.22825e-07	1.00467e-06	-148.644	-2.16698e-11
11.995	1399			-7.14794e-07	4.4401e-07	8.41337e-07	148.146	-2.108349e-11
12.0	1400			5.13628e-07	5.16655e-07	7.28531e-07	45.174	-2.309383e-11
