variable x	variable x count			lockin1 x	lockin1 y	lockin1 r	lockin1 phi	lockin2 x	lockin2 y	lockin2 r	lockin2 phi	lockin3 x	lockin3 y	lockin3 r	lockin3 phi	smu1 meas	


1.0	0			0.000580851	-8.29701e-05	0.000586752	-8.124	-0.00580409	0.000316622	0.00580981	176.862	0.000625018	3.46305e-05	0.000625972	3.174	-1.844466e-11
0.9975	1			0.000588659	-8.32085e-05	0.0005945	-8.04	-0.00580028	0.000316622	0.00580791	176.856	0.000615839	3.54054e-05	0.000616912	3.294	-2.305155e-11
0.995	2			0.00060809	-8.33874e-05	0.000613812	-7.806	-0.00576594	0.000316622	0.00577167	176.838	0.000612561	3.65975e-05	0.000613634	3.42	-2.053871e-11
0.9925	3			0.000631873	-8.4341e-05	0.000637475	-7.596	-0.00573161	0.000314714	0.00573924	176.856	0.000539545	4.14255e-05	0.000541154	4.392	-2.300976e-11
0.99	4			0.000642125	-8.51159e-05	0.000647727	-7.548	-0.00572398	0.000314714	0.00572971	176.85	0.000414493	4.76243e-05	0.000417234	6.558	-2.656961e-11
0.9875	5			0.000653092	-8.601e-05	0.000658754	-7.5	-0.00568965	0.000312807	0.00569537	176.844	0.000201405	5.68631e-05	0.000209273	15.774	-2.05806e-11
0.985	6			0.000648919	-8.60696e-05	0.000654582	-7.554	-0.00568774	0.000312807	0.00569347	176.844	7.4089e-05	6.34794e-05	9.75733e-05	40.608	-2.099934e-11
0.9825	7			0.000648919	-8.67848e-05	0.000654642	-7.614	-0.00568774	0.000314714	0.00569347	176.832	2.44976e-05	6.75325e-05	7.18241e-05	70.062	-2.09156e-11
0.98	8			0.000653688	-8.62484e-05	0.00065935	-7.512	-0.00568965	0.000316622	0.00569537	176.814	1.58251e-05	6.69365e-05	6.87842e-05	76.692	-2.045492e-11
0.9775	9			0.000651363	-8.72617e-05	0.000657205	-7.632	-0.00568965	0.000316622	0.00569537	176.814	1.38879e-05	6.68173e-05	6.82776e-05	78.252	-2.481064e-11
0.975	10			0.000651006	-8.72021e-05	0.000656787	-7.626	-0.00568011	0.000314714	0.00568774	176.826	2.00869e-05	6.64e-05	6.93803e-05	73.146	-2.058059e-11
0.9725	11			0.000661019	-8.77385e-05	0.000666801	-7.56	-0.00567821	0.000314714	0.00568584	176.826	3.65975e-05	6.56252e-05	7.51321e-05	60.846	-2.208833e-11
0.97	12			0.00068504	-8.87518e-05	0.000690822	-7.38	-0.0056763	0.000314714	0.00568202	176.82	7.34036e-05	6.52377e-05	9.82289e-05	41.628	-1.622492e-11
0.9675	13			0.000734214	-9.08379e-05	0.000739817	-7.05	-0.00566104	0.000314714	0.00566676	176.814	0.000133247	6.11846e-05	0.000146628	24.672	-2.187893e-11
0.965	14			0.000808183	-9.60832e-05	0.000813846	-6.78	-0.00561336	0.0003109	0.00562099	176.82	0.000220598	5.60286e-05	0.000227601	14.256	-1.894724e-11
0.9625	15			0.00089157	-0.000100732	0.000897232	-6.444	-0.00552943	0.000305178	0.00553516	176.826	0.000313194	5.08728e-05	0.000317307	9.228	-2.548079e-11
0.96	16			0.000964407	-0.000104905	0.000970129	-6.204	-0.00543788	0.000299456	0.0054436	176.844	0.000376018	4.74455e-05	0.000378998	7.194	-2.104132e-11
0.9575	17			0.00099767	-0.000106574	0.00100327	-6.096	-0.00537685	0.000295641	0.00538447	176.844	0.000392796	4.62534e-05	0.000395538	6.714	-2.108321e-11
0.955	18			0.00101805	-0.000107408	0.00102378	-6.018	-0.00532344	0.000291826	0.00533107	176.844	0.000391098	4.69091e-05	0.000393899	6.84	-2.330288e-11
0.9525	19			0.00102878	-0.000108839	0.00103451	-6.036	-0.00529674	0.000289919	0.00530437	176.85	0.000379087	4.71773e-05	0.000382008	7.098	-2.007804e-11
0.95	20			0.0010351	-0.00010717	0.00104059	-5.904	-0.00527766	0.000289919	0.00528339	176.856	0.000374081	4.64919e-05	0.000376971	7.086	-2.598332e-11
0.9475	21			0.00104249	-0.000107766	0.0010481	-5.898	-0.00525668	0.000289919	0.00526431	176.844	0.000380905	4.63428e-05	0.000383707	6.942	-2.355419e-11
0.945	22			0.00103939	-0.000106812	0.00104476	-5.862	-0.0052357	0.000288012	0.00524142	176.844	0.000394763	4.64621e-05	0.000397505	6.714	-2.292599e-11
0.9425	23			0.00103749	-0.000105739	0.00104285	-5.814	-0.00519755	0.000286104	0.00520328	176.844	0.000415148	4.43759e-05	0.000417503	6.102	-2.19208e-11
0.94	24			0.00100756	-0.000103474	0.00101281	-5.856	-0.00515559	0.000284197	0.00516132	176.838	0.000442596	4.3005e-05	0.000444682	5.55	-2.317726e-11
0.9375	25			0.000945095	-9.84673e-05	0.000950221	-5.946	-0.00511745	0.000282289	0.00512317	176.832	0.0004676	4.17831e-05	0.000469448	5.106	-1.911472e-11
0.935	26			0.000900511	-9.59639e-05	0.000905637	-6.078	-0.00509837	0.000280382	0.005106	176.838	0.000485899	3.97565e-05	0.000487508	4.68	-1.752322e-11
0.9325	27			0.000762228	-8.76193e-05	0.000767235	-6.552	-0.00509647	0.000278475	0.00510219	176.856	0.000500504	3.80876e-05	0.000501994	4.356	-2.367982e-11
0.93	28			0.000610355	-7.87978e-05	0.000615481	-7.356	-0.00509265	0.000278475	0.00509837	176.85	0.000520054	3.68955e-05	0.000521366	4.056	-1.894718e-11
0.9275	29			0.000427606	-6.72345e-05	0.00043297	-8.922	-0.00508502	0.000276567	0.00509265	176.886	0.000537638	3.58226e-05	0.00053883	3.81	-2.330283e-11
0.925	30			0.000312449	-6.15125e-05	0.00031841	-11.124	-0.00508502	0.00027466	0.00508884	176.904	0.000551347	3.36769e-05	0.00055236	3.498	-2.129255e-11
0.9225	31			0.000286223	-5.86512e-05	0.000292065	-11.568	-0.00507739	0.000272753	0.00508311	176.916	0.000559513	3.12927e-05	0.000560407	3.204	-2.305162e-11
0.92	32			0.000277879	-5.87704e-05	0.000283958	-11.934	-0.00507358	0.000272753	0.0050793	176.916	0.000565711	2.97428e-05	0.000566546	3.018	-2.058059e-11
0.9175	33			0.000292422	-5.87704e-05	0.000298264	-11.352	-0.00506976	0.000272753	0.00507358	176.916	0.000567082	3.11735e-05	0.000567917	3.15	-2.112501e-11
0.915	34			0.000312569	-5.98433e-05	0.000318291	-10.83	-0.00506976	0.000270845	0.00507358	176.934	0.000569109	3.07562e-05	0.000569943	3.096	-2.116695e-11
0.9125	35			0.00032437	-6.05586e-05	0.000329973	-10.572	-0.00506786	0.000270845	0.00507167	176.928	0.000569168	3.01005e-05	0.000569943	3.03	-1.999425e-11
0.91	36			0.000339629	-6.18701e-05	0.000345232	-10.326	-0.00506595	0.000270845	0.00506976	176.928	0.000568692	2.9564e-05	0.000569467	2.976	-1.995236e-11
0.9075	37			0.000339272	-6.16317e-05	0.000344874	-10.29	-0.00506595	0.000272753	0.00506976	176.91	0.000567917	3.06966e-05	0.000568751	3.096	-2.422426e-11
0.905	38			0.000344517	-6.17509e-05	0.00035	-10.146	-0.00506595	0.000272753	0.00506976	176.91	0.000566546	3.11139e-05	0.00056738	3.15	-1.622492e-11
0.9025	39			0.000334026	-6.18701e-05	0.000339629	-10.482	-0.00506595	0.000272753	0.00506976	176.91	0.000563625	3.08158e-05	0.00056446	3.132	-2.200458e-11
0.9	40			0.000334026	-6.10356e-05	0.00033951	-10.338	-0.00506404	0.000270845	0.00506976	176.928	0.000554208	2.96236e-05	0.000554983	3.06	-2.175329e-11
0.8975	41			0.000315668	-5.93665e-05	0.000321152	-10.632	-0.00506404	0.000272753	0.00506976	176.91	0.000542168	3.12331e-05	0.000543062	3.3	-2.183707e-11
0.895	42			0.000318291	-5.90088e-05	0.000323655	-10.5	-0.00506404	0.000270845	0.00506976	176.928	0.000507597	3.24848e-05	0.00050861	3.666	-2.321915e-11
0.8925	43			0.000295999	-5.81744e-05	0.000301721	-11.094	-0.00506404	0.000270845	0.00506976	176.928	0.000416161	3.80876e-05	0.00041789	5.238	-2.334481e-11
0.89	44			0.000288488	-5.82936e-05	0.00029433	-11.412	-0.00506213	0.000270845	0.00506786	176.928	0.000244917	4.5717e-05	0.000249149	10.584	-1.72301e-11
0.8875	45			0.000255825	-5.53133e-05	0.000261666	-12.174	-0.00506213	0.000270845	0.00506786	176.928	0.000100375	5.25119e-05	0.000113249	27.618	-2.28841e-11
0.885	46			0.000281217	-5.5671e-05	0.0002867	-11.19	-0.00506213	0.000270845	0.00506786	176.928	2.50937e-05	5.57902e-05	6.11846e-05	65.766	-2.171136e-11
0.8825	47			0.000284078	-5.79359e-05	0.000290038	-11.52	-0.00506213	0.000272753	0.00506786	176.91	1.19806e-05	5.72505e-05	5.84724e-05	78.18	-2.04131e-11
0.88	48			0.000238658	-5.49557e-05	0.000244977	-12.96	-0.00506213	0.000272753	0.00506786	176.91	6.94397e-06	5.64756e-05	5.69227e-05	82.986	-2.070627e-11
0.8775	49			0.000225903	-5.48365e-05	0.000232459	-13.614	-0.00506213	0.000272753	0.00506786	176.91	6.76516e-06	5.80552e-05	5.84426e-05	83.352	-2.03712e-11
0.875	50			0.000237585	-5.61478e-05	0.000244142	-13.272	-0.00506213	0.000272753	0.00506786	176.91	7.56982e-06	5.83532e-05	5.88598e-05	82.578	-2.192082e-11
0.8725	51			0.000220061	-5.53133e-05	0.000226856	-14.076	-0.00506213	0.000272753	0.00506786	176.91	1.01925e-05	5.82936e-05	5.91876e-05	80.082	-1.802583e-11
0.87	52			0.000180007	-5.19755e-05	0.000187338	-16.098	-0.00505832	0.000272753	0.00506404	176.904	1.22488e-05	5.81744e-05	5.94559e-05	78.108	-2.271658e-11
0.8675	53			0.000189603	-5.22735e-05	0.000196696	-15.396	-0.00505832	0.000270845	0.00506213	176.922	1.73451e-05	5.81446e-05	6.06778e-05	73.374	-2.146011e-11
0.865	54			0.000194968	-5.29292e-05	0.000202001	-15.18	-0.0050526	0.000268938	0.00505641	176.94	2.52725e-05	5.78465e-05	6.31218e-05	66.384	-2.40568e-11
0.8625	55			0.000181259	-5.20947e-05	0.00018859	-16.02	-0.00504497	0.000268938	0.00505069	176.934	3.83558e-05	5.72207e-05	6.89034e-05	56.16	-2.229778e-11
0.86	56			0.000202418	-5.22735e-05	0.000209034	-14.466	-0.00503543	0.000268938	0.00504115	176.928	5.582e-05	5.79359e-05	8.04667e-05	46.074	-1.974297e-11
0.8575	57			0.000232995	-5.38232e-05	0.000239135	-12.996	-0.0050278	0.000267031	0.00503162	176.946	7.46553e-05	5.66246e-05	9.3699e-05	37.188	-2.26328e-11
0.855	58			0.000231505	-5.44193e-05	0.000237823	-13.218	-0.00501826	0.000267031	0.00502399	176.94	9.44738e-05	5.49557e-05	0.000109286	30.198	-1.953358e-11
0.8525	59			0.000215412	-5.21543e-05	0.000221611	-13.602	-0.00501063	0.000267031	0.00501636	176.934	0.000110716	5.45683e-05	0.000123472	26.244	-2.146013e-11
0.85	60			0.000236751	-5.26311e-05	0.000242532	-12.534	-0.0050011	0.000267031	0.00500491	176.928	0.000123681	5.39424e-05	0.000134946	23.568	-2.288411e-11
0.8475	61			0.00018716	-4.92933e-05	0.000193537	-14.748	-0.00499728	0.000265123	0.00500301	176.946	0.00013584	5.25119e-05	0.000145615	21.138	-2.401498e-11
0.845	62			0.000170351	-4.91145e-05	0.000177265	-16.074	-0.00499919	0.000267031	0.00500301	176.928	0.000153185	5.15583e-05	0.000161649	18.606	-2.531325e-11
0.8425	63			0.000186921	-4.93529e-05	0.000193299	-14.778	-0.00502399	0.000268938	0.00502971	176.922	0.00019309	4.78628e-05	0.000198931	13.926	-1.865408e-11
0.84	64			0.000210405	-5.06642e-05	0.000216366	-13.536	-0.00502399	0.000265123	0.00502971	176.964	0.00023526	4.53892e-05	0.000239612	10.926	-2.125077e-11
0.8375	65			0.00022626	-5.12006e-05	0.000231982	-12.738	-0.00501254	0.000263216	0.00501636	176.976	0.000260832	4.33924e-05	0.000264408	9.45	-1.907292e-11
0.835	66			0.000254335	-5.3406e-05	0.000259878	-11.85	-0.00499728	0.000263216	0.00500301	176.982	0.000291081	4.07698e-05	0.000293942	7.974	-2.175331e-11
0.8325	67			0.000277402	-5.54922e-05	0.000282945	-11.304	-0.00494674	0.000261309	0.00495246	176.976	0.000316473	3.70743e-05	0.000318618	6.684	-2.267472e-11
0.83	68			0.000306847	-5.57902e-05	0.000311853	-10.302	-0.00488666	0.000257494	0.00489143	176.976	0.000347169	3.60312e-05	0.000349047	5.928	-2.032935e-11
0.8275	69			0.000346662	-5.8234e-05	0.00035149	-9.528	-0.00479987	0.000253679	0.00480559	176.97	0.000391515	3.29318e-05	0.000392886	4.812	-1.75652e-11
0.825	70			0.000384094	-6.15125e-05	0.000388982	-9.09	-0.00478271	0.000251772	0.00478843	176.976	0.000431689	3.12629e-05	0.000432821	4.146	-2.275847e-11
0.8225	71			0.000391485	-6.24065e-05	0.000396432	-9.054	-0.00475028	0.000249865	0.004756	176.982	0.000435593	3.09052e-05	0.000436695	4.062	-2.200462e-11
0.82	72			0.000409128	-6.30026e-05	0.000413897	-8.748	-0.00465682	0.000247957	0.00466254	176.952	0.00045556	3.02197e-05	0.000456573	3.798	-2.1167e-11
0.8175	73			0.000406804	-6.31218e-05	0.000411632	-8.808	-0.00465968	0.000247957	0.0046654	176.952	0.000459196	3.01601e-05	0.000460209	3.762	-1.827717e-11
0.815	74			0.000402393	-6.27642e-05	0.000407221	-8.862	-0.00465682	0.000247957	0.00466254	176.94	0.000460031	3.17695e-05	0.000461163	3.954	-2.451747e-11
0.8125	75			0.000394942	-6.33006e-05	0.000400009	-9.102	-0.00464633	0.000247957	0.00465205	176.946	0.000462534	3.08754e-05	0.000463547	3.828	-2.506198e-11
0.81	76			0.000391068	-6.17509e-05	0.000395896	-8.97	-0.00463393	0.000247957	0.00463966	176.934	0.000467362	3.29616e-05	0.000468554	4.032	-2.451754e-11
0.8075	77			0.000383498	-6.21085e-05	0.000388505	-9.198	-0.00462821	0.000247957	0.00463393	176.934	0.000472547	3.29616e-05	0.00047368	3.99	-2.52714e-11
0.805	78			0.000388565	-6.20489e-05	0.000393452	-9.066	-0.00463107	0.000247957	0.00463679	176.928	0.000482382	3.13523e-05	0.000483455	3.72	-1.953362e-11
0.8025	79			0.000418665	-6.46715e-05	0.000423612	-8.778	-0.00464061	0.000247957	0.00464633	176.934	0.000497881	3.08158e-05	0.000498895	3.546	-1.961739e-11
0.8	80			0.000480892	-6.69961e-05	0.000485482	-7.926	-0.00463679	0.000248911	0.00464252	176.922	0.000481548	3.07562e-05	0.000482501	3.654	-2.225595e-11
0.7975	81			0.000567738	-7.17645e-05	0.000572208	-7.2	-0.00458148	0.000247004	0.0045872	176.91	0.000439109	3.17099e-05	0.000440242	4.14	-2.04969e-11
0.795	82			0.000643555	-7.54003e-05	0.000647906	-6.678	-0.00447372	0.000241281	0.00447944	176.904	0.00040275	3.36173e-05	0.000404181	4.776	-2.058066e-11
0.7925	83			0.000683073	-7.78441e-05	0.000687484	-6.498	-0.00438312	0.000236512	0.00438884	176.898	0.000399234	3.18887e-05	0.000400485	4.572	-2.250723e-11
0.79	84			0.000699226	-7.84402e-05	0.000703637	-6.402	-0.00433448	0.000234605	0.0043402	176.898	0.000393094	3.30808e-05	0.000394525	4.818	-2.208841e-11
0.7875	85			0.000705365	-7.88574e-05	0.000709776	-6.378	-0.0043135	0.000232697	0.00431827	176.904	0.000382068	3.33788e-05	0.000383498	4.998	-1.743956e-11
0.785	86			0.000703637	-7.77845e-05	0.000707928	-6.3	-0.00429824	0.000232697	0.00430301	176.892	0.000376405	3.36769e-05	0.000377895	5.118	-2.020374e-11
0.7825	87			0.000705902	-7.73077e-05	0.000710133	-6.246	-0.00429252	0.00023079	0.00429729	176.916	0.000373425	3.44517e-05	0.000375034	5.28	-2.196275e-11
0.78	88			0.000692789	-7.62348e-05	0.000696961	-6.276	-0.00428584	0.00023079	0.00429061	176.91	0.000366988	3.38557e-05	0.000368597	5.274	-1.96174e-11
0.7775	89			0.000677709	-7.47447e-05	0.000681821	-6.294	-0.00426486	0.000229836	0.00426963	176.916	0.000340404	3.56438e-05	0.000342311	5.988	-1.831909e-11
0.775	90			0.000665728	-7.29566e-05	0.000669722	-6.252	-0.00424388	0.000225068	0.00424865	176.952	0.000280084	3.71935e-05	0.000282528	7.572	-2.472692e-11
0.7725	91			0.00066996	-7.42082e-05	0.000674073	-6.318	-0.00423434	0.000222207	0.00423911	176.988	0.000217319	3.83856e-05	0.000220717	10.026	-2.41406e-11
0.77	92			0.00065488	-7.23605e-05	0.000658814	-6.3	-0.00422576	0.000221253	0.00423053	176.994	0.000194968	3.8624e-05	0.000198782	11.202	-2.108326e-11
0.7675	93			0.000646476	-7.0632e-05	0.00065029	-6.234	-0.0042229	0.000221253	0.00422767	177.0	0.000198425	3.79088e-05	0.000202001	10.83	-2.430815e-11
0.765	94			0.000636641	-7.05724e-05	0.000640515	-6.318	-0.00422195	0.000221253	0.00422671	177.0	0.000200153	3.92797e-05	0.000203968	11.106	-2.652786e-11
0.7625	95			0.000616554	-6.8665e-05	0.000620369	-6.354	-0.00422004	0.000221253	0.00422481	176.988	0.000202001	3.8624e-05	0.000205637	10.824	-2.472697e-11
0.76	96			0.000567261	-6.65192e-05	0.000571135	-6.684	-0.00421908	0.0002203	0.00422385	177.006	0.000205935	3.81472e-05	0.000209452	10.5	-1.995247e-11
0.7575	97			0.000528637	-6.46119e-05	0.000532571	-6.96	-0.00421908	0.0002203	0.00422385	177.006	0.000211061	3.70147e-05	0.000214339	9.96	-2.120891e-11
0.755	98			0.000496093	-6.2943e-05	0.000500027	-7.23	-0.00421908	0.000222207	0.00422385	176.976	0.000225783	3.66571e-05	0.000228704	9.234	-1.936611e-11
0.7525	99			0.000442805	-5.89492e-05	0.000446739	-7.578	-0.00421908	0.000222207	0.00422385	176.976	0.000256183	3.62399e-05	0.000258746	8.064	-1.932421e-11
0.75	100			0.000305237	-5.10814e-05	0.000309469	-9.492	-0.00421908	0.000222207	0.00422385	176.976	0.000293436	3.49286e-05	0.000295462	6.786	-2.045505e-11
0.7475	101			0.000169397	-4.41077e-05	0.00017506	-14.586	-0.00422004	0.000221253	0.00422481	177.0	0.000324788	3.26636e-05	0.000326397	5.742	-2.280042e-11
0.745	102			9.79309e-05	-3.95777e-05	0.00010562	-21.99	-0.00421908	0.0002203	0.00422385	177.006	0.000344874	3.06966e-05	0.000346245	5.088	-2.062256e-11
0.7425	103			6.86948e-05	-3.85048e-05	7.87382e-05	-29.262	-0.00421908	0.000219346	0.00422385	177.012	0.000344159	3.12927e-05	0.00034559	5.196	-1.781649e-11
0.74	104			5.68035e-05	-3.79386e-05	6.82776e-05	-33.714	-0.00421813	0.0002203	0.0042229	177.006	0.000281336	3.32596e-05	0.000283303	6.744	-2.083196e-11
0.7375	105			5.82638e-05	-3.7581e-05	6.93207e-05	-32.802	-0.00421813	0.000219346	0.0042229	177.012	0.000163794	3.82068e-05	0.000168205	13.134	-1.919859e-11
0.735	106			6.65789e-05	-3.88327e-05	7.70395e-05	-30.24	-0.00422004	0.000219346	0.00422481	177.018	5.23033e-05	4.45845e-05	6.87246e-05	40.446	-2.120892e-11
0.7325	107			7.3791e-05	-3.76704e-05	8.28211e-05	-27.03	-0.00422195	0.0002203	0.00422671	177.006	2.10182e-05	4.43684e-05	4.90921e-05	64.656	-1.857037e-11
0.73	108			8.37748e-05	-3.87433e-05	9.22685e-05	-24.81	-0.00422195	0.0002203	0.00422671	177.006	1.60859e-05	4.59182e-05	4.86525e-05	70.698	-2.317735e-11
0.7275	109			9.13446e-05	-4.05314e-05	9.99277e-05	-23.922	-0.00422195	0.000221253	0.00422671	177.0	1.98857e-05	4.54264e-05	4.95913e-05	66.36	-2.451756e-11
0.725	110			8.75597e-05	-3.83558e-05	9.56063e-05	-23.646	-0.00422004	0.000221253	0.00422481	177.0	2.89382e-05	4.41822e-05	5.28174e-05	56.772	-1.936614e-11
0.7225	111			8.65762e-05	-3.89817e-05	9.49209e-05	-24.24	-0.0042105	0.0002203	0.00421527	177.0	4.61566e-05	4.3534e-05	6.34496e-05	43.326	-1.911482e-11
0.72	112			0.00011167	-3.97565e-05	0.000118554	-19.59	-0.0041981	0.000219346	0.00420287	177.0	7.05649e-05	4.29677e-05	8.262e-05	31.338	-2.472692e-11
0.7175	113			0.000133456	-4.0442e-05	0.000139416	-16.848	-0.00418571	0.000218392	0.00419047	177.012	9.40566e-05	4.24536e-05	0.000103198	24.294	-1.739773e-11
0.715	114			0.000157685	-4.27368e-05	0.000163347	-15.156	-0.00417426	0.000217439	0.00417903	177.012	0.000122615	4.23866e-05	0.00012973	19.074	-2.22141e-11
0.7125	115			0.000174166	-4.29454e-05	0.000179381	-13.848	-0.00416377	0.000216485	0.00416854	177.012	0.000143141	4.05463e-05	0.000148774	15.816	-2.016188e-11
0.71	116			0.000197978	-4.48527e-05	0.000203014	-12.762	-0.00415137	0.000216485	0.00415519	177.012	0.000162208	3.9533e-05	0.000166954	13.698	-2.309359e-11
0.7075	117			0.000196398	-4.44951e-05	0.000201375	-12.762	-0.00413707	0.000216485	0.00414184	177.0	0.000185014	4.01142e-05	0.000189335	12.234	-2.028751e-11
0.705	118			0.000213535	-4.49123e-05	0.000218214	-11.874	-0.00412372	0.000216485	0.00412849	176.994	0.000217409	3.61504e-05	0.000220419	9.444	-1.727203e-11
0.7025	119			0.000218601	-4.49719e-05	0.000223161	-11.616	-0.0040932	0.00021267	0.00409797	177.018	0.000246229	3.51372e-05	0.000248732	8.124	-1.873788e-11
0.7	120			0.000209899	-4.42269e-05	0.000214488	-11.892	-0.00406268	0.000210763	0.0040665	177.024	0.000270696	3.41537e-05	0.000272842	7.194	-1.794214e-11
0.6975	121			0.000209452	-4.51209e-05	0.00021425	-12.15	-0.00401595	0.000208856	0.00401977	177.018	0.000296595	3.16801e-05	0.000298293	6.096	-2.305173e-11
0.695	122			0.000195981	-4.35116e-05	0.000200749	-12.51	-0.00396922	0.000205995	0.00397399	177.018	0.000312241	3.05476e-05	0.000313731	5.586	-2.070635e-11
0.6925	123			0.000181527	-4.35712e-05	0.000186683	-13.494	-0.00393394	0.000204087	0.0039387	177.024	0.000323864	3.00409e-05	0.000325235	5.304	-2.083198e-11
0.69	124			0.000174464	-4.3452e-05	0.000179798	-13.98	-0.00391868	0.000204087	0.00392345	177.012	0.00033349	2.93852e-05	0.000334801	5.04	-2.045504e-11
0.6875	125			0.000206084	-4.49719e-05	0.000210912	-12.306	-0.00391391	0.000203134	0.00391868	177.018	0.00035003	2.87296e-05	0.000351222	4.692	-1.974305e-11
0.685	126			0.000268253	-4.80416e-05	0.000272514	-10.152	-0.00391868	0.000203134	0.00392345	177.018	0.000391515	2.60473e-05	0.000392379	3.81	-2.200465e-11
0.6825	127			0.000381293	-5.53729e-05	0.000385286	-8.262	-0.00392058	0.000205041	0.0039244	176.994	0.000486018	2.05637e-05	0.000486435	2.424	-2.460135e-11
0.68	128			0.00044957	-5.85916e-05	0.000453355	-7.422	-0.00387003	0.000203134	0.00387384	176.994	0.000564817	1.60934e-05	0.000565056	1.638	-1.639252e-11
0.6775	129			0.000494424	-6.1274e-05	0.000498179	-7.062	-0.00374509	0.000196458	0.00374891	176.982	0.000622693	1.32919e-05	0.000622813	1.224	-2.14183e-11
0.675	130			0.00048721	-6.02009e-05	0.000490908	-7.044	-0.00366689	0.000193597	0.00367166	176.97	0.000623289	1.51396e-05	0.000623528	1.392	-1.903101e-11
0.6725	131			0.000477733	-5.93069e-05	0.000481369	-7.074	-0.00363256	0.000190736	0.00363733	176.982	0.00060058	1.53185e-05	0.000600759	1.464	-2.196279e-11
0.67	132			0.000471892	-5.80552e-05	0.000475468	-7.008	-0.00362398	0.000189782	0.00362875	176.988	0.000538591	1.8418e-05	0.000538889	1.962	-1.944988e-11
0.6675	133			0.000470283	-5.79956e-05	0.000473859	-7.026	-0.00362112	0.000188828	0.00362493	177.006	0.000446202	2.05041e-05	0.000446619	2.634	-2.665358e-11
0.665	134			0.000474216	-5.72803e-05	0.000477673	-6.882	-0.00362112	0.000189782	0.00362493	176.988	0.000335874	2.63454e-05	0.000336887	4.488	-2.351244e-11
0.6625	135			0.00046456	-5.67439e-05	0.000467958	-6.96	-0.0036173	0.000188828	0.00362016	177.006	0.000266315	2.88488e-05	0.000267865	6.186	-1.93661e-11
0.66	136			0.000451865	-5.60882e-05	0.000455322	-7.068	-0.00361635	0.000189782	0.00362016	176.994	0.000239433	3.01601e-05	0.00024134	7.182	-2.347053e-11
0.6575	137			0.000436844	-5.38232e-05	0.000440123	-7.02	-0.00361826	0.000186921	0.00362207	177.036	0.000231327	2.9266e-05	0.000233174	7.218	-2.284231e-11
0.655	138			0.000425937	-5.32868e-05	0.000429215	-7.122	-0.0036173	0.000187875	0.00362112	177.024	0.000234366	3.00409e-05	0.000236274	7.308	-2.158586e-11
0.6525	139			0.000419619	-5.25715e-05	0.000422897	-7.134	-0.0036173	0.000187875	0.00362016	177.024	0.000234486	3.08754e-05	0.000236512	7.512	-1.96593e-11
0.65	140			0.000397744	-5.06046e-05	0.000400962	-7.248	-0.0036173	0.000185967	0.00362016	177.048	0.000217796	3.00409e-05	0.000219882	7.866	-2.330303e-11
0.6475	141			0.000417711	-5.23331e-05	0.000420989	-7.14	-0.0036173	0.000185967	0.00362112	177.048	0.000177504	3.21867e-05	0.000180424	10.29	-1.702076e-11
0.645	142			0.000415208	-5.16179e-05	0.000418367	-7.08	-0.00361539	0.000185967	0.00361921	177.054	0.000131608	3.39749e-05	0.0001359	14.496	-2.481075e-11
0.6425	143			0.000390591	-5.00085e-05	0.00039375	-7.29	-0.0036173	0.000185014	0.00362016	177.066	0.000107825	3.5465e-05	0.000113488	18.222	-2.15021e-11
0.64	144			0.000364305	-4.97105e-05	0.000367703	-7.764	-0.0036173	0.000185014	0.00362016	177.066	9.57255e-05	3.63591e-05	0.000102401	20.814	-2.225598e-11
0.6375	145			0.00033051	-4.77436e-05	0.000333907	-8.22	-0.00361539	0.00018406	0.00361921	177.078	7.94237e-05	3.71041e-05	8.76789e-05	25.038	-1.995244e-11
0.635	146			0.000306727	-4.67303e-05	0.000310304	-8.658	-0.00361539	0.000185014	0.00361921	177.066	7.3046e-05	3.74916e-05	8.21059e-05	27.18	-1.710449e-11
0.6325	147			0.000267567	-4.55978e-05	0.000271441	-9.666	-0.00361826	0.000185967	0.00362207	177.048	5.90982e-05	3.77896e-05	7.01551e-05	32.598	-2.472701e-11
0.63	148			0.000218512	-4.21407e-05	0.000222565	-10.914	-0.00362016	0.000185967	0.00362398	177.048	4.24387e-05	3.85644e-05	5.73399e-05	42.27	-1.965931e-11
0.6275	149			0.00016147	-3.92201e-05	0.000166179	-13.644	-0.00362302	0.000186921	0.00362684	177.042	2.94448e-05	4.00248e-05	4.96956e-05	53.664	-2.527145e-11
0.625	150			9.75137e-05	-3.45113e-05	0.000103415	-19.482	-0.00361635	0.000185967	0.00362016	177.048	4.28783e-05	3.86315e-05	5.77199e-05	42.018	-2.087387e-11
0.6225	151			7.20029e-05	-3.2753e-05	7.91256e-05	-24.45	-0.00359823	0.00018406	0.00360204	177.06	7.94386e-05	3.56811e-05	8.70829e-05	24.192	-2.38056e-11
0.62	152			7.10492e-05	-3.12331e-05	7.76057e-05	-23.712	-0.00357534	0.000183106	0.00357915	177.054	0.000117355	3.32447e-05	0.000121974	15.822	-2.225597e-11
0.6175	153			8.49669e-05	-3.3349e-05	9.1285e-05	-21.426	-0.00354864	0.000182153	0.0035515	177.054	0.000151576	3.16428e-05	0.000154846	11.79	-1.919859e-11
0.615	154			0.000102938	-3.43921e-05	0.000108541	-18.456	-0.0035248	0.000180245	0.00352861	177.066	0.000173041	3.04581e-05	0.000175701	9.984	-1.815156e-11
0.6125	155			0.000121117	-3.58226e-05	0.000126303	-16.464	-0.0035	0.000178338	0.00350381	177.078	0.000180752	2.89382e-05	0.000183047	9.102	-1.907297e-11
0.61	156			0.000134767	-3.61504e-05	0.000139535	-15.006	-0.00347616	0.000178338	0.00347997	177.06	0.000189365	3.01601e-05	0.000191749	9.048	-1.635064e-11
0.6075	157			0.000141353	-3.60312e-05	0.000145883	-14.298	-0.00345804	0.000176431	0.0034609	177.066	0.000197859	2.93852e-05	0.000200034	8.454	-2.443378e-11
0.605	158			0.000139029	-3.61206e-05	0.000143648	-14.55	-0.00342657	0.000175477	0.00343038	177.06	0.000198484	2.8819e-05	0.000200571	8.268	-2.192091e-11
0.6025	159			0.000126065	-3.53756e-05	0.000130952	-15.666	-0.00340272	0.000174523	0.00340559	177.06	0.000204266	2.86998e-05	0.000206263	8.004	-2.133456e-11
0.6	160			0.000128568	-3.5614e-05	0.000133396	-15.474	-0.00339319	0.00017357	0.003397	177.066	0.000221492	2.68818e-05	0.000223131	6.924	-1.630879e-11
0.5975	161			0.000163824	-3.74916e-05	0.000168056	-12.888	-0.00339605	0.00017357	0.00339891	177.066	0.000274004	2.34247e-05	0.000274988	4.89	-2.02038e-11
0.595	162			0.000218929	-4.07102e-05	0.000222684	-10.524	-0.00339414	0.000174523	0.00339796	177.054	0.000381442	1.94312e-05	0.000381919	2.922	-2.338677e-11
0.5925	163			0.000261726	-4.27964e-05	0.000265183	-9.282	-0.00332262	0.000170709	0.00332643	177.048	0.000479998	1.45436e-05	0.000480236	1.74	-2.321926e-11
0.59	164			0.000269296	-4.36904e-05	0.000272812	-9.21	-0.00323869	0.00016594	0.00324155	177.054	0.000489537	1.32919e-05	0.000489715	1.554	-2.091577e-11
0.5875	165			0.000295909	-4.43461e-05	0.000299187	-8.52	-0.00317957	0.000163079	0.00318243	177.06	0.000480177	1.46628e-05	0.000480415	1.752	-2.171153e-11
0.585	166			0.000316085	-4.5717e-05	0.000319393	-8.226	-0.00316621	0.000163079	0.00316907	177.036	0.000463666	1.62126e-05	0.000463964	2.004	-2.631851e-11
0.5825	167			0.000339361	-4.69389e-05	0.00034258	-7.872	-0.00316526	0.000161172	0.00316812	177.072	0.00045866	1.51396e-05	0.000458958	1.896	-2.33449e-11
0.58	168			0.00033802	-4.62832e-05	0.000341179	-7.794	-0.00316526	0.000163079	0.00316812	177.048	0.000453951	1.49012e-05	0.000454189	1.884	-2.129272e-11
0.5775	169			0.000317158	-4.41375e-05	0.000320228	-7.92	-0.00316431	0.000162126	0.00316717	177.06	0.000443222	1.57953e-05	0.00044346	2.04	-2.192093e-11
0.575	170			0.000310691	-4.41673e-05	0.00031382	-8.088	-0.00316431	0.000161172	0.00316717	177.078	0.000411214	1.63914e-05	0.000411572	2.286	-2.271668e-11
0.5725	171			0.000294598	-4.25878e-05	0.000297638	-8.22	-0.00316526	0.000161172	0.00316907	177.072	0.000317695	1.94312e-05	0.000318291	3.498	-1.999437e-11
0.57	172			0.000276657	-4.06208e-05	0.000279607	-8.352	-0.00316526	0.000161172	0.00316812	177.084	0.000203789	2.53321e-05	0.000205339	7.092	-2.455949e-11
0.5675	173			0.000271948	-3.96671e-05	0.000274809	-8.292	-0.00316431	0.000159265	0.00316717	177.108	0.000150503	2.84911e-05	0.000153185	10.722	-2.326117e-11
0.565	174			0.000269147	-4.05314e-05	0.000272186	-8.562	-0.00316526	0.000161172	0.00316907	177.084	0.000126482	2.84315e-05	0.000129641	12.666	-2.10833e-11
0.5625	175			0.000261309	-4.10082e-05	0.000264497	-8.91	-0.00316526	0.000160218	0.00316907	177.096	0.000115157	3.01005e-05	0.000118971	14.664	-2.020378e-11
0.56	176			0.000255557	-4.10976e-05	0.000258835	-9.138	-0.00316526	0.000161172	0.00316907	177.072	0.000101209	3.07562e-05	0.000105739	16.908	-2.263296e-11
0.5575	177			0.000230373	-3.85942e-05	0.000233562	-9.51	-0.00316526	0.000161172	0.00316907	177.084	7.32248e-05	3.17099e-05	7.98111e-05	23.412	-2.079013e-11
0.555	178			0.000207127	-3.75214e-05	0.000210495	-10.266	-0.00316526	0.000159265	0.00316907	177.108	5.17073e-05	3.22761e-05	6.09758e-05	31.98	-2.338677e-11
0.5525	179			0.000193835	-3.69253e-05	0.000197322	-10.782	-0.00316717	0.000159265	0.00317003	177.12	3.29243e-05	3.2142e-05	4.6015e-05	44.316	-2.095761e-11
0.55	180			0.000177921	-3.57928e-05	0.000181467	-11.364	-0.0031748	0.000160218	0.00317766	177.102	3.26338e-05	3.40941e-05	4.71997e-05	46.254	-2.045506e-11
0.5475	181			0.000182987	-3.45709e-05	0.000186236	-10.698	-0.00317194	0.000160218	0.00317575	177.102	4.97701e-05	3.24103e-05	5.93963e-05	33.072	-2.099953e-11
0.545	182			0.000216992	-3.68955e-05	0.000220121	-9.648	-0.00315191	0.000160218	0.00315572	177.084	8.13608e-05	3.06519e-05	8.69487e-05	20.646	-1.995252e-11
0.5425	183			0.000232817	-3.80578e-05	0.000235916	-9.276	-0.00311853	0.000157357	0.00312234	177.102	0.000114784	2.90201e-05	0.000118398	14.19	-2.217223e-11
0.54	184			0.000208349	-3.64783e-05	0.000211508	-9.924	-0.00308134	0.000156404	0.0030842	177.09	0.000142762	2.79249e-05	0.000145474	11.07	-1.869607e-11
0.5375	185			0.000161738	-3.31404e-05	0.000165106	-11.574	-0.00304033	0.000154496	0.00304319	177.09	0.000144803	2.83645e-05	0.00014756	11.082	-1.886355e-11
0.535	186			0.000125022	-3.06966e-05	0.000128747	-13.788	-0.00301649	0.000152589	0.00301935	177.09	0.000142911	2.69787e-05	0.000145436	10.692	-1.932429e-11
0.5325	187			0.000114739	-3.10245e-05	0.000118852	-15.126	-0.00300504	0.000151635	0.0030079	177.102	0.000148796	2.6405e-05	0.000151121	10.062	-2.037133e-11
0.53	188			0.000151486	-3.25444e-05	0.000154943	-12.114	-0.00300409	0.000151635	0.00300695	177.102	0.000196696	2.35141e-05	0.000198097	6.822	-2.723991e-11
0.5275	189			0.000180961	-3.37663e-05	0.00018406	-10.566	-0.00299551	0.000150681	0.00299837	177.108	0.000278534	1.88948e-05	0.00027916	3.882	-2.1544e-11
0.525	190			0.000179918	-3.40047e-05	0.000183077	-10.698	-0.00293256	0.000148774	0.00293638	177.084	0.000337841	1.57953e-05	0.000338199	2.682	-2.204658e-11
0.5225	191			0.000142605	-3.12629e-05	0.000146003	-12.36	-0.00284864	0.000144006	0.00285245	177.096	0.000334801	1.64212e-05	0.000335218	2.808	-2.435008e-11
0.52	192			0.000112504	-3.02793e-05	0.000116498	-15.054	-0.00281812	0.000143052	0.00282098	177.072	0.000329645	1.73749e-05	0.000330092	3.024	-1.911486e-11
0.5175	193			9.9272e-05	-2.95044e-05	0.000103534	-16.548	-0.00281335	0.000143052	0.00281622	177.084	0.000336947	1.68384e-05	0.000337364	2.862	-2.305171e-11
0.515	194			0.000115723	-3.08456e-05	0.000119746	-14.916	-0.00281335	0.000143052	0.00281526	177.084	0.000348719	1.55271e-05	0.000349076	2.55	-1.517798e-11
0.5125	195			0.000160606	-3.26636e-05	0.000163884	-11.49	-0.0028124	0.000141145	0.00281431	177.108	0.000354739	1.47522e-05	0.000355037	2.382	-2.012001e-11
0.51	196			0.000197441	-3.42729e-05	0.000200392	-9.84	-0.00281335	0.000141145	0.00281622	177.108	0.000355007	1.55867e-05	0.000355365	2.514	-1.999441e-11
0.5075	197			0.0002172	-3.44815e-05	0.000219912	-9.018	-0.00281335	0.000140191	0.00281526	177.138	0.00035012	1.60338e-05	0.000350477	2.622	-2.372182e-11
0.505	198			0.000210852	-3.48988e-05	0.000213713	-9.39	-0.00281335	0.000141145	0.00281622	177.126	0.000333877	1.61232e-05	0.000334265	2.766	-2.074823e-11
0.5025	199			0.000217737	-3.57332e-05	0.000220657	-9.312	-0.00281335	0.000141145	0.00281622	177.126	0.000290455	1.82689e-05	0.000291022	3.6	-2.317738e-11
0.5	200			0.000203879	-3.40345e-05	0.00020671	-9.474	-0.00281335	0.000141145	0.00281622	177.108	0.00020066	2.08617e-05	0.000201763	5.94	-1.97012e-11
0.4975	201			0.000187279	-3.40345e-05	0.000190348	-10.29	-0.00281335	0.000141145	0.00281526	177.108	0.000111491	2.67924e-05	0.00011468	13.512	-1.88636e-11
0.495	202			0.000158818	-3.2604e-05	0.000162126	-11.592	-0.00281335	0.000142098	0.00281622	177.096	6.3837e-05	2.83123e-05	6.98571e-05	23.91	-2.271675e-11
0.4925	203			0.000149877	-3.13523e-05	0.000153125	-11.814	-0.00281526	0.000141145	0.00281717	177.126	4.24685e-05	2.9266e-05	5.15881e-05	34.578	-2.443384e-11
0.49	204			0.000159056	-3.16503e-05	0.000162155	-11.256	-0.00281526	0.000142098	0.00281812	177.102	4.29454e-05	2.85805e-05	5.15881e-05	33.648	-2.116704e-11
0.4875	205			0.000189097	-3.26338e-05	0.000191898	-9.792	-0.00281049	0.000141145	0.0028124	177.108	6.45225e-05	2.81931e-05	7.04234e-05	23.616	-2.162777e-11
0.485	206			0.000209064	-3.36173e-05	0.000211746	-9.132	-0.00279142	0.000139237	0.00279333	177.126	9.7156e-05	2.7299e-05	0.000100941	15.702	-2.058076e-11
0.4825	207			0.000211091	-3.29318e-05	0.000213624	-8.868	-0.00275899	0.00013733	0.0027609	177.138	0.000122041	2.57195e-05	0.000124724	11.904	-1.978502e-11
0.48	208			0.000227571	-3.35875e-05	0.000230045	-8.394	-0.00273325	0.000136376	0.00273515	177.12	0.000131638	2.38718e-05	0.000133784	10.29	-1.898921e-11
0.4775	209			0.000249596	-3.45411e-05	0.00025198	-7.878	-0.00271703	0.000136376	0.00271894	177.108	0.000139774	2.3544e-05	0.000141741	9.57	-2.439194e-11
0.475	210			0.000278445	-3.59418e-05	0.00028074	-7.35	-0.00270273	0.000134469	0.00270464	177.132	0.000175388	2.16366e-05	0.000176699	7.038	-2.522962e-11
0.4725	211			0.000282289	-3.70445e-05	0.000284703	-7.476	-0.002656	0.000133515	0.00265886	177.114	0.000240416	1.82093e-05	0.000241102	4.338	-2.321929e-11
0.47	212			0.000189007	-3.11735e-05	0.00019157	-9.354	-0.00257684	0.000129701	0.0025797	177.114	0.000240893	1.77027e-05	0.000241549	4.206	-2.062261e-11
0.4675	213			0.000100643	-2.63752e-05	0.00010404	-14.682	-0.0025406	0.000127793	0.00254251	177.114	0.000205399	1.96398e-05	0.000206322	5.466	-2.053883e-11
0.465	214			5.41213e-05	-2.4289e-05	5.93069e-05	-24.144	-0.00253202	0.00012684	0.00253488	177.12	0.000189454	2.05637e-05	0.000190557	6.198	-1.986877e-11
0.4625	215			3.48839e-05	-2.2337e-05	4.1418e-05	-32.628	-0.00253297	0.000127793	0.00253583	177.108	0.000213833	1.84478e-05	0.000214607	4.932	-1.85704e-11
0.46	216			2.8886e-05	-2.27393e-05	3.67614e-05	-38.196	-0.00253202	0.000125886	0.00253393	177.15	0.000244947	1.66e-05	0.000245513	3.882	-2.074826e-11
0.4575	217			4.40257e-05	-2.27095e-05	4.95317e-05	-27.282	-0.00253202	0.000125886	0.00253393	177.15	0.000270845	1.57655e-05	0.000271322	3.33	-2.20466e-11
0.455	218			6.17732e-05	-2.42592e-05	6.63702e-05	-21.432	-0.00253107	0.000123979	0.00253297	177.18	0.000280114	1.50204e-05	0.000280501	3.078	-2.02038e-11
0.4525	219			8.7582e-05	-2.58685e-05	9.13222e-05	-16.452	-0.00253202	0.000123979	0.00253393	177.18	0.00027919	1.62722e-05	0.000279697	3.342	-1.810972e-11
0.45	220			0.000110403	-2.70904e-05	0.000113681	-13.782	-0.00253202	0.000125886	0.00253488	177.138	0.000267448	1.59146e-05	0.000267925	3.408	-2.330305e-11
0.4475	221			9.76552e-05	-2.65242e-05	0.000101194	-15.192	-0.00253297	0.000125886	0.00253583	177.138	0.000228227	1.86564e-05	0.000229002	4.68	-2.443383e-11
0.445	222			0.000101924	-2.70457e-05	0.000105449	-14.856	-0.00253297	0.00012684	0.00253583	177.12	0.000154437	2.14578e-05	0.000155897	7.92	-2.087386e-11
0.4425	223			0.000109949	-2.75449e-05	0.000113339	-14.064	-0.00253202	0.000125886	0.00253393	177.138	9.30135e-05	2.32161e-05	9.58745e-05	14.022	-2.079014e-11
0.44	224			0.000120946	-2.73885e-05	0.000124008	-12.756	-0.00252534	0.000125886	0.00252821	177.126	7.74269e-05	2.33651e-05	8.08542e-05	16.794	-1.986872e-11
0.4375	225			0.000167997	-2.89084e-05	0.000170463	-9.762	-0.00250913	0.000125886	0.00251104	177.126	0.000101626	2.31565e-05	0.000104219	12.84	-1.97012e-11
0.435	226			0.000189424	-3.03985e-05	0.000191838	-9.114	-0.00249006	0.000123979	0.00249292	177.132	0.000132621	2.10108e-05	0.00013429	9.0	-2.016191e-11
0.4325	227			0.000238777	-3.21867e-05	0.000240923	-7.674	-0.00247671	0.000123979	0.00247957	177.132	0.000164182	1.91034e-05	0.000165314	6.642	-2.16278e-11
0.43	228			0.000287058	-3.48093e-05	0.000289144	-6.906	-0.00245287	0.000123025	0.00245573	177.12	0.000202389	1.72855e-05	0.000203134	4.884	-2.129268e-11
0.4275	229			0.000293793	-3.5167e-05	0.000295879	-6.828	-0.00238134	0.000117302	0.00238229	177.162	0.000216068	1.5855e-05	0.000216664	4.206	-1.693701e-11
0.425	230			0.000226737	-3.15609e-05	0.000228913	-7.92	-0.00231935	0.000114441	0.00232126	177.156	0.000170887	1.86564e-05	0.000171901	6.234	-1.714642e-11
0.4225	231			0.00015694	-2.81931e-05	0.000159414	-10.176	-0.00230409	0.000113488	0.002306	177.168	0.000124336	2.05935e-05	0.000126035	9.402	-2.045508e-11
0.42	232			8.72617e-05	-2.36334e-05	9.04207e-05	-15.15	-0.00230123	0.000114441	0.00230314	177.15	0.000104905	2.08617e-05	0.000106961	11.244	-2.552275e-11
0.4175	233			3.35725e-05	-2.00794e-05	3.91158e-05	-30.87	-0.00230314	0.000113488	0.00230505	177.168	0.000121505	1.9312e-05	0.000123025	9.042	-2.263293e-11
0.415	234			1.72855e-05	-1.96175e-05	2.61442e-05	-48.606	-0.00230218	0.000112534	0.00230409	177.18	0.000154913	1.79113e-05	0.000155956	6.6	-2.116703e-11
0.4125	235			1.37538e-05	-1.91332e-05	2.35589e-05	-54.27	-0.00230218	0.000112534	0.00230409	177.198	0.000195594	1.61828e-05	0.000196249	4.734	-2.288422e-11
0.41	236			1.18316e-05	-1.95132e-05	2.28138e-05	-58.764	-0.00230218	0.000113488	0.00230409	177.168	0.000222952	1.63318e-05	0.000223548	4.188	-1.496856e-11
0.4075	237			2.46317e-05	-2.11523e-05	3.24624e-05	-40.644	-0.00230218	0.000114441	0.00230409	177.15	0.000225366	1.52887e-05	0.000225903	3.882	-1.760708e-11
0.405	238			3.6374e-05	-2.14727e-05	4.22376e-05	-30.552	-0.00230409	0.000114441	0.002306	177.15	0.000211061	1.63914e-05	0.000211687	4.446	-2.61091e-11
0.4025	239			6.95367e-05	-2.20464e-05	7.29491e-05	-17.586	-0.00230314	0.000114441	0.00230505	177.15	0.000173331	1.73749e-05	0.000174196	5.724	-2.120893e-11
0.4	240			0.000102222	-2.42518e-05	0.000105061	-13.344	-0.00229265	0.000114441	0.00229456	177.138	0.000133992	1.84776e-05	0.000135244	7.86	-2.39731e-11
0.3975	241			0.000147545	-2.60771e-05	0.000149832	-10.02	-0.0022793	0.000112534	0.00228025	177.15	0.000130475	1.79709e-05	0.000131697	7.854	-2.481075e-11
0.395	242			0.000187659	-2.82751e-05	0.000189782	-8.568	-0.00226213	0.000112534	0.00226404	177.15	0.000165255	1.66596e-05	0.000166089	5.76	-2.347056e-11
0.3925	243			0.000222147	-3.06072e-05	0.000224234	-7.842	-0.00222684	0.000110627	0.00222875	177.156	0.000214369	1.51396e-05	0.000214905	4.044	-2.330303e-11
0.39	244			0.000213147	-2.9415e-05	0.000215174	-7.854	-0.00215341	0.000105858	0.00215532	177.18	0.000197113	1.51992e-05	0.00019768	4.416	-2.401502e-11
0.3875	245			0.000174285	-2.6852e-05	0.000176341	-8.76	-0.00211717	0.000103951	0.00211908	177.168	0.000131578	1.77623e-05	0.00013277	7.698	-2.246544e-11
0.385	246			0.000115723	-2.40804e-05	0.000118196	-11.748	-0.0021105	0.000102997	0.0021124	177.198	8.27615e-05	1.93418e-05	8.49669e-05	13.158	-1.965933e-11
0.3825	247			7.09598e-05	-2.01763e-05	7.37612e-05	-15.864	-0.00210954	0.000103951	0.00211145	177.18	7.17943e-05	1.98783e-05	7.44765e-05	15.492	-1.572246e-11
0.38	248			4.22599e-05	-1.91928e-05	4.64024e-05	-24.384	-0.00210954	0.000103951	0.00211145	177.162	7.3791e-05	1.98783e-05	7.64136e-05	15.078	-1.991064e-11
0.3775	249			1.76952e-05	-1.73302e-05	2.47584e-05	-44.388	-0.0021105	0.000103951	0.0021124	177.18	9.54871e-05	1.9014e-05	9.73647e-05	11.268	-2.074826e-11
0.375	250			7.90885e-06	-1.65181e-05	1.83099e-05	-64.41	-0.00211145	0.000103951	0.0021124	177.18	0.000137777	1.81795e-05	0.000138969	7.524	-1.764901e-11
0.3725	251			1.67192e-05	-1.75984e-05	2.42704e-05	-46.464	-0.00211145	0.000103951	0.00211336	177.18	0.000179053	1.57059e-05	0.000179739	5.016	-1.781653e-11
0.37	252			4.05239e-05	-2.06084e-05	4.546e-05	-26.952	-0.0021124	0.000103951	0.00211431	177.162	0.000198961	1.41562e-05	0.000199468	4.074	-2.183715e-11
0.3675	253			8.78354e-05	-2.10815e-05	9.03276e-05	-13.494	-0.00210668	0.000103951	0.00210764	177.174	0.00019315	1.4782e-05	0.000193716	4.38	-1.823534e-11
0.365	254			0.00013993	-2.40506e-05	0.000141987	-9.75	-0.00208952	0.000102044	0.00209142	177.186	0.000165344	1.60934e-05	0.000166149	5.568	-1.991065e-11
0.3625	255			0.000176431	-2.5794e-05	0.000178301	-8.316	-0.00206567	0.000102044	0.00206758	177.156	0.000183643	1.42456e-05	0.000184209	4.44	-1.882169e-11
0.36	256			0.000187636	-2.56003e-05	0.000189365	-7.77	-0.00199462	9.87058e-05	0.00199653	177.156	0.00019771	1.32621e-05	0.000198157	3.84	-1.697889e-11
0.3575	257			0.00013125	-2.26797e-05	0.000133217	-9.798	-0.00196268	9.63216e-05	0.00196411	177.18	0.000157715	1.51098e-05	0.00015843	5.478	-2.070637e-11
0.355	258			9.48017e-05	-2.03253e-05	9.69772e-05	-12.09	-0.00194932	9.48911e-05	0.00195075	177.21	0.00010407	1.73153e-05	0.000105501	9.456	-1.970121e-11
0.3525	259			6.58338e-05	-1.96995e-05	6.87246e-05	-16.644	-0.00194932	9.53679e-05	0.00195075	177.192	6.93803e-05	1.86862e-05	7.18539e-05	15.09	-2.133459e-11
0.35	260			4.37873e-05	-1.75313e-05	4.71699e-05	-21.81	-0.00194884	9.39374e-05	0.00195075	177.24	5.79657e-05	1.90438e-05	6.10056e-05	18.204	-2.141835e-11
0.3475	261			2.32385e-05	-1.63392e-05	2.84092e-05	-35.094	-0.00194932	9.39374e-05	0.00195123	177.228	5.582e-05	1.95206e-05	5.9128e-05	19.284	-1.802595e-11
0.345	262			1.81423e-05	-1.5773e-05	2.40431e-05	-40.998	-0.00194932	9.48911e-05	0.00195123	177.21	7.394e-05	1.75537e-05	7.59964e-05	13.374	-1.815157e-11
0.3425	263			3.35576e-05	-1.71663e-05	3.76853e-05	-27.09	-0.00194932	9.58447e-05	0.00195123	177.18	0.000124873	1.58251e-05	0.000125886	7.224	-2.032941e-11
0.34	264			6.52377e-05	-1.86191e-05	6.7838e-05	-15.924	-0.00194598	9.48911e-05	0.00194789	177.198	0.000190468	1.29641e-05	0.000190915	3.9	-2.254914e-11
0.3375	265			0.000111089	-2.18452e-05	0.000113212	-11.124	-0.00193263	9.48911e-05	0.00193454	177.186	0.000218899	1.04607e-05	0.000219137	2.736	-2.032943e-11
0.335	266			0.000141145	-2.28958e-05	0.000142992	-9.21	-0.001894	9.34605e-05	0.00189544	177.168	0.000207216	1.09375e-05	0.000207515	3.03	-2.31355e-11
0.3325	267			0.000120074	-2.04594e-05	0.000121803	-9.672	-0.00183392	9.01227e-05	0.00183583	177.18	0.000169159	1.18316e-05	0.000169576	4.002	-1.568055e-11
0.33	268			8.68891e-05	-1.98783e-05	8.91318e-05	-12.882	-0.00181199	8.82153e-05	0.00181342	177.198	0.000128002	1.48416e-05	0.000128866	6.624	-2.28423e-11
0.3275	269			4.42418e-05	-1.67863e-05	4.73114e-05	-20.772	-0.00181008	8.82153e-05	0.00181151	177.204	9.51891e-05	1.58251e-05	9.65004e-05	9.456	-2.200472e-11
0.325	270			3.31851e-05	-1.5773e-05	3.6739e-05	-25.422	-0.00181008	8.72617e-05	0.00181151	177.228	6.33006e-05	1.72557e-05	6.55954e-05	15.27	-2.141839e-11
0.3225	271			2.57717e-05	-1.63243e-05	3.05028e-05	-32.34	-0.00181056	8.72617e-05	0.00181199	177.24	4.97403e-05	1.82987e-05	5.30186e-05	20.208	-2.208842e-11
0.32	272			2.76269e-05	-1.57059e-05	3.1777e-05	-29.604	-0.00181056	8.77385e-05	0.00181247	177.216	5.01277e-05	1.79113e-05	5.32272e-05	19.662	-2.263291e-11
0.3175	273			5.32123e-05	-1.69502e-05	5.58498e-05	-17.664	-0.00180913	8.77385e-05	0.00181056	177.216	8.3745e-05	1.6004e-05	8.52649e-05	10.836	-2.032942e-11
0.315	274			8.09212e-05	-1.84999e-05	8.30074e-05	-12.876	-0.00179864	8.77385e-05	0.00180054	177.198	0.000159473	1.28449e-05	0.00015998	4.614	-1.869603e-11
0.3125	275			9.97563e-05	-1.97442e-05	0.000101693	-11.19	-0.0017686	8.6308e-05	0.0017705	177.204	0.00022936	8.79174e-06	0.000229538	2.202	-2.376373e-11
0.31	276			7.4402e-05	-1.76431e-05	7.64583e-05	-13.338	-0.00171424	8.29701e-05	0.00171614	177.216	0.000185073	1.08481e-05	0.000185401	3.354	-2.079014e-11
0.3075	277			5.21245e-05	-1.66298e-05	5.47173e-05	-17.688	-0.00169183	8.29701e-05	0.00169326	177.18	0.000121832	1.42754e-05	0.000122667	6.684	-1.823534e-11
0.305	278			3.70445e-05	-1.63541e-05	4.04941e-05	-23.814	-0.00168896	8.20165e-05	0.0016904	177.21	9.56361e-05	1.53483e-05	9.6858e-05	9.114	-1.794218e-11
0.3025	279			1.57879e-05	-1.42605e-05	2.1279e-05	-42.078	-0.00168849	8.15396e-05	0.00168992	177.234	7.36718e-05	1.57655e-05	7.53407e-05	12.09	-1.974308e-11
0.3	280			1.52589e-05	-1.3806e-05	2.05712e-05	-42.126	-0.00168992	8.15396e-05	0.00169135	177.222	5.0843e-05	1.63318e-05	5.3406e-05	17.808	-2.171154e-11
0.2975	281			4.58139e-05	-1.55867e-05	4.83918e-05	-18.786	-0.00169087	8.05859e-05	0.0016923	177.27	5.79359e-05	1.64212e-05	6.02307e-05	15.846	-2.171149e-11
0.295	282			8.66284e-05	-1.7725e-05	8.84165e-05	-11.562	-0.00168277	8.15396e-05	0.0016842	177.21	9.60832e-05	1.46926e-05	9.72156e-05	8.694	-2.506205e-11
0.2925	283			9.56436e-05	-1.72929e-05	9.72007e-05	-10.248	-0.00165034	8.01091e-05	0.00165177	177.21	0.000170083	9.44739e-06	0.000170351	3.186	-1.819342e-11
0.29	284			5.06493e-05	-1.52962e-05	5.29068e-05	-16.8	-0.00160218	7.77249e-05	0.00160361	177.21	0.000189097	1.02223e-05	0.000189395	3.096	-1.965931e-11
0.2875	285			2.34918e-05	-1.43275e-05	2.75151e-05	-31.368	-0.00158549	7.62944e-05	0.00158692	177.246	0.000124873	1.18614e-05	0.000125439	5.43	-1.769088e-11
0.285	286			1.22078e-05	-1.41748e-05	1.87048e-05	-49.254	-0.00158454	7.58176e-05	0.00158549	177.252	8.73213e-05	1.43648e-05	8.84836e-05	9.342	-1.877984e-11
0.2825	287			8.61293e-06	-1.31094e-05	1.56836e-05	-56.676	-0.00158358	7.62944e-05	0.00158549	177.24	7.32248e-05	1.42456e-05	7.46255e-05	11.022	-2.24654e-11
0.28	288			2.56003e-05	-1.30945e-05	2.87519e-05	-27.084	-0.00158549	7.53407e-05	0.00158644	177.27	5.57008e-05	1.60934e-05	5.79956e-05	16.116	-1.559676e-11
0.2775	289			8.7433e-05	-1.70396e-05	8.90796e-05	-11.028	-0.00158311	7.58176e-05	0.00158454	177.252	8.4043e-05	1.33217e-05	8.50861e-05	9.024	-2.041317e-11
0.275	290			0.000105121	-1.83062e-05	0.0001067	-9.876	-0.00155354	7.43871e-05	0.0015545	177.246	0.000130774	1.12653e-05	0.00013125	4.932	-2.166966e-11
0.2725	291			5.75634e-05	-1.51173e-05	5.95155e-05	-14.712	-0.00150538	7.29566e-05	0.00150681	177.222	0.000150383	1.11759e-05	0.000150801	4.254	-2.38894e-11
0.27	292			1.37017e-05	-1.2517e-05	1.85521e-05	-42.396	-0.00149203	7.1526e-05	0.00149346	177.24	0.000126869	1.20104e-05	0.000127436	5.418	-1.965931e-11
0.2675	293			5.45013e-06	-1.28002e-05	1.39103e-05	-66.924	-0.00149108	7.05724e-05	0.00149251	177.276	8.3894e-05	1.30237e-05	8.48775e-05	8.832	-2.405687e-11
0.265	294			1.27331e-05	-1.26139e-05	1.79225e-05	-44.718	-0.00149155	7.24797e-05	0.00149251	177.21	7.27181e-05	1.40071e-05	7.40592e-05	10.92	-1.836099e-11
0.2625	295			4.33626e-05	-1.42009e-05	4.56313e-05	-18.132	-0.00149394	7.1526e-05	0.00149489	177.252	6.87842e-05	1.30535e-05	7.00359e-05	10.764	-2.326113e-11
0.26	296			9.73982e-05	-1.68794e-05	9.8851e-05	-9.834	-0.00147868	7.05724e-05	0.00148011	177.252	0.000106574	1.10567e-05	0.00010714	5.928	-1.739769e-11
0.2575	297			8.13459e-05	-1.54973e-05	8.28062e-05	-10.782	-0.00142861	6.8665e-05	0.00143004	177.234	0.000125737	1.07885e-05	0.000126184	4.908	-2.045507e-11
0.255	298			2.24636e-05	-1.24798e-05	2.56972e-05	-29.04	-0.00141001	6.72345e-05	0.00141097	177.252	0.00010416	1.20402e-05	0.000104845	6.606	-1.953368e-11
0.2525	299			4.49645e-06	-1.0971e-05	1.18539e-05	-67.698	-0.00140715	6.72345e-05	0.00140811	177.246	8.33874e-05	1.20402e-05	8.42516e-05	8.22	-2.053884e-11
0.25	300			1.07289e-05	-1.13585e-05	1.56203e-05	-46.626	-0.00140858	6.81882e-05	0.00140954	177.222	7.0483e-05	1.25468e-05	7.15856e-05	10.092	-2.104142e-11
0.2475	301			5.1562e-05	-1.38544e-05	5.33911e-05	-15.036	-0.00141097	6.72345e-05	0.0014124	177.27	8.56821e-05	1.18316e-05	8.65166e-05	7.872	-2.053884e-11
0.245	302			9.36617e-05	-1.61381e-05	9.50401e-05	-9.774	-0.00138188	6.62808e-05	0.00138284	177.24	0.00011763	1.01627e-05	0.000118077	4.938	-1.940802e-11
0.2425	303			5.22288e-05	-1.39401e-05	5.40542e-05	-14.94	-0.00134087	6.34198e-05	0.00134183	177.282	9.90932e-05	1.06097e-05	9.96594e-05	6.114	-2.125083e-11
0.24	304			1.14963e-05	-1.12132e-05	1.60561e-05	-44.274	-0.00133467	6.34198e-05	0.00133563	177.27	7.41188e-05	1.18316e-05	7.50427e-05	9.084	-2.288419e-11
0.2375	305			4.58959e-06	-1.01627e-05	1.11461e-05	-65.67	-0.00133372	6.38966e-05	0.00133467	177.252	6.47609e-05	1.2368e-05	6.59232e-05	10.824	-2.058072e-11
0.235	306			4.23456e-05	-1.24984e-05	4.41524e-05	-16.44	-0.00133754	6.34198e-05	0.00133849	177.276	8.46689e-05	1.07885e-05	8.53543e-05	7.278	-2.091575e-11
0.2325	307			8.03252e-05	-1.5054e-05	8.17222e-05	-10.614	-0.00131369	6.24661e-05	0.00131417	177.27	0.000116975	9.23878e-06	0.000117332	4.518	-2.414064e-11
0.23	308			4.828e-05	-1.25729e-05	4.98893e-05	-14.592	-0.00127459	6.10356e-05	0.00127555	177.246	9.26857e-05	1.07885e-05	9.33115e-05	6.654	-2.171151e-11
0.2275	309			5.10368e-06	-1.03824e-05	1.15634e-05	-63.804	-0.00126696	6.00817e-05	0.00126792	177.27	6.00519e-05	1.07587e-05	6.10056e-05	10.158	-1.6937e-11
0.225	310			1.00136e-05	-1.08779e-05	1.47857e-05	-47.358	-0.00126792	6.05586e-05	0.00126887	177.246	5.48365e-05	1.18912e-05	5.6118e-05	12.252	-1.936613e-11
0.2225	311			4.92411e-05	-1.25729e-05	5.08244e-05	-14.322	-0.00126792	6.10356e-05	0.00126887	177.228	9.60235e-05	9.5666e-06	9.65004e-05	5.7	-2.028754e-11
0.22	312			5.57343e-05	-1.29007e-05	5.72058e-05	-13.032	-0.00121833	5.81744e-05	0.0012188	177.258	0.000111372	8.1957e-06	0.00011167	4.218	-1.982683e-11
0.2175	313			2.40953e-05	-1.13398e-05	2.66285e-05	-25.2	-0.00120784	5.72207e-05	0.00120879	177.264	7.06022e-05	1.03415e-05	7.13472e-05	8.34	-1.991057e-11
0.215	314			8.04669e-06	-9.77895e-06	1.26623e-05	-50.532	-0.00120688	5.72207e-05	0.00120784	177.282	4.89356e-05	1.15634e-05	5.02768e-05	13.314	-1.643444e-11
0.2125	315			4.38767e-05	-1.22451e-05	4.55531e-05	-15.588	-0.00120879	5.72207e-05	0.00120974	177.27	6.91121e-05	9.71562e-06	6.97677e-05	8.016	-1.597371e-11
0.21	316			4.85072e-05	-1.18763e-05	4.99377e-05	-13.752	-0.00117589	5.57902e-05	0.00117684	177.27	0.000110835	7.95728e-06	0.000111104	4.116	-2.380559e-11
0.2075	317			1.9312e-05	-1.0293e-05	2.18825e-05	-28.056	-0.001153	5.3406e-05	0.00115395	177.336	6.8665e-05	9.68581e-06	6.93505e-05	8.04	-2.313548e-11
0.205	318			1.24463e-05	-1.06618e-05	1.63877e-05	-40.572	-0.001153	5.38828e-05	0.00115395	177.3	4.33403e-05	1.1012e-05	4.47186e-05	14.256	-2.070636e-11
0.2025	319			4.38432e-05	-1.14479e-05	4.53147e-05	-14.634	-0.00114966	5.43597e-05	0.00115014	177.276	6.92238e-05	9.32819e-06	6.98571e-05	7.68	-2.162776e-11
0.2	320			3.4515e-05	-9.61503e-06	3.58263e-05	-15.564	-0.0011139	5.19755e-05	0.00111485	177.324	9.8296e-05	8.67998e-06	9.8676e-05	5.052	-1.815156e-11
0.1975	321			1.0077e-05	-9.69699e-06	1.39848e-05	-43.89	-0.00110245	5.29292e-05	0.00110341	177.246	5.98358e-05	9.87208e-06	6.06405e-05	9.366	-2.795194e-11
0.195	322			2.35589e-05	-1.03005e-05	2.57121e-05	-23.61	-0.00110341	5.24523e-05	0.00110389	177.264	4.84961e-05	1.09897e-05	4.97254e-05	12.768	-2.338679e-11
0.1925	323			4.77287e-05	-1.09561e-05	4.89692e-05	-12.924	-0.00107957	5.0545e-05	0.00108052	177.294	8.46391e-05	7.80827e-06	8.49967e-05	5.274	-2.213032e-11
0.19	324			1.40891e-05	-8.72469e-06	1.65702e-05	-31.758	-0.00105906	4.95913e-05	0.00105954	177.312	7.18762e-05	8.71724e-06	7.23978e-05	6.918	-2.003624e-11
0.1875	325			1.34558e-05	-9.27976e-06	1.63467e-05	-34.584	-0.00105668	4.86376e-05	0.00105716	177.342	4.90325e-05	9.4772e-06	4.99415e-05	10.944	-1.857035e-11
0.185	326			5.1521e-05	-1.0293e-05	5.2538e-05	-11.298	-0.0010419	4.91145e-05	0.00104285	177.288	7.76355e-05	8.35216e-06	7.80826e-05	6.138	-2.384744e-11
0.1825	327			1.77623e-05	-8.83645e-06	1.9841e-05	-26.442	-0.00101615	4.76839e-05	0.00101662	177.294	6.45821e-05	8.54587e-06	6.51409e-05	7.536	-2.162774e-11
0.18	328			1.25953e-05	-8.73214e-06	1.5326e-05	-34.716	-0.00101472	4.81608e-05	0.00101519	177.27	5.10367e-05	9.76032e-06	5.19606e-05	10.836	-1.630878e-11
0.1775	329			5.19271e-05	-1.0077e-05	5.28956e-05	-10.98	-0.000995405	4.64919e-05	0.000996359	177.324	8.03773e-05	8.55332e-06	8.08318e-05	6.078	-2.309361e-11
0.175	330			1.66224e-05	-8.61665e-06	1.87234e-05	-27.396	-0.000977285	4.69687e-05	0.000978239	177.246	5.27801e-05	9.00036e-06	5.35401e-05	9.684	-1.907297e-11
0.1725	331			2.14019e-05	-8.78802e-06	2.31342e-05	-22.32	-0.000975851	4.6015e-05	0.000976808	177.294	5.58721e-05	8.94075e-06	5.65874e-05	9.096	-2.196276e-11
0.17	332			3.30659e-05	-9.13074e-06	3.43027e-05	-15.432	-0.000942711	4.38693e-05	0.000943426	177.33	6.49919e-05	8.2255e-06	6.55134e-05	7.212	-2.099953e-11
0.1675	333			1.25431e-05	-9.03389e-06	1.54563e-05	-35.754	-0.000939611	4.41077e-05	0.000940327	177.306	4.35042e-05	8.54587e-06	4.43312e-05	11.124	-1.957552e-11
0.165	334			4.27405e-05	-9.1382e-06	4.37053e-05	-12.066	-0.00093532	4.36308e-05	0.000936035	177.318	7.69277e-05	6.13186e-06	7.71736e-05	4.56	-1.957554e-11
0.1625	335			1.7509e-05	-8.04669e-06	1.9271e-05	-24.666	-0.000909332	4.22003e-05	0.000910047	177.336	4.40183e-05	8.40431e-06	4.4808e-05	10.812	-1.903106e-11
0.16	336			2.79845e-05	-9.31328e-06	2.94932e-05	-18.408	-0.000905756	4.24387e-05	0.000906471	177.306	5.44044e-05	7.97963e-06	5.49781e-05	8.352	-1.547114e-11
0.1575	337			2.20576e-05	-6.90672e-06	2.31118e-05	-17.376	-0.00088096	4.17235e-05	0.000881914	177.282	5.30409e-05	7.57727e-06	5.35774e-05	8.13	-1.873792e-11
0.155	338			1.84589e-05	-7.73376e-06	2.00124e-05	-22.728	-0.000874761	4.10082e-05	0.000875477	177.306	3.63442e-05	7.56982e-06	3.7119e-05	11.772	-2.074821e-11
0.1525	339			2.31789e-05	-7.53257e-06	2.4371e-05	-17.994	-0.000854496	3.98161e-05	0.000855211	177.318	5.78689e-05	7.54747e-06	5.83606e-05	7.434	-1.798404e-11
0.15	340			1.49757e-05	-7.64063e-06	1.68124e-05	-27.024	-0.000845436	3.91009e-05	0.000845913	177.336	3.41835e-05	8.38196e-06	3.51968e-05	13.782	-2.31355e-11
0.1475	341			2.28026e-05	-7.47669e-06	2.39984e-05	-18.144	-0.000826124	3.81472e-05	0.000826839	177.342	5.71089e-05	6.98122e-06	5.75336e-05	6.972	-1.991057e-11
0.145	342			1.65367e-05	-7.13769e-06	1.80119e-05	-23.34	-0.000818733	3.79088e-05	0.000819448	177.342	3.47497e-05	8.41921e-06	3.57556e-05	13.632	-2.179526e-11
0.1425	343			2.08953e-05	-6.54536e-06	2.18899e-05	-17.388	-0.000798229	3.62399e-05	0.000798944	177.396	4.9256e-05	7.47296e-06	4.98223e-05	8.628	-2.347052e-11
0.14	344			2.24487e-05	-7.2718e-06	2.35924e-05	-17.946	-0.00079203	3.64783e-05	0.000792746	177.348	4.03898e-05	8.07649e-06	4.1187e-05	11.31	-1.605748e-11
0.1375	345			9.99874e-06	-6.81359e-06	1.20961e-05	-34.266	-0.000768904	3.62399e-05	0.000769619	177.294	3.44815e-05	7.13769e-06	3.52117e-05	11.694	-1.672759e-11
0.135	346			2.48217e-05	-6.88809e-06	2.57568e-05	-15.504	-0.000759844	3.55246e-05	0.000760321	177.312	4.86674e-05	5.96049e-06	4.90325e-05	6.99	-1.836098e-11
0.1325	347			1.46703e-05	-6.88809e-06	1.62089e-05	-25.14	-0.000746254	3.40941e-05	0.000746731	177.378	3.23432e-05	7.6518e-06	3.32373e-05	13.314	-2.430818e-11
0.13	348			1.45659e-05	-5.07387e-06	1.54228e-05	-19.2	-0.000725511	3.48093e-05	0.000725988	177.24	4.16937e-05	6.47458e-06	4.21929e-05	8.832	-2.317734e-11
0.1275	349			2.27281e-05	-6.45223e-06	2.36222e-05	-15.84	-0.000720028	3.36173e-05	0.000720505	177.324	4.34967e-05	6.61614e-06	4.39959e-05	8.652	-2.334493e-11
0.125	350			1.59257e-05	-5.93069e-06	1.69949e-05	-20.418	-0.000704769	3.33788e-05	0.000705246	177.276	2.83421e-05	7.50276e-06	2.93182e-05	14.832	-1.731393e-11
0.1225	351			1.54861e-05	-6.28087e-06	1.67118e-05	-22.068	-0.000690226	3.21867e-05	0.000690941	177.318	3.25816e-05	7.3016e-06	3.33863e-05	12.636	-2.254909e-11
0.12	352			1.96249e-05	-7.28297e-06	2.09288e-05	-20.352	-0.000675682	3.02793e-05	0.00067592	177.432	3.88029e-05	6.37773e-06	3.93244e-05	9.336	-2.347055e-11
0.1175	353			2.10592e-05	-6.01637e-06	2.19011e-05	-15.936	-0.000663999	2.98024e-05	0.000664238	177.414	3.82739e-05	6.40753e-06	3.88103e-05	9.51	-2.30936e-11
0.115	354			1.97442e-05	-5.94932e-06	2.06196e-05	-16.758	-0.000650171	2.93256e-05	0.00065041	177.414	3.4556e-05	6.6832e-06	3.51968e-05	10.95	-2.05807e-11
0.1125	355			1.81982e-05	-5.56189e-06	1.90289e-05	-16.986	-0.000635628	2.86103e-05	0.000636104	177.402	3.0093e-05	6.50439e-06	3.0786e-05	12.198	-2.217221e-11
0.11	356			1.66745e-05	-5.94932e-06	1.77027e-05	-19.626	-0.000620369	2.81335e-05	0.000620846	177.384	2.8506e-05	6.85456e-06	2.93182e-05	13.53	-2.254915e-11
0.1075	357			1.64957e-05	-6.0201e-06	1.75574e-05	-20.04	-0.000607733	2.76567e-05	0.00060821	177.378	2.79323e-05	6.15421e-06	2.86103e-05	12.432	-2.146021e-11
0.105	358			1.70731e-05	-5.36072e-06	1.78927e-05	-17.424	-0.000592474	2.62262e-05	0.000592951	177.456	2.80441e-05	6.33302e-06	2.87519e-05	12.738	-2.116702e-11
0.1025	359			1.80082e-05	-5.33092e-06	1.87793e-05	-16.488	-0.000579361	2.62262e-05	0.000579599	177.396	2.72841e-05	6.035e-06	2.79398e-05	12.48	-2.38056e-11
0.1	360			1.87309e-05	-5.36817e-06	1.94834e-05	-15.984	-0.000566725	2.59877e-05	0.000567202	177.354	2.81484e-05	5.78168e-06	2.8737e-05	11.616	-1.949177e-11
0.0975	361			2.01316e-05	-5.73325e-06	2.09288e-05	-15.888	-0.000551943	2.55109e-05	0.00055242	177.336	2.88562e-05	6.25852e-06	2.95268e-05	12.24	-2.363806e-11
0.095	362			2.07127e-05	-5.96422e-06	2.15546e-05	-16.056	-0.000538591	2.47956e-05	0.00053883	177.36	3.0868e-05	5.64012e-06	3.13821e-05	10.368	-2.053882e-11
0.0925	363			1.97889e-05	-4.55978e-06	2.03067e-05	-12.966	-0.000522856	2.50341e-05	0.000523094	177.246	2.96385e-05	3.99354e-06	2.98993e-05	7.686	-2.405688e-11
0.09	364			1.81609e-05	-5.00309e-06	1.88389e-05	-15.39	-0.000506882	2.26499e-05	0.00050712	177.42	2.7299e-05	5.11858e-06	2.77759e-05	10.62	-2.120893e-11
0.0875	365			1.99639e-05	-4.81683e-06	2.05376e-05	-13.554	-0.000496749	2.27691e-05	0.000497226	177.366	2.95938e-05	5.17073e-06	3.00409e-05	9.912	-1.890543e-11
0.085	366			1.95989e-05	-4.31764e-06	2.00683e-05	-12.42	-0.000480654	2.1577e-05	0.000481011	177.42	2.70159e-05	4.98447e-06	2.74704e-05	10.458	-1.568055e-11
0.0825	367			2.18862e-05	-4.85781e-06	2.24189e-05	-12.51	-0.000467898	2.05041e-05	0.000468256	177.48	2.92436e-05	4.8131e-06	2.96385e-05	9.348	-2.30936e-11
0.08	368			2.06941e-05	-4.83173e-06	2.12492e-05	-13.134	-0.000454785	2.06233e-05	0.000455143	177.396	2.69042e-05	5.24524e-06	2.74108e-05	11.034	-2.275857e-11
0.0775	369			2.09474e-05	-3.7104e-06	2.12752e-05	-10.044	-0.000438811	1.9312e-05	0.000439169	177.468	2.68818e-05	4.74605e-06	2.72916e-05	10.014	-1.840285e-11
0.075	370			2.10294e-05	-4.58586e-06	2.15248e-05	-12.294	-0.000426771	1.8716e-05	0.00042701	177.48	2.65391e-05	3.75511e-06	2.68073e-05	8.058	-1.597373e-11
0.0725	371			2.18154e-05	-4.57841e-06	2.22923e-05	-11.844	-0.000412466	1.85968e-05	0.000412824	177.42	2.70234e-05	3.85943e-06	2.72916e-05	8.13	-2.25491e-11
0.07	372			2.16701e-05	-3.14043e-06	2.18974e-05	-8.244	-0.000399472	1.77623e-05	0.000399711	177.45	2.73363e-05	3.99354e-06	2.76269e-05	8.322	-2.012001e-11
0.0675	373			2.19831e-05	-4.56724e-06	2.24524e-05	-11.736	-0.000384809	1.66894e-05	0.000385048	177.498	2.68222e-05	3.89668e-06	2.71053e-05	8.274	-1.886356e-11
0.065	374			2.23854e-05	-3.17769e-06	2.26089e-05	-8.076	-0.000370981	1.74047e-05	0.00037122	177.306	2.60846e-05	3.22612e-06	2.62783e-05	7.068	-2.020377e-11
0.0625	375			2.25195e-05	-3.86688e-06	2.2851e-05	-9.744	-0.000356676	1.53781e-05	0.000356914	177.528	2.62187e-05	4.23941e-06	2.65614e-05	9.186	-2.200468e-11
0.06	376			2.27467e-05	-3.81845e-06	2.30634e-05	-9.522	-0.000342133	1.50204e-05	0.000342371	177.468	2.57642e-05	4.01589e-06	2.60771e-05	8.868	-1.873791e-11
0.0575	377			2.14578e-05	-3.43101e-06	2.17297e-05	-9.084	-0.000329139	1.44244e-05	0.000329377	177.474	2.55929e-05	4.02334e-06	2.59058e-05	8.94	-2.041319e-11
0.055	378			2.30112e-05	-3.03613e-06	2.32124e-05	-7.512	-0.000314953	1.32323e-05	0.000315072	177.588	2.57791e-05	3.86688e-06	2.60697e-05	8.544	-2.233972e-11
0.0525	379			2.32981e-05	-3.33415e-06	2.35328e-05	-8.142	-0.000301005	1.31131e-05	0.000301125	177.504	2.56227e-05	3.77746e-06	2.58983e-05	8.394	-2.028748e-11
0.05	380			2.44455e-05	-3.21121e-06	2.46578e-05	-7.482	-0.0002867	1.28747e-05	0.000286819	177.414	2.62187e-05	3.76256e-06	2.64795e-05	8.178	-2.041316e-11
0.0475	381			2.40692e-05	-3.50924e-06	2.43225e-05	-8.286	-0.000274064	1.21594e-05	0.000274302	177.438	2.50713e-05	3.6061e-06	2.53321e-05	8.202	-1.886354e-11
0.045	382			2.41922e-05	-3.22239e-06	2.44082e-05	-7.578	-0.000257017	1.13249e-05	0.000257136	177.462	2.5578e-05	2.46616e-06	2.56972e-05	5.52	-1.991055e-11
0.0425	383			2.37153e-05	-3.48689e-06	2.39686e-05	-8.358	-0.000242353	1.07289e-05	0.000242473	177.462	2.55407e-05	2.61517e-06	2.56748e-05	5.856	-2.24235e-11
0.04	384			2.34769e-05	-2.47361e-06	2.36073e-05	-6.006	-0.000231863	9.41759e-06	0.000231982	177.648	2.55556e-05	3.98609e-06	2.58685e-05	8.88	-2.116706e-11
0.0375	385			2.42592e-05	-2.87221e-06	2.44306e-05	-6.744	-0.00021577	8.94075e-06	0.00021577	177.612	2.52203e-05	2.30224e-06	2.53321e-05	5.226	-2.472697e-11
0.035	386			2.49931e-05	-3.36023e-06	2.52166e-05	-7.656	-0.000203968	8.82155e-06	0.000203968	177.51	2.5645e-05	2.48106e-06	2.57642e-05	5.538	-2.296796e-11
0.0325	387			2.44864e-05	-1.8254e-06	2.45535e-05	-4.26	-0.000190438	8.2255e-06	0.000190497	177.516	2.61442e-05	3.59119e-06	2.63901e-05	7.824	-2.275854e-11
0.03	388			2.41959e-05	-1.65031e-06	2.42555e-05	-3.9	-0.000174881	6.79496e-06	0.000174941	177.762	2.5578e-05	1.65404e-06	2.56301e-05	3.714	-1.928236e-11
0.0275	389			2.45759e-05	-2.61517e-06	2.47174e-05	-6.072	-0.000162841	6.67575e-06	0.0001629	177.63	2.55929e-05	1.42307e-06	2.56376e-05	3.192	-2.263289e-11
0.025	390			2.57083e-05	-1.75834e-06	2.57679e-05	-3.912	-0.000145794	6.43733e-06	0.000145913	177.462	2.49149e-05	1.49757e-06	2.49596e-05	3.444	-2.351246e-11
0.0225	391			2.55295e-05	-1.88128e-06	2.56003e-05	-4.212	-0.000134231	5.42405e-06	0.00013429	177.666	2.56823e-05	2.13088e-06	2.57717e-05	4.746	-1.886353e-11
0.02	392			2.48031e-05	-2.0154e-06	2.48851e-05	-4.638	-0.000122131	5.18563e-06	0.00012219	177.564	2.6025e-05	2.24264e-06	2.61293e-05	4.932	-2.175343e-11
0.0175	393			2.52911e-05	-9.53682e-07	2.5306e-05	-2.16	-0.000107766	4.64919e-06	0.000107825	177.522	2.68818e-05	1.78815e-06	2.69414e-05	3.816	-2.317735e-11
0.015	394			2.54886e-05	-2.04892e-07	2.54886e-05	-0.456	-9.3997e-05	3.39748e-06	9.40268e-05	177.93	2.64646e-05	1.43052e-06	2.65018e-05	3.102	-1.861226e-11
0.0125	395			2.59021e-05	-2.32087e-06	2.60026e-05	-5.118	-7.99601e-05	3.01005e-06	7.99899e-05	177.828	2.62783e-05	1.66149e-06	2.63379e-05	3.63	-1.836096e-11
0.01	396			2.64087e-05	-2.03775e-06	2.64869e-05	-4.41	-6.69663e-05	3.01005e-06	6.70259e-05	177.408	2.68297e-05	3.87432e-07	2.68297e-05	0.84	-2.079011e-11
0.0075	397			2.791e-05	-1.03936e-06	2.79286e-05	-2.124	-5.25715e-05	2.02657e-06	5.25715e-05	177.786	2.79174e-05	2.26499e-06	2.80068e-05	4.638	-2.229784e-11
0.005	398			2.86066e-05	-1.71737e-06	2.86588e-05	-3.432	-3.7119e-05	9.46227e-07	3.7119e-05	178.536	2.72916e-05	1.49013e-07	2.72916e-05	0.324	-2.179526e-11
0.0025	399			2.93293e-05	-1.70992e-06	2.93815e-05	-3.33	-2.16143e-05	8.4937e-07	2.16292e-05	177.738	3.0093e-05	8.64271e-07	3.01079e-05	1.65	-2.405686e-11
0.0	400			2.95268e-05	-1.18092e-06	2.95491e-05	-2.286	-3.3267e-06	-4.80566e-07	3.3565e-06	-171.792	3.13076e-05	1.43797e-06	3.13448e-05	2.634	-2.129267e-11
