0.99950000	188.00000000	1814.00000000	1.37000000	-178.79000000
0.99860000	188.00000000	1900.00000000	1.37000000	-178.90000000
0.99740000	188.00000000	1954.00000000	1.37000000	-178.96000000
0.99630000	188.00000000	1996.00000000	1.37000000	-179.03000000
0.99520000	188.00000000	2010.00000000	1.37000000	-179.06000000
0.99420000	187.50000000	2010.00000000	1.37000000	-179.06000000
0.99300000	187.50000000	2008.00000000	1.37000000	-179.06000000
0.99180000	187.00000000	2008.00000000	1.38000000	-179.06000000
0.99070000	186.50000000	2006.00000000	1.30000000	-179.09000000
0.98960000	185.50000000	2006.00000000	1.39000000	-179.09000000
0.98830000	185.00000000	2004.00000000	1.31000000	-179.09000000
0.98740000	184.50000000	2004.00000000	1.32000000	-179.09000000
0.98620000	183.50000000	2002.00000000	1.33000000	-179.09000000
0.98510000	182.50000000	2000.00000000	1.34000000	-179.06000000
0.98420000	181.50000000	1998.00000000	1.34000000	-179.09000000
0.98300000	180.50000000	1996.00000000	1.35000000	-179.09000000
0.98190000	179.50000000	1994.00000000	1.36000000	-179.08000000
0.98080000	178.00000000	1990.00000000	1.37000000	-179.08000000
0.97980000	177.00000000	1988.00000000	1.29000000	-179.05000000
0.97890000	176.50000000	1986.00000000	1.30000000	-179.05000000
0.97780000	175.00000000	1986.00000000	1.31000000	-179.08000000
0.97660000	174.00000000	1982.00000000	1.31000000	-179.08000000
0.97570000	173.50000000	1980.00000000	1.32000000	-179.08000000
0.97460000	172.00000000	1978.00000000	1.33000000	-179.07000000
0.97340000	171.50000000	1976.00000000	1.34000000	-179.07000000
0.97250000	170.50000000	1974.00000000	1.34000000	-179.07000000
0.97140000	169.50000000	1972.00000000	1.35000000	-179.07000000
0.97040000	168.50000000	1970.00000000	1.36000000	-179.07000000
0.96930000	168.00000000	1968.00000000	1.36000000	-179.07000000
0.96820000	167.00000000	1966.00000000	1.28000000	-179.07000000
0.96700000	166.50000000	1964.00000000	1.29000000	-179.07000000
0.96610000	165.50000000	1960.00000000	1.30000000	-179.07000000
0.96500000	165.00000000	1958.00000000	1.30000000	-179.07000000
0.96400000	164.50000000	1956.00000000	1.31000000	-179.06000000
0.96290000	163.50000000	1954.00000000	1.31000000	-179.06000000
0.96190000	163.00000000	1952.00000000	1.32000000	-179.06000000
0.96080000	162.00000000	1950.00000000	1.33000000	-179.06000000
0.95980000	161.50000000	1948.00000000	1.33000000	-179.06000000
0.95890000	161.00000000	1946.00000000	1.24000000	-179.06000000
0.95760000	160.00000000	1944.00000000	1.25000000	-179.06000000
0.95660000	159.50000000	1940.00000000	1.26000000	-179.06000000
0.95550000	159.00000000	1938.00000000	1.26000000	-179.06000000
0.95440000	158.50000000	1936.00000000	1.27000000	-179.05000000
0.95340000	157.50000000	1934.00000000	1.27000000	-179.05000000
0.95230000	157.00000000	1930.00000000	1.28000000	-179.05000000
0.95120000	156.50000000	1928.00000000	1.28000000	-179.05000000
0.95020000	156.00000000	1926.00000000	1.29000000	-179.05000000
0.94910000	155.50000000	1924.00000000	1.29000000	-179.11000000
0.94820000	154.50000000	1922.00000000	1.30000000	-179.11000000
0.94720000	154.00000000	1920.00000000	1.30000000	-179.05000000
0.94610000	153.50000000	1918.00000000	1.31000000	-179.11000000
0.94500000	153.00000000	1914.00000000	1.22000000	-179.04000000
0.94400000	152.50000000	1912.00000000	1.22000000	-179.04000000
0.94290000	152.00000000	1908.00000000	1.22000000	-179.10000000
0.94190000	151.50000000	1906.00000000	1.23000000	-179.04000000
0.94080000	150.50000000	1904.00000000	1.23000000	-179.10000000
0.93970000	150.00000000	1902.00000000	1.24000000	-179.10000000
0.93860000	150.00000000	1900.00000000	1.24000000	-179.10000000
0.93760000	149.50000000	1898.00000000	1.24000000	-179.10000000
0.93650000	149.00000000	1896.00000000	1.25000000	-179.10000000
0.93520000	148.50000000	1892.00000000	1.26000000	-179.10000000
0.93420000	148.00000000	1890.00000000	1.26000000	-179.09000000
0.93330000	147.50000000	1888.00000000	1.26000000	-179.09000000
0.93220000	147.00000000	1886.00000000	1.26000000	-179.09000000
0.93100000	147.00000000	1884.00000000	1.27000000	-179.09000000
0.93010000	147.00000000	1882.00000000	1.27000000	-179.09000000
0.92900000	146.50000000	1878.00000000	1.27000000	-179.09000000
0.92780000	146.50000000	1876.00000000	1.27000000	-179.09000000
0.92690000	146.00000000	1876.00000000	1.27000000	-179.09000000
0.92560000	146.00000000	1874.00000000	1.27000000	-179.09000000
0.92460000	146.00000000	1870.00000000	1.27000000	-179.09000000
0.92370000	146.00000000	1868.00000000	1.27000000	-179.08000000
0.92260000	146.00000000	1866.00000000	1.27000000	-179.08000000
0.92160000	146.00000000	1864.00000000	1.27000000	-179.08000000
0.92050000	146.00000000	1862.00000000	1.27000000	-179.08000000
0.91920000	146.00000000	1860.00000000	1.27000000	-179.08000000
0.91820000	146.50000000	1858.00000000	1.27000000	-179.08000000
0.91730000	146.50000000	1856.00000000	1.27000000	-179.08000000
0.91620000	146.50000000	1854.00000000	1.27000000	-179.11000000
0.91520000	147.00000000	1854.00000000	1.26000000	-179.11000000
0.91410000	147.00000000	1852.00000000	1.26000000	-179.07000000
0.91300000	147.50000000	1848.00000000	1.26000000	-179.07000000
0.91180000	147.50000000	1846.00000000	1.26000000	-179.07000000
0.91070000	148.00000000	1844.00000000	1.26000000	-179.10000000
0.90980000	148.50000000	1844.00000000	1.25000000	-179.10000000
0.90880000	149.00000000	1840.00000000	1.25000000	-179.10000000
0.90750000	149.50000000	1838.00000000	1.24000000	-179.10000000
0.90660000	149.50000000	1838.00000000	1.24000000	-179.10000000
0.90540000	150.00000000	1836.00000000	1.24000000	-179.10000000
0.90450000	150.00000000	1834.00000000	1.23000000	-179.10000000
0.90340000	150.50000000	1832.00000000	1.23000000	-179.10000000
0.90220000	151.00000000	1830.00000000	1.23000000	-179.10000000
0.90130000	151.50000000	1828.00000000	1.22000000	-179.09000000
0.90020000	152.00000000	1826.00000000	1.22000000	-179.09000000
0.89900000	152.50000000	1824.00000000	1.31000000	-179.09000000
0.89810000	152.50000000	1822.00000000	1.31000000	-179.09000000
0.89700000	153.00000000	1820.00000000	1.31000000	-179.09000000
0.89600000	153.00000000	1818.00000000	1.31000000	-179.09000000
0.89490000	153.50000000	1816.00000000	1.30000000	-179.09000000
0.89380000	153.50000000	1814.00000000	1.30000000	-179.09000000
0.89260000	154.00000000	1810.00000000	1.30000000	-179.09000000
0.89150000	154.00000000	1810.00000000	1.30000000	-179.09000000
0.89060000	154.50000000	1808.00000000	1.30000000	-179.09000000
0.88960000	154.50000000	1806.00000000	1.29000000	-179.08000000
0.88850000	154.50000000	1804.00000000	1.29000000	-179.08000000
0.88740000	154.50000000	1802.00000000	1.29000000	-179.08000000
0.88620000	154.50000000	1800.00000000	1.29000000	-179.08000000
0.88530000	154.50000000	1798.00000000	1.29000000	-179.08000000
0.88430000	154.50000000	1794.00000000	1.29000000	-179.08000000
0.88320000	154.50000000	1792.00000000	1.29000000	-179.07000000
0.88190000	154.50000000	1790.00000000	1.30000000	-179.07000000
0.88100000	154.50000000	1788.00000000	1.30000000	-179.07000000
0.87980000	154.00000000	1786.00000000	1.30000000	-179.07000000
0.87890000	154.00000000	1784.00000000	1.30000000	-179.10000000
0.87780000	153.50000000	1782.00000000	1.30000000	-179.10000000
0.87680000	153.00000000	1780.00000000	1.21000000	-179.10000000
0.87580000	153.00000000	1778.00000000	1.22000000	-179.10000000
0.87460000	152.50000000	1776.00000000	1.22000000	-179.10000000
0.87360000	152.00000000	1772.00000000	1.22000000	-179.06000000
0.87260000	151.50000000	1770.00000000	1.22000000	-179.10000000
0.87150000	151.00000000	1768.00000000	1.23000000	-179.10000000
0.87060000	151.00000000	1768.00000000	1.23000000	-179.10000000
0.86940000	150.00000000	1764.00000000	1.24000000	-179.09000000
0.86830000	150.00000000	1762.00000000	1.24000000	-179.09000000
0.86740000	149.00000000	1760.00000000	1.24000000	-179.09000000
0.86620000	148.50000000	1758.00000000	1.25000000	-179.09000000
0.86510000	148.00000000	1756.00000000	1.26000000	-179.09000000
0.86420000	147.50000000	1754.00000000	1.26000000	-179.09000000
0.86300000	147.00000000	1750.00000000	1.27000000	-179.09000000
0.86190000	146.50000000	1748.00000000	1.27000000	-179.09000000
0.86100000	146.00000000	1746.00000000	1.18000000	-179.09000000
0.86000000	145.00000000	1744.00000000	1.18000000	-179.08000000
0.85890000	144.50000000	1742.00000000	1.19000000	-179.08000000
0.85780000	144.00000000	1740.00000000	1.19000000	-179.08000000
0.85680000	144.00000000	1738.00000000	1.19000000	-179.08000000
0.85570000	143.00000000	1736.00000000	1.20000000	-179.08000000
0.85470000	142.50000000	1734.00000000	1.20000000	-179.08000000
0.85380000	142.00000000	1732.00000000	1.21000000	-179.07000000
0.85280000	142.00000000	1730.00000000	1.21000000	-179.07000000
0.85180000	141.50000000	1726.00000000	1.21000000	-179.07000000
0.85070000	141.00000000	1726.00000000	1.22000000	-179.07000000
0.84980000	140.50000000	1724.00000000	1.22000000	-179.07000000
0.84860000	140.00000000	1722.00000000	1.23000000	-179.07000000
0.84750000	139.50000000	1718.00000000	1.23000000	-179.10000000
0.84640000	139.00000000	1716.00000000	1.23000000	-179.07000000
0.84540000	139.00000000	1714.00000000	1.24000000	-179.07000000
0.84430000	138.50000000	1712.00000000	1.24000000	-179.06000000
0.84340000	138.00000000	1710.00000000	1.24000000	-179.06000000
0.84220000	138.00000000	1708.00000000	1.24000000	-179.10000000
0.84130000	137.50000000	1706.00000000	1.25000000	-179.10000000
0.84030000	137.00000000	1704.00000000	1.15000000	-179.06000000
0.83940000	136.50000000	1702.00000000	1.15000000	-179.06000000
0.83820000	136.00000000	1700.00000000	1.16000000	-179.09000000
0.83710000	135.50000000	1696.00000000	1.16000000	-179.09000000
0.83620000	135.00000000	1694.00000000	1.16000000	-179.09000000
0.83500000	134.50000000	1692.00000000	1.17000000	-179.09000000
0.83410000	134.00000000	1690.00000000	1.17000000	-179.09000000
0.83280000	133.50000000	1688.00000000	1.18000000	-179.09000000
0.83180000	132.50000000	1686.00000000	1.19000000	-179.09000000
0.83070000	132.50000000	1684.00000000	1.19000000	-179.08000000
0.82980000	131.50000000	1682.00000000	1.20000000	-179.08000000
0.82860000	131.00000000	1678.00000000	1.20000000	-179.08000000
0.82750000	130.00000000	1676.00000000	1.21000000	-179.08000000
0.82660000	129.50000000	1674.00000000	1.21000000	-179.08000000
0.82540000	129.00000000	1672.00000000	1.22000000	-179.08000000
0.82430000	128.00000000	1670.00000000	1.23000000	-179.07000000
0.82320000	127.00000000	1666.00000000	1.24000000	-179.07000000
0.82210000	126.00000000	1664.00000000	1.25000000	-179.07000000
0.82100000	125.50000000	1662.00000000	1.26000000	-179.07000000
0.81980000	124.50000000	1658.00000000	1.27000000	-179.07000000
0.81890000	123.50000000	1656.00000000	1.27000000	-179.07000000
0.81790000	123.00000000	1654.00000000	1.28000000	-179.07000000
0.81700000	122.00000000	1652.00000000	1.29000000	-179.06000000
0.81580000	121.00000000	1650.00000000	1.30000000	-179.06000000
0.81470000	120.00000000	1648.00000000	1.31000000	-179.10000000
0.81380000	119.00000000	1644.00000000	1.20000000	-179.10000000
0.81260000	118.50000000	1642.00000000	1.21000000	-179.06000000
0.81170000	117.50000000	1640.00000000	1.22000000	-179.06000000
0.81070000	116.50000000	1638.00000000	1.23000000	-179.09000000
0.80980000	116.00000000	1636.00000000	1.24000000	-179.09000000
0.80860000	115.00000000	1634.00000000	1.24000000	-179.09000000
0.80750000	114.50000000	1632.00000000	1.26000000	-179.09000000
0.80640000	113.50000000	1628.00000000	1.26000000	-179.09000000
0.80540000	112.50000000	1626.00000000	1.27000000	-179.09000000
0.80430000	112.00000000	1624.00000000	1.28000000	-179.09000000
0.80320000	111.50000000	1624.00000000	1.28000000	-179.05000000
0.80220000	111.00000000	1620.00000000	1.16000000	-179.09000000
0.80110000	110.50000000	1620.00000000	1.16000000	-179.08000000
0.80020000	110.00000000	1618.00000000	1.17000000	-179.08000000
0.79920000	110.00000000	1616.00000000	1.17000000	-179.08000000
0.79810000	109.50000000	1614.00000000	1.17000000	-179.08000000
0.79710000	109.50000000	1612.00000000	1.17000000	-179.08000000
0.79600000	109.00000000	1610.00000000	1.18000000	-179.08000000
0.79490000	109.00000000	1610.00000000	1.18000000	-179.08000000
0.79390000	109.00000000	1606.00000000	1.18000000	-179.07000000
0.79280000	109.00000000	1604.00000000	1.18000000	-179.07000000
0.79170000	109.50000000	1604.00000000	1.17000000	-179.07000000
0.79070000	109.50000000	1602.00000000	1.17000000	-179.07000000
0.78980000	109.50000000	1598.00000000	1.17000000	-179.07000000
0.78860000	110.00000000	1598.00000000	1.17000000	-179.07000000
0.78750000	110.00000000	1596.00000000	1.30000000	-179.07000000
0.78660000	110.00000000	1594.00000000	1.30000000	-179.07000000
0.78540000	110.50000000	1592.00000000	1.29000000	-179.07000000
0.78450000	110.50000000	1590.00000000	1.29000000	-179.06000000
0.78340000	111.00000000	1588.00000000	1.29000000	-179.06000000
0.78220000	111.00000000	1586.00000000	1.29000000	-179.06000000
0.78130000	111.50000000	1584.00000000	1.28000000	-179.06000000
0.78020000	111.50000000	1582.00000000	1.28000000	-179.06000000
0.77900000	111.50000000	1580.00000000	1.28000000	-179.06000000
0.77790000	111.50000000	1578.00000000	1.28000000	-179.06000000
0.77700000	111.50000000	1576.00000000	1.28000000	-179.06000000
0.77580000	111.50000000	1574.00000000	1.28000000	-179.06000000
0.77490000	112.00000000	1572.00000000	1.28000000	-179.05000000
0.77380000	112.00000000	1572.00000000	1.28000000	-179.05000000
0.77260000	112.00000000	1568.00000000	1.28000000	-179.05000000
0.77170000	112.00000000	1566.00000000	1.28000000	-179.05000000
0.77060000	112.00000000	1564.00000000	1.28000000	-179.05000000
0.76940000	111.50000000	1562.00000000	1.28000000	-179.05000000
0.76830000	111.50000000	1560.00000000	1.28000000	-179.09000000
0.76740000	111.50000000	1558.00000000	1.28000000	-179.09000000
0.76620000	111.50000000	1556.00000000	1.28000000	-179.05000000
0.76530000	111.00000000	1556.00000000	1.29000000	-179.04000000
0.76430000	111.00000000	1554.00000000	1.29000000	-179.08000000
0.76320000	110.50000000	1550.00000000	1.29000000	-179.04000000
0.76210000	110.50000000	1550.00000000	1.30000000	-179.08000000
0.76130000	110.00000000	1546.00000000	1.30000000	-179.07000000
0.76020000	109.50000000	1544.00000000	1.17000000	-179.07000000
0.75920000	109.00000000	1542.00000000	1.18000000	-179.07000000
0.75810000	108.50000000	1540.00000000	1.18000000	-179.07000000
0.75700000	108.00000000	1538.00000000	1.19000000	-179.07000000
0.75600000	107.50000000	1536.00000000	1.20000000	-179.07000000
0.75500000	107.00000000	1534.00000000	1.21000000	-179.07000000
0.75390000	106.50000000	1532.00000000	1.21000000	-179.07000000
0.75280000	105.50000000	1530.00000000	1.22000000	-179.06000000
0.75170000	105.00000000	1528.00000000	1.23000000	-179.06000000
0.75070000	104.00000000	1526.00000000	1.10000000	-179.06000000
0.74980000	103.50000000	1522.00000000	1.11000000	-179.06000000
0.74860000	102.50000000	1520.00000000	1.12000000	-179.06000000
0.74770000	102.00000000	1518.00000000	1.13000000	-179.06000000
0.74660000	101.00000000	1516.00000000	1.14000000	-179.06000000
0.74540000	100.00000000	1512.00000000	1.14000000	-179.06000000
0.74450000	99.50000000	1512.00000000	1.15000000	-179.09000000
0.74350000	98.50000000	1508.00000000	1.16000000	-179.05000000
0.74240000	97.50000000	1506.00000000	1.17000000	-179.05000000
0.74130000	96.50000000	1504.00000000	1.19000000	-179.05000000
0.74030000	96.00000000	1500.00000000	1.20000000	-179.05000000
0.73920000	95.00000000	1498.00000000	1.06000000	-179.05000000
0.73820000	94.00000000	1496.00000000	1.07000000	-179.05000000
0.73710000	93.50000000	1494.00000000	1.08000000	-179.04000000
0.73600000	92.50000000	1490.00000000	1.08000000	-179.04000000
0.73500000	91.50000000	1488.00000000	1.10000000	-179.08000000
0.73390000	90.50000000	1486.00000000	1.10000000	-179.08000000
0.73300000	90.00000000	1484.00000000	1.12000000	-179.07000000
0.73180000	89.00000000	1482.00000000	1.13000000	-179.07000000
0.73090000	88.00000000	1478.00000000	1.13000000	-179.03000000
0.72990000	87.50000000	1476.00000000	1.14000000	-179.07000000
0.72880000	86.50000000	1474.00000000	0.99000000	-179.07000000
0.72770000	86.00000000	1470.00000000	1.00000000	-179.07000000
0.72670000	85.00000000	1468.00000000	1.01000000	-179.06000000
0.72560000	84.50000000	1466.00000000	1.02000000	-179.06000000
0.72450000	83.50000000	1464.00000000	1.03000000	-179.06000000
0.72340000	83.00000000	1460.00000000	1.03000000	-179.06000000
0.72240000	82.00000000	1458.00000000	1.04000000	-179.06000000
0.72110000	81.50000000	1456.00000000	1.05000000	-179.06000000
0.72020000	80.50000000	1454.00000000	1.07000000	-179.06000000
0.71900000	80.00000000	1452.00000000	1.07000000	-179.05000000
0.71810000	79.50000000	1448.00000000	0.90000000	-179.05000000
0.71700000	79.00000000	1446.00000000	0.91000000	-179.05000000
0.71580000	78.50000000	1444.00000000	0.91000000	-179.05000000
0.71490000	78.00000000	1444.00000000	0.92000000	-179.05000000
0.71380000	77.50000000	1440.00000000	0.92000000	-179.05000000
0.71260000	77.00000000	1438.00000000	0.93000000	-179.05000000
0.71170000	76.50000000	1438.00000000	0.93000000	-179.05000000
0.71060000	76.50000000	1436.00000000	0.93000000	-179.04000000
0.70960000	76.50000000	1434.00000000	0.93000000	-179.04000000
0.70830000	76.50000000	1432.00000000	0.93000000	-179.04000000
0.70740000	76.50000000	1430.00000000	0.93000000	-179.04000000
0.70620000	76.50000000	1428.00000000	0.93000000	-179.04000000
0.70530000	77.00000000	1428.00000000	0.93000000	-179.04000000
0.70430000	77.00000000	1426.00000000	0.93000000	-179.04000000
0.70320000	77.50000000	1424.00000000	0.92000000	-179.04000000
0.70210000	78.00000000	1422.00000000	0.92000000	-179.12000000
0.70100000	78.00000000	1420.00000000	0.91000000	-179.11000000
0.70000000	78.50000000	1418.00000000	1.09000000	-179.11000000
0.69890000	79.00000000	1416.00000000	1.08000000	-179.11000000
0.69780000	79.50000000	1414.00000000	1.08000000	-179.11000000
0.69680000	79.50000000	1414.00000000	1.07000000	-179.11000000
0.69570000	80.00000000	1410.00000000	1.07000000	-179.11000000
0.69460000	80.50000000	1408.00000000	1.06000000	-179.11000000
0.69360000	81.00000000	1408.00000000	1.06000000	-179.03000000
0.69250000	81.50000000	1406.00000000	1.05000000	-179.11000000
0.69150000	81.50000000	1402.00000000	1.05000000	-179.10000000
0.69060000	82.00000000	1400.00000000	1.04000000	-179.10000000
0.68930000	82.00000000	1398.00000000	1.04000000	-179.10000000
0.68830000	82.00000000	1398.00000000	1.04000000	-179.10000000
0.68720000	82.50000000	1394.00000000	1.04000000	-179.10000000
0.68620000	82.50000000	1392.00000000	1.03000000	-179.10000000
0.68510000	82.50000000	1390.00000000	1.03000000	-179.10000000
0.68400000	82.50000000	1388.00000000	1.03000000	-179.10000000
0.68290000	82.50000000	1386.00000000	1.03000000	-179.09000000
0.68190000	82.50000000	1384.00000000	1.04000000	-179.09000000
0.68080000	82.50000000	1382.00000000	1.04000000	-179.09000000
0.67970000	82.00000000	1380.00000000	1.04000000	-179.09000000
0.67870000	82.00000000	1378.00000000	1.05000000	-179.09000000
0.67780000	81.50000000	1376.00000000	1.05000000	-179.09000000
0.67660000	81.00000000	1374.00000000	1.06000000	-179.09000000
0.67550000	81.00000000	1372.00000000	1.06000000	-179.08000000
0.67460000	80.50000000	1370.00000000	1.07000000	-179.08000000
0.67330000	79.50000000	1368.00000000	1.08000000	-179.08000000
0.67220000	79.50000000	1366.00000000	1.08000000	-179.08000000
0.67120000	78.50000000	1364.00000000	1.09000000	-179.08000000
0.67010000	78.00000000	1362.00000000	1.10000000	-179.07000000
0.66910000	77.00000000	1360.00000000	1.12000000	-179.07000000
0.66800000	76.50000000	1356.00000000	0.93000000	-179.07000000
0.66690000	75.50000000	1354.00000000	0.94000000	-179.07000000
0.66590000	75.00000000	1354.00000000	0.95000000	-179.07000000
0.66480000	74.00000000	1350.00000000	0.96000000	-179.07000000
0.66370000	73.50000000	1348.00000000	0.98000000	-179.07000000
0.66270000	72.50000000	1346.00000000	0.99000000	-179.07000000
0.66160000	71.50000000	1344.00000000	1.00000000	-179.11000000
0.66050000	70.50000000	1342.00000000	1.02000000	-179.11000000
0.65940000	69.50000000	1338.00000000	1.03000000	-179.10000000
0.65840000	68.50000000	1336.00000000	0.84000000	-179.10000000
0.65730000	67.50000000	1334.00000000	0.85000000	-179.06000000
0.65630000	66.50000000	1332.00000000	0.87000000	-179.05000000
0.65520000	65.00000000	1330.00000000	0.88000000	-179.10000000
0.65410000	64.00000000	1326.00000000	0.90000000	-179.10000000
0.65310000	63.00000000	1324.00000000	0.92000000	-179.09000000
0.65200000	61.50000000	1320.00000000	0.93000000	-179.09000000
0.65090000	60.50000000	1318.00000000	0.71000000	-179.09000000
0.64990000	59.00000000	1316.00000000	0.73000000	-179.09000000
0.64880000	58.00000000	1314.00000000	0.74000000	-179.09000000
0.64780000	56.50000000	1310.00000000	0.76000000	-179.09000000
0.64660000	55.50000000	1308.00000000	0.78000000	-179.08000000
0.64560000	54.50000000	1306.00000000	0.79000000	-179.08000000
0.64450000	53.00000000	1304.00000000	0.54000000	-179.08000000
0.64340000	52.50000000	1302.00000000	0.55000000	-179.08000000
0.64240000	51.50000000	1300.00000000	0.56000000	-179.08000000
0.64130000	50.50000000	1298.00000000	0.57000000	-179.07000000
0.64020000	50.00000000	1296.00000000	0.57000000	-179.07000000
0.63920000	49.50000000	1294.00000000	0.57000000	-179.07000000
0.63810000	49.50000000	1292.00000000	0.58000000	-179.07000000
0.63700000	49.50000000	1292.00000000	0.58000000	-179.07000000
0.63600000	49.50000000	1288.00000000	0.58000000	-179.07000000
0.63490000	49.50000000	1288.00000000	0.58000000	-179.07000000
0.63380000	49.50000000	1286.00000000	0.57000000	-179.07000000
0.63280000	50.00000000	1284.00000000	0.57000000	-179.06000000
0.63180000	50.00000000	1282.00000000	0.57000000	-179.06000000
0.63070000	51.00000000	1280.00000000	0.56000000	-179.06000000
0.62980000	51.50000000	1280.00000000	0.55000000	-179.06000000
0.62860000	52.00000000	1278.00000000	0.55000000	-179.06000000
0.62750000	52.50000000	1276.00000000	0.54000000	-179.06000000
0.62660000	53.00000000	1274.00000000	0.53000000	-179.06000000
0.62540000	53.50000000	1272.00000000	0.53000000	-179.06000000
0.62450000	54.00000000	1270.00000000	0.79000000	-179.10000000
0.62350000	54.50000000	1268.00000000	0.78000000	-179.10000000
0.62240000	55.00000000	1266.00000000	0.77000000	-179.10000000
0.62140000	55.50000000	1264.00000000	0.77000000	-179.05000000
0.62050000	55.50000000	1262.00000000	0.77000000	-179.05000000
0.61940000	56.00000000	1260.00000000	0.76000000	-179.05000000
0.61820000	56.50000000	1258.00000000	0.76000000	-179.09000000
0.61730000	56.50000000	1256.00000000	0.76000000	-179.09000000
0.61630000	57.00000000	1254.00000000	0.75000000	-179.09000000
0.61520000	57.00000000	1252.00000000	0.75000000	-179.09000000
0.61420000	57.00000000	1250.00000000	0.75000000	-179.09000000
0.61300000	57.00000000	1248.00000000	0.75000000	-179.09000000
0.61200000	57.00000000	1244.00000000	0.75000000	-179.08000000
0.61090000	56.50000000	1242.00000000	0.76000000	-179.08000000
0.60980000	56.50000000	1240.00000000	0.76000000	-179.08000000
0.60880000	56.50000000	1238.00000000	0.76000000	-179.07000000
0.60780000	56.00000000	1236.00000000	0.77000000	-179.07000000
0.60660000	55.50000000	1234.00000000	0.77000000	-179.07000000
0.60540000	55.50000000	1232.00000000	0.77000000	-179.07000000
0.60450000	55.00000000	1228.00000000	0.78000000	-179.07000000
0.60340000	54.50000000	1226.00000000	0.79000000	-179.07000000
0.60240000	54.00000000	1224.00000000	0.79000000	-179.07000000
0.60130000	53.50000000	1224.00000000	0.80000000	-179.06000000
0.60020000	53.00000000	1220.00000000	0.81000000	-179.06000000
0.59900000	52.50000000	1218.00000000	0.55000000	-179.06000000
0.59790000	52.00000000	1214.00000000	0.55000000	-179.06000000
0.59680000	51.00000000	1212.00000000	0.56000000	-179.06000000
0.59580000	50.50000000	1210.00000000	0.57000000	-179.06000000
0.59490000	50.00000000	1210.00000000	0.57000000	-179.05000000
0.59380000	49.00000000	1206.00000000	0.58000000	-179.05000000
0.59260000	48.00000000	1204.00000000	0.59000000	-179.05000000
0.59170000	47.50000000	1202.00000000	0.60000000	-179.05000000
0.59070000	47.00000000	1200.00000000	0.62000000	-179.05000000
0.58960000	46.00000000	1198.00000000	0.63000000	-179.05000000
0.58860000	45.00000000	1196.00000000	0.64000000	-179.09000000
0.58750000	44.00000000	1194.00000000	0.33000000	-179.04000000
0.58640000	43.50000000	1190.00000000	0.33000000	-179.09000000
0.58540000	42.50000000	1190.00000000	0.34000000	-179.09000000
0.58430000	42.00000000	1188.00000000	0.34000000	-179.09000000
0.58340000	41.00000000	1184.00000000	0.35000000	-179.08000000
0.58240000	41.00000000	1182.00000000	0.35000000	-179.08000000
0.58140000	40.50000000	1182.00000000	0.35000000	-179.08000000
0.58030000	40.00000000	1180.00000000	0.36000000	-179.08000000
0.57940000	39.50000000	1176.00000000	0.36000000	-179.08000000
0.57820000	39.50000000	1176.00000000	0.36000000	-179.07000000
0.57710000	39.50000000	1174.00000000	0.36000000	-179.07000000
0.57600000	39.50000000	1172.00000000	0.36000000	-179.07000000
0.57470000	39.50000000	1170.00000000	0.36000000	-179.07000000
0.57380000	40.00000000	1168.00000000	0.36000000	-179.07000000
0.57260000	40.00000000	1166.00000000	0.35000000	-179.07000000
0.57150000	40.50000000	1164.00000000	0.35000000	-179.07000000
0.57060000	41.00000000	1164.00000000	0.35000000	-179.07000000
0.56960000	41.50000000	1162.00000000	0.34000000	-179.06000000
0.56860000	41.50000000	1160.00000000	0.34000000	-179.06000000
0.56750000	42.00000000	1158.00000000	0.34000000	-179.06000000
0.56660000	42.50000000	1156.00000000	0.33000000	-179.06000000
0.56540000	43.00000000	1154.00000000	0.66000000	-179.06000000
0.56450000	43.50000000	1152.00000000	0.65000000	-179.06000000
0.56340000	44.00000000	1150.00000000	0.65000000	-179.06000000
0.56240000	44.00000000	1150.00000000	0.65000000	-179.05000000
0.56140000	44.00000000	1146.00000000	0.64000000	-179.05000000
0.56030000	44.50000000	1144.00000000	0.64000000	-179.05000000
0.55920000	44.50000000	1142.00000000	0.64000000	-179.05000000
0.55820000	44.50000000	1140.00000000	0.64000000	-179.05000000
0.55710000	44.50000000	1138.00000000	0.64000000	-179.04000000
0.55600000	44.50000000	1136.00000000	0.64000000	-179.04000000
0.55500000	44.50000000	1134.00000000	0.64000000	-179.04000000
0.55390000	44.00000000	1130.00000000	0.65000000	-179.04000000
0.55280000	44.00000000	1130.00000000	0.65000000	-179.04000000
0.55180000	44.00000000	1126.00000000	0.65000000	-179.09000000
0.55070000	43.50000000	1124.00000000	0.33000000	-179.09000000
0.54960000	43.00000000	1122.00000000	0.33000000	-179.03000000
0.54860000	43.00000000	1120.00000000	0.33000000	-179.03000000
0.54750000	42.50000000	1116.00000000	0.34000000	-179.03000000
0.54640000	42.00000000	1114.00000000	0.34000000	-179.08000000
0.54530000	41.50000000	1112.00000000	0.35000000	-179.07000000
0.54420000	41.00000000	1110.00000000	0.35000000	-179.07000000
0.54340000	40.50000000	1108.00000000	0.35000000	-179.07000000
0.54220000	40.00000000	1106.00000000	0.36000000	-179.07000000
0.54130000	39.50000000	1104.00000000	0.36000000	-179.07000000
0.54020000	39.00000000	1100.00000000	0.37000000	-179.06000000
0.53900000	38.50000000	1098.00000000	0.37000000	-179.06000000
0.53790000	38.00000000	1096.00000000	0.37000000	-179.06000000
0.53700000	37.50000000	1094.00000000	0.38000000	-179.06000000
0.53580000	37.00000000	1092.00000000	0.39000000	-179.06000000
0.53470000	36.50000000	1090.00000000	0.39000000	-179.06000000
0.53380000	36.00000000	1088.00000000	0.40000000	-179.05000000
0.53260000	35.50000000	1086.00000000	0.40000000	-179.05000000
0.53150000	35.50000000	1084.00000000	0.41000000	-179.05000000
0.53040000	35.00000000	1082.00000000	0.00000000	-179.05000000
0.52940000	35.00000000	1080.00000000	0.00000000	-179.05000000
0.52830000	35.00000000	1078.00000000	0.00000000	-179.04000000
0.52740000	35.00000000	1076.00000000	0.41000000	-179.04000000
0.52620000	35.50000000	1074.00000000	0.40000000	-179.04000000
0.52530000	35.50000000	1072.00000000	0.40000000	-179.04000000
0.52420000	36.00000000	1070.00000000	0.40000000	-179.04000000
0.52300000	36.50000000	1068.00000000	0.39000000	-179.04000000
0.52210000	36.50000000	1068.00000000	0.38000000	-179.04000000
0.52100000	37.00000000	1066.00000000	0.38000000	-179.04000000
0.52000000	37.50000000	1064.00000000	0.38000000	-179.03000000
0.51900000	38.00000000	1062.00000000	0.37000000	-179.03000000
0.51790000	38.00000000	1060.00000000	0.37000000	-179.03000000
0.51680000	38.50000000	1058.00000000	0.37000000	-179.03000000
0.51580000	39.00000000	1056.00000000	0.36000000	-179.03000000
0.51470000	39.00000000	1054.00000000	0.36000000	-179.08000000
0.51380000	39.50000000	1052.00000000	0.36000000	-179.07000000
0.51260000	40.00000000	1050.00000000	0.36000000	-179.07000000
0.51170000	40.00000000	1048.00000000	0.36000000	-179.07000000
0.51040000	40.00000000	1046.00000000	0.35000000	-179.07000000
0.50940000	40.00000000	1044.00000000	0.35000000	-179.07000000
0.50850000	40.50000000	1042.00000000	0.35000000	-179.07000000
0.50720000	40.50000000	1040.00000000	0.35000000	-179.06000000
0.50620000	40.50000000	1038.00000000	0.35000000	-179.06000000
0.50530000	40.50000000	1036.00000000	0.35000000	-179.06000000
0.50400000	40.00000000	1032.00000000	0.35000000	-179.06000000
0.50300000	40.00000000	1030.00000000	0.35000000	-179.06000000
0.50210000	40.00000000	1028.00000000	0.36000000	-179.05000000
0.50100000	40.00000000	1026.00000000	0.36000000	-179.05000000
0.50000000	39.50000000	1024.00000000	0.36000000	-179.05000000
0.49900000	39.50000000	1022.00000000	0.36000000	-179.05000000
0.49790000	39.00000000	1018.00000000	0.36000000	-179.05000000
0.49680000	39.00000000	1016.00000000	0.37000000	-179.04000000
0.49580000	38.50000000	1014.00000000	0.37000000	-179.04000000
0.49470000	38.00000000	1012.00000000	0.37000000	-179.04000000
0.49380000	38.00000000	1010.00000000	0.37000000	-179.04000000
0.49260000	37.50000000	1008.00000000	0.38000000	-179.04000000
0.49150000	37.00000000	1006.00000000	0.38000000	-179.03000000
0.49040000	36.50000000	1002.00000000	0.39000000	-179.03000000
0.48940000	36.50000000	1000.00000000	0.39000000	-179.03000000
0.48830000	36.00000000	1000.00000000	0.39000000	-179.03000000
0.48740000	36.00000000	998.00000000	0.40000000	-179.03000000
0.48640000	36.00000000	994.00000000	0.40000000	-179.02000000
0.48510000	35.50000000	992.00000000	0.40000000	-179.02000000
0.48420000	35.50000000	992.00000000	0.40000000	-179.02000000
0.48300000	36.00000000	988.00000000	0.40000000	-179.02000000
0.48190000	36.00000000	986.00000000	0.40000000	-179.02000000
0.48100000	36.00000000	984.00000000	0.39000000	-179.01000000
0.47980000	36.50000000	984.00000000	0.39000000	-179.01000000
0.47870000	36.50000000	980.00000000	0.39000000	-179.01000000
0.47760000	37.00000000	978.00000000	0.38000000	-179.12000000
0.47660000	37.00000000	978.00000000	0.38000000	-179.12000000
0.47570000	37.50000000	976.00000000	0.38000000	-179.12000000
0.47460000	37.50000000	972.00000000	0.37000000	-179.12000000
0.47360000	38.00000000	970.00000000	0.37000000	-179.12000000
0.47230000	38.00000000	970.00000000	0.37000000	-179.12000000
0.47140000	38.00000000	968.00000000	0.37000000	-179.11000000
0.47020000	38.50000000	964.00000000	0.37000000	-179.11000000
0.46930000	38.50000000	962.00000000	0.37000000	-179.11000000
0.46820000	38.50000000	960.00000000	0.37000000	-179.11000000
0.46700000	38.50000000	960.00000000	0.37000000	-179.11000000
0.46590000	39.00000000	956.00000000	0.37000000	-179.10000000
0.46480000	39.00000000	954.00000000	0.37000000	-179.10000000
0.46380000	39.00000000	952.00000000	0.37000000	-179.10000000
0.46270000	39.00000000	950.00000000	0.37000000	-179.10000000
0.46180000	39.00000000	948.00000000	0.37000000	-179.10000000
0.46060000	39.00000000	946.00000000	0.37000000	-179.09000000
0.45950000	39.00000000	942.00000000	0.37000000	-179.09000000
0.45840000	39.00000000	940.00000000	0.37000000	-179.09000000
0.45740000	39.00000000	938.00000000	0.37000000	-179.09000000
0.45630000	39.00000000	936.00000000	0.37000000	-179.09000000
0.45540000	39.00000000	934.00000000	0.37000000	-179.08000000
0.45420000	38.50000000	932.00000000	0.37000000	-179.08000000
0.45310000	38.50000000	930.00000000	0.37000000	-179.08000000
0.45200000	38.50000000	926.00000000	0.37000000	-179.07000000
0.45090000	38.00000000	924.00000000	0.37000000	-179.07000000
0.44990000	38.00000000	924.00000000	0.37000000	-179.07000000
0.44880000	38.00000000	920.00000000	0.37000000	-179.07000000
0.44770000	37.50000000	918.00000000	0.38000000	-179.06000000
0.44660000	37.50000000	916.00000000	0.38000000	-179.06000000
0.44560000	37.50000000	914.00000000	0.38000000	-179.06000000
0.44460000	37.00000000	912.00000000	0.38000000	-179.06000000
0.44350000	37.00000000	910.00000000	0.38000000	-179.06000000
0.44250000	37.00000000	908.00000000	0.38000000	-179.06000000
0.44140000	37.00000000	906.00000000	0.38000000	-179.05000000
0.44050000	37.00000000	904.00000000	0.38000000	-179.05000000
0.43940000	37.00000000	902.00000000	0.38000000	-179.11000000
0.43820000	37.50000000	900.00000000	0.38000000	-179.11000000
0.43710000	37.50000000	898.00000000	0.38000000	-179.11000000
0.43620000	37.50000000	896.00000000	0.38000000	-179.11000000
0.43500000	37.50000000	894.00000000	0.38000000	-179.11000000
0.43390000	38.00000000	892.00000000	0.37000000	-179.10000000
0.43280000	38.00000000	890.00000000	0.37000000	-179.10000000
0.43180000	38.00000000	888.00000000	0.37000000	-179.10000000
0.43070000	38.00000000	886.00000000	0.37000000	-179.10000000
0.42980000	38.00000000	882.00000000	0.37000000	-179.09000000
0.42880000	38.00000000	882.00000000	0.37000000	-179.09000000
0.42770000	38.00000000	880.00000000	0.37000000	-179.09000000
0.42650000	38.50000000	878.00000000	0.37000000	-179.09000000
0.42560000	38.50000000	874.00000000	0.37000000	-179.09000000
0.42430000	38.50000000	872.00000000	0.37000000	-179.08000000
0.42330000	38.50000000	870.00000000	0.37000000	-179.08000000
0.42240000	38.50000000	868.00000000	0.37000000	-179.08000000
0.42110000	38.50000000	866.00000000	0.37000000	-179.07000000
0.42010000	38.50000000	864.00000000	0.37000000	-179.07000000
0.41920000	38.50000000	862.00000000	0.37000000	-179.07000000
0.41820000	38.00000000	860.00000000	0.37000000	-179.07000000
0.41710000	38.00000000	858.00000000	0.37000000	-179.07000000
0.41610000	38.00000000	856.00000000	0.37000000	-179.06000000
0.41520000	38.00000000	852.00000000	0.37000000	-179.06000000
0.41410000	37.50000000	850.00000000	0.38000000	-179.06000000
0.41290000	37.50000000	850.00000000	0.38000000	-179.06000000
0.41210000	37.00000000	848.00000000	0.38000000	-179.05000000
0.41100000	37.00000000	844.00000000	0.38000000	-179.05000000
0.40990000	36.50000000	842.00000000	0.39000000	-179.05000000
0.40900000	36.50000000	840.00000000	0.39000000	-179.12000000
0.40780000	36.00000000	840.00000000	0.39000000	-179.11000000
0.40690000	36.00000000	836.00000000	0.39000000	-179.11000000
0.40570000	36.00000000	834.00000000	0.40000000	-179.11000000
0.40480000	36.00000000	832.00000000	0.40000000	-179.04000000
0.40380000	36.00000000	832.00000000	0.40000000	-179.11000000
0.40270000	36.00000000	828.00000000	0.40000000	-179.10000000
0.40170000	36.00000000	826.00000000	0.40000000	-179.10000000
0.40080000	36.00000000	826.00000000	0.40000000	-179.10000000
0.39980000	36.00000000	822.00000000	0.40000000	-179.10000000
0.39870000	36.00000000	820.00000000	0.39000000	-179.09000000
0.39770000	36.00000000	818.00000000	0.39000000	-179.09000000
0.39660000	36.00000000	816.00000000	0.39000000	-179.09000000
0.39550000	36.50000000	814.00000000	0.39000000	-179.09000000
0.39450000	36.50000000	812.00000000	0.39000000	-179.09000000
0.39340000	36.50000000	810.00000000	0.39000000	-179.08000000
0.39210000	36.50000000	806.00000000	0.39000000	-179.08000000
0.39120000	36.50000000	806.00000000	0.39000000	-179.08000000
0.39020000	36.50000000	804.00000000	0.39000000	-179.07000000
0.38910000	36.00000000	802.00000000	0.39000000	-179.07000000
0.38800000	36.00000000	798.00000000	0.40000000	-179.07000000
0.38700000	36.00000000	796.00000000	0.40000000	-179.07000000
0.38590000	35.50000000	794.00000000	0.40000000	-179.06000000
0.38490000	35.50000000	792.00000000	0.40000000	-179.06000000
0.38380000	35.00000000	790.00000000	0.41000000	-179.06000000
0.38270000	35.00000000	788.00000000	0.41000000	-179.06000000
0.38170000	35.00000000	786.00000000	0.41000000	-179.05000000
0.38060000	34.50000000	782.00000000	0.41000000	-179.05000000
0.37950000	34.50000000	782.00000000	0.42000000	-179.05000000
0.37850000	34.00000000	780.00000000	0.42000000	-179.05000000
0.37740000	34.00000000	776.00000000	0.42000000	-179.04000000
0.37630000	33.50000000	774.00000000	0.42000000	-179.04000000
0.37520000	33.50000000	774.00000000	0.42000000	-179.04000000
0.37420000	33.50000000	772.00000000	0.42000000	-179.04000000
0.37310000	33.50000000	768.00000000	0.42000000	-179.03000000
0.37210000	33.50000000	766.00000000	0.42000000	-179.03000000
0.37120000	33.50000000	764.00000000	0.42000000	-179.10000000
0.36990000	33.50000000	762.00000000	0.42000000	-179.03000000
0.36890000	34.00000000	760.00000000	0.42000000	-179.10000000
0.36800000	34.00000000	758.00000000	0.42000000	-179.10000000
0.36690000	34.00000000	756.00000000	0.42000000	-179.09000000
0.36590000	34.00000000	754.00000000	0.42000000	-179.09000000
0.36480000	34.00000000	752.00000000	0.42000000	-179.09000000
0.36370000	34.00000000	750.00000000	0.42000000	-179.09000000
0.36270000	33.50000000	748.00000000	0.42000000	-179.08000000
0.36170000	33.50000000	746.00000000	0.42000000	-179.08000000
0.36060000	33.50000000	744.00000000	0.43000000	-179.08000000
0.35950000	33.00000000	742.00000000	0.43000000	-179.07000000
0.35850000	33.00000000	738.00000000	0.43000000	-179.07000000
0.35730000	32.50000000	736.00000000	0.44000000	-179.07000000
0.35630000	32.50000000	734.00000000	0.44000000	-179.06000000
0.35520000	32.50000000	732.00000000	0.44000000	-179.06000000
0.35410000	32.00000000	730.00000000	0.44000000	-179.06000000
0.35310000	32.00000000	728.00000000	0.44000000	-179.06000000
0.35210000	32.00000000	726.00000000	0.45000000	-179.05000000
0.35090000	32.00000000	724.00000000	0.45000000	-179.05000000
0.34990000	32.00000000	722.00000000	0.45000000	-179.05000000
0.34890000	31.50000000	720.00000000	0.45000000	-179.05000000
0.34780000	31.50000000	718.00000000	0.45000000	-179.04000000
0.34690000	31.50000000	716.00000000	0.45000000	-179.04000000
0.34570000	31.50000000	714.00000000	0.45000000	-179.04000000
0.34460000	31.50000000	712.00000000	0.45000000	-179.03000000
0.34350000	31.50000000	708.00000000	0.45000000	-179.03000000
0.34250000	31.50000000	706.00000000	0.45000000	-179.03000000
0.34140000	31.50000000	704.00000000	0.45000000	-179.03000000
0.34030000	31.00000000	702.00000000	0.46000000	-179.02000000
0.33920000	31.00000000	700.00000000	0.46000000	-179.02000000
0.33820000	31.00000000	698.00000000	0.46000000	-179.02000000
0.33710000	30.50000000	696.00000000	0.47000000	-179.10000000
0.33610000	30.50000000	694.00000000	0.00000000	-179.09000000
0.33520000	30.00000000	692.00000000	0.00000000	-179.09000000
0.33410000	29.50000000	690.00000000	0.00000000	-179.09000000
0.33290000	29.50000000	686.00000000	0.00000000	-179.08000000
0.33180000	29.00000000	686.00000000	0.00000000	-179.08000000
0.33090000	29.00000000	684.00000000	0.00000000	-179.08000000
0.32970000	29.00000000	682.00000000	0.00000000	-179.07000000
0.32860000	28.50000000	678.00000000	0.00000000	-179.07000000
0.32750000	28.50000000	676.00000000	0.00000000	-179.07000000
0.32650000	28.50000000	674.00000000	0.00000000	-179.07000000
0.32540000	28.00000000	672.00000000	0.00000000	-179.06000000
0.32430000	28.00000000	670.00000000	0.00000000	-179.06000000
0.32330000	28.00000000	668.00000000	0.00000000	-179.06000000
0.32240000	28.00000000	666.00000000	0.00000000	-179.05000000
0.32130000	27.50000000	664.00000000	0.00000000	-179.05000000
0.32030000	27.50000000	662.00000000	0.00000000	-179.05000000
0.31930000	27.50000000	660.00000000	0.00000000	-179.05000000
0.31840000	27.00000000	658.00000000	0.00000000	-179.04000000
0.31710000	27.00000000	656.00000000	0.00000000	-179.04000000
0.31610000	27.00000000	654.00000000	0.00000000	-179.04000000
0.31500000	26.50000000	652.00000000	0.00000000	-179.03000000
0.31390000	26.50000000	648.00000000	0.00000000	-179.03000000
0.31290000	26.50000000	648.00000000	0.00000000	-179.03000000
0.31200000	26.00000000	646.00000000	0.00000000	-179.03000000
0.31090000	26.00000000	644.00000000	0.00000000	-179.02000000
0.30990000	26.00000000	640.00000000	0.00000000	-179.02000000
0.30880000	26.00000000	638.00000000	0.00000000	-179.02000000
0.30770000	25.50000000	636.00000000	0.00000000	-179.01000000
0.30670000	25.50000000	636.00000000	0.00000000	-179.01000000
0.30560000	25.50000000	632.00000000	0.00000000	-179.00000000
0.30450000	25.50000000	630.00000000	0.00000000	-179.00000000
0.30330000	25.00000000	628.00000000	0.00000000	-179.00000000
0.30240000	25.00000000	626.00000000	0.00000000	-179.09000000
0.30140000	25.00000000	624.00000000	0.00000000	-179.09000000
0.30030000	25.00000000	622.00000000	0.00000000	-178.99000000
0.29930000	25.00000000	620.00000000	0.00000000	-178.98000000
0.29840000	24.50000000	618.00000000	0.00000000	-179.07000000
0.29730000	24.50000000	616.00000000	0.00000000	-179.07000000
0.29630000	24.50000000	614.00000000	0.00000000	-179.07000000
0.29520000	24.50000000	612.00000000	0.00000000	-179.06000000
0.29420000	24.50000000	610.00000000	0.00000000	-179.06000000
0.29310000	24.00000000	608.00000000	0.00000000	-179.06000000
0.29200000	24.00000000	606.00000000	0.00000000	-179.06000000
0.29100000	24.00000000	604.00000000	0.00000000	-179.05000000
0.29010000	24.00000000	602.00000000	0.00000000	-179.05000000
0.28890000	24.00000000	600.00000000	0.00000000	-179.05000000
0.28780000	24.00000000	598.00000000	0.00000000	-179.04000000
0.28670000	24.00000000	594.00000000	0.00000000	-179.04000000
0.28560000	24.00000000	592.00000000	0.00000000	-179.03000000
0.28450000	23.50000000	590.00000000	0.00000000	-179.03000000
0.28330000	23.50000000	588.00000000	0.00000000	-179.03000000
0.28240000	23.50000000	586.00000000	0.00000000	-179.02000000
0.28140000	23.50000000	584.00000000	0.00000000	-179.02000000
0.28030000	23.50000000	582.00000000	0.00000000	-179.02000000
0.27920000	23.50000000	580.00000000	0.00000000	-179.01000000
0.27810000	23.50000000	578.00000000	0.00000000	-179.01000000
0.27710000	23.50000000	576.00000000	0.00000000	-179.01000000
0.27610000	23.50000000	574.00000000	0.00000000	-179.00000000
0.27500000	23.50000000	572.00000000	0.00000000	-179.00000000
0.27390000	23.00000000	570.00000000	0.00000000	-178.99000000
0.27290000	23.00000000	568.00000000	0.00000000	-178.99000000
0.27180000	23.00000000	564.00000000	0.00000000	-178.99000000
0.27090000	23.00000000	564.00000000	0.00000000	-178.98000000
0.26990000	22.50000000	562.00000000	0.00000000	-178.98000000
0.26890000	22.50000000	558.00000000	0.00000000	-179.08000000
0.26770000	22.50000000	556.00000000	0.00000000	-178.97000000
0.26670000	22.50000000	554.00000000	0.00000000	-179.07000000
0.26560000	22.50000000	554.00000000	0.00000000	-179.07000000
0.26450000	22.50000000	550.00000000	0.00000000	-178.96000000
0.26350000	22.00000000	548.00000000	0.00000000	-179.06000000
0.26240000	22.00000000	546.00000000	0.00000000	-179.06000000
0.26130000	22.00000000	544.00000000	0.00000000	-179.05000000
0.26030000	22.00000000	542.00000000	0.00000000	-179.05000000
0.25920000	22.00000000	540.00000000	0.00000000	-179.05000000
0.25820000	22.00000000	538.00000000	0.00000000	-179.04000000
0.25710000	21.50000000	536.00000000	0.00000000	-179.04000000
0.25600000	21.50000000	534.00000000	0.00000000	-179.03000000
0.25490000	21.50000000	532.00000000	0.00000000	-179.03000000
0.25370000	21.50000000	528.00000000	0.00000000	-179.03000000
0.25260000	21.50000000	526.00000000	0.00000000	-179.02000000
0.25150000	21.50000000	524.00000000	0.00000000	-179.02000000
0.25050000	21.50000000	522.00000000	0.00000000	-179.02000000
0.24960000	21.50000000	520.00000000	0.00000000	-179.01000000
0.24830000	21.50000000	518.00000000	0.00000000	-179.00000000
0.24720000	21.50000000	516.00000000	0.00000000	-179.00000000
0.24620000	21.50000000	514.00000000	0.00000000	-178.99000000
0.24510000	21.50000000	512.00000000	0.00000000	-178.99000000
0.24400000	21.50000000	510.00000000	0.00000000	-178.99000000
0.24290000	21.50000000	508.00000000	0.00000000	-178.98000000
0.24170000	21.50000000	504.00000000	0.00000000	-178.98000000
0.24080000	21.50000000	502.00000000	0.00000000	-178.98000000
0.23980000	21.50000000	502.00000000	0.00000000	-178.97000000
0.23870000	21.50000000	500.00000000	0.00000000	-178.97000000
0.23770000	21.00000000	496.00000000	0.00000000	-178.96000000
0.23680000	21.00000000	494.00000000	0.00000000	-178.96000000
0.23550000	21.00000000	492.00000000	0.00000000	-178.96000000
0.23440000	21.00000000	490.00000000	0.00000000	-178.95000000
0.23340000	21.00000000	488.00000000	0.00000000	-179.18000000
0.23230000	21.00000000	486.00000000	0.00000000	-179.18000000
0.23120000	20.50000000	484.00000000	0.00000000	-179.17000000
0.23010000	20.50000000	482.00000000	0.00000000	-179.17000000
0.22890000	20.50000000	480.00000000	0.00000000	-179.17000000
0.22800000	20.50000000	478.00000000	0.00000000	-179.16000000
0.22690000	20.50000000	474.00000000	0.00000000	-179.16000000
0.22590000	20.50000000	474.00000000	0.00000000	-179.15000000
0.22480000	20.50000000	472.00000000	0.00000000	-179.15000000
0.22380000	20.50000000	470.00000000	0.00000000	-179.14000000
0.22290000	20.50000000	466.00000000	0.00000000	-179.14000000
0.22170000	20.50000000	464.00000000	0.00000000	-179.14000000
0.22080000	20.00000000	464.00000000	0.00000000	-179.13000000
0.21970000	20.00000000	460.00000000	0.00000000	-179.13000000
0.21870000	20.00000000	458.00000000	0.00000000	-179.13000000
0.21760000	20.00000000	456.00000000	0.00000000	-179.12000000
0.21650000	19.50000000	454.00000000	0.00000000	-179.12000000
0.21530000	19.50000000	452.00000000	0.00000000	-179.11000000
0.21440000	19.50000000	450.00000000	0.00000000	-179.11000000
0.21330000	19.50000000	448.00000000	0.00000000	-179.11000000
0.21230000	19.00000000	446.00000000	0.00000000	-179.10000000
0.21120000	19.00000000	444.00000000	0.00000000	-179.10000000
0.21010000	19.00000000	442.00000000	0.00000000	-179.09000000
0.20910000	19.00000000	440.00000000	0.00000000	-179.09000000
0.20810000	19.00000000	436.00000000	0.00000000	-179.08000000
0.20700000	18.50000000	436.00000000	0.00000000	-179.08000000
0.20590000	18.50000000	434.00000000	0.00000000	-179.07000000
0.20480000	18.50000000	432.00000000	0.00000000	-179.07000000
0.20370000	18.50000000	428.00000000	0.00000000	-179.06000000
0.20250000	18.50000000	426.00000000	0.00000000	-179.06000000
0.20160000	18.50000000	424.00000000	0.00000000	-179.05000000
0.20050000	18.00000000	422.00000000	0.00000000	-179.05000000
0.19930000	18.00000000	420.00000000	0.00000000	-179.05000000
0.19840000	18.00000000	418.00000000	0.00000000	-179.04000000
0.19710000	18.00000000	416.00000000	0.00000000	-179.03000000
0.19610000	18.00000000	414.00000000	0.00000000	-179.17000000
0.19500000	18.00000000	412.00000000	0.00000000	-179.17000000
0.19390000	18.00000000	410.00000000	0.00000000	-179.16000000
0.19290000	17.50000000	406.00000000	0.00000000	-179.15000000
0.19180000	17.50000000	404.00000000	0.00000000	-179.15000000
0.19090000	17.50000000	404.00000000	0.00000000	-179.15000000
0.18970000	17.50000000	402.00000000	0.00000000	-179.14000000
0.18860000	17.50000000	398.00000000	0.00000000	-179.14000000
0.18770000	17.50000000	396.00000000	0.00000000	-179.13000000
0.18670000	17.50000000	394.00000000	0.00000000	-179.13000000
0.18570000	17.50000000	392.00000000	0.00000000	-179.12000000
0.18450000	17.50000000	390.00000000	0.00000000	-179.12000000
0.18350000	17.50000000	388.00000000	0.00000000	-179.11000000
0.18240000	17.50000000	386.00000000	0.00000000	-179.11000000
0.18140000	17.50000000	384.00000000	0.00000000	-179.10000000
0.18030000	17.00000000	382.00000000	0.00000000	-179.10000000
0.17930000	17.00000000	380.00000000	0.00000000	-179.10000000
0.17820000	17.00000000	378.00000000	0.00000000	-179.09000000
0.17710000	17.00000000	376.00000000	0.00000000	-179.09000000
0.17610000	17.00000000	374.00000000	0.00000000	-179.08000000
0.17500000	17.00000000	372.00000000	0.00000000	-179.07000000
0.17410000	17.00000000	368.00000000	0.00000000	-179.07000000
0.17290000	17.00000000	366.00000000	0.00000000	-179.06000000
0.17180000	16.50000000	364.00000000	0.00000000	-179.06000000
0.17070000	16.50000000	362.00000000	0.00000000	-179.05000000
0.16970000	16.50000000	360.00000000	0.00000000	-179.05000000
0.16860000	16.50000000	358.00000000	0.00000000	-179.04000000
0.16750000	16.50000000	356.00000000	0.00000000	-179.03000000
0.16650000	16.50000000	354.00000000	0.00000000	-179.03000000
0.16530000	16.50000000	352.00000000	0.00000000	-179.02000000
0.16430000	16.50000000	350.00000000	0.00000000	-179.02000000
0.16320000	16.50000000	346.00000000	0.00000000	-179.18000000
0.16220000	16.50000000	346.00000000	0.00000000	-179.17000000
0.16110000	16.50000000	344.00000000	0.00000000	-179.17000000
0.16000000	16.50000000	342.00000000	0.00000000	-179.16000000
0.15890000	16.50000000	338.00000000	0.00000000	-179.15000000
0.15770000	16.50000000	336.00000000	0.00000000	-179.15000000
0.15680000	16.50000000	334.00000000	0.00000000	-179.14000000
0.15570000	16.50000000	334.00000000	0.00000000	-179.14000000
0.15470000	16.50000000	330.00000000	0.00000000	-179.13000000
0.15360000	16.00000000	328.00000000	0.00000000	-179.13000000
0.15250000	16.00000000	326.00000000	0.00000000	-179.12000000
0.15150000	16.00000000	324.00000000	0.00000000	-179.11000000
0.15040000	16.00000000	322.00000000	0.00000000	-179.11000000
0.14940000	16.00000000	320.00000000	0.00000000	-179.11000000
0.14830000	16.00000000	318.00000000	0.00000000	-179.10000000
0.14720000	16.00000000	316.00000000	0.00000000	-179.09000000
0.14610000	16.00000000	314.00000000	0.00000000	-179.09000000
0.14510000	15.50000000	312.00000000	0.00000000	-179.07000000
0.14410000	15.50000000	308.00000000	0.00000000	-179.07000000
0.14300000	15.50000000	306.00000000	0.00000000	-179.07000000
0.14190000	15.50000000	304.00000000	0.00000000	-179.06000000
0.14090000	15.50000000	302.00000000	0.00000000	-179.05000000
0.13980000	15.50000000	300.00000000	0.00000000	-179.05000000
0.13870000	15.50000000	298.00000000	0.00000000	-179.04000000
0.13770000	15.50000000	296.00000000	0.00000000	-179.03000000
0.13660000	15.50000000	294.00000000	0.00000000	-179.03000000
0.13550000	15.50000000	292.00000000	0.00000000	-179.02000000
0.13440000	15.50000000	290.00000000	0.00000000	-179.01000000
0.13330000	15.50000000	288.00000000	0.00000000	-179.00000000
0.13210000	15.50000000	286.00000000	0.00000000	-178.99000000
0.13120000	15.50000000	284.00000000	0.00000000	-178.99000000
0.13010000	15.50000000	282.00000000	0.00000000	-178.98000000
0.12890000	16.00000000	278.00000000	0.00000000	-179.18000000
0.12800000	16.00000000	276.00000000	0.00000000	-179.17000000
0.12690000	16.00000000	274.00000000	0.00000000	-179.17000000
0.12590000	16.00000000	274.00000000	0.00000000	-179.16000000
0.12480000	16.00000000	270.00000000	0.00000000	-179.15000000
0.12380000	16.00000000	268.00000000	0.00000000	-179.14000000
0.12270000	16.00000000	266.00000000	0.00000000	-179.14000000
0.12170000	16.00000000	264.00000000	0.00000000	-179.13000000
0.12060000	16.00000000	262.00000000	0.00000000	-179.12000000
0.11950000	16.00000000	260.00000000	0.00000000	-179.12000000
0.11850000	16.00000000	258.00000000	0.00000000	-179.11000000
0.11740000	16.00000000	256.00000000	0.00000000	-179.10000000
0.11650000	16.00000000	254.00000000	0.00000000	-179.10000000
0.11550000	16.00000000	252.00000000	0.00000000	-179.09000000
0.11440000	16.00000000	250.00000000	0.00000000	-179.08000000
0.11340000	16.00000000	248.00000000	0.00000000	-179.07000000
0.11230000	16.00000000	246.00000000	0.00000000	-179.06000000
0.11120000	16.00000000	244.00000000	0.00000000	-179.05000000
0.11020000	16.00000000	240.00000000	0.00000000	-179.04000000
0.10910000	16.00000000	238.00000000	0.00000000	-179.04000000
0.10780000	16.50000000	236.00000000	0.00000000	-179.03000000
0.10670000	16.50000000	234.00000000	0.00000000	-179.02000000
0.10570000	16.50000000	232.00000000	0.00000000	-179.01000000
0.10460000	16.50000000	230.00000000	0.00000000	-179.00000000
0.10370000	16.50000000	228.00000000	0.00000000	-178.99000000
0.10270000	16.50000000	226.00000000	0.00000000	-178.98000000
0.10160000	16.50000000	224.00000000	0.00000000	-178.98000000
0.10050000	16.50000000	222.00000000	0.00000000	-178.97000000
0.09930000	16.50000000	220.00000000	0.00000000	-178.95000000
0.09840000	16.50000000	218.00000000	0.00000000	-178.94000000
0.09740000	16.50000000	216.00000000	0.00000000	-178.93000000
0.09630000	16.50000000	214.00000000	0.00000000	-178.92000000
0.09520000	16.50000000	210.00000000	0.00000000	-178.91000000
0.09410000	16.50000000	210.00000000	0.00000000	-178.90000000
0.09310000	16.50000000	208.00000000	0.00000000	-178.89000000
0.09200000	16.50000000	206.00000000	0.00000000	-178.88000000
0.09100000	16.50000000	202.00000000	0.00000000	-178.86000000
0.08990000	16.50000000	200.00000000	0.00000000	-179.14000000
0.08880000	16.50000000	198.00000000	0.00000000	-179.13000000
0.08780000	16.50000000	196.00000000	0.00000000	-179.12000000
0.08670000	17.00000000	194.00000000	0.00000000	-179.11000000
0.08560000	17.00000000	192.00000000	0.00000000	-179.10000000
0.08450000	17.00000000	188.00000000	0.00000000	-179.09000000
0.08330000	17.00000000	188.00000000	0.00000000	-179.08000000
0.08220000	17.00000000	186.00000000	0.00000000	-179.07000000
0.08130000	17.00000000	184.00000000	0.00000000	-179.05000000
0.08010000	17.00000000	180.00000000	0.00000000	-179.05000000
0.07920000	17.00000000	178.00000000	0.00000000	-179.04000000
0.07820000	17.00000000	178.00000000	0.00000000	-179.03000000
0.07710000	17.00000000	176.00000000	0.00000000	-179.01000000
0.07600000	17.00000000	172.00000000	0.00000000	-179.00000000
0.07500000	17.00000000	170.00000000	0.00000000	-178.99000000
0.07390000	17.00000000	168.00000000	0.00000000	-178.97000000
0.07280000	17.00000000	166.00000000	0.00000000	-178.96000000
0.07180000	17.00000000	164.00000000	0.00000000	-178.95000000
0.07090000	17.00000000	162.00000000	0.00000000	-178.93000000
0.06970000	17.00000000	160.00000000	0.00000000	-178.91000000
0.06860000	17.00000000	158.00000000	0.00000000	-178.90000000
0.06750000	17.00000000	156.00000000	0.00000000	-178.89000000
0.06650000	17.00000000	154.00000000	0.00000000	-178.88000000
0.06540000	17.00000000	152.00000000	0.00000000	-178.86000000
0.06450000	17.50000000	150.00000000	0.00000000	-178.84000000
0.06330000	17.50000000	148.00000000	-1.64000000	-178.83000000
0.06240000	17.50000000	146.00000000	-2.45000000	-178.82000000
0.06130000	17.50000000	142.00000000	-4.08000000	-178.79000000
0.06010000	17.50000000	140.00000000	-5.71000000	-178.77000000
0.05920000	17.50000000	140.00000000	-7.32000000	-178.76000000
0.05810000	17.50000000	138.00000000	-8.93000000	-179.15000000
0.05690000	17.50000000	134.00000000	-9.72000000	-179.14000000
0.05600000	17.50000000	132.00000000	-11.31000000	-179.13000000
0.05500000	17.50000000	130.00000000	-12.09000000	-179.12000000
0.05390000	17.50000000	128.00000000	-10.52000000	-179.10000000
0.05280000	17.50000000	126.00000000	-9.72000000	-179.09000000
0.05180000	17.50000000	124.00000000	-8.13000000	-179.07000000
0.05050000	17.50000000	122.00000000	-6.52000000	-179.05000000
0.04960000	17.50000000	120.00000000	-4.90000000	-179.03000000
0.04850000	17.50000000	118.00000000	-4.08000000	-179.02000000
0.04730000	17.50000000	116.00000000	-1.64000000	-178.99000000
0.04620000	17.50000000	112.00000000	-0.82000000	-178.97000000
0.04530000	17.50000000	110.00000000	0.00000000	-178.95000000
0.04400000	17.50000000	108.00000000	0.00000000	-178.94000000
0.04300000	17.50000000	108.00000000	0.00000000	-178.91000000
0.04210000	17.50000000	104.00000000	0.00000000	-178.89000000
0.04080000	17.50000000	102.00000000	0.00000000	-178.87000000
0.03980000	17.50000000	100.00000000	0.00000000	-178.83000000
0.03870000	17.50000000	98.00000000	0.00000000	-178.81000000
0.03760000	17.50000000	96.00000000	0.00000000	-178.78000000
0.03660000	17.50000000	94.00000000	0.00000000	-178.77000000
0.03550000	17.50000000	90.00000000	0.00000000	-178.73000000
0.03440000	17.50000000	90.00000000	0.00000000	-178.70000000
0.03340000	17.50000000	88.00000000	0.00000000	-178.67000000
0.03250000	17.50000000	86.00000000	0.00000000	-178.64000000
0.03120000	17.50000000	82.00000000	0.00000000	-178.59000000
0.03010000	17.50000000	80.00000000	0.00000000	-178.55000000
0.02910000	17.50000000	78.00000000	0.00000000	-178.52000000
0.02800000	17.50000000	76.00000000	0.00000000	-178.48000000
0.02700000	17.50000000	74.00000000	0.00000000	-178.43000000
0.02590000	17.50000000	72.00000000	0.00000000	-178.39000000
0.02480000	17.50000000	70.00000000	0.00000000	-178.34000000
0.02380000	17.50000000	68.00000000	0.00000000	-178.27000000
0.02290000	17.50000000	66.00000000	0.00000000	-180.00000000
0.02160000	17.50000000	64.00000000	0.00000000	-180.00000000
0.02060000	17.50000000	60.00000000	0.00000000	-180.00000000
0.01970000	17.50000000	60.00000000	0.00000000	-180.00000000
0.01840000	17.50000000	58.00000000	0.00000000	-180.00000000
0.01740000	17.50000000	56.00000000	0.00000000	-180.00000000
0.01650000	17.50000000	52.00000000	0.00000000	-180.00000000
0.01520000	17.50000000	50.00000000	0.00000000	-180.00000000
0.01420000	17.50000000	48.00000000	0.00000000	-180.00000000
0.01310000	17.50000000	46.00000000	0.00000000	-180.00000000
0.01200000	17.50000000	44.00000000	0.00000000	-180.00000000
0.01100000	17.50000000	42.00000000	0.00000000	-180.00000000
0.00990000	17.50000000	40.00000000	0.00000000	-180.00000000
0.00890000	17.50000000	38.00000000	0.00000000	-180.00000000
0.00800000	17.50000000	36.00000000	0.00000000	-180.00000000
0.00690000	17.50000000	34.00000000	0.00000000	-180.00000000
0.00570000	17.50000000	32.00000000	0.00000000	-180.00000000
0.00480000	17.00000000	30.00000000	0.00000000	-180.00000000
0.00380000	17.00000000	28.00000000	0.00000000	-180.00000000
0.00250000	17.00000000	26.00000000	0.00000000	-180.00000000
0.00130000	17.00000000	22.00000000	0.00000000	-180.00000000
0.00030000	17.00000000	20.00000000	0.00000000	-180.00000000
-0.00080000	16.50000000	18.00000000	0.00000000	-180.00000000
-0.00190000	16.50000000	16.00000000	0.00000000	-180.00000000
-0.00290000	16.50000000	14.00000000	0.00000000	-180.00000000
-0.00390000	16.50000000	12.00000000	0.00000000	-180.00000000
-0.00500000	16.50000000	10.00000000	0.00000000	-180.00000000
-0.00590000	16.00000000	8.00000000	0.00000000	-180.00000000
-0.00710000	16.00000000	4.00000000	0.00000000	-180.00000000
-0.00820000	16.00000000	4.00000000	0.00000000	-180.00000000
-0.00910000	16.00000000	0.00000000	0.00000000	0.00000000
-0.01030000	16.00000000	0.00000000	0.00000000	0.00000000
-0.01140000	16.00000000	2.00000000	0.00000000	0.00000000
-0.01230000	16.00000000	4.00000000	0.00000000	0.00000000
-0.01350000	16.00000000	8.00000000	0.00000000	0.00000000
-0.01440000	16.00000000	10.00000000	0.00000000	0.00000000
-0.01550000	16.00000000	12.00000000	0.00000000	0.00000000
-0.01670000	16.00000000	12.00000000	0.00000000	0.00000000
-0.01760000	16.00000000	16.00000000	0.00000000	0.00000000
-0.01860000	16.00000000	18.00000000	0.00000000	0.00000000
-0.01970000	16.00000000	20.00000000	0.00000000	0.00000000
-0.02070000	16.00000000	22.00000000	0.00000000	0.00000000
-0.02160000	16.50000000	24.00000000	0.00000000	0.00000000
-0.02270000	17.50000000	26.00000000	-4.02000000	0.00000000
-0.02370000	18.50000000	28.00000000	-8.13000000	0.00000000
-0.02480000	20.00000000	30.00000000	-11.04000000	0.00000000
-0.02590000	21.50000000	32.00000000	-14.19000000	0.00000000
-0.02710000	23.00000000	34.00000000	-16.19000000	0.00000000
-0.02800000	24.50000000	36.00000000	-18.26000000	0.00000000
-0.02900000	26.50000000	38.00000000	-19.76000000	0.00000000
-0.03010000	28.50000000	40.00000000	-21.71000000	0.00000000
-0.03110000	30.00000000	42.00000000	-23.01000000	0.00000000
-0.03200000	30.50000000	44.00000000	-23.01000000	0.00000000
-0.03300000	29.50000000	46.00000000	-20.78000000	0.00000000
-0.03410000	28.00000000	48.00000000	-19.09000000	0.00000000
-0.03510000	26.00000000	50.00000000	-17.22000000	0.00000000
-0.03620000	25.00000000	54.00000000	-15.31000000	0.00000000
-0.03710000	23.50000000	54.00000000	-12.99000000	0.00000000
-0.03830000	22.00000000	56.00000000	-9.89000000	0.00000000
-0.03920000	20.50000000	58.00000000	-6.95000000	0.00000000
-0.04030000	19.50000000	62.00000000	-2.93000000	0.00000000
-0.04130000	18.50000000	64.00000000	0.00000000	0.00000000
-0.04240000	18.00000000	66.00000000	0.00000000	0.00000000
-0.04350000	18.00000000	68.00000000	0.00000000	0.00000000
-0.04450000	18.50000000	70.00000000	0.00000000	0.00000000
-0.04550000	18.50000000	72.00000000	0.00000000	0.00000000
-0.04660000	18.50000000	74.00000000	0.00000000	0.00000000
-0.04750000	18.50000000	76.00000000	0.00000000	0.00000000
-0.04870000	18.50000000	78.00000000	0.00000000	0.00000000
-0.04980000	19.00000000	80.00000000	0.00000000	0.00000000
-0.05070000	19.00000000	82.00000000	0.00000000	0.00000000
-0.05200000	19.00000000	84.00000000	0.00000000	0.00000000
-0.05300000	19.00000000	86.00000000	0.00000000	0.00000000
-0.05390000	19.50000000	88.00000000	0.00000000	0.00000000
-0.05510000	19.50000000	92.00000000	0.00000000	0.00000000
-0.05600000	19.50000000	92.00000000	0.00000000	0.00000000
-0.05700000	19.50000000	94.00000000	0.00000000	0.00000000
-0.05810000	20.00000000	96.00000000	0.00000000	0.00000000
-0.05910000	20.00000000	100.00000000	0.00000000	0.00000000
-0.06000000	20.00000000	100.00000000	0.00000000	0.00000000
-0.06110000	20.00000000	102.00000000	0.00000000	0.00000000
-0.06230000	20.00000000	106.00000000	0.00000000	0.00000000
-0.06320000	20.50000000	108.00000000	0.00000000	0.00000000
-0.06430000	20.50000000	110.00000000	0.00000000	0.00000000
-0.06550000	20.50000000	112.00000000	0.00000000	0.00000000
-0.06640000	20.50000000	114.00000000	0.00000000	0.00000000
-0.06750000	20.50000000	116.00000000	0.00000000	0.00000000
-0.06870000	20.50000000	118.00000000	0.00000000	0.00000000
-0.06960000	21.00000000	120.00000000	0.00000000	0.00000000
-0.07070000	21.00000000	122.00000000	0.00000000	0.46000000
-0.07190000	21.00000000	124.00000000	0.00000000	0.45000000
-0.07300000	21.00000000	126.00000000	0.00000000	0.44000000
-0.07410000	21.00000000	130.00000000	0.00000000	0.44000000
-0.07510000	21.50000000	132.00000000	0.00000000	0.43000000
-0.07600000	21.50000000	132.00000000	0.00000000	0.43000000
-0.07710000	21.50000000	136.00000000	0.00000000	0.42000000
-0.07830000	21.50000000	138.00000000	0.00000000	0.41000000
-0.07920000	22.00000000	140.00000000	0.00000000	0.41000000
-0.08030000	22.00000000	142.00000000	0.00000000	0.40000000
-0.08130000	22.00000000	144.00000000	0.00000000	0.39000000
-0.08240000	22.00000000	146.00000000	0.00000000	0.39000000
-0.08350000	22.50000000	148.00000000	0.00000000	0.38000000
-0.08450000	22.50000000	150.00000000	0.00000000	0.37000000
-0.08560000	22.50000000	152.00000000	0.00000000	0.37000000
-0.08660000	22.50000000	154.00000000	0.00000000	0.37000000
-0.08790000	22.50000000	156.00000000	0.00000000	0.36000000
-0.08880000	23.00000000	158.00000000	0.00000000	0.36000000
-0.08990000	23.00000000	160.00000000	0.00000000	0.35000000
-0.09090000	23.00000000	162.00000000	0.00000000	0.35000000
-0.09190000	23.00000000	166.00000000	0.00000000	0.34000000
-0.09300000	23.50000000	168.00000000	0.00000000	0.34000000
-0.09390000	23.50000000	170.00000000	0.00000000	0.34000000
-0.09490000	23.50000000	170.00000000	0.00000000	0.33000000
-0.09600000	23.50000000	174.00000000	0.00000000	0.33000000
-0.09700000	23.50000000	176.00000000	0.00000000	0.33000000
-0.09790000	23.50000000	176.00000000	0.00000000	0.32000000
-0.09910000	23.50000000	178.00000000	0.00000000	0.32000000
-0.10000000	24.00000000	182.00000000	0.00000000	0.31000000
