0.00000000	162.50000000	0.00000000	-144.45000000	0.00000000
0.00110000	163.00000000	0.00000000	-144.63000000	0.00000000
0.00210000	163.50000000	0.00000000	-144.83000000	0.00000000
0.00320000	164.00000000	0.00000000	-144.93000000	0.00000000
0.00420000	164.00000000	0.00000000	-144.96000000	0.00000000
0.00530000	165.00000000	2.00000000	-144.92000000	-180.00000000
0.00640000	165.50000000	2.00000000	-144.69000000	-180.00000000
0.00750000	167.00000000	4.00000000	-144.53000000	-180.00000000
0.00860000	167.00000000	4.00000000	-144.31000000	-180.00000000
0.00980000	167.50000000	4.00000000	-144.04000000	-180.00000000
0.01070000	167.50000000	6.00000000	-143.78000000	-180.00000000
0.01180000	168.00000000	6.00000000	-143.53000000	-180.00000000
0.01280000	168.00000000	10.00000000	-143.25000000	-180.00000000
0.01390000	167.50000000	10.00000000	-143.15000000	-180.00000000
0.01490000	166.50000000	12.00000000	-142.88000000	-180.00000000
0.01580000	166.50000000	14.00000000	-142.70000000	-180.00000000
0.01680000	166.00000000	16.00000000	-142.53000000	-180.00000000
0.01790000	165.50000000	18.00000000	-142.53000000	-180.00000000
0.01890000	166.00000000	20.00000000	-142.34000000	-180.00000000
0.02000000	166.00000000	22.00000000	-142.29000000	-180.00000000
0.02100000	166.00000000	24.00000000	-142.41000000	-180.00000000
0.02220000	166.00000000	26.00000000	-142.46000000	-180.00000000
0.02340000	167.00000000	28.00000000	-141.57000000	-180.00000000
0.02430000	168.00000000	30.00000000	-140.44000000	-180.00000000
0.02530000	167.50000000	32.00000000	-139.11000000	-180.00000000
0.02640000	166.50000000	36.00000000	-137.21000000	-180.00000000
0.02750000	163.00000000	38.00000000	-135.38000000	-180.00000000
0.02850000	159.00000000	40.00000000	-133.33000000	-180.00000000
0.02960000	154.00000000	42.00000000	-130.95000000	-180.00000000
0.03070000	149.50000000	44.00000000	-128.46000000	-180.00000000
0.03180000	144.00000000	46.00000000	-125.31000000	-180.00000000
0.03300000	137.00000000	48.00000000	-122.42000000	-180.00000000
0.03390000	127.00000000	50.00000000	-121.46000000	-180.00000000
0.03500000	117.50000000	52.00000000	-121.22000000	-180.00000000
0.03620000	109.50000000	54.00000000	-121.62000000	-180.00000000
0.03710000	105.00000000	56.00000000	-122.69000000	-180.00000000
0.03810000	101.50000000	58.00000000	-124.68000000	-180.00000000
0.03940000	99.00000000	60.00000000	-127.10000000	-180.00000000
0.04030000	98.50000000	64.00000000	-129.52000000	-180.00000000
0.04140000	98.50000000	66.00000000	-132.45000000	-178.27000000
0.04260000	100.00000000	68.00000000	-135.10000000	-178.29000000
0.04350000	101.00000000	70.00000000	-136.19000000	-178.36000000
0.04460000	103.00000000	72.00000000	-136.47000000	-178.41000000
0.04580000	103.50000000	74.00000000	-136.57000000	-178.46000000
0.04690000	102.50000000	76.00000000	-136.40000000	-178.52000000
0.04800000	99.50000000	78.00000000	-136.14000000	-178.55000000
0.04910000	94.50000000	80.00000000	-135.76000000	-178.59000000
0.05020000	89.50000000	82.00000000	-135.23000000	-178.64000000
0.05140000	83.00000000	86.00000000	-134.75000000	-178.67000000
0.05230000	77.50000000	88.00000000	-133.54000000	-178.69000000
0.05330000	73.50000000	90.00000000	-132.03000000	-178.71000000
0.05460000	69.00000000	92.00000000	-130.76000000	-178.77000000
0.05570000	64.50000000	94.00000000	-129.57000000	-178.78000000
0.05660000	62.00000000	96.00000000	-128.36000000	-178.81000000
0.05780000	60.00000000	98.00000000	-127.16000000	-178.83000000
0.05890000	58.50000000	100.00000000	-125.99000000	-178.87000000
0.05980000	58.00000000	102.00000000	-125.19000000	-178.89000000
0.06100000	58.50000000	104.00000000	-124.03000000	-178.91000000
0.06210000	58.50000000	108.00000000	-123.96000000	-178.93000000
0.06300000	57.50000000	110.00000000	-124.24000000	-178.95000000
0.06420000	57.50000000	110.00000000	-124.31000000	-178.97000000
0.06510000	56.50000000	112.00000000	-124.53000000	-178.99000000
0.06620000	56.50000000	116.00000000	-125.18000000	-179.02000000
0.06740000	55.50000000	118.00000000	-125.99000000	-179.03000000
0.06850000	54.50000000	120.00000000	-126.55000000	-179.05000000
0.06980000	52.50000000	122.00000000	-126.92000000	-179.07000000
0.07070000	50.00000000	124.00000000	-127.28000000	-179.09000000
0.07180000	47.00000000	126.00000000	-127.68000000	-179.10000000
0.07300000	44.00000000	128.00000000	-127.61000000	-179.12000000
0.07410000	39.50000000	132.00000000	-127.02000000	-179.13000000
0.07520000	35.00000000	134.00000000	-126.44000000	-179.15000000
0.07630000	28.50000000	136.00000000	-122.64000000	-179.17000000
0.07740000	21.00000000	138.00000000	-116.24000000	-178.76000000
0.07860000	15.50000000	140.00000000	-106.61000000	-178.77000000
0.07950000	12.00000000	142.00000000	-92.54000000	-178.79000000
0.08060000	9.00000000	144.00000000	-71.57000000	-178.82000000
0.08160000	8.00000000	146.00000000	-46.22000000	-178.83000000
0.08270000	9.00000000	148.00000000	-24.56000000	-178.85000000
0.08400000	10.00000000	150.00000000	-14.35000000	-178.87000000
0.08510000	11.50000000	154.00000000	-8.30000000	-178.89000000
0.08610000	12.00000000	156.00000000	-6.98000000	-178.90000000
0.08720000	12.00000000	158.00000000	-6.84000000	-178.91000000
0.08830000	12.50000000	158.00000000	-6.84000000	-178.93000000
0.08930000	12.50000000	162.00000000	-5.60000000	-178.94000000
0.09060000	12.50000000	164.00000000	-5.60000000	-178.96000000
0.09150000	12.50000000	166.00000000	-4.48000000	-178.97000000
0.09260000	12.50000000	168.00000000	-4.48000000	-178.99000000
0.09380000	12.50000000	170.00000000	-5.82000000	-179.00000000
0.09470000	11.50000000	172.00000000	-8.47000000	-179.00000000
0.09580000	11.00000000	176.00000000	-13.39000000	-179.02000000
0.09700000	10.00000000	176.00000000	-21.25000000	-179.03000000
0.09810000	9.00000000	180.00000000	-38.16000000	-179.04000000
0.09940000	8.50000000	182.00000000	-54.47000000	-179.05000000
0.10030000	9.00000000	184.00000000	-73.01000000	-179.07000000
0.10130000	11.00000000	186.00000000	-90.00000000	-179.08000000
0.10240000	14.00000000	188.00000000	-99.62000000	-179.09000000
0.10350000	17.00000000	190.00000000	-106.39000000	-179.10000000
0.10450000	19.50000000	192.00000000	-110.39000000	-179.11000000
0.10560000	22.50000000	194.00000000	-112.95000000	-179.12000000
0.10660000	25.00000000	196.00000000	-114.81000000	-179.13000000
0.10770000	27.00000000	198.00000000	-116.33000000	-179.14000000
0.10880000	29.00000000	200.00000000	-116.78000000	-179.15000000
0.10990000	30.00000000	202.00000000	-117.82000000	-179.15000000
0.11100000	31.00000000	206.00000000	-118.20000000	-179.17000000
0.11220000	31.00000000	208.00000000	-118.20000000	-179.18000000
0.11310000	31.00000000	210.00000000	-118.20000000	-178.91000000
0.11420000	31.00000000	212.00000000	-118.20000000	-178.92000000
0.11520000	31.00000000	214.00000000	-118.20000000	-178.93000000
0.11620000	31.00000000	216.00000000	-118.20000000	-178.94000000
0.11730000	31.00000000	218.00000000	-118.20000000	-178.95000000
0.11840000	31.00000000	220.00000000	-118.20000000	-178.96000000
0.11940000	31.00000000	222.00000000	-117.99000000	-178.97000000
0.12050000	31.50000000	224.00000000	-117.99000000	-178.98000000
0.12140000	31.50000000	226.00000000	-117.78000000	-178.99000000
0.12260000	32.00000000	228.00000000	-117.57000000	-179.00000000
0.12370000	32.00000000	230.00000000	-117.36000000	-179.01000000
0.12480000	32.00000000	232.00000000	-117.36000000	-179.02000000
0.12590000	32.50000000	236.00000000	-117.16000000	-179.03000000
0.12690000	32.50000000	238.00000000	-118.33000000	-179.04000000
0.12800000	32.50000000	240.00000000	-119.52000000	-179.04000000
0.12900000	31.50000000	240.00000000	-120.81000000	-179.05000000
0.13020000	30.50000000	244.00000000	-121.61000000	-179.06000000
0.13120000	29.00000000	246.00000000	-121.90000000	-179.07000000
0.13230000	27.50000000	248.00000000	-122.51000000	-179.08000000
0.13330000	25.00000000	250.00000000	-123.20000000	-179.09000000
0.13440000	22.00000000	252.00000000	-122.94000000	-179.10000000
0.13550000	18.00000000	254.00000000	-122.09000000	-179.10000000
0.13650000	14.50000000	256.00000000	-118.52000000	-179.11000000
0.13760000	10.00000000	258.00000000	-108.43000000	-179.12000000
0.13870000	7.50000000	260.00000000	-87.80000000	-179.12000000
0.13970000	6.00000000	262.00000000	-53.62000000	-179.13000000
0.14080000	6.50000000	264.00000000	-26.57000000	-179.13000000
0.14180000	8.00000000	266.00000000	-11.63000000	-179.14000000
0.14270000	10.00000000	268.00000000	-3.99000000	-179.15000000
0.14380000	11.50000000	270.00000000	0.00000000	-178.95000000
0.14480000	13.00000000	274.00000000	0.00000000	-178.96000000
0.14590000	14.50000000	276.00000000	0.00000000	-178.97000000
0.14700000	14.50000000	278.00000000	0.00000000	-178.97000000
0.14800000	14.50000000	278.00000000	0.00000000	-178.98000000
0.14910000	14.50000000	282.00000000	0.00000000	-178.99000000
0.15020000	15.00000000	284.00000000	0.00000000	-178.99000000
0.15140000	15.00000000	286.00000000	0.00000000	-179.00000000
0.15230000	15.00000000	288.00000000	0.00000000	-179.01000000
0.15340000	15.00000000	290.00000000	0.00000000	-179.02000000
0.15460000	15.00000000	292.00000000	0.00000000	-179.02000000
0.15570000	15.00000000	294.00000000	0.00000000	-179.03000000
0.15660000	15.00000000	296.00000000	0.00000000	-179.04000000
0.15780000	15.00000000	298.00000000	0.00000000	-179.05000000
0.15870000	15.00000000	300.00000000	0.00000000	-179.05000000
0.15970000	15.00000000	304.00000000	0.00000000	-179.06000000
0.16080000	15.00000000	304.00000000	0.00000000	-179.06000000
0.16190000	15.00000000	306.00000000	0.00000000	-179.07000000
0.16290000	15.00000000	308.00000000	0.00000000	-179.07000000
0.16400000	15.00000000	312.00000000	0.00000000	-179.09000000
0.16510000	15.50000000	314.00000000	0.00000000	-179.09000000
0.16620000	15.50000000	316.00000000	0.00000000	-179.10000000
0.16720000	15.50000000	318.00000000	0.00000000	-179.11000000
0.16850000	15.50000000	320.00000000	0.00000000	-179.11000000
0.16960000	15.50000000	322.00000000	0.00000000	-179.11000000
0.17060000	15.50000000	324.00000000	0.00000000	-179.12000000
0.17170000	16.00000000	328.00000000	0.00000000	-179.13000000
0.17280000	16.00000000	328.00000000	0.00000000	-179.13000000
0.17380000	16.00000000	330.00000000	0.00000000	-179.14000000
0.17490000	16.00000000	334.00000000	0.00000000	-179.14000000
0.17580000	16.00000000	336.00000000	0.00000000	-179.15000000
0.17700000	16.00000000	338.00000000	0.00000000	-179.15000000
0.17810000	16.00000000	338.00000000	0.00000000	-179.16000000
0.17900000	16.00000000	342.00000000	0.00000000	-179.00000000
0.18000000	16.00000000	344.00000000	0.00000000	-179.00000000
0.18110000	16.00000000	346.00000000	0.00000000	-179.01000000
0.18210000	16.00000000	348.00000000	0.00000000	-179.02000000
0.18320000	16.00000000	350.00000000	0.00000000	-179.02000000
0.18430000	16.00000000	352.00000000	0.00000000	-179.03000000
0.18540000	16.00000000	354.00000000	0.00000000	-179.03000000
0.18640000	16.00000000	356.00000000	0.00000000	-179.04000000
0.18750000	16.00000000	358.00000000	0.00000000	-179.04000000
0.18850000	16.50000000	360.00000000	0.00000000	-179.05000000
0.18960000	16.50000000	362.00000000	0.00000000	-179.05000000
0.19070000	16.50000000	364.00000000	0.00000000	-179.06000000
0.19170000	16.50000000	366.00000000	0.00000000	-179.07000000
0.19280000	16.50000000	368.00000000	0.00000000	-179.07000000
0.19390000	16.50000000	372.00000000	0.00000000	-179.08000000
0.19520000	16.50000000	374.00000000	0.00000000	-179.09000000
0.19620000	16.50000000	376.00000000	0.00000000	-179.09000000
0.19710000	16.50000000	378.00000000	0.00000000	-179.09000000
0.19820000	16.50000000	380.00000000	0.00000000	-179.10000000
0.19920000	17.00000000	382.00000000	0.00000000	-179.10000000
0.20030000	17.00000000	384.00000000	0.00000000	-179.11000000
0.20130000	17.00000000	386.00000000	0.00000000	-179.11000000
0.20240000	17.00000000	388.00000000	0.00000000	-179.12000000
0.20350000	17.00000000	390.00000000	0.00000000	-179.12000000
0.20460000	17.00000000	392.00000000	0.00000000	-179.13000000
0.20560000	17.50000000	394.00000000	0.00000000	-179.13000000
0.20690000	17.50000000	396.00000000	0.00000000	-179.14000000
0.20780000	17.50000000	398.00000000	0.00000000	-179.14000000
0.20880000	17.50000000	402.00000000	0.00000000	-179.14000000
0.20990000	17.50000000	404.00000000	0.00000000	-179.15000000
0.21100000	17.50000000	406.00000000	0.00000000	-179.15000000
0.21200000	17.50000000	406.00000000	0.00000000	-179.16000000
0.21310000	17.50000000	410.00000000	0.00000000	-179.03000000
0.21410000	17.50000000	412.00000000	0.00000000	-179.03000000
0.21520000	17.50000000	414.00000000	0.00000000	-179.03000000
0.21620000	18.00000000	416.00000000	0.00000000	-179.04000000
0.21730000	18.00000000	418.00000000	0.00000000	-179.04000000
0.21840000	18.00000000	420.00000000	0.00000000	-179.05000000
0.21950000	18.00000000	422.00000000	0.00000000	-179.05000000
0.22060000	18.00000000	424.00000000	0.00000000	-179.06000000
0.22180000	18.00000000	426.00000000	0.00000000	-179.06000000
0.22270000	18.00000000	428.00000000	0.00000000	-179.07000000
0.22380000	18.50000000	432.00000000	0.00000000	-179.07000000
0.22480000	18.50000000	434.00000000	0.00000000	-179.08000000
0.22590000	18.50000000	434.00000000	0.00000000	-179.08000000
0.22690000	18.50000000	436.00000000	0.00000000	-179.09000000
0.22800000	18.50000000	440.00000000	0.00000000	-179.09000000
0.22900000	19.00000000	442.00000000	0.00000000	-179.10000000
0.23010000	19.00000000	444.00000000	0.00000000	-179.10000000
0.23100000	19.00000000	446.00000000	0.00000000	-179.10000000
0.23220000	19.00000000	448.00000000	0.00000000	-179.11000000
0.23330000	19.00000000	450.00000000	0.00000000	-179.11000000
0.23420000	19.50000000	452.00000000	0.00000000	-179.12000000
0.23540000	19.50000000	454.00000000	0.00000000	-179.12000000
0.23650000	19.50000000	456.00000000	0.00000000	-179.13000000
0.23760000	19.50000000	458.00000000	0.00000000	-179.13000000
0.23860000	20.00000000	460.00000000	0.00000000	-179.13000000
0.23970000	20.00000000	462.00000000	0.00000000	-179.14000000
0.24060000	20.00000000	464.00000000	0.00000000	-179.14000000
0.24180000	20.50000000	466.00000000	0.00000000	-179.14000000
0.24270000	20.50000000	470.00000000	0.00000000	-179.15000000
0.24380000	20.50000000	472.00000000	0.00000000	-179.15000000
0.24500000	20.50000000	474.00000000	0.00000000	-179.15000000
0.24610000	20.50000000	476.00000000	0.00000000	-179.16000000
0.24700000	20.50000000	478.00000000	0.00000000	-179.17000000
0.24820000	20.50000000	480.00000000	0.00000000	-179.17000000
0.24930000	20.50000000	482.00000000	0.00000000	-179.17000000
0.25040000	20.50000000	484.00000000	0.00000000	-179.18000000
0.25150000	21.00000000	486.00000000	0.00000000	-178.95000000
0.25250000	21.00000000	488.00000000	0.00000000	-178.95000000
0.25340000	21.00000000	490.00000000	0.00000000	-178.95000000
0.25460000	21.00000000	492.00000000	0.00000000	-178.96000000
0.25570000	21.00000000	494.00000000	0.00000000	-178.96000000
0.25660000	21.00000000	496.00000000	0.00000000	-178.97000000
0.25780000	21.50000000	500.00000000	0.00000000	-178.97000000
0.25870000	21.50000000	502.00000000	0.00000000	-178.97000000
0.25980000	21.50000000	502.00000000	0.00000000	-178.98000000
0.26080000	21.50000000	504.00000000	0.00000000	-178.98000000
0.26190000	21.50000000	508.00000000	0.00000000	-178.99000000
0.26300000	21.50000000	510.00000000	0.00000000	-178.99000000
0.26420000	21.50000000	512.00000000	0.00000000	-178.99000000
0.26530000	21.50000000	514.00000000	0.00000000	-179.00000000
0.26620000	21.50000000	516.00000000	0.00000000	-179.00000000
0.26720000	21.50000000	518.00000000	0.00000000	-179.01000000
0.26820000	21.50000000	520.00000000	0.00000000	-179.01000000
0.26930000	21.50000000	522.00000000	0.00000000	-179.02000000
0.27020000	21.50000000	524.00000000	0.00000000	-179.02000000
0.27120000	21.50000000	526.00000000	0.00000000	-179.02000000
0.27250000	21.50000000	528.00000000	0.00000000	-179.03000000
0.27360000	21.50000000	530.00000000	0.00000000	-179.03000000
0.27460000	21.50000000	532.00000000	0.00000000	-179.04000000
0.27570000	21.50000000	534.00000000	0.00000000	-179.04000000
0.27660000	21.50000000	538.00000000	0.00000000	-179.04000000
0.27780000	21.50000000	540.00000000	0.00000000	-179.05000000
0.27890000	22.00000000	540.00000000	0.00000000	-179.05000000
0.27980000	22.00000000	542.00000000	0.00000000	-179.05000000
0.28100000	22.00000000	546.00000000	0.00000000	-179.06000000
0.28210000	22.00000000	548.00000000	0.00000000	-179.06000000
0.28320000	22.00000000	550.00000000	0.00000000	-179.06000000
0.28420000	22.00000000	552.00000000	0.00000000	-178.97000000
0.28540000	22.50000000	554.00000000	0.00000000	-178.97000000
0.28660000	22.50000000	556.00000000	0.00000000	-178.97000000
0.28770000	22.50000000	558.00000000	0.00000000	-178.98000000
0.28860000	22.50000000	560.00000000	0.00000000	-178.98000000
0.28960000	22.50000000	562.00000000	0.00000000	-178.98000000
0.29070000	23.00000000	564.00000000	0.00000000	-178.99000000
0.29180000	23.00000000	568.00000000	0.00000000	-178.99000000
0.29280000	23.00000000	570.00000000	0.00000000	-179.00000000
0.29380000	23.00000000	570.00000000	0.00000000	-179.00000000
0.29490000	23.00000000	572.00000000	0.00000000	-179.00000000
0.29580000	23.50000000	576.00000000	0.00000000	-179.01000000
0.29700000	23.50000000	578.00000000	0.00000000	-179.01000000
0.29810000	23.50000000	580.00000000	0.00000000	-179.02000000
0.29900000	23.50000000	580.00000000	0.00000000	-179.02000000
0.30000000	23.50000000	584.00000000	0.00000000	-179.02000000
0.30110000	23.50000000	586.00000000	0.00000000	-179.03000000
0.30220000	23.50000000	588.00000000	0.00000000	-179.03000000
0.30340000	23.50000000	590.00000000	0.00000000	-179.03000000
0.30450000	23.50000000	592.00000000	0.00000000	-179.04000000
0.30540000	23.50000000	594.00000000	0.00000000	-179.04000000
0.30660000	23.50000000	598.00000000	0.00000000	-179.04000000
0.30770000	23.50000000	598.00000000	0.00000000	-179.05000000
0.30880000	23.50000000	600.00000000	0.00000000	-179.05000000
0.30990000	23.50000000	602.00000000	0.00000000	-179.05000000
0.31090000	24.00000000	606.00000000	0.00000000	-179.06000000
0.31200000	24.00000000	608.00000000	0.00000000	-179.06000000
0.31300000	24.00000000	610.00000000	0.00000000	-179.06000000
0.31420000	24.00000000	610.00000000	0.00000000	-179.07000000
0.31520000	24.00000000	614.00000000	0.00000000	-179.07000000
0.31630000	24.00000000	616.00000000	0.00000000	-179.07000000
0.31740000	24.50000000	618.00000000	0.00000000	-179.07000000
0.31840000	24.50000000	620.00000000	0.00000000	-179.08000000
0.31940000	24.50000000	622.00000000	0.00000000	-178.99000000
0.32050000	24.50000000	624.00000000	0.00000000	-178.99000000
0.32160000	24.50000000	626.00000000	0.00000000	-179.09000000
0.32260000	24.50000000	628.00000000	0.00000000	-179.00000000
0.32370000	25.00000000	630.00000000	0.00000000	-179.00000000
0.32480000	25.00000000	632.00000000	0.00000000	-179.00000000
0.32580000	25.00000000	636.00000000	0.00000000	-179.01000000
0.32690000	25.00000000	636.00000000	0.00000000	-179.02000000
0.32780000	25.50000000	638.00000000	0.00000000	-179.02000000
0.32900000	25.50000000	640.00000000	0.00000000	-179.02000000
0.33010000	25.50000000	644.00000000	0.00000000	-179.03000000
0.33120000	26.00000000	646.00000000	0.00000000	-179.03000000
0.33220000	26.00000000	648.00000000	0.00000000	-179.03000000
0.33340000	26.00000000	650.00000000	0.00000000	-179.03000000
0.33440000	26.50000000	652.00000000	0.00000000	-179.04000000
0.33550000	26.50000000	654.00000000	0.00000000	-179.04000000
0.33660000	26.50000000	656.00000000	0.00000000	-179.04000000
0.33760000	26.50000000	658.00000000	0.00000000	-179.05000000
0.33870000	27.00000000	660.00000000	0.00000000	-179.05000000
0.33980000	27.00000000	662.00000000	0.00000000	-179.05000000
0.34100000	27.00000000	666.00000000	0.00000000	-179.06000000
0.34210000	27.50000000	668.00000000	0.00000000	-179.06000000
0.34300000	27.50000000	668.00000000	0.00000000	-179.06000000
0.34420000	27.50000000	670.00000000	0.00000000	-179.06000000
0.34530000	28.00000000	674.00000000	0.00000000	-179.07000000
0.34620000	28.00000000	676.00000000	0.00000000	-179.07000000
0.34720000	28.00000000	678.00000000	0.00000000	-179.07000000
0.34830000	28.50000000	678.00000000	0.00000000	-179.07000000
0.34930000	28.50000000	682.00000000	0.00000000	-179.08000000
0.35020000	29.00000000	684.00000000	0.00000000	-179.08000000
0.35150000	29.00000000	686.00000000	0.00000000	-179.09000000
0.35250000	29.00000000	688.00000000	0.00000000	-179.09000000
0.35360000	29.50000000	690.00000000	0.00000000	-179.01000000
0.35470000	29.50000000	692.00000000	0.00000000	-179.01000000
0.35570000	30.00000000	694.00000000	0.00000000	-179.02000000
0.35660000	30.50000000	696.00000000	0.00000000	-179.02000000
0.35780000	30.50000000	698.00000000	0.00000000	-179.02000000
0.35890000	31.00000000	700.00000000	0.46000000	-179.02000000
0.35980000	31.00000000	704.00000000	0.46000000	-179.03000000
0.36080000	31.00000000	706.00000000	0.46000000	-179.03000000
0.36190000	31.00000000	706.00000000	0.46000000	-179.03000000
0.36290000	31.50000000	708.00000000	0.45000000	-179.03000000
0.36400000	31.50000000	712.00000000	0.45000000	-179.04000000
0.36510000	31.50000000	714.00000000	0.45000000	-179.04000000
0.36610000	31.50000000	716.00000000	0.45000000	-179.04000000
0.36720000	31.50000000	718.00000000	0.45000000	-179.05000000
0.36820000	31.50000000	720.00000000	0.45000000	-179.05000000
0.36930000	31.50000000	722.00000000	0.45000000	-179.05000000
0.37020000	31.50000000	724.00000000	0.45000000	-179.05000000
0.37140000	32.00000000	726.00000000	0.45000000	-179.06000000
0.37250000	32.00000000	728.00000000	0.44000000	-179.06000000
0.37340000	32.00000000	730.00000000	0.44000000	-179.06000000
0.37440000	32.00000000	732.00000000	0.44000000	-179.06000000
0.37540000	32.50000000	734.00000000	0.44000000	-179.07000000
0.37650000	32.50000000	736.00000000	0.44000000	-179.07000000
0.37740000	33.00000000	738.00000000	0.43000000	-179.07000000
0.37840000	33.00000000	740.00000000	0.43000000	-179.07000000
0.37950000	33.50000000	742.00000000	0.43000000	-179.08000000
0.38050000	33.50000000	744.00000000	0.42000000	-179.08000000
0.38160000	33.50000000	746.00000000	0.42000000	-179.08000000
0.38260000	34.00000000	750.00000000	0.42000000	-179.09000000
0.38370000	34.00000000	750.00000000	0.42000000	-179.09000000
0.38460000	34.00000000	752.00000000	0.42000000	-179.09000000
0.38560000	34.00000000	754.00000000	0.42000000	-179.09000000
0.38660000	34.00000000	758.00000000	0.42000000	-179.10000000
0.38770000	34.00000000	758.00000000	0.42000000	-179.10000000
0.38860000	34.00000000	760.00000000	0.42000000	-179.10000000
0.38980000	34.00000000	764.00000000	0.42000000	-179.03000000
0.39090000	34.00000000	766.00000000	0.42000000	-179.03000000
0.39180000	34.00000000	768.00000000	0.42000000	-179.03000000
0.39300000	34.00000000	768.00000000	0.42000000	-179.04000000
0.39410000	34.00000000	772.00000000	0.42000000	-179.04000000
0.39500000	34.00000000	774.00000000	0.42000000	-179.04000000
0.39620000	34.00000000	776.00000000	0.42000000	-179.04000000
0.39730000	34.50000000	778.00000000	0.41000000	-179.05000000
0.39840000	34.50000000	780.00000000	0.41000000	-179.05000000
0.39940000	35.00000000	782.00000000	0.41000000	-179.05000000
0.40050000	35.00000000	784.00000000	0.41000000	-179.05000000
0.40160000	35.00000000	786.00000000	0.41000000	-179.06000000
0.40260000	35.50000000	788.00000000	0.40000000	-179.06000000
0.40370000	35.50000000	790.00000000	0.40000000	-179.06000000
0.40460000	36.00000000	792.00000000	0.39000000	-179.06000000
0.40560000	36.00000000	796.00000000	0.39000000	-179.07000000
0.40670000	36.50000000	796.00000000	0.39000000	-179.07000000
0.40770000	36.50000000	798.00000000	0.39000000	-179.07000000
0.40860000	36.50000000	802.00000000	0.38000000	-179.07000000
0.40980000	37.00000000	804.00000000	0.38000000	-179.08000000
0.41090000	37.00000000	806.00000000	0.38000000	-179.08000000
0.41200000	37.00000000	808.00000000	0.38000000	-179.08000000
0.41310000	37.00000000	810.00000000	0.38000000	-179.09000000
0.41410000	37.00000000	812.00000000	0.38000000	-179.09000000
0.41500000	37.00000000	814.00000000	0.38000000	-179.09000000
0.41620000	37.00000000	816.00000000	0.38000000	-179.09000000
0.41710000	36.50000000	818.00000000	0.39000000	-179.09000000
0.41820000	36.50000000	820.00000000	0.39000000	-179.10000000
0.41920000	36.50000000	822.00000000	0.39000000	-179.10000000
0.42030000	36.50000000	826.00000000	0.39000000	-179.10000000
0.42140000	36.50000000	826.00000000	0.39000000	-179.10000000
0.42260000	36.50000000	828.00000000	0.39000000	-179.11000000
0.42350000	36.50000000	832.00000000	0.39000000	-179.11000000
0.42450000	36.50000000	832.00000000	0.39000000	-179.11000000
0.42560000	37.00000000	834.00000000	0.38000000	-179.11000000
0.42660000	37.00000000	836.00000000	0.38000000	-179.11000000
0.42750000	37.00000000	840.00000000	0.38000000	-179.05000000
0.42850000	37.50000000	840.00000000	0.38000000	-179.05000000
0.42960000	37.50000000	842.00000000	0.37000000	-179.05000000
0.43060000	38.00000000	844.00000000	0.37000000	-179.05000000
0.43170000	38.00000000	848.00000000	0.37000000	-179.06000000
0.43260000	38.50000000	850.00000000	0.37000000	-179.06000000
0.43380000	38.50000000	850.00000000	0.37000000	-179.06000000
0.43470000	39.00000000	852.00000000	0.37000000	-179.06000000
0.43570000	39.00000000	856.00000000	0.37000000	-179.07000000
0.43660000	39.00000000	858.00000000	0.36000000	-179.07000000
0.43760000	39.00000000	860.00000000	0.36000000	-179.07000000
0.43870000	39.50000000	862.00000000	0.36000000	-179.07000000
0.43970000	39.50000000	864.00000000	0.36000000	-179.07000000
0.44080000	39.50000000	866.00000000	0.36000000	-179.08000000
0.44190000	39.50000000	868.00000000	0.36000000	-179.08000000
0.44300000	39.50000000	870.00000000	0.36000000	-179.08000000
0.44400000	39.50000000	872.00000000	0.36000000	-179.09000000
0.44500000	39.50000000	874.00000000	0.36000000	-179.09000000
0.44610000	39.50000000	878.00000000	0.36000000	-179.09000000
0.44700000	39.50000000	880.00000000	0.36000000	-179.09000000
0.44820000	39.00000000	880.00000000	0.36000000	-179.09000000
0.44910000	39.00000000	882.00000000	0.36000000	-179.10000000
0.45010000	39.00000000	886.00000000	0.37000000	-179.10000000
0.45120000	39.00000000	888.00000000	0.37000000	-179.10000000
0.45220000	39.00000000	888.00000000	0.37000000	-179.10000000
0.45310000	38.50000000	890.00000000	0.37000000	-179.10000000
0.45410000	38.50000000	894.00000000	0.37000000	-179.11000000
0.45500000	38.50000000	896.00000000	0.37000000	-179.11000000
0.45620000	38.00000000	896.00000000	0.37000000	-179.11000000
0.45730000	38.00000000	900.00000000	0.37000000	-179.11000000
0.45820000	38.00000000	902.00000000	0.37000000	-179.05000000
0.45940000	38.00000000	902.00000000	0.37000000	-179.11000000
0.46030000	38.00000000	904.00000000	0.37000000	-179.12000000
0.46140000	38.00000000	908.00000000	0.37000000	-179.12000000
0.46240000	38.00000000	910.00000000	0.37000000	-179.12000000
0.46350000	38.00000000	912.00000000	0.37000000	-179.06000000
0.46450000	38.50000000	912.00000000	0.37000000	-179.06000000
0.46540000	38.50000000	916.00000000	0.37000000	-179.06000000
0.46640000	38.50000000	918.00000000	0.37000000	-179.06000000
0.46750000	39.00000000	920.00000000	0.37000000	-179.07000000
0.46850000	39.00000000	920.00000000	0.36000000	-179.07000000
0.46960000	39.00000000	924.00000000	0.36000000	-179.07000000
0.47070000	39.50000000	926.00000000	0.36000000	-179.07000000
0.47170000	39.50000000	928.00000000	0.36000000	-179.08000000
0.47260000	40.00000000	930.00000000	0.36000000	-179.08000000
0.47390000	40.00000000	932.00000000	0.36000000	-179.08000000
0.47490000	40.00000000	934.00000000	0.35000000	-179.08000000
0.47580000	40.00000000	938.00000000	0.35000000	-179.09000000
0.47710000	40.00000000	940.00000000	0.35000000	-179.09000000
0.47810000	40.00000000	940.00000000	0.35000000	-179.09000000
0.47900000	40.00000000	942.00000000	0.35000000	-179.09000000
0.48020000	40.00000000	946.00000000	0.35000000	-179.10000000
0.48130000	40.00000000	948.00000000	0.35000000	-179.10000000
0.48220000	40.00000000	950.00000000	0.35000000	-179.10000000
0.48320000	40.00000000	952.00000000	0.35000000	-179.10000000
0.48430000	40.00000000	954.00000000	0.36000000	-179.10000000
0.48530000	40.00000000	956.00000000	0.36000000	-179.10000000
0.48640000	40.00000000	958.00000000	0.36000000	-179.11000000
0.48750000	39.50000000	960.00000000	0.36000000	-179.11000000
0.48850000	39.50000000	962.00000000	0.36000000	-179.11000000
0.48960000	39.50000000	964.00000000	0.36000000	-179.11000000
0.49060000	39.00000000	966.00000000	0.36000000	-179.11000000
0.49150000	39.00000000	968.00000000	0.36000000	-179.12000000
0.49250000	39.00000000	970.00000000	0.37000000	-179.12000000
0.49340000	38.50000000	972.00000000	0.37000000	-179.12000000
0.49460000	38.50000000	974.00000000	0.37000000	-179.00000000
0.49550000	38.00000000	976.00000000	0.37000000	-179.12000000
0.49650000	38.00000000	978.00000000	0.37000000	-179.12000000
0.49740000	38.00000000	980.00000000	0.38000000	-179.13000000
0.49860000	37.50000000	980.00000000	0.38000000	-179.01000000
0.49950000	37.50000000	984.00000000	0.38000000	-179.01000000
0.50060000	37.00000000	986.00000000	0.38000000	-179.02000000
0.50180000	37.00000000	988.00000000	0.38000000	-179.02000000
0.50270000	37.00000000	988.00000000	0.38000000	-179.02000000
0.50370000	37.00000000	992.00000000	0.38000000	-179.02000000
0.50480000	37.00000000	994.00000000	0.38000000	-179.02000000
0.50590000	37.00000000	996.00000000	0.38000000	-179.03000000
0.50700000	37.00000000	998.00000000	0.38000000	-179.03000000
0.50800000	37.00000000	1000.00000000	0.38000000	-179.03000000
0.50910000	37.50000000	1002.00000000	0.38000000	-179.03000000
0.51010000	38.00000000	1004.00000000	0.37000000	-179.03000000
0.51100000	38.00000000	1006.00000000	0.37000000	-179.04000000
0.51220000	38.50000000	1008.00000000	0.37000000	-179.04000000
0.51310000	38.50000000	1010.00000000	0.37000000	-179.04000000
0.51410000	39.00000000	1014.00000000	0.36000000	-179.04000000
0.51520000	39.50000000	1016.00000000	0.36000000	-179.04000000
0.51630000	39.50000000	1016.00000000	0.36000000	-179.05000000
0.51730000	40.00000000	1020.00000000	0.35000000	-179.05000000
0.51840000	40.50000000	1022.00000000	0.35000000	-179.05000000
0.51950000	40.50000000	1024.00000000	0.35000000	-179.05000000
0.52070000	40.50000000	1028.00000000	0.35000000	-179.06000000
0.52180000	41.00000000	1030.00000000	0.35000000	-179.06000000
0.52270000	41.00000000	1030.00000000	0.35000000	-179.06000000
0.52390000	41.00000000	1032.00000000	0.35000000	-179.06000000
0.52480000	41.00000000	1036.00000000	0.35000000	-179.06000000
0.52590000	41.00000000	1038.00000000	0.70000000	-179.06000000
0.52690000	41.00000000	1040.00000000	0.35000000	-179.07000000
0.52800000	41.00000000	1042.00000000	0.35000000	-179.07000000
0.52910000	41.00000000	1044.00000000	0.35000000	-179.07000000
0.53020000	40.50000000	1046.00000000	0.35000000	-179.07000000
0.53120000	40.50000000	1048.00000000	0.35000000	-179.02000000
0.53220000	40.50000000	1050.00000000	0.35000000	-179.02000000
0.53330000	40.00000000	1052.00000000	0.36000000	-179.02000000
0.53440000	40.00000000	1054.00000000	0.36000000	-179.03000000
0.53540000	39.50000000	1056.00000000	0.36000000	-179.08000000
0.53630000	39.00000000	1058.00000000	0.36000000	-179.03000000
0.53750000	38.50000000	1060.00000000	0.37000000	-179.03000000
0.53860000	38.50000000	1062.00000000	0.37000000	-179.03000000
0.53950000	38.00000000	1064.00000000	0.37000000	-179.03000000
0.54070000	37.50000000	1066.00000000	0.38000000	-179.04000000
0.54180000	37.00000000	1068.00000000	0.38000000	-179.04000000
0.54270000	36.50000000	1070.00000000	0.39000000	-179.04000000
0.54390000	36.00000000	1070.00000000	0.39000000	-179.04000000
0.54500000	36.00000000	1074.00000000	0.40000000	-179.04000000
0.54590000	35.50000000	1074.00000000	0.40000000	-179.04000000
0.54710000	35.50000000	1076.00000000	0.40000000	-179.05000000
0.54820000	35.00000000	1078.00000000	0.41000000	-179.05000000
0.54910000	35.00000000	1080.00000000	0.41000000	-179.05000000
0.55030000	35.50000000	1082.00000000	0.40000000	-179.05000000
0.55140000	35.50000000	1084.00000000	0.40000000	-179.05000000
0.55230000	35.50000000	1086.00000000	0.40000000	-179.05000000
0.55350000	36.00000000	1088.00000000	0.39000000	-179.06000000
0.55460000	36.50000000	1090.00000000	0.39000000	-179.06000000
0.55570000	37.00000000	1092.00000000	0.38000000	-179.06000000
0.55680000	37.50000000	1096.00000000	0.38000000	-179.06000000
0.55780000	38.00000000	1098.00000000	0.37000000	-179.06000000
0.55890000	38.50000000	1100.00000000	0.37000000	-179.06000000
0.56000000	39.00000000	1102.00000000	0.36000000	-179.07000000
0.56100000	39.50000000	1104.00000000	0.36000000	-179.07000000
0.56210000	40.50000000	1106.00000000	0.35000000	-179.07000000
0.56320000	41.00000000	1108.00000000	0.35000000	-179.07000000
0.56420000	41.00000000	1112.00000000	0.34000000	-179.07000000
0.56530000	41.50000000	1114.00000000	0.34000000	-179.08000000
0.56640000	42.00000000	1116.00000000	0.34000000	-179.08000000
0.56740000	42.50000000	1118.00000000	0.33000000	-179.03000000
0.56830000	43.00000000	1120.00000000	0.33000000	-179.03000000
0.56950000	43.00000000	1122.00000000	0.33000000	-179.03000000
0.57060000	43.50000000	1126.00000000	0.65000000	-179.04000000
0.57150000	44.00000000	1128.00000000	0.65000000	-179.04000000
0.57270000	44.00000000	1130.00000000	0.65000000	-179.04000000
0.57360000	44.00000000	1132.00000000	0.65000000	-179.04000000
0.57460000	44.00000000	1134.00000000	0.65000000	-179.04000000
0.57570000	44.50000000	1136.00000000	0.64000000	-179.05000000
0.57680000	44.50000000	1138.00000000	0.64000000	-179.05000000
0.57790000	44.50000000	1142.00000000	0.64000000	-179.05000000
0.57890000	44.50000000	1142.00000000	0.64000000	-179.05000000
0.57990000	44.00000000	1144.00000000	0.65000000	-179.05000000
0.58100000	44.00000000	1146.00000000	0.65000000	-179.05000000
0.58190000	44.00000000	1150.00000000	0.65000000	-179.06000000
0.58310000	43.50000000	1152.00000000	0.65000000	-179.06000000
0.58420000	43.50000000	1152.00000000	0.33000000	-179.06000000
0.58510000	43.00000000	1154.00000000	0.33000000	-179.06000000
0.58610000	42.50000000	1158.00000000	0.34000000	-179.06000000
0.58720000	42.00000000	1158.00000000	0.34000000	-179.06000000
0.58820000	41.50000000	1160.00000000	0.34000000	-179.06000000
0.58910000	41.00000000	1162.00000000	0.35000000	-179.06000000
0.59010000	41.00000000	1164.00000000	0.35000000	-179.07000000
0.59120000	40.00000000	1166.00000000	0.35000000	-179.07000000
0.59220000	40.00000000	1166.00000000	0.36000000	-179.07000000
0.59330000	39.50000000	1168.00000000	0.36000000	-179.07000000
0.59440000	39.00000000	1170.00000000	0.37000000	-179.07000000
0.59540000	38.50000000	1172.00000000	0.37000000	-179.07000000
0.59650000	38.50000000	1174.00000000	0.37000000	-179.07000000
0.59760000	38.50000000	1176.00000000	0.37000000	-179.08000000
0.59870000	38.50000000	1176.00000000	0.37000000	-179.08000000
0.59970000	39.00000000	1180.00000000	0.37000000	-179.08000000
0.60080000	39.00000000	1180.00000000	0.36000000	-179.08000000
0.60180000	39.50000000	1182.00000000	0.36000000	-179.08000000
0.60290000	40.00000000	1184.00000000	0.35000000	-179.09000000
0.60400000	40.50000000	1188.00000000	0.35000000	-179.04000000
0.60500000	41.00000000	1188.00000000	0.34000000	-179.04000000
0.60610000	42.00000000	1190.00000000	0.34000000	-179.04000000
0.60720000	43.00000000	1194.00000000	0.33000000	-179.04000000
0.60820000	43.50000000	1196.00000000	0.33000000	-179.05000000
0.60930000	44.50000000	1198.00000000	0.64000000	-179.05000000
0.61040000	45.50000000	1200.00000000	0.63000000	-179.05000000
0.61140000	46.50000000	1202.00000000	0.61000000	-179.05000000
0.61250000	47.00000000	1204.00000000	0.60000000	-179.05000000
0.61350000	47.50000000	1206.00000000	0.59000000	-179.05000000
0.61460000	48.50000000	1210.00000000	0.58000000	-179.05000000
0.61550000	49.50000000	1212.00000000	0.57000000	-179.06000000
0.61650000	50.00000000	1214.00000000	0.57000000	-179.06000000
0.61760000	50.50000000	1214.00000000	0.56000000	-179.06000000
0.61860000	51.00000000	1218.00000000	0.56000000	-179.06000000
0.61970000	52.00000000	1220.00000000	0.55000000	-179.06000000
0.62080000	52.50000000	1222.00000000	0.81000000	-179.07000000
0.62180000	53.00000000	1224.00000000	0.81000000	-179.07000000
0.62290000	53.00000000	1226.00000000	0.80000000	-179.07000000
0.62400000	53.50000000	1228.00000000	0.79000000	-179.07000000
0.62510000	54.00000000	1232.00000000	0.79000000	-179.07000000
0.62610000	54.50000000	1234.00000000	0.78000000	-179.07000000
0.62720000	55.00000000	1236.00000000	0.78000000	-179.07000000
0.62820000	55.00000000	1238.00000000	0.77000000	-179.08000000
0.62930000	55.50000000	1240.00000000	0.77000000	-179.08000000
0.63030000	55.50000000	1242.00000000	0.77000000	-179.08000000
0.63140000	55.50000000	1244.00000000	0.77000000	-179.08000000
0.63230000	55.50000000	1248.00000000	0.77000000	-179.09000000
0.63350000	56.00000000	1250.00000000	0.77000000	-179.09000000
0.63440000	56.00000000	1250.00000000	0.77000000	-179.09000000
0.63540000	56.00000000	1252.00000000	0.77000000	-179.09000000
0.63630000	55.50000000	1256.00000000	0.77000000	-179.09000000
0.63750000	55.50000000	1258.00000000	0.77000000	-179.09000000
0.63860000	55.50000000	1260.00000000	0.77000000	-179.05000000
0.63940000	55.50000000	1262.00000000	0.78000000	-179.05000000
0.64050000	55.00000000	1264.00000000	0.78000000	-179.05000000
0.64160000	54.50000000	1266.00000000	0.79000000	-179.05000000
0.64260000	54.00000000	1268.00000000	0.79000000	-179.10000000
0.64370000	53.50000000	1270.00000000	0.80000000	-179.10000000
0.64480000	53.00000000	1272.00000000	0.54000000	-179.10000000
0.64580000	52.50000000	1274.00000000	0.55000000	-179.06000000
0.64670000	52.00000000	1274.00000000	0.55000000	-179.06000000
0.64770000	51.00000000	1276.00000000	0.56000000	-179.06000000
0.64870000	50.50000000	1278.00000000	0.57000000	-179.06000000
0.64980000	50.00000000	1280.00000000	0.57000000	-179.06000000
0.65070000	49.50000000	1282.00000000	0.58000000	-179.06000000
0.65190000	49.00000000	1282.00000000	0.59000000	-179.07000000
0.65280000	48.50000000	1286.00000000	0.59000000	-179.07000000
0.65410000	48.00000000	1286.00000000	0.60000000	-179.07000000
0.65510000	47.50000000	1288.00000000	0.60000000	-179.07000000
0.65620000	47.50000000	1290.00000000	0.60000000	-179.07000000
0.65730000	47.50000000	1292.00000000	0.60000000	-179.07000000
0.65840000	47.50000000	1294.00000000	0.60000000	-179.07000000
0.65940000	48.00000000	1294.00000000	0.59000000	-179.07000000
0.66050000	48.50000000	1296.00000000	0.59000000	-179.07000000
0.66150000	49.00000000	1300.00000000	0.58000000	-179.08000000
0.66240000	49.50000000	1300.00000000	0.57000000	-179.08000000
0.66350000	50.50000000	1302.00000000	0.56000000	-179.08000000
0.66450000	51.50000000	1304.00000000	0.55000000	-179.08000000
0.66560000	52.50000000	1308.00000000	0.81000000	-179.08000000
0.66660000	53.50000000	1310.00000000	0.79000000	-179.09000000
0.66750000	54.50000000	1312.00000000	0.78000000	-179.09000000
0.66870000	56.00000000	1314.00000000	0.76000000	-179.09000000
0.66960000	57.00000000	1316.00000000	0.74000000	-179.09000000
0.67060000	58.50000000	1318.00000000	0.73000000	-179.09000000
0.67170000	59.50000000	1320.00000000	0.71000000	-179.09000000
0.67280000	61.00000000	1324.00000000	0.93000000	-179.10000000
0.67380000	62.00000000	1326.00000000	0.92000000	-179.10000000
0.67490000	63.50000000	1330.00000000	0.90000000	-179.10000000
0.67590000	64.50000000	1332.00000000	0.88000000	-179.10000000
0.67700000	65.50000000	1334.00000000	0.87000000	-179.06000000
0.67810000	67.00000000	1336.00000000	0.85000000	-179.10000000
0.67910000	67.50000000	1340.00000000	0.84000000	-179.11000000
0.68020000	68.50000000	1340.00000000	1.03000000	-179.06000000
0.68110000	69.50000000	1342.00000000	1.02000000	-179.06000000
0.68210000	70.50000000	1346.00000000	1.01000000	-179.11000000
0.68310000	71.00000000	1348.00000000	1.00000000	-179.07000000
0.68420000	72.00000000	1350.00000000	0.99000000	-179.07000000
0.68510000	73.00000000	1352.00000000	0.97000000	-179.07000000
0.68630000	73.50000000	1354.00000000	0.96000000	-179.07000000
0.68740000	74.50000000	1356.00000000	0.95000000	-179.07000000
0.68830000	75.00000000	1358.00000000	0.94000000	-179.07000000
0.68950000	76.00000000	1360.00000000	0.93000000	-179.08000000
0.69060000	76.50000000	1362.00000000	1.12000000	-179.08000000
0.69170000	77.00000000	1364.00000000	1.11000000	-179.08000000
0.69270000	78.00000000	1368.00000000	1.10000000	-179.08000000
0.69380000	78.50000000	1368.00000000	1.09000000	-179.08000000
0.69470000	79.00000000	1370.00000000	1.08000000	-179.09000000
0.69590000	79.50000000	1372.00000000	1.08000000	-179.09000000
0.69680000	80.00000000	1376.00000000	1.07000000	-179.09000000
0.69790000	80.50000000	1378.00000000	1.07000000	-179.09000000
0.69890000	80.50000000	1378.00000000	1.06000000	-179.09000000
0.69990000	81.00000000	1380.00000000	1.06000000	-179.09000000
0.70100000	81.00000000	1384.00000000	1.05000000	-179.09000000
0.70190000	81.50000000	1386.00000000	1.05000000	-179.09000000
0.70310000	81.50000000	1388.00000000	1.05000000	-179.10000000
0.70400000	81.50000000	1390.00000000	1.05000000	-179.10000000
0.70510000	81.50000000	1392.00000000	1.05000000	-179.10000000
0.70630000	81.50000000	1394.00000000	1.05000000	-179.10000000
0.70720000	81.50000000	1394.00000000	1.05000000	-179.10000000
0.70830000	81.00000000	1398.00000000	1.06000000	-179.10000000
0.70930000	81.00000000	1400.00000000	1.06000000	-179.10000000
0.71040000	80.50000000	1402.00000000	1.06000000	-179.10000000
0.71150000	80.50000000	1404.00000000	1.07000000	-179.11000000
0.71250000	80.00000000	1406.00000000	1.07000000	-179.11000000
0.71360000	79.50000000	1408.00000000	1.08000000	-179.11000000
0.71460000	79.50000000	1410.00000000	1.08000000	-179.03000000
0.71550000	79.00000000	1410.00000000	1.09000000	-179.03000000
0.71670000	78.50000000	1414.00000000	0.91000000	-179.11000000
0.71760000	78.00000000	1414.00000000	0.92000000	-179.03000000
0.71870000	77.50000000	1416.00000000	0.92000000	-179.03000000
0.71990000	77.00000000	1418.00000000	0.93000000	-179.12000000
0.72100000	76.50000000	1422.00000000	0.93000000	-179.04000000
0.72210000	76.50000000	1422.00000000	0.94000000	-179.04000000
0.72310000	76.00000000	1424.00000000	0.94000000	-179.04000000
0.72420000	75.50000000	1426.00000000	0.95000000	-179.04000000
0.72510000	75.00000000	1428.00000000	0.95000000	-179.04000000
0.72630000	75.00000000	1430.00000000	0.95000000	-179.04000000
0.72720000	74.50000000	1430.00000000	0.95000000	-179.04000000
0.72820000	74.50000000	1432.00000000	0.95000000	-179.04000000
0.72950000	74.50000000	1434.00000000	0.95000000	-179.04000000
0.73040000	74.50000000	1436.00000000	0.95000000	-179.05000000
0.73150000	74.50000000	1438.00000000	0.95000000	-179.05000000
0.73250000	75.00000000	1438.00000000	0.95000000	-179.05000000
0.73360000	75.50000000	1440.00000000	0.95000000	-179.05000000
0.73460000	75.50000000	1444.00000000	0.94000000	-179.05000000
0.73570000	76.00000000	1446.00000000	0.93000000	-179.05000000
0.73670000	76.50000000	1446.00000000	0.93000000	-179.05000000
0.73760000	77.00000000	1448.00000000	0.93000000	-179.05000000
0.73870000	77.50000000	1452.00000000	0.92000000	-179.06000000
0.73990000	78.50000000	1454.00000000	0.91000000	-179.06000000
0.74080000	79.00000000	1456.00000000	0.90000000	-179.06000000
0.74190000	80.00000000	1458.00000000	1.07000000	-179.06000000
0.74310000	80.50000000	1460.00000000	1.06000000	-179.06000000
0.74400000	81.50000000	1462.00000000	1.05000000	-179.06000000
0.74510000	82.00000000	1466.00000000	1.04000000	-179.06000000
0.74610000	83.00000000	1468.00000000	1.03000000	-179.07000000
0.74720000	84.00000000	1470.00000000	1.02000000	-179.07000000
0.74830000	85.00000000	1474.00000000	1.01000000	-179.07000000
0.74950000	85.50000000	1476.00000000	1.00000000	-179.07000000
0.75040000	86.50000000	1478.00000000	0.99000000	-179.07000000
0.75150000	87.50000000	1482.00000000	1.14000000	-179.07000000
0.75270000	88.00000000	1484.00000000	1.13000000	-179.04000000
0.75360000	89.00000000	1486.00000000	1.12000000	-179.08000000
0.75470000	90.00000000	1490.00000000	1.10000000	-179.04000000
0.75590000	91.00000000	1492.00000000	1.09000000	-179.04000000
0.75680000	92.00000000	1494.00000000	1.08000000	-179.05000000
0.75790000	93.00000000	1496.00000000	1.07000000	-179.05000000
0.75910000	94.00000000	1498.00000000	1.21000000	-179.05000000
0.76000000	94.50000000	1500.00000000	1.20000000	-179.05000000
0.76110000	95.50000000	1504.00000000	1.19000000	-179.05000000
0.76230000	97.00000000	1506.00000000	1.18000000	-179.05000000
0.76320000	97.50000000	1508.00000000	1.17000000	-179.05000000
0.76430000	98.50000000	1512.00000000	1.16000000	-179.06000000
0.76530000	99.50000000	1514.00000000	1.15000000	-179.06000000
0.76640000	100.00000000	1516.00000000	1.14000000	-179.06000000
0.76750000	101.00000000	1518.00000000	1.27000000	-179.06000000
0.76870000	102.00000000	1520.00000000	1.26000000	-179.06000000
0.76960000	102.50000000	1522.00000000	1.25000000	-179.06000000
0.77060000	103.00000000	1526.00000000	1.24000000	-179.06000000
0.77170000	104.00000000	1528.00000000	1.23000000	-179.06000000
0.77280000	105.00000000	1530.00000000	1.22000000	-179.07000000
0.77390000	105.50000000	1534.00000000	1.21000000	-179.07000000
0.77510000	106.00000000	1534.00000000	1.21000000	-179.07000000
0.77600000	106.50000000	1536.00000000	1.20000000	-179.07000000
0.77710000	107.00000000	1538.00000000	1.20000000	-179.07000000
0.77830000	108.00000000	1542.00000000	1.19000000	-179.07000000
0.77920000	108.50000000	1544.00000000	1.32000000	-179.04000000
0.78030000	108.50000000	1544.00000000	1.31000000	-179.07000000
0.78130000	109.00000000	1546.00000000	1.31000000	-179.08000000
0.78240000	109.50000000	1550.00000000	1.31000000	-179.08000000
0.78340000	109.50000000	1552.00000000	1.30000000	-179.08000000
0.78450000	110.00000000	1554.00000000	1.30000000	-179.04000000
0.78550000	110.00000000	1556.00000000	1.29000000	-179.05000000
0.78660000	110.50000000	1558.00000000	1.29000000	-179.05000000
0.78770000	110.50000000	1560.00000000	1.29000000	-179.05000000
0.78870000	111.00000000	1560.00000000	1.29000000	-179.05000000
0.78980000	111.00000000	1564.00000000	1.29000000	-179.05000000
0.79090000	111.00000000	1566.00000000	1.29000000	-179.05000000
0.79190000	111.00000000	1568.00000000	1.29000000	-179.05000000
0.79310000	111.00000000	1570.00000000	1.29000000	-179.05000000
0.79410000	111.00000000	1572.00000000	1.29000000	-179.06000000
0.79520000	111.00000000	1574.00000000	1.29000000	-179.06000000
0.79620000	111.00000000	1576.00000000	1.29000000	-179.06000000
0.79730000	110.50000000	1578.00000000	1.29000000	-179.06000000
0.79830000	110.50000000	1580.00000000	1.29000000	-179.06000000
0.79940000	110.50000000	1582.00000000	1.29000000	-179.06000000
0.80050000	110.00000000	1584.00000000	1.30000000	-179.06000000
0.80160000	110.00000000	1584.00000000	1.30000000	-179.06000000
0.80260000	109.50000000	1588.00000000	1.30000000	-179.06000000
0.80350000	109.50000000	1590.00000000	1.17000000	-179.06000000
0.80470000	109.50000000	1590.00000000	1.18000000	-179.07000000
0.80580000	109.00000000	1594.00000000	1.18000000	-179.07000000
0.80670000	109.00000000	1594.00000000	1.18000000	-179.07000000
0.80790000	108.50000000	1596.00000000	1.18000000	-179.07000000
0.80900000	108.50000000	1598.00000000	1.18000000	-179.07000000
0.80990000	108.50000000	1600.00000000	1.19000000	-179.07000000
0.81110000	108.50000000	1602.00000000	1.19000000	-179.07000000
0.81220000	108.00000000	1604.00000000	1.19000000	-179.07000000
0.81310000	108.00000000	1606.00000000	1.19000000	-179.07000000
0.81410000	108.00000000	1608.00000000	1.19000000	-179.08000000
0.81520000	108.00000000	1610.00000000	1.19000000	-179.08000000
0.81630000	108.00000000	1612.00000000	1.19000000	-179.08000000
0.81730000	108.00000000	1612.00000000	1.19000000	-179.08000000
0.81860000	108.50000000	1614.00000000	1.18000000	-179.08000000
0.81970000	108.50000000	1618.00000000	1.18000000	-179.08000000
0.82070000	109.00000000	1618.00000000	1.18000000	-179.08000000
0.82180000	109.50000000	1620.00000000	1.17000000	-179.05000000
0.82270000	110.00000000	1622.00000000	1.17000000	-179.09000000
0.82370000	110.50000000	1624.00000000	1.29000000	-179.09000000
0.82470000	111.00000000	1626.00000000	1.28000000	-179.09000000
0.82580000	111.50000000	1628.00000000	1.28000000	-179.05000000
0.82670000	112.50000000	1630.00000000	1.27000000	-179.05000000
0.82790000	113.00000000	1632.00000000	1.26000000	-179.05000000
0.82880000	114.00000000	1634.00000000	1.25000000	-179.06000000
0.82990000	115.00000000	1636.00000000	1.24000000	-179.06000000
0.83110000	116.00000000	1640.00000000	1.23000000	-179.06000000
0.83200000	117.00000000	1642.00000000	1.22000000	-179.10000000
0.83310000	117.50000000	1644.00000000	1.21000000	-179.10000000
0.83430000	118.50000000	1646.00000000	1.32000000	-179.10000000
0.83520000	119.50000000	1648.00000000	1.31000000	-179.10000000
0.83630000	120.50000000	1650.00000000	1.30000000	-179.07000000
0.83730000	121.00000000	1654.00000000	1.29000000	-179.07000000
0.83830000	122.00000000	1656.00000000	1.28000000	-179.07000000
0.83940000	123.00000000	1658.00000000	1.27000000	-179.07000000
0.84050000	124.00000000	1660.00000000	1.26000000	-179.07000000
0.84150000	125.00000000	1664.00000000	1.26000000	-179.07000000
0.84260000	126.00000000	1666.00000000	1.24000000	-179.07000000
0.84370000	126.50000000	1668.00000000	1.24000000	-179.07000000
0.84470000	127.50000000	1670.00000000	1.23000000	-179.08000000
0.84580000	128.00000000	1672.00000000	1.22000000	-179.08000000
0.84670000	129.00000000	1674.00000000	1.22000000	-179.08000000
0.84790000	129.50000000	1678.00000000	1.21000000	-179.08000000
0.84900000	130.50000000	1680.00000000	1.20000000	-179.08000000
0.84990000	131.00000000	1682.00000000	1.20000000	-179.08000000
0.85090000	131.50000000	1684.00000000	1.19000000	-179.09000000
0.85190000	132.50000000	1686.00000000	1.19000000	-179.09000000
0.85300000	133.00000000	1690.00000000	1.18000000	-179.09000000
0.85410000	133.50000000	1692.00000000	1.17000000	-179.09000000
0.85510000	134.00000000	1694.00000000	1.17000000	-179.09000000
0.85600000	134.50000000	1696.00000000	1.16000000	-179.09000000
0.85730000	135.00000000	1700.00000000	1.16000000	-179.09000000
0.85840000	135.50000000	1702.00000000	1.26000000	-179.09000000
0.85950000	136.00000000	1704.00000000	1.26000000	-179.10000000
0.86070000	136.50000000	1704.00000000	1.26000000	-179.10000000
0.86160000	137.00000000	1708.00000000	1.25000000	-179.10000000
0.86270000	137.50000000	1710.00000000	1.24000000	-179.10000000
0.86390000	138.00000000	1712.00000000	1.24000000	-179.07000000
0.86480000	138.00000000	1714.00000000	1.24000000	-179.07000000
0.86590000	138.50000000	1716.00000000	1.23000000	-179.07000000
0.86710000	139.00000000	1718.00000000	1.23000000	-179.07000000
0.86800000	139.50000000	1722.00000000	1.23000000	-179.07000000
0.86910000	140.00000000	1724.00000000	1.22000000	-179.07000000
0.87030000	140.50000000	1726.00000000	1.22000000	-179.07000000
0.87120000	141.00000000	1728.00000000	1.21000000	-179.07000000
0.87230000	141.50000000	1730.00000000	1.21000000	-179.07000000
0.87350000	142.00000000	1732.00000000	1.21000000	-179.08000000
0.87440000	142.50000000	1734.00000000	1.20000000	-179.08000000
0.87550000	143.00000000	1736.00000000	1.09000000	-179.08000000
0.87650000	143.50000000	1738.00000000	1.09000000	-179.08000000
0.87760000	144.00000000	1740.00000000	1.09000000	-179.08000000
0.87870000	145.00000000	1742.00000000	1.08000000	-179.08000000
0.87970000	145.50000000	1746.00000000	1.08000000	-179.09000000
0.88080000	146.00000000	1748.00000000	1.07000000	-179.09000000
0.88190000	146.50000000	1750.00000000	1.07000000	-179.09000000
0.88290000	147.00000000	1750.00000000	1.16000000	-179.09000000
0.88390000	147.50000000	1754.00000000	1.16000000	-179.09000000
0.88480000	148.00000000	1756.00000000	1.15000000	-179.09000000
0.88590000	148.50000000	1758.00000000	1.15000000	-179.09000000
0.88690000	149.00000000	1760.00000000	1.15000000	-179.09000000
0.88800000	149.50000000	1762.00000000	1.24000000	-179.09000000
0.88900000	150.00000000	1764.00000000	1.24000000	-179.10000000
0.89030000	150.50000000	1768.00000000	1.23000000	-179.06000000
0.89120000	151.00000000	1770.00000000	1.23000000	-179.06000000
0.89230000	151.50000000	1772.00000000	1.22000000	-179.10000000
0.89330000	152.00000000	1774.00000000	1.22000000	-179.10000000
0.89440000	152.50000000	1776.00000000	1.22000000	-179.07000000
0.89550000	153.00000000	1778.00000000	1.31000000	-179.10000000
0.89650000	153.00000000	1780.00000000	1.22000000	-179.07000000
0.89750000	153.00000000	1782.00000000	1.31000000	-179.07000000
0.89840000	153.50000000	1784.00000000	1.30000000	-179.10000000
0.89940000	153.50000000	1786.00000000	1.30000000	-179.11000000
0.90050000	154.00000000	1790.00000000	1.30000000	-179.07000000
0.90160000	154.00000000	1792.00000000	1.30000000	-179.07000000
0.90270000	154.00000000	1794.00000000	1.30000000	-179.08000000
0.90370000	154.00000000	1794.00000000	1.30000000	-179.08000000
0.90470000	154.00000000	1798.00000000	1.30000000	-179.08000000
0.90580000	154.00000000	1798.00000000	1.30000000	-179.08000000
0.90670000	154.00000000	1800.00000000	1.30000000	-179.08000000
0.90770000	154.00000000	1802.00000000	1.30000000	-179.08000000
0.90880000	154.00000000	1806.00000000	1.30000000	-179.08000000
0.90990000	154.00000000	1808.00000000	1.30000000	-179.09000000
0.91090000	153.50000000	1808.00000000	1.30000000	-179.09000000
0.91190000	153.50000000	1810.00000000	1.30000000	-179.09000000
0.91310000	153.00000000	1814.00000000	1.21000000	-179.09000000
0.91410000	153.00000000	1814.00000000	1.31000000	-179.09000000
0.91510000	153.00000000	1816.00000000	1.31000000	-179.09000000
0.91620000	152.50000000	1820.00000000	1.31000000	-179.09000000
0.91710000	152.00000000	1820.00000000	1.22000000	-179.09000000
0.91810000	152.00000000	1822.00000000	1.22000000	-179.09000000
0.91920000	151.50000000	1824.00000000	1.23000000	-179.09000000
0.92020000	151.00000000	1826.00000000	1.23000000	-179.09000000
0.92130000	150.50000000	1828.00000000	1.23000000	-179.10000000
0.92230000	150.50000000	1830.00000000	1.24000000	-179.10000000
0.92350000	150.00000000	1832.00000000	1.24000000	-179.10000000
0.92450000	149.50000000	1834.00000000	1.24000000	-179.10000000
0.92560000	149.00000000	1836.00000000	1.24000000	-179.10000000
0.92660000	148.50000000	1838.00000000	1.25000000	-179.10000000
0.92770000	148.50000000	1840.00000000	1.26000000	-179.10000000
0.92880000	148.00000000	1842.00000000	1.26000000	-179.10000000
0.92980000	147.50000000	1844.00000000	1.26000000	-179.07000000
0.93070000	147.00000000	1844.00000000	1.26000000	-179.10000000
0.93170000	147.00000000	1846.00000000	1.26000000	-179.10000000
0.93280000	147.00000000	1848.00000000	1.27000000	-179.07000000
0.93390000	146.50000000	1852.00000000	1.27000000	-179.11000000
0.93490000	146.00000000	1852.00000000	1.27000000	-179.11000000
0.93600000	146.00000000	1854.00000000	1.27000000	-179.11000000
0.93710000	145.50000000	1858.00000000	1.28000000	-179.11000000
0.93810000	145.50000000	1858.00000000	1.28000000	-179.08000000
0.93920000	145.50000000	1860.00000000	1.28000000	-179.11000000
0.94030000	145.00000000	1862.00000000	1.28000000	-179.11000000
0.94150000	145.00000000	1866.00000000	1.28000000	-179.08000000
0.94240000	145.00000000	1868.00000000	1.28000000	-179.08000000
0.94350000	145.00000000	1868.00000000	1.28000000	-179.09000000
0.94470000	145.00000000	1870.00000000	1.28000000	-179.09000000
0.94560000	145.50000000	1874.00000000	1.18000000	-179.09000000
0.94670000	145.50000000	1876.00000000	1.28000000	-179.09000000
0.94790000	145.50000000	1878.00000000	1.28000000	-179.09000000
0.94900000	146.00000000	1880.00000000	1.27000000	-179.09000000
0.94990000	146.00000000	1882.00000000	1.27000000	-179.09000000
0.95110000	146.50000000	1884.00000000	1.27000000	-179.09000000
0.95220000	147.00000000	1886.00000000	1.27000000	-179.09000000
0.95330000	147.00000000	1888.00000000	1.26000000	-179.09000000
0.95440000	147.50000000	1892.00000000	1.26000000	-179.10000000
0.95540000	148.00000000	1892.00000000	1.26000000	-179.10000000
0.95650000	148.50000000	1896.00000000	1.25000000	-179.10000000
0.95760000	149.00000000	1898.00000000	1.24000000	-179.10000000
0.95860000	149.50000000	1900.00000000	1.24000000	-179.10000000
0.95970000	150.00000000	1902.00000000	1.24000000	-179.10000000
0.96070000	150.50000000	1906.00000000	1.23000000	-179.10000000
0.96180000	151.00000000	1908.00000000	1.23000000	-179.10000000
0.96270000	151.50000000	1910.00000000	1.22000000	-179.10000000
0.96390000	152.00000000	1912.00000000	1.22000000	-179.11000000
0.96500000	152.50000000	1914.00000000	1.22000000	-179.05000000
0.96590000	153.00000000	1918.00000000	1.21000000	-179.05000000
0.96710000	153.50000000	1920.00000000	1.30000000	-179.05000000
0.96800000	154.50000000	1922.00000000	1.29000000	-179.05000000
0.96910000	155.00000000	1924.00000000	1.29000000	-179.05000000
0.97030000	156.00000000	1926.00000000	1.28000000	-179.05000000
0.97120000	156.00000000	1928.00000000	1.28000000	-179.05000000
0.97230000	157.00000000	1932.00000000	1.27000000	-179.11000000
0.97330000	157.50000000	1934.00000000	1.27000000	-179.05000000
0.97430000	158.00000000	1936.00000000	1.26000000	-179.06000000
0.97540000	159.00000000	1938.00000000	1.26000000	-179.06000000
0.97630000	159.50000000	1940.00000000	1.26000000	-179.06000000
0.97730000	160.00000000	1942.00000000	1.25000000	-179.06000000
0.97840000	160.50000000	1946.00000000	1.33000000	-179.06000000
0.97940000	161.00000000	1946.00000000	1.33000000	-179.06000000
0.98030000	161.50000000	1950.00000000	1.33000000	-179.06000000
0.98150000	162.50000000	1952.00000000	1.32000000	-179.06000000
0.98260000	163.00000000	1954.00000000	1.31000000	-179.06000000
0.98350000	164.00000000	1956.00000000	1.31000000	-179.07000000
0.98450000	164.50000000	1958.00000000	1.30000000	-179.07000000
0.98550000	165.00000000	1960.00000000	1.30000000	-179.07000000
0.98660000	166.00000000	1962.00000000	1.29000000	-179.07000000
0.98750000	166.50000000	1964.00000000	1.28000000	-179.07000000
0.98870000	167.50000000	1966.00000000	1.28000000	-179.07000000
0.98960000	168.00000000	1968.00000000	1.36000000	-179.07000000
0.99070000	169.00000000	1972.00000000	1.35000000	-179.07000000
0.99170000	170.00000000	1974.00000000	1.34000000	-179.07000000
0.99280000	170.50000000	1976.00000000	1.34000000	-179.07000000
0.99380000	171.50000000	1976.00000000	1.33000000	-179.07000000
0.99490000	172.50000000	1980.00000000	1.33000000	-179.08000000
0.99590000	173.00000000	1982.00000000	1.32000000	-179.08000000
0.99680000	174.00000000	1984.00000000	1.31000000	-179.08000000
0.99790000	175.00000000	1986.00000000	1.30000000	-179.08000000
0.99890000	176.00000000	1988.00000000	1.30000000	-179.08000000
0.99990000	177.00000000	1990.00000000	1.37000000	-179.08000000
1.00000000	178.00000000	1992.00000000	1.36000000	-179.08000000
