variable x	variable x count			lockin1 x	lockin1 y	lockin1 r	lockin1 phi	lockin2 x	lockin2 y	lockin2 r	lockin2 phi	lockin3 x	lockin3 y	lockin3 r	lockin3 phi	smu1 meas	


0.38	0			2.30522e-05	-2.98025e-08	2.30522e-05	-0.066	-4.79448e-06	-4.95467e-07	4.81683e-06	-174.102	2.35812e-05	1.37836e-06	2.36185e-05	3.348	-2.372199e-11
0.385	1			2.2173e-05	-6.92908e-07	2.21879e-05	-1.77	-4.90531e-06	2.71948e-07	4.91182e-06	176.82	2.33279e-05	1.03564e-06	2.33502e-05	2.55	-1.748161e-11
0.39	2			2.28063e-05	-2.98025e-08	2.28063e-05	-0.066	-4.46106e-06	5.41102e-07	4.49273e-06	173.082	2.36557e-05	1.41562e-06	2.3693e-05	3.438	-1.718843e-11
0.395	3			2.14205e-05	-8.79172e-07	2.14429e-05	-2.334	-4.59331e-06	-9.64857e-07	4.69296e-06	-168.15	2.29256e-05	1.62423e-06	2.29852e-05	4.056	-1.697903e-11
0.4	4			2.18005e-05	-6.63105e-07	2.1808e-05	-1.734	-4.67993e-06	-3.97677e-07	4.69576e-06	-175.14	2.35067e-05	1.31876e-06	2.35514e-05	3.216	-1.773286e-11
0.405	5			2.20166e-05	-1.86265e-07	2.20166e-05	-0.468	-4.79262e-06	2.34694e-07	4.7982e-06	177.186	2.36036e-05	1.71364e-06	2.36632e-05	4.17	-1.785856e-11
0.41	6			2.19719e-05	-6.85457e-07	2.19793e-05	-1.77	-4.60169e-06	-2.09548e-07	4.60542e-06	-177.402	2.30001e-05	1.45287e-06	2.30522e-05	3.63	-1.936631e-11
0.415	7			2.29479e-05	-9.98385e-07	2.29703e-05	-2.478	-4.60914e-06	-7.62757e-07	4.67061e-06	-170.61	2.26946e-05	1.13995e-06	2.27244e-05	2.892	-1.861241e-11
0.42	8			2.12864e-05	-4.99193e-07	2.12939e-05	-1.326	-3.84546e-06	4.77772e-07	3.87433e-06	172.914	2.33055e-05	9.23876e-07	2.33204e-05	2.274	-2.560669e-11
0.425	9			2.2024e-05	-3.79981e-07	2.2024e-05	-0.972	-3.64242e-06	-8.66134e-07	3.743e-06	-166.632	2.33577e-05	1.46777e-06	2.34024e-05	3.606	-2.087401e-11
0.43	10			2.17707e-05	-1.207e-06	2.18005e-05	-3.156	-4.13324e-06	-5.40169e-08	4.13231e-06	-179.25	2.21358e-05	1.1921e-06	2.21656e-05	3.084	-1.823549e-11
0.435	11			2.20464e-05	-1.27406e-06	2.20911e-05	-3.306	-3.96653e-06	-2.16068e-07	3.97119e-06	-176.88	2.29852e-05	9.76033e-07	2.30075e-05	2.442	-1.735598e-11
0.44	12			2.29405e-05	-1.34856e-06	2.29852e-05	-3.36	-3.76535e-06	2.90574e-07	3.7756e-06	175.584	2.26797e-05	1.13995e-06	2.27095e-05	2.874	-2.518789e-11
0.445	13			2.2635e-05	-5.9605e-07	2.26424e-05	-1.5	-4.25152e-06	-6.24921e-07	4.29622e-06	-171.642	2.34247e-05	1.58698e-06	2.34769e-05	3.888	-1.823549e-11
0.45	14			2.11225e-05	8.19568e-08	2.11225e-05	0.234	-4.52346e-06	-2.22587e-07	4.52812e-06	-177.192	2.31118e-05	9.83484e-07	2.31342e-05	2.442	-1.970137e-11
0.455	15			2.17931e-05	-2.01167e-07	2.17931e-05	-0.522	-4.64453e-06	-4.86154e-07	4.66968e-06	-174.036	2.29852e-05	1.89991e-06	2.30671e-05	4.74	-2.342878e-11
0.46	16			2.15844e-05	-9.90934e-07	2.15993e-05	-2.616	-4.34465e-06	2.34694e-07	4.35024e-06	176.898	2.22997e-05	1.51993e-06	2.23519e-05	3.912	-2.020394e-11
0.465	17			2.13684e-05	-5.51347e-07	2.13758e-05	-1.464	-3.83056e-06	-1.34111e-07	3.83242e-06	-177.996	2.27914e-05	9.61132e-07	2.28063e-05	2.43	-2.238182e-11
0.47	18			2.11523e-05	-9.31326e-07	2.11672e-05	-2.508	-4.92859e-06	1.29455e-07	4.92952e-06	178.488	2.30522e-05	1.44542e-06	2.30969e-05	3.588	-2.053896e-11
0.475	19			2.24115e-05	-1.08779e-06	2.24338e-05	-2.778	-3.99168e-06	-4.62869e-07	4.01775e-06	-173.4	2.27542e-05	4.24685e-07	2.27616e-05	1.074	-1.706279e-11
0.48	20			2.19719e-05	-8.4937e-07	2.19793e-05	-2.208	-4.93231e-06	9.31328e-09	4.93138e-06	179.892	2.28883e-05	1.77325e-06	2.29554e-05	4.446	-1.86962e-11
0.485	21			2.18303e-05	-1.78815e-07	2.18303e-05	-0.456	-4.77399e-06	2.01167e-07	4.77678e-06	177.576	2.19719e-05	1.43052e-06	2.20166e-05	3.732	-2.137663e-11
0.49	22			2.16888e-05	-1.09524e-06	2.17186e-05	-2.886	-4.3372e-06	-4.93603e-08	4.33627e-06	-179.346	2.32385e-05	1.70619e-06	2.33055e-05	4.2	-1.597388e-11
0.495	23			2.16068e-05	-9.61132e-07	2.16292e-05	-2.544	-4.60542e-06	-4.8429e-08	4.60449e-06	-179.4	2.29256e-05	1.83285e-06	2.29926e-05	4.59	-2.334507e-11
0.5	24			2.18899e-05	-7.45064e-09	2.18899e-05	-0.018	-4.89785e-06	2.41214e-07	4.90344e-06	177.18	2.28808e-05	5.96051e-08	2.28808e-05	0.15	-1.844489e-11
0.505	25			2.24785e-05	-1.67639e-06	2.25381e-05	-4.26	-4.94535e-06	-7.20847e-07	4.99564e-06	-171.708	2.2702e-05	1.49012e-06	2.27467e-05	3.762	-1.961761e-11
0.51	26			2.2106e-05	-4.47037e-07	2.21134e-05	-1.158	-3.32856e-06	-1.12225e-06	3.5111e-06	-161.37	2.21134e-05	1.10269e-06	2.21432e-05	2.862	-1.898935e-11
0.515	27			2.1659e-05	-3.27827e-07	2.1659e-05	-0.864	-5.59448e-06	-5.14094e-07	5.61684e-06	-174.756	2.21358e-05	1.41562e-06	2.21805e-05	3.672	-2.062276e-11
0.52	28			2.13833e-05	-8.34469e-07	2.13982e-05	-2.232	-4.28877e-06	-1.44542e-06	4.52439e-06	-161.382	2.29777e-05	2.13833e-06	2.30746e-05	5.322	-1.911503e-11
0.525	29			2.19421e-05	-1.21445e-06	2.19719e-05	-3.162	-4.06898e-06	-2.85918e-07	4.07829e-06	-175.986	2.28585e-05	1.54228e-06	2.29181e-05	3.87	-2.221425e-11
0.53	30			2.21507e-05	-5.73698e-07	2.21581e-05	-1.482	-4.92486e-06	-7.35748e-07	4.97888e-06	-171.504	2.27169e-05	7.59963e-07	2.27318e-05	1.914	-2.32613e-11
0.535	31			2.10853e-05	-7.30161e-07	2.11002e-05	-1.974	-4.62684e-06	-6.48204e-07	4.67154e-06	-172.038	2.22103e-05	1.57208e-06	2.22625e-05	4.05	-2.317758e-11
0.54	32			2.18005e-05	-9.08974e-07	2.18229e-05	-2.382	-4.23662e-06	1.86266e-08	4.23568e-06	179.748	2.23966e-05	5.58797e-07	2.2404e-05	1.434	-1.769105e-11
0.545	33			2.11374e-05	-1.27406e-06	2.11747e-05	-3.432	-4.2152e-06	4.54487e-07	4.23941e-06	173.838	2.24413e-05	1.35601e-06	2.24785e-05	3.468	-2.058087e-11
0.55	34			2.22774e-05	-6.40754e-07	2.22848e-05	-1.626	-3.79795e-06	-1.95579e-07	3.80167e-06	-177.054	2.25456e-05	1.26661e-06	2.25828e-05	3.216	-1.848679e-11
