variable x	variable x count			lockin1 x	lockin1 y	lockin1 r	lockin1 phi	lockin2 x	lockin2 y	lockin2 r	lockin2 phi	lockin3 x	lockin3 y	lockin3 r	lockin3 phi	smu1 meas	


0.0	0			2.26201e-05	-3.50179e-07	2.26201e-05	-0.876	-5.00403e-06	-5.42033e-07	5.03196e-06	-173.82	2.24338e-05	3.79981e-07	2.24338e-05	0.99	-1.945004e-11
0.0025	1			2.39835e-05	-1.26661e-06	2.40133e-05	-3.006	-1.50195e-05	9.63926e-07	1.50493e-05	176.328	2.42369e-05	9.08974e-07	2.42518e-05	2.16	-1.609951e-11
0.005	2			2.57121e-05	8.19568e-08	2.57121e-05	0.192	-2.85079e-05	9.44365e-07	2.85209e-05	178.104	2.52799e-05	1.32621e-06	2.53172e-05	3.0	-2.502033e-11
0.0075	3			2.69861e-05	-1.1623e-06	2.70159e-05	-2.46	-3.69663e-05	1.13622e-07	3.69644e-05	179.82	2.52874e-05	1.18465e-06	2.53172e-05	2.688	-2.09997e-11
0.01	4			2.91393e-05	-1.78815e-06	2.91915e-05	-3.51	-4.86749e-05	1.13622e-06	4.86861e-05	178.662	2.8655e-05	1.31131e-06	2.86849e-05	2.622	-1.86962e-11
0.0125	5			2.99813e-05	-1.69129e-06	3.0026e-05	-3.222	-6.02009e-05	1.62423e-06	6.02196e-05	178.452	2.89605e-05	1.1474e-06	2.89829e-05	2.28	-1.806796e-11
0.015	6			3.09872e-05	-1.72854e-06	3.10319e-05	-3.186	-6.86762e-05	2.32832e-06	6.87134e-05	178.056	3.04432e-05	1.86265e-06	3.05028e-05	3.51	-2.012017e-11
0.0175	7			3.28349e-05	-2.15323e-06	3.29094e-05	-3.738	-7.84029e-05	3.88551e-06	7.84961e-05	177.162	3.18291e-05	2.40655e-06	3.19185e-05	4.326	-1.676963e-11
0.02	8			3.33639e-05	-1.98187e-06	3.34235e-05	-3.396	-8.83122e-05	3.54649e-06	8.83793e-05	177.702	3.28498e-05	2.19049e-06	3.29243e-05	3.822	-1.886372e-11
0.0225	9			3.35875e-05	-1.71364e-06	3.36247e-05	-2.91	-9.74839e-05	4.36607e-06	9.75807e-05	177.432	3.42804e-05	1.45287e-06	3.43176e-05	2.436	-1.991072e-11
0.025	10			3.44443e-05	-2.3991e-06	3.45188e-05	-3.972	-0.000106715	4.51508e-06	0.000106797	177.576	3.66794e-05	1.95952e-06	3.67316e-05	3.06	-1.450799e-11
0.0275	11			3.53979e-05	-2.60027e-06	3.54873e-05	-4.2	-0.000119552	4.84291e-06	0.000119642	177.678	3.85346e-05	1.83285e-06	3.85793e-05	2.736	-2.388952e-11
0.03	12			3.52862e-05	-2.30969e-06	3.53607e-05	-3.738	-0.000127153	5.17073e-06	0.000127249	177.672	4.03153e-05	1.68384e-06	4.03451e-05	2.394	-1.764911e-11
0.0325	13			3.56513e-05	-2.45126e-06	3.57407e-05	-3.924	-0.000136771	6.19891e-06	0.000136905	177.402	4.28187e-05	1.53483e-06	4.28485e-05	2.058	-2.271684e-11
0.035	14			3.68136e-05	-2.19049e-06	3.68806e-05	-3.402	-0.000147604	6.10951e-06	0.000147724	177.63	4.59554e-05	1.93717e-06	4.59927e-05	2.418	-1.852866e-11
0.0375	15			3.80429e-05	-2.55556e-06	3.81249e-05	-3.84	-0.000156083	6.31812e-06	0.000156202	177.684	4.84514e-05	1.36346e-06	4.84737e-05	1.614	-1.517812e-11
0.04	16			3.79237e-05	-3.23357e-06	3.80578e-05	-4.866	-0.000166447	7.55492e-06	0.000166611	177.402	5.09622e-05	1.46032e-06	5.09846e-05	1.65	-1.970132e-11
0.0425	17			3.78566e-05	-3.30807e-06	3.79982e-05	-4.992	-0.000176759	7.70396e-06	0.000176915	177.504	5.43895e-05	2.08618e-06	5.44267e-05	2.196	-2.246552e-11
0.045	18			3.8408e-05	-3.76256e-06	3.85942e-05	-5.592	-0.000187726	8.01688e-06	0.000187875	177.552	5.75113e-05	1.78815e-06	5.75411e-05	1.788	-1.961755e-11
0.0475	19			3.92275e-05	-2.54811e-06	3.93095e-05	-3.714	-0.000197263	8.55332e-06	0.000197412	177.51	5.97017e-05	1.1474e-06	5.97166e-05	1.104	-2.192116e-11
0.05	20			3.97938e-05	-3.23357e-06	3.99279e-05	-4.644	-0.000207991	9.507e-06	0.00020817	177.378	6.2712e-05	1.59443e-06	6.27344e-05	1.464	-1.88219e-11
0.0525	21			3.92946e-05	-2.9579e-06	3.94064e-05	-4.296	-0.000217409	9.17917e-06	0.000217558	177.576	6.59903e-05	1.84775e-06	6.60126e-05	1.608	-1.848681e-11
0.055	22			3.97714e-05	-3.47944e-06	3.99279e-05	-4.992	-0.000227273	8.97056e-06	0.000227452	177.732	6.94622e-05	1.84775e-06	6.94846e-05	1.53	-1.693716e-11
0.0575	23			3.99577e-05	-3.99354e-06	4.01514e-05	-5.706	-0.000237049	1.12951e-05	0.000237257	177.264	7.34632e-05	9.08974e-07	7.34706e-05	0.714	-1.702092e-11
0.06	24			4.05612e-05	-3.0026e-06	4.0673e-05	-4.23	-0.000248553	1.11759e-05	0.000248762	177.42	7.6354e-05	1.63914e-06	7.63764e-05	1.23	-2.104157e-11
0.0625	25			4.08667e-05	-4.02334e-06	4.10678e-05	-5.616	-0.000257881	1.11461e-05	0.00025809	177.522	7.99899e-05	1.30386e-06	7.99973e-05	0.936	-2.200484e-11
0.065	26			4.16713e-05	-3.6806e-06	4.18278e-05	-5.04	-0.000267835	1.23978e-05	0.000268104	177.348	8.27988e-05	1.8105e-06	8.28211e-05	1.254	-2.079028e-11
0.0675	27			4.30124e-05	-3.38258e-06	4.31465e-05	-4.494	-0.000277879	1.30535e-05	0.000278147	177.306	8.55108e-05	8.86623e-07	8.55182e-05	0.594	-2.250744e-11
0.07	28			4.3072e-05	-4.00099e-06	4.32583e-05	-5.304	-0.000287356	1.26064e-05	0.000287624	177.486	8.91765e-05	9.76033e-07	8.91839e-05	0.63	-2.129285e-11
0.0725	29			4.26995e-05	-3.36768e-06	4.28336e-05	-4.506	-0.000296893	1.33813e-05	0.000297161	177.42	9.30731e-05	9.6858e-08	9.30731e-05	0.06	-2.112534e-11
0.075	30			4.51284e-05	-4.7088e-06	4.53743e-05	-5.952	-0.000308068	1.36793e-05	0.000308337	177.456	9.70145e-05	9.01524e-07	9.70219e-05	0.534	-2.032959e-11
0.0775	31			4.39363e-05	-4.31392e-06	4.41449e-05	-5.604	-0.000316771	1.39475e-05	0.000317039	177.474	0.000100792	5.81149e-07	0.000100792	0.33	-1.81098e-11
0.08	32			4.46814e-05	-4.96957e-06	4.4957e-05	-6.342	-0.000326457	1.52589e-05	0.000326755	177.324	0.000102662	1.2368e-06	0.000102662	0.69	-1.643454e-11
0.0825	33			4.53817e-05	-5.22289e-06	4.56797e-05	-6.564	-0.000337394	1.61232e-05	0.000337752	177.264	0.000106536	1.32621e-06	0.000106544	0.72	-1.928255e-11
0.085	34			4.70656e-05	-3.77746e-06	4.7222e-05	-4.584	-0.00034708	1.58251e-05	0.000347437	177.384	0.000110254	1.19955e-06	0.000110262	0.624	-1.986885e-11
0.0875	35			4.7453e-05	-5.08133e-06	4.77287e-05	-6.108	-0.000357391	1.59444e-05	0.000357719	177.444	0.000115075	1.24425e-06	0.000115082	0.624	-1.928254e-11
0.09	36			4.59703e-05	-5.17073e-06	4.62534e-05	-6.414	-0.000367345	1.6451e-05	0.000367703	177.432	0.000118345	1.10269e-06	0.000118353	0.534	-1.810984e-11
0.0925	37			4.54637e-05	-4.98447e-06	4.57319e-05	-6.252	-0.000377001	1.77325e-05	0.000377389	177.306	0.000121534	1.69129e-06	0.000121549	0.798	-2.112534e-11
0.095	38			4.80043e-05	-4.82801e-06	4.82502e-05	-5.742	-0.000388058	1.77027e-05	0.000388416	177.384	0.000126363	9.68583e-07	0.00012637	0.438	-2.032961e-11
0.0975	39			4.80565e-05	-3.94884e-06	4.82129e-05	-4.692	-0.00039673	1.83583e-05	0.000397118	177.348	0.000130692	4.91742e-07	0.000130692	0.216	-2.380579e-11
0.1	40			4.92039e-05	-5.03662e-06	4.94646e-05	-5.838	-0.000407221	1.85968e-05	0.000407638	177.384	0.00013581	9.90934e-07	0.000135818	0.42	-1.794232e-11
0.1025	41			4.97776e-05	-5.05152e-06	5.00309e-05	-5.79	-0.000417801	1.98187e-05	0.000418248	177.282	0.000138522	7.2271e-07	0.000138522	0.3	-1.63927e-11
0.105	42			4.77212e-05	-5.32719e-06	4.80118e-05	-6.366	-0.000426115	1.99379e-05	0.000426533	177.318	0.000139804	1.1474e-06	0.000139811	0.474	-1.857055e-11
0.1075	43			4.97925e-05	-5.02172e-06	5.00458e-05	-5.754	-0.000436815	2.05041e-05	0.000437262	177.306	0.000143365	9.98385e-07	0.000143372	0.396	-1.9115e-11
0.11	44			5.24821e-05	-4.59704e-06	5.26833e-05	-5.004	-0.000448259	2.06829e-05	0.000448706	177.354	0.000149504	1.207e-06	0.000149512	0.462	-1.681154e-11
0.1125	45			5.26162e-05	-6.12441e-06	5.29664e-05	-6.636	-0.000458481	2.08021e-05	0.000458898	177.396	0.000155882	5.21544e-07	0.000155882	0.192	-1.748161e-11
0.115	46			5.26609e-05	-6.15421e-06	5.30186e-05	-6.666	-0.000467839	2.16366e-05	0.000468316	177.348	0.000164145	4.09784e-07	0.000164145	0.144	-1.932443e-11
0.1175	47			5.16179e-05	-5.07387e-06	5.18637e-05	-5.604	-0.000477852	2.2173e-05	0.000478329	177.342	0.000166894	2.75673e-07	0.000166894	0.096	-1.932443e-11
0.12	48			4.8578e-05	-5.80403e-06	4.89207e-05	-6.81	-0.000488285	2.13386e-05	0.000488702	177.492	0.000166022	6.48204e-07	0.000166022	0.228	-2.409897e-11
0.1225	49			5.02469e-05	-5.84873e-06	5.05897e-05	-6.636	-0.000500146	2.37824e-05	0.000500683	177.276	0.000172065	5.43896e-07	0.000172065	0.18	-1.982699e-11
0.125	50			5.42554e-05	-5.75933e-06	5.45608e-05	-6.054	-0.000507656	2.42592e-05	0.000508133	177.264	0.000176356	1.04309e-06	0.000176356	0.342	-1.367039e-11
0.1275	51			6.09981e-05	-6.7428e-06	6.13709e-05	-6.306	-0.000518147	2.47956e-05	0.000518683	177.258	0.00017956	1.63914e-07	0.00017956	0.054	-2.330317e-11
0.13	52			6.60424e-05	-6.86201e-06	6.63926e-05	-5.928	-0.000528518	2.39612e-05	0.000528995	177.402	0.000188203	-1.1921e-07	0.000188203	-0.036	-1.978516e-11
0.1325	53			6.01041e-05	-6.87691e-06	6.04989e-05	-6.522	-0.000540677	2.44976e-05	0.000541214	177.402	0.000194193	-5.9605e-07	0.000194193	-0.174	-1.857055e-11
0.135	54			5.41511e-05	-7.10043e-06	5.4613e-05	-7.464	-0.000549857	2.59281e-05	0.000550393	177.3	0.000198961	1.1921e-07	0.000198961	0.036	-1.903129e-11
0.1375	55			5.2795e-05	-6.26597e-06	5.31601e-05	-6.762	-0.000555936	2.61666e-05	0.000556532	177.3	0.000199915	2.68223e-07	0.000199915	0.084	-2.326132e-11
0.14	56			5.72579e-05	-6.98122e-06	5.76901e-05	-6.948	-0.000564639	2.53917e-05	0.000565115	177.42	0.000206263	-3.5763e-07	0.000206263	-0.09	-2.007831e-11
0.1425	57			5.22139e-05	-5.9903e-06	5.25566e-05	-6.54	-0.000577811	2.74183e-05	0.000578407	177.276	0.000206114	2.08617e-07	0.000206114	0.06	-2.317756e-11
0.145	58			5.13645e-05	-6.46713e-06	5.17669e-05	-7.176	-0.000586871	2.78951e-05	0.000587527	177.276	0.000216366	-5.96051e-08	0.000216366	-0.012	-2.041333e-11
0.1475	59			5.51643e-05	-7.51021e-06	5.5671e-05	-7.746	-0.000593666	2.70606e-05	0.000594262	177.384	0.000216515	-7.45062e-07	0.000216515	-0.192	-2.284252e-11
0.15	60			5.69301e-05	-6.57144e-06	5.73101e-05	-6.582	-0.000609044	2.92064e-05	0.00060964	177.252	0.000218869	-5.36445e-07	0.000218869	-0.138	-2.024585e-11
0.1525	61			6.02903e-05	-7.86042e-06	6.0797e-05	-7.428	-0.000617806	2.90872e-05	0.000618462	177.306	0.000233264	-4.17234e-07	0.000233264	-0.102	-2.397334e-11
0.155	62			6.97603e-05	-8.00198e-06	7.02222e-05	-6.54	-0.000627641	2.9266e-05	0.000628296	177.33	0.000234247	-1.07289e-06	0.000234247	-0.258	-1.647643e-11
0.1575	63			6.61169e-05	-8.30746e-06	6.66385e-05	-7.158	-0.000640813	3.01601e-05	0.000641409	177.306	0.000237525	-4.47037e-07	0.000237525	-0.102	-2.250745e-11
0.16	64			7.44765e-05	-8.74704e-06	7.49906e-05	-6.696	-0.000648502	2.9564e-05	0.000649158	177.39	0.000253381	-1.07289e-06	0.000253381	-0.24	-1.63927e-11
0.1625	65			6.92983e-05	-7.71141e-06	6.97304e-05	-6.342	-0.000664476	3.11139e-05	0.000665132	177.318	0.000242055	-3.27827e-07	0.000242055	-0.078	-1.693718e-11
0.165	66			7.22562e-05	-9.16427e-06	7.28299e-05	-7.224	-0.000668172	3.13523e-05	0.000668827	177.312	0.000266643	-1.10269e-06	0.000266643	-0.234	-1.530377e-11
0.1675	67			6.73016e-05	-8.3e-06	6.78082e-05	-7.026	-0.000680093	3.27232e-05	0.000680808	177.246	0.000255706	-1.2517e-06	0.000255706	-0.282	-2.414082e-11
0.17	68			7.10567e-05	-8.60548e-06	7.15707e-05	-6.9	-0.000686292	3.21867e-05	0.000687007	177.312	0.000257256	-1.81795e-06	0.000257256	-0.402	-1.991076e-11
0.1725	69			6.09311e-05	-7.72631e-06	6.14231e-05	-7.218	-0.000698272	3.2902e-05	0.000698987	177.3	0.000275256	-7.74864e-07	0.000275256	-0.156	-1.932447e-11
0.175	70			6.3092e-05	-8.59058e-06	6.36731e-05	-7.746	-0.000704829	3.38557e-05	0.000705604	177.252	0.000266137	-9.23876e-07	0.000266137	-0.192	-1.840299e-11
0.1775	71			5.99774e-05	-8.78429e-06	6.06107e-05	-8.328	-0.000713114	3.32596e-05	0.000713889	177.324	0.000264557	-7.45062e-07	0.000264557	-0.156	-1.844492e-11
0.18	72			6.30547e-05	-9.32819e-06	6.37402e-05	-8.412	-0.000727061	3.40941e-05	0.000727776	177.312	0.000281455	-1.04309e-06	0.000281455	-0.21	-2.007832e-11
0.1825	73			5.62819e-05	-8.2404e-06	5.6878e-05	-8.328	-0.00072873	3.43921e-05	0.000729505	177.294	0.000287773	-1.90736e-06	0.000287773	-0.378	-2.464346e-11
0.185	74			7.41412e-05	-9.31328e-06	7.47223e-05	-7.158	-0.000750128	3.52266e-05	0.000750903	177.312	0.000266613	-4.47037e-07	0.000266613	-0.096	-1.316783e-11
0.1875	75			5.87704e-05	-8.61293e-06	5.93963e-05	-8.334	-0.000748638	3.52862e-05	0.000749413	177.3	0.000296595	-1.93717e-06	0.000296595	-0.372	-2.104156e-11
0.19	76			7.65328e-05	-9.27603e-06	7.70916e-05	-6.906	-0.000771169	3.66571e-05	0.000771943	177.276	0.000311704	-2.02657e-06	0.000311704	-0.366	-1.58064e-11
0.1925	77			6.19446e-05	-9.17917e-06	6.26226e-05	-8.424	-0.000774864	3.76108e-05	0.000775699	177.222	0.000287743	-1.28151e-06	0.000287743	-0.252	-2.099967e-11
0.195	78			7.50129e-05	-8.86625e-06	7.55345e-05	-6.738	-0.000786308	3.70147e-05	0.000787083	177.3	0.000318469	-2.11598e-06	0.000318469	-0.378	-2.058087e-11
0.1975	79			8.03103e-05	-9.63366e-06	8.0884e-05	-6.84	-0.000806276	3.95181e-05	0.00080717	177.192	0.000304164	-1.37091e-06	0.000304164	-0.258	-1.706282e-11
0.2	80			6.25779e-05	-9.12702e-06	6.3241e-05	-8.292	-0.000804428	3.92201e-05	0.000805322	177.204	0.000341626	-2.59282e-06	0.000341656	-0.432	-2.070654e-11
0.2025	81			8.82675e-05	-1.07065e-05	8.89157e-05	-6.918	-0.000818852	3.92797e-05	0.000819746	177.252	0.000333907	-2.4438e-06	0.000333937	-0.42	-1.928256e-11
0.205	82			8.53171e-05	-1.00956e-05	8.59131e-05	-6.744	-0.000835005	3.97565e-05	0.00083584	177.276	0.000307025	-7.45062e-07	0.000307025	-0.132	-1.735601e-11
0.2075	83			7.5147e-05	-1.03117e-05	7.58548e-05	-7.812	-0.000844125	4.11274e-05	0.000845078	177.21	0.000348004	-2.53321e-06	0.000348004	-0.414	-1.840301e-11
0.21	84			8.85432e-05	-1.01627e-05	8.91243e-05	-6.546	-0.000847522	4.04718e-05	0.000848416	177.264	0.000367971	-4.20216e-06	0.000367971	-0.654	-2.254934e-11
0.2125	85			9.13893e-05	-1.04309e-05	9.19853e-05	-6.51	-0.000863198	4.24983e-05	0.000864152	177.18	0.000352444	-2.23519e-06	0.000352444	-0.36	-2.058087e-11
0.215	86			7.7263e-05	-1.01627e-05	7.79335e-05	-7.494	-0.000873748	4.13063e-05	0.000874702	177.288	0.000335785	-1.66894e-06	0.000335785	-0.282	-2.208867e-11
0.2175	87			9.69996e-05	-1.22935e-05	9.77744e-05	-7.218	-0.000874523	4.09486e-05	0.000875477	177.318	0.000330092	-8.34469e-07	0.000330092	-0.144	-1.718847e-11
0.22	88			0.000108317	-1.1772e-05	0.000108958	-6.198	-0.000887636	4.3154e-05	0.000888649	177.216	0.000362517	-2.3246e-06	0.000362517	-0.366	-1.635085e-11
0.2225	89			7.36197e-05	-1.09971e-05	7.44318e-05	-8.49	-0.000905637	4.33924e-05	0.00090659	177.252	0.000390621	-3.7253e-06	0.000390651	-0.54	-2.137665e-11
0.225	90			7.07363e-05	-1.0267e-05	7.14739e-05	-8.256	-0.00090659	4.33924e-05	0.000907544	177.258	0.000364723	-1.46032e-06	0.000364723	-0.228	-1.739786e-11
0.2275	91			8.73511e-05	-1.08556e-05	8.80291e-05	-7.08	-0.000906829	4.36308e-05	0.000907782	177.24	0.000331076	-9.53682e-07	0.000331076	-0.162	-2.305192e-11
0.23	92			9.56361e-05	-1.14665e-05	9.6329e-05	-6.834	-0.000927214	4.33924e-05	0.000928167	177.318	0.00033203	-5.9605e-07	0.00033203	-0.102	-2.150232e-11
0.2325	93			8.25231e-05	-1.11536e-05	8.32831e-05	-7.698	-0.000941519	4.47037e-05	0.000942472	177.282	0.000369104	-2.17558e-06	0.000369104	-0.336	-2.229802e-11
0.235	94			6.72047e-05	-1.09524e-05	6.80913e-05	-9.252	-0.000939135	4.56574e-05	0.000940207	177.216	0.000409247	-4.11275e-06	0.000409307	-0.57	-2.284249e-11
0.2375	95			7.86488e-05	-1.17869e-05	7.9528e-05	-8.52	-0.000942115	4.5419e-05	0.000943068	177.234	0.000400307	-3.09946e-06	0.000400307	-0.438	-1.329344e-11
0.24	96			9.69847e-05	-1.21371e-05	9.77372e-05	-7.128	-0.000967387	4.6015e-05	0.000968341	177.276	0.000361385	-1.87755e-06	0.000361385	-0.294	-2.083213e-11
0.2425	97			7.44616e-05	-1.0334e-05	7.51768e-05	-7.902	-0.000976928	4.70879e-05	0.000978	177.24	0.000336023	-1.1921e-06	0.000336023	-0.204	-1.589012e-11
0.245	98			5.23853e-05	-9.38779e-06	5.32197e-05	-10.158	-0.000974897	4.6015e-05	0.000975851	177.294	0.000352504	-5.9605e-07	0.000352504	-0.09	-1.831925e-11
0.2475	99			8.6308e-05	-1.23382e-05	8.71872e-05	-8.13	-0.000980027	4.74455e-05	0.000980981	177.222	0.000416758	-3.45708e-06	0.000416787	-0.474	-2.259122e-11
0.25	100			9.95551e-05	-1.37464e-05	0.000100501	-7.86	-0.00101126	4.86376e-05	0.00101233	177.246	0.000463726	-4.82801e-06	0.000463726	-0.594	-1.911498e-11
0.2525	101			5.75038e-05	-1.1541e-05	5.86438e-05	-11.346	-0.00101996	4.98297e-05	0.00102104	177.204	0.000424864	-3.51669e-06	0.000424864	-0.474	-2.053902e-11
0.255	102			5.38456e-05	-1.05054e-05	5.48589e-05	-11.034	-0.00101424	4.91145e-05	0.00101531	177.222	0.000380339	-5.36445e-07	0.000380339	-0.078	-1.806799e-11
0.2575	103			8.21431e-05	-1.14367e-05	8.29403e-05	-7.92	-0.00101651	4.86376e-05	0.00101758	177.258	0.000369908	-1.31131e-06	0.000369908	-0.198	-1.94082e-11
0.26	104			0.000115112	-1.37315e-05	0.000115924	-6.798	-0.00104595	4.93529e-05	0.00104702	177.294	0.000394704	-1.54973e-06	0.000394704	-0.216	-2.116726e-11
0.2625	105			9.25665e-05	-1.28151e-05	9.34456e-05	-7.878	-0.00106133	5.14986e-05	0.00106252	177.216	0.000424864	-3.09946e-06	0.000424864	-0.414	-1.781664e-11
0.265	106			6.85384e-05	-1.13175e-05	6.94697e-05	-9.372	-0.00106347	5.19755e-05	0.00106467	177.198	0.00046456	-3.6359e-06	0.00046456	-0.444	-1.965947e-11
0.2675	107			6.85011e-05	-1.22712e-05	6.95889e-05	-10.152	-0.00105882	5.14986e-05	0.0010599	177.21	0.000488164	-5.60287e-06	0.000488164	-0.66	-1.794233e-11
0.27	108			0.000107512	-1.36048e-05	0.000108369	-7.212	-0.00107969	5.32868e-05	0.00108088	177.174	0.000486257	-5.06642e-06	0.000486257	-0.594	-1.496872e-11
0.2725	109			0.00011348	-1.38879e-05	0.000114322	-6.978	-0.00110448	5.48365e-05	0.00110567	177.156	0.000428976	-1.54973e-06	0.000428976	-0.198	-1.526191e-11
0.275	110			8.06083e-05	-1.19135e-05	8.148e-05	-8.4	-0.00111235	5.35252e-05	0.00111354	177.24	0.000396194	-7.15259e-07	0.000396194	-0.096	-1.643457e-11
0.2775	111			5.76305e-05	-1.11387e-05	5.87034e-05	-10.932	-0.00111914	5.43597e-05	0.00112034	177.216	0.000404241	-1.60933e-06	0.000404241	-0.228	-2.028771e-11
0.28	112			7.00881e-05	-1.21222e-05	7.11237e-05	-9.81	-0.00111521	5.47173e-05	0.0011164	177.186	0.00045854	-3.57629e-06	0.00045854	-0.444	-2.016207e-11
0.2825	113			0.00011722	-1.43201e-05	0.000118092	-6.96	-0.00114048	5.59094e-05	0.00114179	177.192	0.000534419	-6.97377e-06	0.000534419	-0.744	-1.999453e-11
0.285	114			0.000119053	-1.49832e-05	0.000119992	-7.17	-0.00115574	5.71015e-05	0.00115705	177.168	0.000530664	-6.31812e-06	0.000530664	-0.678	-2.070653e-11
0.2875	115			9.62694e-05	-1.3277e-05	9.71784e-05	-7.848	-0.00116349	5.81744e-05	0.0011648	177.138	0.00051761	-5.42405e-06	0.00051761	-0.594	-2.028772e-11
0.29	116			6.24959e-05	-1.3046e-05	6.3837e-05	-11.784	-0.00117303	5.75783e-05	0.00117422	177.186	0.000496391	-5.42405e-06	0.000496451	-0.624	-1.991077e-11
0.2925	117			7.02296e-05	-1.21892e-05	7.12727e-05	-9.846	-0.00117803	5.75783e-05	0.00117923	177.204	0.000473799	-4.41077e-06	0.000473799	-0.528	-1.714659e-11
0.295	118			8.94298e-05	-1.40519e-05	9.0525e-05	-8.928	-0.00119055	5.82936e-05	0.00119186	177.198	0.000472965	-4.05314e-06	0.000473024	-0.486	-2.271684e-11
0.2975	119			9.80129e-05	-1.34335e-05	9.89293e-05	-7.8	-0.00120688	5.87704e-05	0.00120819	177.21	0.000445249	-2.08618e-06	0.000445249	-0.264	-1.547132e-11
0.3	120			8.34321e-05	-1.32323e-05	8.44751e-05	-9.006	-0.00120796	5.86512e-05	0.00120927	177.216	0.000440957	-1.49012e-06	0.000440957	-0.192	-1.798419e-11
0.3025	121			8.57939e-05	-1.37017e-05	8.68817e-05	-9.072	-0.0012132	5.98433e-05	0.00121463	177.174	0.000511292	-4.64919e-06	0.000511292	-0.516	-2.187928e-11
0.305	122			8.03401e-05	-1.35527e-05	8.14726e-05	-9.57	-0.00123406	6.09162e-05	0.00123549	177.174	0.00056446	-6.31812e-06	0.00056446	-0.642	-2.221434e-11
0.3075	123			8.00495e-05	-1.33739e-05	8.11522e-05	-9.486	-0.00124634	6.21085e-05	0.00124777	177.144	0.000577811	-7.15259e-06	0.000577811	-0.702	-2.146042e-11
0.31	124			7.73747e-05	-1.31131e-05	7.847e-05	-9.618	-0.00125802	6.16317e-05	0.00125945	177.192	0.000565771	-6.91417e-06	0.000565831	-0.702	-1.840303e-11
0.3125	125			6.90972e-05	-1.32919e-05	7.03637e-05	-10.884	-0.00126708	6.27046e-05	0.00126851	177.162	0.000532154	-3.93394e-06	0.000532154	-0.42	-2.20887e-11
0.315	126			6.61691e-05	-1.28821e-05	6.74059e-05	-11.016	-0.00126708	6.24661e-05	0.00126851	177.174	0.000496689	-2.3246e-06	0.000496689	-0.264	-1.98689e-11
0.3175	127			7.08927e-05	-1.27331e-05	7.20252e-05	-10.182	-0.00126696	6.23469e-05	0.00126828	177.18	0.00046313	-1.49012e-06	0.00046313	-0.18	-2.393144e-11
0.32	128			6.50366e-05	-1.23531e-05	6.61914e-05	-10.758	-0.001274	6.13932e-05	0.00127543	177.24	0.000456871	-1.96697e-06	0.000456871	-0.24	-2.175356e-11
0.3225	129			6.88364e-05	-1.22563e-05	6.99167e-05	-10.092	-0.00129629	6.33006e-05	0.00129772	177.204	0.000473084	-2.14578e-06	0.000473084	-0.258	-1.986891e-11
0.325	130			8.22102e-05	-1.44765e-05	8.34768e-05	-9.984	-0.00131143	6.52079e-05	0.00131298	177.15	0.000511233	-4.7684e-06	0.000511292	-0.528	-1.98689e-11
0.3275	131			9.04431e-05	-1.42232e-05	9.15607e-05	-8.934	-0.00132788	6.5804e-05	0.00132943	177.162	0.000566665	-5.30484e-06	0.000566725	-0.534	-1.873808e-11
0.33	132			0.000103847	-1.58475e-05	0.000105046	-8.676	-0.00133444	6.62808e-05	0.00133599	177.156	0.0005675	-4.41077e-06	0.000567559	-0.438	-1.371226e-11
0.3325	133			0.000107088	-1.5326e-05	0.000108175	-8.142	-0.00133289	6.61616e-05	0.00133444	177.156	0.000566307	-4.64919e-06	0.000566307	-0.468	-1.672778e-11
0.335	134			8.20761e-05	-1.52514e-05	8.34842e-05	-10.524	-0.00133372	6.61616e-05	0.00133527	177.156	0.000562254	-5.72208e-06	0.000562314	-0.582	-2.087405e-11
0.3375	135			6.0946e-05	-1.34707e-05	6.2414e-05	-12.456	-0.0013342	6.66385e-05	0.00133575	177.138	0.000575487	-5.54326e-06	0.000575546	-0.546	-2.099971e-11
0.34	136			5.14092e-05	-1.41264e-05	5.33166e-05	-15.354	-0.00135244	6.74729e-05	0.00135399	177.144	0.000606541	-7.09298e-06	0.0006066	-0.666	-2.40571e-11
0.3425	137			6.4977e-05	-1.38283e-05	6.64373e-05	-12.012	-0.00137175	6.81882e-05	0.0013733	177.156	0.000582818	-5.24524e-06	0.000582818	-0.51	-2.455969e-11
0.345	138			0.00010901	-1.49757e-05	0.000110038	-7.818	-0.00138403	6.93803e-05	0.00138558	177.132	0.000539247	-2.86104e-06	0.000539247	-0.3	-2.095783e-11
0.3475	139			0.000122563	-1.73004e-05	0.000123777	-8.034	-0.00140453	6.87842e-05	0.00140608	177.192	0.000489417	-1.37091e-06	0.000489417	-0.156	-2.037146e-11
0.35	140			0.000114248	-1.69353e-05	0.000115492	-8.43	-0.00140763	6.98571e-05	0.0014093	177.156	0.000458064	-2.98025e-07	0.000458064	-0.036	-2.083221e-11
0.3525	141			0.000105255	-1.67863e-05	0.000106581	-9.06	-0.00140775	6.98571e-05	0.00140942	177.156	0.000482919	-8.34469e-07	0.000482919	-0.096	-2.321946e-11
0.355	142			9.28272e-05	-1.57581e-05	9.41535e-05	-9.63	-0.00140727	6.94995e-05	0.00140894	177.174	0.000543717	-2.92064e-06	0.000543717	-0.306	-1.551316e-11
0.3575	143			9.01897e-05	-1.61008e-05	9.16128e-05	-10.122	-0.00140847	7.093e-05	0.00141013	177.114	0.000601653	-4.7684e-06	0.000601713	-0.45	-2.125099e-11
0.36	144			7.65477e-05	-1.62051e-05	7.8239e-05	-11.952	-0.00141872	7.03339e-05	0.00142027	177.162	0.00063825	-7.03338e-06	0.00063825	-0.63	-1.743975e-11
0.3625	145			9.60981e-05	-1.64808e-05	9.74988e-05	-9.732	-0.00144757	7.27181e-05	0.00144923	177.126	0.000659052	-7.68906e-06	0.000659112	-0.666	-2.133476e-11
0.365	146			0.000119508	-1.7956e-05	0.000120841	-8.544	-0.00145472	7.22413e-05	0.00145639	177.156	0.000673477	-8.64273e-06	0.000673536	-0.732	-1.861242e-11
0.3675	147			0.000131079	-1.87532e-05	0.000132413	-8.142	-0.00146974	7.3791e-05	0.00147141	177.126	0.000676934	-8.70234e-06	0.000676993	-0.732	-1.940821e-11
0.37	148			0.000114948	-1.79486e-05	0.000116341	-8.874	-0.00148893	7.47447e-05	0.0014906	177.126	0.000683729	-8.46392e-06	0.000683788	-0.708	-1.785859e-11
0.3725	149			8.46912e-05	-1.79784e-05	8.65762e-05	-11.982	-0.00149072	7.3791e-05	0.00149251	177.162	0.000658993	-6.73535e-06	0.000659052	-0.582	-1.748163e-11
0.375	150			9.44515e-05	-1.73898e-05	9.60384e-05	-10.428	-0.00148953	7.49831e-05	0.00149132	177.114	0.000602964	-3.99354e-06	0.000602964	-0.378	-2.162792e-11
0.3775	151			9.04282e-05	-1.60412e-05	9.18363e-05	-10.056	-0.00149	7.46255e-05	0.00149167	177.132	0.000542644	-2.20539e-06	0.000542644	-0.228	-1.459175e-11
0.38	152			8.25007e-05	-1.60934e-05	8.40505e-05	-11.034	-0.00148953	7.41486e-05	0.0014912	177.144	0.000515703	5.96051e-08	0.000515703	0.006	-2.305195e-11
0.3825	153			0.000110135	-1.78368e-05	0.000111565	-9.198	-0.00149835	7.45063e-05	0.00150002	177.15	0.000525061	-1.43052e-06	0.000525061	-0.15	-2.053901e-11
0.385	154			0.000153721	-1.94983e-05	0.000154958	-7.224	-0.00153197	7.6652e-05	0.00153375	177.132	0.000575725	-3.15906e-06	0.000575725	-0.306	-2.397331e-11
0.3875	155			0.000151054	-2.01092e-05	0.000152388	-7.584	-0.00155164	7.85594e-05	0.00155354	177.096	0.000619594	-4.7088e-06	0.000619594	-0.432	-2.120912e-11
0.39	156			0.000146248	-1.98634e-05	0.000147589	-7.734	-0.00154699	7.78441e-05	0.00154877	177.12	0.000671092	-6.91417e-06	0.000671152	-0.588	-1.404734e-11
0.3925	157			0.000136816	-1.98559e-05	0.000138254	-8.256	-0.00156427	7.93939e-05	0.00156618	177.096	0.000711981	-8.64273e-06	0.000712041	-0.69	-2.007832e-11
0.395	158			0.000118733	-1.9312e-05	0.00012029	-9.234	-0.0015837	7.91554e-05	0.00158561	177.138	0.000717286	-8.64273e-06	0.000717346	-0.69	-2.192107e-11
0.3975	159			9.97637e-05	-1.82764e-05	0.000101425	-10.38	-0.00158489	7.95131e-05	0.0015868	177.126	0.000717465	-7.86787e-06	0.000717524	-0.63	-1.697907e-11
0.4	160			8.83196e-05	-1.77101e-05	9.0078e-05	-11.334	-0.00158311	8.01091e-05	0.00158501	177.102	0.000715498	-7.62945e-06	0.000715557	-0.612	-1.773294e-11
0.4025	161			0.000131444	-2.02582e-05	0.000133001	-8.76	-0.00158287	8.07052e-05	0.00158489	177.078	0.000723485	-8.40431e-06	0.000723545	-0.666	-2.246555e-11
0.405	162			0.00012532	-2.02582e-05	0.000126944	-9.18	-0.00158406	8.07052e-05	0.00158609	177.084	0.000741605	-8.94075e-06	0.000741664	-0.69	-2.032963e-11
0.4075	163			0.000160621	-2.16664e-05	0.000162073	-7.68	-0.00160039	8.1182e-05	0.0016023	177.096	0.000775997	-1.06097e-05	0.000776116	-0.786	-1.798421e-11
0.41	164			0.000200153	-2.4736e-05	0.000201673	-7.044	-0.00163651	8.27317e-05	0.00163842	177.102	0.000781361	-1.09077e-05	0.000781421	-0.798	-1.350286e-11
0.4125	165			0.000172944	-2.28883e-05	0.000174464	-7.53	-0.00165702	8.45199e-05	0.00165904	177.078	0.00071818	-8.16589e-06	0.00071824	-0.648	-1.999452e-11
0.415	166			0.000162513	-2.16068e-05	0.000163944	-7.566	-0.00166453	8.44006e-05	0.00166655	177.096	0.000678245	-5.42405e-06	0.000678245	-0.456	-2.313574e-11
0.4175	167			0.000142247	-1.99379e-05	0.000143618	-7.974	-0.00166512	8.46391e-05	0.00166715	177.09	0.000642125	-4.58959e-06	0.000642125	-0.402	-1.978517e-11
0.42	168			0.000131161	-2.02061e-05	0.000132711	-8.754	-0.00167383	8.48775e-05	0.00167585	177.096	0.000640694	-4.17235e-06	0.000640694	-0.372	-1.919874e-11
0.4225	169			0.000131906	-2.03253e-05	0.000133456	-8.754	-0.00169767	8.51159e-05	0.00169969	177.126	0.000645105	-4.47038e-06	0.000645105	-0.39	-1.949198e-11
0.425	170			0.000124426	-1.96398e-05	0.000125975	-8.964	-0.001696	8.49967e-05	0.00169802	177.126	0.00064278	-4.35117e-06	0.00064278	-0.384	-1.589013e-11
0.4275	171			0.0001238	-1.98187e-05	0.000125379	-9.096	-0.00169087	8.42814e-05	0.0016929	177.144	0.000659231	-5.42405e-06	0.000659291	-0.468	-1.614141e-11
0.43	172			0.000129701	-2.02657e-05	0.00013125	-8.88	-0.00168956	8.52351e-05	0.00169159	177.114	0.000644151	-4.05314e-06	0.000644151	-0.36	-2.187924e-11
0.4325	173			0.000144065	-2.21134e-05	0.000145764	-8.718	-0.00168932	8.57119e-05	0.00169147	177.096	0.000722829	-8.04669e-06	0.000722889	-0.636	-2.213054e-11
0.435	174			0.000203342	-2.55705e-05	0.000204952	-7.158	-0.00171126	8.76193e-05	0.0017134	177.066	0.000821415	-1.12057e-05	0.000821475	-0.78	-2.229806e-11
0.4375	175			0.000218065	-2.58387e-05	0.000219584	-6.756	-0.00175405	8.98843e-05	0.00175632	177.066	0.000855509	-1.33515e-05	0.000855628	-0.894	-2.284251e-11
0.44	176			0.000235469	-2.84613e-05	0.000237198	-6.888	-0.0017618	9.1434e-05	0.00176407	177.024	0.000845972	-1.16826e-05	0.000846032	-0.792	-1.68953e-11
0.4425	177			0.000210256	-2.61368e-05	0.000211866	-7.08	-0.00176693	9.10764e-05	0.00176907	177.048	0.000850145	-1.13249e-05	0.000850204	-0.762	-1.986888e-11
0.445	178			0.000202329	-2.49149e-05	0.000203849	-7.014	-0.0017854	9.16724e-05	0.00178755	177.06	0.000864033	-1.32919e-05	0.000864152	-0.882	-2.020396e-11
0.4475	179			0.000212432	-2.61964e-05	0.000214041	-7.026	-0.00181795	9.34605e-05	0.00182009	177.048	0.000856403	-1.20402e-05	0.000856522	-0.804	-1.530377e-11
0.45	180			0.000168086	-2.27393e-05	0.000169606	-7.698	-0.00182582	9.32221e-05	0.00182796	177.072	0.000834171	-1.03713e-05	0.00083423	-0.708	-1.919883e-11
0.4525	181			0.000124902	-2.13386e-05	0.00012672	-9.69	-0.001817	9.29837e-05	0.00181914	177.072	0.000809316	-1.00732e-05	0.000809375	-0.708	-1.810989e-11
0.455	182			0.00011158	-2.13982e-05	0.000113637	-10.848	-0.00181986	9.34605e-05	0.001822	177.054	0.000790183	-9.23878e-06	0.000790242	-0.666	-1.538759e-11
0.4575	183			0.000106067	-2.10704e-05	0.000108123	-11.232	-0.00183225	9.3699e-05	0.0018344	177.066	0.000774805	-8.58313e-06	0.000774805	-0.63	-1.635081e-11
0.46	184			0.000116617	-2.18154e-05	0.000118614	-10.596	-0.00182963	9.39374e-05	0.00183178	177.06	0.000763122	-8.04669e-06	0.000763182	-0.606	-2.439209e-11
0.4625	185			0.000144065	-2.33353e-05	0.000145943	-9.192	-0.00182844	9.39374e-05	0.00183059	177.054	0.000759367	-7.51021e-06	0.000759367	-0.564	-2.183733e-11
0.465	186			0.000205726	-2.715e-05	0.000207515	-7.512	-0.00183154	9.3699e-05	0.00183368	177.066	0.000787739	-8.58313e-06	0.000787798	-0.624	-1.743973e-11
0.4675	187			0.000202061	-2.72692e-05	0.000203879	-7.686	-0.00186849	9.51295e-05	0.00187088	177.078	0.000783149	-8.88115e-06	0.000783209	-0.648	-1.421482e-11
0.47	188			0.000158221	-2.43784e-05	0.000160099	-8.754	-0.00188971	9.67984e-05	0.00189186	177.06	0.000735644	-6.0797e-06	0.000735704	-0.474	-1.459177e-11
0.4725	189			0.000160933	-2.3842e-05	0.000162662	-8.424	-0.00188685	9.72752e-05	0.001889	177.042	0.000716928	-5.18563e-06	0.000716988	-0.414	-2.108348e-11
0.475	190			0.000173719	-2.51831e-05	0.000175537	-8.25	-0.00189019	9.72752e-05	0.00189234	177.054	0.000743035	-5.78168e-06	0.000743095	-0.444	-1.840302e-11
0.4775	191			0.000207038	-2.6405e-05	0.000208736	-7.266	-0.00190402	9.75137e-05	0.00190616	177.066	0.000781659	-7.45061e-06	0.000781719	-0.546	-1.953386e-11
0.48	192			0.000204653	-2.59877e-05	0.000206293	-7.23	-0.00193835	9.84673e-05	0.0019405	177.09	0.000789348	-7.56982e-06	0.000789348	-0.546	-1.827739e-11
0.4825	193			0.000184239	-2.49447e-05	0.000185938	-7.704	-0.0019517	9.9421e-05	0.00195386	177.084	0.000766758	-5.60287e-06	0.000766817	-0.414	-2.083215e-11
0.485	194			0.000130952	-2.21432e-05	0.0001328	-9.582	-0.00195194	0.000100375	0.00195433	177.054	0.000772718	-7.15259e-06	0.000772718	-0.528	-1.555504e-11
0.4875	195			0.000129403	-2.27393e-05	0.000131399	-9.954	-0.00196172	0.000100852	0.00196411	177.054	0.000834648	-8.76194e-06	0.000834648	-0.6	-2.38058e-11
0.49	196			0.000136615	-2.26499e-05	0.000138463	-9.408	-0.00197245	0.000102997	0.00197484	177.006	0.000896934	-1.04905e-05	0.000896994	-0.666	-2.146037e-11
0.4925	197			0.000189931	-2.64348e-05	0.000191749	-7.914	-0.00197221	0.000102282	0.0019746	177.024	0.000928644	-1.26362e-05	0.000928644	-0.774	-1.965948e-11
0.495	198			0.000196219	-2.69414e-05	0.000198037	-7.812	-0.00197627	0.000102997	0.00197865	177.012	0.000946764	-1.33515e-05	0.000946883	-0.804	-1.555506e-11
0.4975	199			0.000214876	-2.79547e-05	0.000216694	-7.41	-0.00199844	0.000103951	0.00200082	177.018	0.000978477	-1.52589e-05	0.000978597	-0.888	-2.183737e-11
0.5	200			0.000221253	-2.85507e-05	0.000223101	-7.35	-0.00201894	0.000104428	0.00202133	177.03	0.000992067	-1.65702e-05	0.000992186	-0.954	-2.099966e-11
0.5025	201			0.000266017	-3.04879e-05	0.000267746	-6.534	-0.00203039	0.000106097	0.00203301	177.006	0.00095797	-1.43052e-05	0.000958089	-0.852	-1.794232e-11
0.505	202			0.000234784	-2.93256e-05	0.000236602	-7.11	-0.00204159	0.000106812	0.00204422	177.0	0.000891451	-1.12057e-05	0.00089157	-0.714	-2.146039e-11
0.5075	203			0.000176818	-2.69712e-05	0.000178845	-8.664	-0.00203826	0.000105858	0.00204088	177.024	0.000867251	-1.15634e-05	0.000867251	-0.762	-2.213051e-11
0.51	204			0.000115008	-2.30671e-05	0.000117302	-11.328	-0.00203396	0.000105143	0.00203635	177.042	0.000855569	-8.82155e-06	0.000855569	-0.588	-1.91569e-11
0.5125	205			0.000158728	-2.49745e-05	0.000160695	-8.934	-0.00203349	0.000105143	0.00203587	177.036	0.000857238	-9.05996e-06	0.000857357	-0.6	-1.861242e-11
0.515	206			0.000151307	-2.58089e-05	0.000153483	-9.678	-0.00203778	0.000105143	0.00204016	177.042	0.000864033	-1.04905e-05	0.000864152	-0.696	-1.82355e-11
0.5175	207			0.000138135	-2.50043e-05	0.0001404	-10.254	-0.00205661	0.000106574	0.002059	177.03	0.00085986	-9.29838e-06	0.00085998	-0.618	-2.166977e-11
0.52	208			0.000134409	-2.53023e-05	0.000136764	-10.65	-0.00209738	0.000108481	0.00210001	177.036	0.000823621	-7.2718e-06	0.000823621	-0.498	-2.171173e-11
0.5225	209			0.000104219	-2.34843e-05	0.000106842	-12.684	-0.00211073	0.000109435	0.00211336	177.03	0.000807647	-5.84128e-06	0.000807647	-0.414	-1.991077e-11
0.525	210			9.11956e-05	-2.24413e-05	9.39076e-05	-13.818	-0.00211097	0.000109435	0.0021136	177.03	0.000837211	-7.03338e-06	0.000837211	-0.474	-2.133475e-11
0.5275	211			0.000131817	-2.56897e-05	0.00013429	-11.016	-0.00211073	0.000108243	0.00211336	177.06	0.000851993	-7.74866e-06	0.000852112	-0.516	-1.982699e-11
0.53	212			0.00015542	-2.74779e-05	0.000157804	-10.02	-0.00211002	0.000109196	0.00211264	177.036	0.000875119	-8.82155e-06	0.000875119	-0.576	-1.882182e-11
0.5325	213			0.000131131	-2.48851e-05	0.000133456	-10.746	-0.00211169	0.000109673	0.00211431	177.024	0.000914101	-1.09673e-05	0.000914101	-0.684	-2.422457e-11
0.535	214			0.000138761	-2.52427e-05	0.000141026	-10.302	-0.00213076	0.000111342	0.00213338	177.006	0.000966672	-1.2517e-05	0.000966672	-0.738	-1.949193e-11
0.5375	215			0.00018403	-2.76567e-05	0.000186116	-8.538	-0.00216676	0.000113965	0.00216962	176.988	0.00101651	-1.44244e-05	0.00101662	-0.81	-1.664397e-11
0.54	216			0.000207604	-2.83421e-05	0.000209511	-7.764	-0.00218703	0.000114203	0.00218965	177.006	0.00104869	-1.65702e-05	0.00104881	-0.906	-2.108346e-11
0.5425	217			0.000241489	-2.99515e-05	0.000243367	-7.068	-0.00219633	0.000115395	0.00219919	176.988	0.00105716	-1.60934e-05	0.00105727	-0.87	-1.568067e-11
0.545	218			0.000201494	-2.82825e-05	0.000203461	-7.986	-0.00220992	0.000115633	0.00221278	177.006	0.00102449	-1.51396e-05	0.00102473	-0.846	-1.945006e-11
0.5475	219			0.000204326	-2.93256e-05	0.000206442	-8.166	-0.00222446	0.000115157	0.00222732	177.03	0.000958923	-1.18018e-05	0.000959042	-0.708	-2.058089e-11
0.55	220			0.000236631	-3.07562e-05	0.000238628	-7.398	-0.00223543	0.000115395	0.00223829	177.042	0.00089455	-8.82155e-06	0.000894669	-0.558	-1.932442e-11
0.5525	221			0.00022027	-3.04581e-05	0.000222386	-7.872	-0.0022359	0.000116587	0.00223853	177.012	0.000848655	-6.67575e-06	0.000848655	-0.45	-1.861237e-11
0.555	222			0.000240714	-3.16205e-05	0.0002428	-7.482	-0.00223018	0.00011611	0.0022328	177.012	0.000879649	-7.62945e-06	0.000879649	-0.492	-2.363822e-11
0.5575	223			0.0002383	-3.17695e-05	0.000240416	-7.59	-0.00222756	0.000117302	0.00223042	176.982	0.000943188	-1.01328e-05	0.000943188	-0.612	-1.924065e-11
0.56	224			0.000239224	-3.18887e-05	0.00024134	-7.584	-0.00222494	0.000117302	0.0022278	176.976	0.00100148	-1.2517e-05	0.0010016	-0.714	-2.263308e-11
0.5625	225			0.000245573	-3.20973e-05	0.000247659	-7.44	-0.00222756	0.000117779	0.00223066	176.97	0.000997908	-1.21594e-05	0.000997908	-0.696	-2.120911e-11
0.565	226			0.000261428	-3.28424e-05	0.000263484	-7.152	-0.00225474	0.000119448	0.0022576	176.964	0.000956181	-9.5368e-06	0.000956181	-0.57	-1.877994e-11
0.5675	227			0.000293406	-3.54948e-05	0.000295522	-6.894	-0.00229241	0.00012064	0.00229551	176.982	0.000902776	-7.51021e-06	0.000902776	-0.474	-2.200479e-11
0.57	228			0.000236482	-3.14417e-05	0.000238569	-7.566	-0.00230123	0.000121117	0.00230433	176.982	0.000876311	-6.31812e-06	0.000876311	-0.408	-2.313567e-11
0.5725	229			0.000167669	-2.78653e-05	0.000169964	-9.438	-0.00230171	0.000120879	0.00230457	176.988	0.00087643	-7.2718e-06	0.00087643	-0.468	-2.213052e-11
0.575	230			0.000175239	-2.867e-05	0.000177563	-9.282	-0.00230171	0.000120879	0.00230481	176.988	0.000890259	-7.15259e-06	0.000890259	-0.456	-2.430835e-11
0.5775	231			0.00017202	-2.78653e-05	0.000174285	-9.198	-0.00230171	0.000121594	0.00230457	176.976	0.000898007	-7.51021e-06	0.000898007	-0.474	-2.171168e-11
0.58	232			0.000203551	-3.03985e-05	0.000205786	-8.496	-0.00230195	0.00012064	0.00230481	176.994	0.000905041	-8.2255e-06	0.000905041	-0.516	-1.676962e-11
0.5825	233			0.000192107	-2.86998e-05	0.000194252	-8.49	-0.00230242	0.000121117	0.00230528	176.988	0.000916485	-8.70234e-06	0.000916604	-0.54	-2.091591e-11
0.585	234			0.000160218	-2.82527e-05	0.000162662	-9.99	-0.00230195	0.000121117	0.00230481	176.988	0.000940446	-9.89443e-06	0.000940446	-0.6	-1.810983e-11
0.5875	235			0.000148774	-2.75971e-05	0.000151307	-10.506	-0.00230242	0.000120879	0.00230528	176.994	0.000982888	-1.09673e-05	0.000983007	-0.636	-1.773291e-11
0.59	236			0.000189246	-2.96236e-05	0.00019157	-8.886	-0.00231363	0.000122548	0.00231649	176.964	0.00103689	-1.28747e-05	0.00103701	-0.714	-1.99945e-11
0.5925	237			0.000175149	-2.9564e-05	0.000177623	-9.576	-0.00236513	0.000124455	0.00236823	176.988	0.0010804	-1.50204e-05	0.00108052	-0.792	-1.99945e-11
0.595	238			0.000213058	-3.24848e-05	0.000215531	-8.664	-0.00240566	0.000126363	0.00240876	176.988	0.00110687	-1.56165e-05	0.00110698	-0.81	-1.74816e-11
0.5975	239			0.000210495	-3.17993e-05	0.000212879	-8.586	-0.00241448	0.000127316	0.00241758	176.982	0.00112665	-1.74047e-05	0.00112677	-0.882	-2.045522e-11
0.6	240			0.00025359	-3.38855e-05	0.000255855	-7.608	-0.00241305	0.000127316	0.00241615	176.976	0.00112308	-1.65702e-05	0.0011232	-0.84	-1.823548e-11
0.6025	241			0.000287237	-3.63889e-05	0.000289531	-7.218	-0.00241138	0.000127316	0.00241448	176.976	0.00110198	-1.54973e-05	0.0011021	-0.804	-2.183731e-11
0.605	242			0.000273408	-3.56736e-05	0.000275733	-7.428	-0.00241424	0.000127078	0.00241734	176.982	0.00110126	-1.45436e-05	0.00110138	-0.756	-1.643454e-11
0.6075	243			0.000248643	-3.37663e-05	0.000250908	-7.728	-0.00242354	0.000127316	0.00242664	176.988	0.00113452	-1.59742e-05	0.00113464	-0.804	-1.693714e-11
0.61	244			0.000245424	-3.44517e-05	0.000247838	-7.986	-0.00243713	0.000128509	0.00244023	176.976	0.00115371	-1.6451e-05	0.00115383	-0.816	-1.873807e-11
0.6125	245			0.000259848	-3.63889e-05	0.000262382	-7.968	-0.00245549	0.000128985	0.00245859	176.994	0.00116504	-1.82391e-05	0.00116516	-0.894	-2.066461e-11
0.615	246			0.000189633	-3.15013e-05	0.000192226	-9.432	-0.00247122	0.000131131	0.00247432	176.958	0.00118972	-1.84776e-05	0.00118984	-0.888	-1.961757e-11
0.6175	247			0.000189454	-3.15013e-05	0.000192047	-9.432	-0.00248338	0.000131131	0.00248648	176.97	0.00120354	-1.84776e-05	0.00120378	-0.876	-2.120904e-11
0.62	248			0.000177921	-3.13523e-05	0.000180663	-9.984	-0.00249602	0.000133277	0.00249936	176.94	0.00119866	-1.80007e-05	0.00119878	-0.858	-1.840299e-11
0.6225	249			0.000170291	-3.00409e-05	0.000172914	-10.002	-0.00251581	0.000133277	0.00251915	176.964	0.00115431	-1.50204e-05	0.00115443	-0.744	-1.614133e-11
0.625	250			0.000189961	-3.15609e-05	0.000192554	-9.432	-0.00252916	0.000134469	0.0025325	176.958	0.00109638	-1.26362e-05	0.00109638	-0.66	-1.714652e-11
0.6275	251			0.000218422	-3.26934e-05	0.000220866	-8.508	-0.00253226	0.0001359	0.00253583	176.928	0.00107039	-1.06097e-05	0.00107051	-0.57	-2.04552e-11
0.63	252			0.000233353	-3.3349e-05	0.000235707	-8.13	-0.00253178	0.000134469	0.00253512	176.952	0.00105	-1.02521e-05	0.00105	-0.558	-1.68115e-11
0.6325	253			0.000240535	-3.36769e-05	0.00024289	-7.968	-0.00253202	0.000133038	0.00253512	176.988	0.00104941	-1.12057e-05	0.00104953	-0.606	-1.559689e-11
0.635	254			0.000247331	-3.5018e-05	0.000249775	-8.058	-0.00253202	0.000132562	0.00253536	177.0	0.00102902	-1.14442e-05	0.00102902	-0.63	-1.974321e-11
0.6375	255			0.000189126	-3.05774e-05	0.00019157	-9.18	-0.0025313	0.000133038	0.00253464	176.988	0.000987299	-8.58313e-06	0.000987299	-0.492	-2.175353e-11
0.64	256			0.000210197	-3.22165e-05	0.00021267	-8.706	-0.00253226	0.000132323	0.0025356	177.006	0.00096393	-7.15259e-06	0.00096393	-0.426	-1.945002e-11
0.6425	257			0.000272306	-3.60014e-05	0.00027466	-7.53	-0.0025313	0.000133277	0.00253464	176.982	0.000921611	-5.36445e-06	0.000921611	-0.33	-1.706276e-11
0.645	258			0.000252904	-3.4869e-05	0.000255289	-7.848	-0.0025313	0.000133992	0.00253464	176.964	0.000928644	-6.67575e-06	0.000928644	-0.408	-2.376382e-11
0.6475	259			0.000246139	-3.5018e-05	0.000248613	-8.094	-0.00253202	0.000135184	0.0025356	176.94	0.00098253	-7.51021e-06	0.00098253	-0.432	-2.208862e-11
0.65	260			0.00026706	-3.6061e-05	0.000269474	-7.686	-0.00253226	0.000135661	0.00253583	176.928	0.00105263	-1.08481e-05	0.00105263	-0.582	-2.003637e-11
0.6525	261			0.000340821	-4.02632e-05	0.000343176	-6.732	-0.00253679	0.000137092	0.00254013	176.904	0.00109649	-1.18018e-05	0.00109649	-0.612	-2.485279e-11
0.655	262			0.000364067	-4.30646e-05	0.0003666	-6.744	-0.00256087	0.000139476	0.00256445	176.88	0.00112189	-1.43052e-05	0.00112189	-0.726	-1.894745e-11
0.6575	263			0.000390859	-4.42567e-05	0.000393333	-6.462	-0.0026219	0.000142814	0.00262548	176.88	0.0011685	-1.54973e-05	0.00116862	-0.756	-1.898935e-11
0.66	264			0.000422688	-4.63726e-05	0.000425221	-6.258	-0.0026622	0.000144483	0.00266577	176.892	0.00123347	-1.81199e-05	0.00123359	-0.84	-1.584821e-11
0.6625	265			0.000400903	-4.60448e-05	0.000403555	-6.552	-0.00266816	0.000144959	0.00267197	176.886	0.00124038	-1.85968e-05	0.0012405	-0.858	-2.058084e-11
0.665	266			0.000442626	-4.86674e-05	0.000445278	-6.276	-0.00266673	0.000143767	0.0026703	176.91	0.00122941	-1.80007e-05	0.00122965	-0.84	-1.756536e-11
0.6675	267			0.000440719	-4.78032e-05	0.000443341	-6.186	-0.00266482	0.000143529	0.0026684	176.916	0.00119878	-1.74047e-05	0.0011989	-0.828	-1.597382e-11
0.67	268			0.000384571	-4.6015e-05	0.000387313	-6.822	-0.00266506	0.000143529	0.00266863	176.916	0.00116421	-1.39475e-05	0.00116432	-0.684	-1.697901e-11
0.6725	269			0.000343146	-4.32136e-05	0.000345828	-7.176	-0.00266434	0.000143767	0.00266792	176.91	0.00115181	-1.38283e-05	0.00115193	-0.684	-2.125094e-11
0.675	270			0.00032586	-4.21407e-05	0.000328543	-7.368	-0.00266434	0.000144244	0.00266792	176.898	0.00115073	-1.40668e-05	0.00115085	-0.702	-2.125091e-11
0.6775	271			0.000353875	-4.41673e-05	0.000356616	-7.11	-0.00266506	0.000143529	0.00266863	176.916	0.0011679	-1.45436e-05	0.0011679	-0.708	-1.450797e-11
0.68	272			0.000366392	-4.44653e-05	0.000369074	-6.912	-0.00266673	0.00014329	0.0026703	176.922	0.00118471	-1.56165e-05	0.00118483	-0.75	-1.764911e-11
0.6825	273			0.000369789	-4.48825e-05	0.000372531	-6.918	-0.00267555	0.000144483	0.00267912	176.91	0.00121356	-1.72855e-05	0.00121368	-0.81	-2.108344e-11
0.685	274			0.000341954	-4.3452e-05	0.000344696	-7.23	-0.00270177	0.000145436	0.00270535	176.916	0.00122274	-1.74047e-05	0.00122286	-0.81	-1.706277e-11
0.6875	275			0.000325503	-4.42269e-05	0.000328483	-7.734	-0.00274636	0.000148059	0.00275017	176.91	0.00123359	-1.6451e-05	0.0012337	-0.762	-1.978508e-11
0.69	276			0.000343265	-4.43461e-05	0.000346126	-7.356	-0.00278117	0.000149728	0.00278498	176.916	0.00123275	-1.72855e-05	0.00123287	-0.798	-2.401513e-11
0.6925	277			0.000314238	-4.12466e-05	0.00031692	-7.476	-0.00280119	0.000150205	0.00280501	176.928	0.00119186	-1.4782e-05	0.00119198	-0.708	-1.760723e-11
0.695	278			0.000292124	-3.91605e-05	0.000294747	-7.626	-0.0028093	0.000150443	0.00281312	176.934	0.00114835	-1.21594e-05	0.00114847	-0.6	-1.819357e-11
0.6975	279			0.000327112	-4.26772e-05	0.000329854	-7.434	-0.00281192	0.000150681	0.00281574	176.928	0.00117446	-1.39475e-05	0.00117458	-0.678	-1.945002e-11
0.7	280			0.000342431	-4.26772e-05	0.000345053	-7.104	-0.00281264	0.000149966	0.00281645	176.946	0.00123132	-1.50204e-05	0.00123144	-0.696	-2.012015e-11
0.7025	281			0.000275316	-3.95181e-05	0.000278117	-8.154	-0.00281264	0.000150443	0.00281645	176.934	0.00132252	-2.02657e-05	0.00132263	-0.876	-1.903121e-11
0.705	282			0.000213982	-3.50478e-05	0.000216783	-9.294	-0.00281312	0.000148774	0.00281693	176.97	0.00136483	-2.1577e-05	0.00136495	-0.906	-1.706276e-11
0.7075	283			0.000298442	-3.96969e-05	0.000301065	-7.572	-0.00281359	0.000149728	0.00281741	176.952	0.00137175	-2.2173e-05	0.00137187	-0.924	-1.450799e-11
0.71	284			0.000286641	-3.95181e-05	0.000289382	-7.842	-0.00281288	0.000149013	0.00281669	176.964	0.00136185	-2.25307e-05	0.00136209	-0.948	-1.559691e-11
0.7125	285			0.000363888	-4.44653e-05	0.00036663	-6.96	-0.00281169	0.000149728	0.0028155	176.952	0.00134218	-2.05041e-05	0.0013423	-0.876	-2.041329e-11
0.715	286			0.000379564	-4.51806e-05	0.000382187	-6.786	-0.00281288	0.000149966	0.00281645	176.946	0.0013578	-2.12194e-05	0.00135804	-0.894	-1.970133e-11
0.7175	287			0.000308098	-4.14255e-05	0.0003109	-7.65	-0.00281288	0.000152589	0.00281669	176.892	0.00137413	-2.14578e-05	0.00137425	-0.894	-1.99945e-11
0.72	288			0.00025058	-3.73127e-05	0.000253381	-8.466	-0.0028124	0.000152112	0.00281645	176.898	0.00138593	-2.28883e-05	0.00138617	-0.948	-2.045517e-11
0.7225	289			0.000369014	-4.61342e-05	0.000371875	-7.122	-0.00281192	0.000153304	0.00281598	176.874	0.00139607	-2.28883e-05	0.00139631	-0.936	-2.485278e-11
0.725	290			0.000461938	-5.17371e-05	0.000464799	-6.39	-0.00281312	0.000153781	0.00281693	176.868	0.00140906	-2.25307e-05	0.0014093	-0.912	-2.028765e-11
0.7275	291			0.000332775	-4.42865e-05	0.000335695	-7.578	-0.00281431	0.000154496	0.00281812	176.856	0.00142241	-2.39612e-05	0.00142253	-0.966	-2.012013e-11
0.73	292			0.000408651	-4.86972e-05	0.000411572	-6.792	-0.00282289	0.000154735	0.00282694	176.862	0.0014341	-2.49149e-05	0.00143433	-0.996	-2.09159e-11
0.7325	293			0.00044805	-5.1141e-05	0.000450971	-6.51	-0.00284959	0.00015688	0.00285365	176.844	0.00144697	-2.56301e-05	0.00144709	-1.008	-2.087401e-11
0.735	294			0.000425817	-5.00681e-05	0.000428798	-6.702	-0.00291611	0.000159265	0.00292017	176.868	0.0014639	-2.58685e-05	0.00146402	-1.014	-2.271681e-11
0.7375	295			0.000453295	-5.27503e-05	0.000456335	-6.63	-0.00296737	0.000162602	0.00297143	176.862	0.001472	-2.6703e-05	0.00147236	-1.038	-2.016201e-11
0.74	296			0.00046456	-5.43001e-05	0.00046772	-6.666	-0.00298883	0.000163556	0.00299312	176.868	0.00146044	-2.6703e-05	0.00146068	-1.044	-1.810982e-11
0.7425	297			0.000469031	-5.49557e-05	0.000472249	-6.678	-0.00298621	0.000163556	0.00299026	176.862	0.00141729	-2.49149e-05	0.00141741	-1.008	-1.961755e-11
0.745	298			0.000385644	-4.80416e-05	0.000388624	-7.098	-0.00298192	0.000162602	0.00298621	176.874	0.00137676	-2.12194e-05	0.00137687	-0.882	-2.401512e-11
0.7475	299			0.000382902	-4.78628e-05	0.000385882	-7.122	-0.00297858	0.000163079	0.00298287	176.862	0.00134445	-1.9312e-05	0.00134457	-0.816	-1.773291e-11
0.75	300			0.000352504	-4.61342e-05	0.000355484	-7.458	-0.00297691	0.000163794	0.0029812	176.85	0.00131739	-1.7047e-05	0.00131751	-0.738	-2.09159e-11
0.7525	301			0.000413718	-4.86376e-05	0.000416579	-6.702	-0.00297667	0.000164271	0.00298096	176.838	0.00129236	-1.54973e-05	0.00129236	-0.684	-1.898928e-11
0.755	302			0.000479581	-5.3704e-05	0.000482621	-6.39	-0.00297739	0.000164748	0.00298144	176.832	0.00125814	-1.32323e-05	0.00125814	-0.6	-2.200485e-11
0.7575	303			0.000440957	-5.17371e-05	0.000443997	-6.69	-0.00297739	0.000163079	0.00298168	176.862	0.00121833	-1.09673e-05	0.00121833	-0.51	-1.78166e-11
0.76	304			0.000487031	-5.40616e-05	0.000490014	-6.33	-0.00297715	0.000163079	0.00298144	176.862	0.00119329	-1.07289e-05	0.00119341	-0.51	-1.576444e-11
0.7625	305			0.000490431	-5.36444e-05	0.000493351	-6.234	-0.00297715	0.000161649	0.0029812	176.886	0.00117374	-1.02521e-05	0.00117386	-0.498	-2.125093e-11
0.765	306			0.000474157	-5.39424e-05	0.000477197	-6.486	-0.00297834	0.000162126	0.00298263	176.886	0.00115753	-9.17917e-06	0.00115765	-0.45	-1.806795e-11
0.7675	307			0.000514749	-5.60286e-05	0.000517789	-6.21	-0.00297834	0.000162841	0.00298263	176.868	0.00112642	-8.10629e-06	0.00112642	-0.408	-1.676957e-11
0.77	308			0.000554923	-5.85916e-05	0.000557963	-6.024	-0.00298668	0.000163318	0.00299098	176.868	0.00106967	-5.12603e-06	0.00106967	-0.27	-1.576447e-11
0.7725	309			0.000573043	-6.04989e-05	0.000576202	-6.024	-0.00300623	0.000164271	0.00301053	176.868	0.00106431	-4.41077e-06	0.00106431	-0.234	-2.380574e-11
0.775	310			0.000534777	-5.79956e-05	0.000537876	-6.186	-0.00305773	0.000168086	0.00306226	176.85	0.00126744	-1.39475e-05	0.00126744	-0.63	-2.032951e-11
0.7775	311			0.000569526	-6.00817e-05	0.000572685	-6.018	-0.00311925	0.00017357	0.00312378	176.814	0.0014521	-2.19346e-05	0.00145222	-0.864	-1.764913e-11
0.78	312			0.000602726	-6.3539e-05	0.000606064	-6.012	-0.00315215	0.000175477	0.00315668	176.814	0.00151909	-2.6107e-05	0.00151921	-0.984	-2.053892e-11
0.7825	313			0.000546101	-5.97241e-05	0.00054938	-6.24	-0.00316145	0.000175239	0.00316598	176.826	0.00148333	-2.33651e-05	0.00148357	-0.9	-1.739782e-11
0.785	314			0.000498358	-5.65054e-05	0.000501517	-6.468	-0.00316288	0.000174762	0.00316741	176.838	0.00143314	-2.02657e-05	0.00143338	-0.81	-1.714652e-11
0.7875	315			0.000477614	-5.6267e-05	0.000480952	-6.714	-0.00316288	0.000174285	0.00316741	176.844	0.00142027	-2.02657e-05	0.00142039	-0.816	-2.472715e-11
0.79	316			0.000415089	-5.19159e-05	0.000418367	-7.122	-0.0031624	0.000173808	0.00316693	176.85	0.00142003	-2.05041e-05	0.00142015	-0.822	-2.154413e-11
0.7925	317			0.000411691	-5.10218e-05	0.00041485	-7.062	-0.00316383	0.000173808	0.00316836	176.856	0.00141907	-2.14578e-05	0.00141931	-0.864	-2.062272e-11
0.795	318			0.000380518	-4.90549e-05	0.000383677	-7.338	-0.00316264	0.000173808	0.00316717	176.85	0.00141729	-2.07425e-05	0.00141741	-0.84	-1.790041e-11
0.7975	319			0.000367703	-4.80416e-05	0.000370862	-7.434	-0.00316335	0.000174046	0.00316788	176.85	0.00141705	-2.06233e-05	0.00141717	-0.828	-1.953378e-11
0.8	320			0.000441553	-5.32868e-05	0.000444772	-6.876	-0.00316288	0.000174762	0.00316741	176.838	0.00141788	-2.02657e-05	0.001418	-0.822	-1.991074e-11
0.8025	321			0.000402154	-5.01873e-05	0.000405254	-7.104	-0.00316383	0.000174285	0.0031686	176.844	0.00141943	-2.12194e-05	0.00141955	-0.852	-1.773287e-11
0.805	322			0.000430049	-5.25119e-05	0.000433268	-6.96	-0.0031624	0.000174285	0.00316693	176.844	0.00142277	-2.27691e-05	0.00142301	-0.918	-1.978509e-11
0.8075	323			0.000554029	-5.96645e-05	0.000557188	-6.144	-0.00316383	0.00017357	0.0031686	176.856	0.00142992	-2.12194e-05	0.00143004	-0.852	-2.158599e-11
0.81	324			0.000470998	-5.54922e-05	0.000474216	-6.714	-0.00316431	0.000173331	0.00316884	176.862	0.00143755	-2.26499e-05	0.00143779	-0.9	-1.965943e-11
0.8125	325			0.00051159	-5.73399e-05	0.000514749	-6.396	-0.00316288	0.000175477	0.00316741	176.826	0.00144244	-2.34843e-05	0.00144256	-0.93	-1.790041e-11
0.815	326			0.000442805	-5.33464e-05	0.000446023	-6.864	-0.0031624	0.000175954	0.00316693	176.814	0.00144614	-2.18154e-05	0.00144625	-0.864	-2.003637e-11
0.8175	327			0.00047672	-5.61478e-05	0.000480058	-6.708	-0.00316288	0.000175239	0.00316741	176.826	0.0014515	-2.2173e-05	0.00145162	-0.87	-1.93244e-11
0.82	328			0.000503901	-5.81744e-05	0.00050718	-6.582	-0.00316168	0.000175954	0.00316621	176.808	0.00146139	-2.28883e-05	0.00146163	-0.894	-2.292622e-11
0.8225	329			0.000620548	-6.56848e-05	0.000624005	-6.036	-0.00316311	0.000175954	0.00316764	176.814	0.00147939	-2.24115e-05	0.00147963	-0.87	-2.116721e-11
0.825	330			0.000693683	-7.08704e-05	0.000697259	-5.832	-0.00317122	0.000176431	0.00317575	176.814	0.00151075	-2.46764e-05	0.00151087	-0.936	-2.037143e-11
0.8275	331			0.000689987	-7.00359e-05	0.000693504	-5.79	-0.00320603	0.000178815	0.0032108	176.808	0.0015576	-2.81335e-05	0.00155783	-1.038	-1.689524e-11
0.83	332			0.000756446	-7.3791e-05	0.000760082	-5.568	-0.00327732	0.000183345	0.00328232	176.796	0.00160266	-3.00409e-05	0.00160301	-1.074	-2.171167e-11
0.8325	333			0.000783566	-7.55196e-05	0.000787202	-5.502	-0.00335623	0.000186921	0.00336124	176.808	0.00159622	-3.00409e-05	0.00159646	-1.074	-1.873803e-11
0.835	334			0.000725869	-7.15856e-05	0.000729386	-5.628	-0.00339223	0.00018859	0.00339724	176.814	0.00154365	-2.49149e-05	0.00154389	-0.924	-2.146037e-11
0.8375	335			0.00062478	-6.49695e-05	0.000628117	-5.934	-0.0034063	0.000190021	0.00341155	176.802	0.00152207	-2.24115e-05	0.00152219	-0.84	-2.133469e-11
0.84	336			0.000529889	-6.03797e-05	0.000533346	-6.498	-0.0034187	0.000190974	0.00342394	176.802	0.00167633	-2.86103e-05	0.00167657	-0.978	-2.095777e-11
0.8425	337			0.000505928	-5.85916e-05	0.000509325	-6.6	-0.00342681	0.000192643	0.00343205	176.784	0.00176931	-3.26636e-05	0.00176967	-1.056	-1.877993e-11
0.845	338			0.000556711	-6.24065e-05	0.000560228	-6.396	-0.00342728	0.000191928	0.00343229	176.796	0.00176931	-3.49286e-05	0.00176967	-1.128	-2.196296e-11
0.8475	339			0.000545505	-6.24065e-05	0.000549082	-6.528	-0.00342204	0.000190974	0.00342728	176.808	0.00174845	-3.14715e-05	0.00174869	-1.026	-1.823544e-11
0.85	340			0.00054181	-6.2943e-05	0.000545446	-6.624	-0.00341226	0.000189067	0.00341727	176.826	0.00174106	-3.27828e-05	0.00174142	-1.08	-2.020391e-11
0.8525	341			0.000577454	-6.50887e-05	0.000581149	-6.426	-0.00339891	0.000187636	0.00340392	176.838	0.00173355	-3.15907e-05	0.00173379	-1.044	-2.112532e-11
0.855	342			0.000542764	-6.21681e-05	0.00054628	-6.534	-0.00338937	0.00018716	0.00339438	176.838	0.00172628	-3.15907e-05	0.00172652	-1.044	-1.88637e-11
0.8575	343			0.000544731	-6.28834e-05	0.000548366	-6.576	-0.0033827	0.00018716	0.0033877	176.832	0.00170434	-3.01601e-05	0.00170458	-1.008	-1.924061e-11
0.86	344			0.000589255	-6.6102e-05	0.000592951	-6.402	-0.00337698	0.000186444	0.00338198	176.838	0.00170792	-3.08754e-05	0.00170828	-1.032	-2.4769e-11
0.8625	345			0.000598017	-6.63404e-05	0.000601713	-6.324	-0.00337459	0.00018716	0.0033796	176.82	0.001701	-2.96832e-05	0.00170124	-0.996	-2.338692e-11
0.865	346			0.000626091	-6.81286e-05	0.000629786	-6.204	-0.00337364	0.000187875	0.00337841	176.808	0.00169671	-2.93256e-05	0.00169695	-0.99	-2.242364e-11
0.8675	347			0.000597958	-6.65789e-05	0.000601653	-6.348	-0.00337292	0.000189782	0.00337793	176.778	0.00170232	-3.14715e-05	0.00170255	-1.056	-1.530373e-11
0.87	348			0.000655238	-7.09896e-05	0.000659052	-6.18	-0.00337292	0.000191451	0.00337817	176.748	0.00171293	-3.11139e-05	0.00171316	-1.038	-1.672771e-11
0.8725	349			0.000620309	-6.91419e-05	0.000624124	-6.36	-0.0033734	0.000191213	0.00337864	176.754	0.00171972	-3.0637e-05	0.00171996	-1.014	-2.200484e-11
0.875	350			0.000695769	-7.37314e-05	0.000699703	-6.048	-0.00337483	0.000192405	0.00338008	176.736	0.00172127	-3.18291e-05	0.00172163	-1.056	-1.555502e-11
0.8775	351			0.000743274	-7.75461e-05	0.000747327	-5.952	-0.00337841	0.000192643	0.00338365	176.736	0.00171805	-3.20675e-05	0.00171841	-1.068	-1.936623e-11
0.88	352			0.000798229	-8.00495e-05	0.000802282	-5.724	-0.003392	0.000192405	0.00339724	176.754	0.00171245	-3.12331e-05	0.00171269	-1.044	-2.443395e-11
0.8825	353			0.000829581	-8.25529e-05	0.000833694	-5.676	-0.0034342	0.000196458	0.00343968	176.724	0.00171304	-3.08754e-05	0.00171328	-1.032	-1.341904e-11
0.885	354			0.000813846	-8.17184e-05	0.000817899	-5.73	-0.00350429	0.000199796	0.00350977	176.736	0.00171436	-3.07562e-05	0.00171459	-1.026	-2.120906e-11
0.8875	355			0.000820283	-8.1778e-05	0.000824336	-5.688	-0.00356747	0.00020361	0.00357296	176.73	0.00171114	-2.98024e-05	0.00171138	-0.996	-1.882182e-11
0.89	356			0.000876907	-8.57715e-05	0.00088108	-5.586	-0.00360014	0.000204326	0.00360586	176.748	0.00170911	-3.02793e-05	0.00170935	-1.014	-2.52716e-11
0.8925	357			0.000796322	-8.07052e-05	0.000800375	-5.784	-0.00361229	0.000205041	0.00361802	176.748	0.0017022	-3.00409e-05	0.00170244	-1.008	-2.254923e-11
0.895	358			0.000875954	-8.601e-05	0.000880126	-5.604	-0.00361468	0.000204802	0.0036204	176.754	0.0016892	-2.98024e-05	0.00168944	-1.008	-2.070645e-11
0.8975	359			0.000839833	-8.32085e-05	0.000843946	-5.652	-0.00361396	0.000203849	0.00361945	176.772	0.00167537	-2.98024e-05	0.00167561	-1.014	-1.819355e-11
0.9	360			0.000904445	-8.73809e-05	0.000908617	-5.514	-0.00361468	0.000202418	0.00361992	176.79	0.00164736	-2.99216e-05	0.0016476	-1.038	-2.116719e-11
0.9025	361			0.000801031	-8.06456e-05	0.000805084	-5.748	-0.00361396	0.000202657	0.00361945	176.79	0.00158871	-2.57493e-05	0.00158895	-0.924	-2.04552e-11
0.905	362			0.000770811	-7.90958e-05	0.000774805	-5.856	-0.00361396	0.000202418	0.00361921	176.79	0.00151039	-2.11002e-05	0.00151051	-0.798	-2.012015e-11
0.9075	363			0.000699941	-7.42082e-05	0.000703875	-6.048	-0.00361492	0.00020218	0.0036204	176.796	0.0014664	-1.9312e-05	0.00146652	-0.75	-2.246551e-11
0.91	364			0.000687663	-7.39102e-05	0.000691656	-6.132	-0.00361516	0.000202418	0.00362064	176.79	0.0014571	-1.9312e-05	0.00145722	-0.756	-1.869615e-11
0.9125	365			0.000649575	-7.11088e-05	0.000653449	-6.246	-0.00361468	0.00020218	0.00361992	176.796	0.00145603	-1.77623e-05	0.00145615	-0.696	-2.062269e-11
0.915	366			0.000686947	-7.27777e-05	0.000690762	-6.042	-0.00361468	0.000201465	0.00362016	176.808	0.0014571	-1.83583e-05	0.00145722	-0.72	-1.903119e-11
0.9175	367			0.000730041	-7.61156e-05	0.000734035	-5.952	-0.0036142	0.000201465	0.00361969	176.808	0.00145746	-1.90736e-05	0.00145758	-0.75	-2.007827e-11
0.92	368			0.000627641	-6.8963e-05	0.000631455	-6.264	-0.00361444	0.000201465	0.00361992	176.808	0.0014552	-1.84776e-05	0.00145543	-0.726	-1.911497e-11
0.9225	369			0.000642125	-6.8963e-05	0.00064582	-6.126	-0.00361396	0.000202418	0.00361945	176.79	0.00145543	-1.84776e-05	0.00145555	-0.726	-1.86124e-11
0.925	370			0.000606958	-6.72345e-05	0.000610653	-6.318	-0.00361468	0.000202418	0.00361992	176.79	0.00145353	-1.71663e-05	0.00145365	-0.672	-2.007828e-11
0.9275	371			0.000696424	-7.42082e-05	0.000700358	-6.084	-0.00361373	0.000204564	0.00361921	176.76	0.00145376	-1.49012e-05	0.00145376	-0.582	-2.053896e-11
0.93	372			0.000730339	-7.56984e-05	0.000734273	-5.916	-0.00361301	0.000204802	0.00361849	176.754	0.0014509	-1.56165e-05	0.00145102	-0.612	-2.238175e-11
0.9325	373			0.00076044	-7.77845e-05	0.000764374	-5.838	-0.00361325	0.000206948	0.00361897	176.718	0.00146104	-1.43052e-05	0.00146104	-0.558	-1.848672e-11
0.935	374			0.000788692	-8.04071e-05	0.000792805	-5.82	-0.00361444	0.00020814	0.00362016	176.706	0.00153423	-1.76431e-05	0.00153435	-0.66	-1.827731e-11
0.9375	375			0.000893895	-8.75001e-05	0.000898127	-5.592	-0.00361301	0.000207902	0.00361873	176.706	0.00166965	-2.45572e-05	0.00166989	-0.84	-1.769101e-11
0.94	376			0.000862006	-8.64272e-05	0.000866298	-5.718	-0.00361325	0.000207425	0.00361897	176.712	0.00186301	-3.43325e-05	0.00186325	-1.05	-1.790041e-11
0.9425	377			0.000988968	-9.58447e-05	0.000993617	-5.526	-0.00361301	0.000206233	0.00361873	176.73	0.00191069	-3.60014e-05	0.00191093	-1.074	-1.907309e-11
0.945	378			0.0011139	-0.00010407	0.00111879	-5.34	-0.00361587	0.000206948	0.00362159	176.724	0.00192571	-3.71935e-05	0.00192619	-1.104	-2.263303e-11
0.9475	379			0.00101639	-9.83481e-05	0.00102104	-5.526	-0.00363852	0.000207425	0.00364424	176.736	0.00190092	-3.55246e-05	0.00190116	-1.062	-2.225608e-11
0.95	380			0.000879649	-8.94074e-05	0.000884179	-5.802	-0.00370432	0.000210286	0.00371005	176.748	0.00186849	-3.40941e-05	0.00186897	-1.044	-2.443398e-11
0.9525	381			0.000912432	-9.15532e-05	0.000917081	-5.73	-0.00381447	0.000217439	0.0038202	176.736	0.00177599	-2.9564e-05	0.00177599	-0.954	-2.020389e-11
0.955	382			0.000889186	-9.03611e-05	0.000893835	-5.802	-0.00388195	0.000219584	0.00388791	176.76	0.00162769	-2.26499e-05	0.00162793	-0.792	-2.397325e-11
0.9575	383			0.000815872	-8.55927e-05	0.000820402	-5.982	-0.00389959	0.000221015	0.00390555	176.754	0.00147486	-1.40668e-05	0.00147486	-0.54	-2.09159e-11
0.96	384			0.000842694	-8.80961e-05	0.000847343	-5.964	-0.00389625	0.000220538	0.00390221	176.76	0.00142694	-1.12057e-05	0.00142694	-0.45	-1.915684e-11
0.9625	385			0.000856403	-9.00035e-05	0.000861172	-5.994	-0.00389244	0.000221492	0.0038984	176.742	0.00153447	-1.62126e-05	0.00153471	-0.6	-2.016199e-11
0.965	386			0.000786308	-8.48775e-05	0.000790838	-6.156	-0.00389053	0.000223638	0.00389673	176.706	0.00163055	-2.00273e-05	0.00163055	-0.696	-2.129279e-11
0.9675	387			0.000697974	-7.85594e-05	0.000702385	-6.414	-0.00389101	0.000224114	0.0038972	176.7	0.0017047	-2.43188e-05	0.0017047	-0.81	-1.656019e-11
0.97	388			0.000750426	-8.20165e-05	0.000754837	-6.228	-0.00389124	0.000225068	0.00389744	176.688	0.00172616	-2.52725e-05	0.0017264	-0.834	-2.514595e-11
0.9725	389			0.000697259	-7.74865e-05	0.00070155	-6.336	-0.00389077	0.000225306	0.00389697	176.688	0.00174189	-2.55109e-05	0.00174213	-0.84	-2.024576e-11
0.975	390			0.000606064	-7.18837e-05	0.000610355	-6.762	-0.00389148	0.000225068	0.00389768	176.688	0.00175358	-2.71798e-05	0.00175381	-0.882	-2.317749e-11
0.9775	391			0.000662927	-7.46255e-05	0.000667218	-6.414	-0.00389077	0.00022626	0.0038972	176.67	0.00176454	-2.78951e-05	0.00176478	-0.906	-1.836109e-11
0.98	392			0.000636581	-7.33142e-05	0.000640754	-6.558	-0.00389101	0.00022626	0.0038972	176.67	0.00177503	-2.74183e-05	0.00177527	-0.882	-1.836107e-11
0.9825	393			0.000759605	-8.16588e-05	0.000764016	-6.132	-0.00389148	0.000225783	0.00389768	176.676	0.00178386	-3.00409e-05	0.00178409	-0.96	-1.92825e-11
0.985	394			0.000647429	-7.28373e-05	0.000651482	-6.414	-0.00389148	0.00022626	0.00389792	176.67	0.00178719	-2.88488e-05	0.00178719	-0.924	-2.196291e-11
0.9875	395			0.000562195	-6.8069e-05	0.000566248	-6.9	-0.00389244	0.000226022	0.00389864	176.676	0.00178552	-2.88488e-05	0.00178552	-0.918	-2.049705e-11
0.99	396			0.000627402	-7.27181e-05	0.000631694	-6.606	-0.00389411	0.00022626	0.00390054	176.67	0.00178433	-2.74183e-05	0.00178433	-0.876	-2.066459e-11
0.9925	397			0.000645641	-7.48639e-05	0.000649933	-6.606	-0.00389816	0.000225783	0.00390436	176.682	0.00178171	-2.86103e-05	0.00178171	-0.918	-2.213045e-11
0.995	398			0.000517968	-6.50887e-05	0.000522021	-7.152	-0.00390628	0.000225783	0.00391248	176.688	0.00177933	-2.88488e-05	0.00177956	-0.924	-1.50524e-11
0.9975	399			0.00072265	-7.8917e-05	0.000726942	-6.228	-0.00391176	0.000226737	0.00391796	176.682	0.00177933	-2.88488e-05	0.00177956	-0.924	-2.16279e-11
1.0	400			0.000791553	-8.30893e-05	0.000795845	-5.988	-0.00391868	0.000227452	0.00392511	176.676	0.00177861	-2.83719e-05	0.00177885	-0.912	-1.915684e-11
