variable x	variable x count			lockin1 x	lockin1 y	lockin1 r	lockin1 phi	lockin2 x	lockin2 y	lockin2 r	lockin2 phi	lockin3 x	lockin3 y	lockin3 r	lockin3 phi	lockin4 x	lockin4 y	lockin4 r	lockin4 phi	smu1 meas	


1.0	0			5.06381e-05	-1.97628e-05	5.43597e-05	-21.318	0.0017748	-4.72071e-05	0.00177551	-1.524	0.00563243	-0.000259401	0.00563815	-2.628	0.00391486	-0.000243188	0.00392154	-3.546	-1.65186e-11
0.998	1			5.68072e-05	-2.05525e-05	6.04095e-05	-19.89	0.00178028	-4.93529e-05	0.00178099	-1.584	0.00562862	-0.000263216	0.00563625	-2.658	0.00391105	-0.000243188	0.00391868	-3.546	-1.622547e-11
0.996	2			6.27902e-05	-2.03998e-05	6.60201e-05	-18.0	0.00178505	-4.83992e-05	0.00178552	-1.548	0.00562671	-0.000261309	0.00563434	-2.646	0.00391009	-0.000243188	0.00391772	-3.552	-1.756568e-11
0.994	3			6.75065e-05	-1.96808e-05	7.03153e-05	-16.254	0.00179101	-4.79224e-05	0.00179172	-1.53	0.0056248	-0.000259401	0.00563243	-2.628	0.00390819	-0.000243188	0.00391582	-3.552	-1.781695e-11
0.992	4			7.18092e-05	-2.06308e-05	7.47112e-05	-16.026	0.00179244	-4.93529e-05	0.00179315	-1.572	0.0056248	-0.000261309	0.00563052	-2.646	0.00390819	-0.000243188	0.00391582	-3.552	-1.961787e-11
0.99	5			7.61603e-05	-2.09698e-05	7.89915e-05	-15.396	0.00179625	-4.76839e-05	0.00179697	-1.518	0.0056248	-0.000259401	0.00563052	-2.628	0.00391009	-0.000244142	0.00391772	-3.57	-1.869652e-11
0.988	6			8.03401e-05	-2.15397e-05	8.3175e-05	-15.006	0.00179745	-4.95913e-05	0.00179816	-1.578	0.0056248	-0.000261309	0.00563052	-2.646	0.00391105	-0.000244142	0.00391868	-3.57	-1.442451e-11
0.986	7			8.48253e-05	-2.09027e-05	8.73622e-05	-13.842	0.00180388	-4.91145e-05	0.00180436	-1.554	0.0056248	-0.000261309	0.00563243	-2.646	0.00391296	-0.000244142	0.00392058	-3.57	-2.137693e-11
0.984	8			8.95639e-05	-2.24636e-05	9.2343e-05	-14.076	0.00180937	-5.0545e-05	0.00180984	-1.596	0.0056248	-0.000263216	0.00563243	-2.664	0.00391296	-0.000244142	0.00391963	-3.57	-1.614168e-11
0.982	9			9.00556e-05	-2.12566e-05	9.25292e-05	-13.278	0.00182653	-5.0545e-05	0.00182725	-1.578	0.00562862	-0.000263216	0.00563625	-2.658	0.00390054	-0.000244142	0.00390819	-3.576	-2.07906e-11
0.98	10			8.76118e-05	-2.21507e-05	9.03686e-05	-14.184	0.00185443	-5.38828e-05	0.00185538	-1.656	0.00562671	-0.000263216	0.00563434	-2.664	0.00387098	-0.000242234	0.00387765	-3.564	-1.970168e-11
0.978	11			7.46031e-05	-2.05861e-05	7.73896e-05	-15.426	0.00189162	-5.50749e-05	0.00189234	-1.662	0.00562289	-0.000263216	0.00562862	-2.664	0.00381757	-0.000239373	0.0038252	-3.576	-1.861272e-11
0.976	12			5.64905e-05	-1.96398e-05	5.97986e-05	-19.17	0.0019312	-5.76975e-05	0.00193191	-1.71	0.00561526	-0.000261309	0.00562289	-2.652	0.00375368	-0.000234605	0.00376131	-3.564	-1.8864e-11
0.974	13			3.4258e-05	-1.84403e-05	3.88997e-05	-28.29	0.00195386	-5.98433e-05	0.00195457	-1.746	0.00560382	-0.000261309	0.00561145	-2.658	0.0036955	-0.00023079	0.00370218	-3.57	-1.852895e-11
0.972	14			1.72259e-05	-1.74717e-05	2.45349e-05	-45.384	0.00196315	-6.00817e-05	0.00196387	-1.752	0.00559619	-0.000261309	0.00560191	-2.658	0.00365831	-0.000228883	0.00366499	-3.576	-1.760755e-11
0.97	15			6.16911e-06	-1.64622e-05	1.7576e-05	-69.45	0.00196244	-5.93665e-05	0.00196315	-1.728	0.00558665	-0.000261309	0.00559428	-2.664	0.00363733	-0.000228883	0.00364496	-3.588	-1.739814e-11
0.968	16			1.19583e-06	-1.54154e-05	1.54563e-05	-85.56	0.00196268	-5.98433e-05	0.00196363	-1.74	0.00558475	-0.000259401	0.00559238	-2.646	0.0036297	-0.000226022	0.00363638	-3.552	-2.032991e-11
0.966	17			-2.42146e-07	-1.62536e-05	1.62536e-05	-90.846	0.00194789	-5.93665e-05	0.00194884	-1.74	0.00556949	-0.000257494	0.00557521	-2.64	0.00362684	-0.000225068	0.00363351	-3.546	-1.572286e-11
0.964	18			-1.55345e-06	-1.51732e-05	1.52514e-05	-95.832	0.00193096	-5.84128e-05	0.00193167	-1.728	0.00555423	-0.000255587	0.00555995	-2.628	0.00362588	-0.000224114	0.00363256	-3.522	-1.756567e-11
0.962	19			-1.98932e-06	-1.49795e-05	1.51061e-05	-97.554	0.00189067	-5.76975e-05	0.00189162	-1.746	0.00551227	-0.000253679	0.00551799	-2.628	0.00362684	-0.000222207	0.00363351	-3.504	-1.790072e-11
0.96	20			-1.71364e-06	-1.50502e-05	1.51434e-05	-96.498	0.00184251	-5.60286e-05	0.00184346	-1.734	0.00546458	-0.000251772	0.00547031	-2.616	0.00362779	-0.000221253	0.00363447	-3.48	-1.811016e-11
0.958	21			-1.31876e-06	-1.44989e-05	1.45548e-05	-95.19	0.0018139	-5.45981e-05	0.00181485	-1.722	0.00543788	-0.000249865	0.0054417	-2.616	0.00362779	-0.000219346	0.00363447	-3.45	-1.752378e-11
0.956	22			-1.12504e-06	-1.55383e-05	1.55756e-05	-94.134	0.00180865	-5.53133e-05	0.00180937	-1.746	0.00543216	-0.000247957	0.00543788	-2.598	0.00362779	-0.000219346	0.00363447	-3.45	-1.831955e-11
0.954	23			-1.10642e-06	-1.47187e-05	1.47559e-05	-94.29	0.00182081	-5.57902e-05	0.00182153	-1.752	0.00544551	-0.000249865	0.00545123	-2.61	0.00362779	-0.000219346	0.00363447	-3.462	-1.785885e-11
0.952	24			-1.55345e-06	-1.43573e-05	1.44393e-05	-96.174	0.00182129	-5.57902e-05	0.001822	-1.752	0.00544551	-0.000249865	0.00545123	-2.61	0.00362684	-0.000218392	0.00363351	-3.438	-1.702121e-11
0.95	25			-1.95579e-06	-1.47448e-05	1.48714e-05	-97.548	0.00180698	-5.45981e-05	0.0018077	-1.728	0.00543025	-0.000247957	0.00543597	-2.598	0.00362779	-0.000218392	0.00363447	-3.438	-1.584851e-11
0.948	26			-1.24798e-06	-1.43163e-05	1.43685e-05	-94.98	0.00181938	-5.55518e-05	0.00182033	-1.74	0.0054436	-0.000249865	0.00544932	-2.61	0.0036297	-0.000217439	0.00363638	-3.414	-1.67699e-11
0.946	27			-1.07662e-06	-1.5121e-05	1.51545e-05	-94.062	0.00180245	-5.43597e-05	0.00180317	-1.722	0.00542644	-0.00024605	0.00543216	-2.586	0.00362875	-0.000217439	0.00363542	-3.426	-2.275907e-11
0.944	28			-1.2368e-06	-1.49459e-05	1.49906e-05	-94.728	0.00163079	-4.69687e-05	0.00163151	-1.644	0.00524905	-0.00023842	0.00525478	-2.598	0.00362684	-0.000217439	0.00363351	-3.426	-1.672803e-11
0.942	29			-7.41336e-07	-1.54526e-05	1.54638e-05	-92.742	0.00145722	-3.76704e-05	0.0014577	-1.476	0.00508121	-0.00023079	0.00508502	-2.592	0.00362875	-0.000218392	0.00363542	-3.438	-1.924095e-11
0.94	30			-1.22563e-06	-1.66149e-05	1.66559e-05	-94.212	0.00144435	-3.71935e-05	0.00144506	-1.476	0.00506786	-0.00023079	0.00507167	-2.598	0.00362779	-0.000219346	0.00363447	-3.462	-1.517839e-11
0.938	31			-2.05265e-06	-1.60263e-05	1.6153e-05	-97.29	0.00144888	-3.64783e-05	0.00144935	-1.434	0.00507358	-0.00023079	0.0050793	-2.592	0.00362875	-0.0002203	0.00363542	-3.468	-2.028799e-11
0.936	32			-1.17347e-06	-1.63839e-05	1.64249e-05	-94.098	0.00144339	-3.5763e-05	0.00144387	-1.416	0.00506786	-0.00023079	0.00507167	-2.598	0.00362875	-0.0002203	0.00363542	-3.468	-1.965981e-11
0.934	33			-1.11387e-06	-1.52664e-05	1.53036e-05	-94.17	0.00144769	-3.67167e-05	0.0014484	-1.446	0.00507167	-0.000232697	0.00507739	-2.616	0.00362875	-0.0002203	0.00363542	-3.468	-1.945038e-11
0.932	34			-1.75462e-06	-1.50763e-05	1.51694e-05	-96.636	0.00145055	-3.50478e-05	0.00145102	-1.38	0.00507358	-0.00023079	0.0050793	-2.592	0.00362779	-0.0002203	0.00363447	-3.468	-1.848709e-11
0.93	35			-1.69501e-06	-1.56985e-05	1.57842e-05	-96.156	0.00145174	-3.5763e-05	0.00145222	-1.41	0.00507548	-0.00023079	0.00508121	-2.592	0.00362779	-0.0002203	0.00363447	-3.468	-1.475957e-11
0.928	36			-1.5609e-06	-1.51359e-05	1.52104e-05	-95.886	0.00145126	-3.62399e-05	0.00145174	-1.428	0.00507548	-0.000228883	0.00508121	-2.574	0.00362875	-0.000219346	0.00363542	-3.45	-1.852896e-11
0.926	37			-2.3693e-06	-1.47299e-05	1.49161e-05	-99.126	0.00145198	-3.60014e-05	0.00145245	-1.422	0.00507548	-0.000228883	0.00508121	-2.574	0.00362875	-0.000217439	0.00363542	-3.426	-1.89059e-11
0.924	38			-7.07809e-07	-1.37427e-05	1.37538e-05	-92.946	0.00145222	-3.43325e-05	0.00145245	-1.356	0.00507548	-0.000228883	0.00508121	-2.574	0.00362875	-0.000217439	0.00363542	-3.426	-2.028802e-11
0.922	39			1.86265e-07	-1.39997e-05	1.3996e-05	-89.238	0.00145341	-3.55246e-05	0.00145388	-1.398	0.00507739	-0.000228883	0.00508311	-2.574	0.0036297	-0.000217439	0.00363638	-3.426	-2.1e-11
0.92	40			7.30161e-07	-1.48081e-05	1.48193e-05	-87.162	0.00145341	-3.50478e-05	0.00145388	-1.374	0.00507739	-0.000228883	0.00508311	-2.574	0.00363065	-0.000218392	0.00363733	-3.438	-1.697932e-11
0.918	41			5.24151e-06	-1.52477e-05	1.61194e-05	-71.022	0.00145674	-3.55246e-05	0.00145722	-1.386	0.00507739	-0.000228883	0.00508311	-2.574	0.00363065	-0.000219346	0.00363733	-3.444	-1.857089e-11
0.916	42			1.08667e-05	-1.60263e-05	1.93605e-05	-55.848	0.00146151	-3.60014e-05	0.00146199	-1.41	0.00507548	-0.000228883	0.00508121	-2.574	0.00363161	-0.000219346	0.00363828	-3.456	-2.162826e-11
0.914	43			1.75909e-05	-1.5855e-05	2.36818e-05	-42.024	0.00147486	-3.64783e-05	0.00147534	-1.41	0.00507739	-0.00023079	0.00508311	-2.592	0.00362588	-0.000219346	0.00363256	-3.462	-2.242403e-11
0.912	44			2.72543e-05	-1.65888e-05	3.19036e-05	-31.32	0.00150085	-3.67167e-05	0.00150157	-1.392	0.00507739	-0.000228883	0.00508311	-2.574	0.00361063	-0.000219346	0.0036173	-3.474	-2.070688e-11
0.91	45			3.49621e-05	-1.74494e-05	3.90748e-05	-26.514	0.0015452	-3.88625e-05	0.00154568	-1.44	0.0050793	-0.00023079	0.00508311	-2.592	0.0035782	-0.000218392	0.00358488	-3.486	-2.062312e-11
0.908	46			4.41635e-05	-1.76394e-05	4.75536e-05	-21.768	0.00159694	-4.14851e-05	0.00159741	-1.482	0.0050793	-0.000228883	0.00508311	-2.574	0.00353529	-0.000215531	0.00354196	-3.486	-2.179578e-11
0.906	47			4.84886e-05	-1.7468e-05	5.15396e-05	-19.806	0.00165201	-4.62534e-05	0.00165273	-1.602	0.0050793	-0.00023079	0.00508311	-2.592	0.00348569	-0.00021267	0.00349237	-3.492	-1.865463e-11
0.904	48			4.71773e-05	-1.71886e-05	5.02097e-05	-20.016	0.00169254	-4.8876e-05	0.00169326	-1.644	0.00508121	-0.00023079	0.00508502	-2.592	0.00344373	-0.000208856	0.00345041	-3.468	-1.622543e-11
0.902	49			4.24536e-05	-1.71216e-05	4.57766e-05	-21.96	0.00171352	-4.8876e-05	0.001714	-1.632	0.00508121	-0.000228883	0.00508502	-2.574	0.00341703	-0.000208856	0.00342371	-3.492	-1.823575e-11
0.9	50			3.60275e-05	-1.6261e-05	3.95256e-05	-24.288	0.0017221	-5.00681e-05	0.00172282	-1.656	0.00508311	-0.000228883	0.00508693	-2.574	0.00340177	-0.000207902	0.00340845	-3.486	-2.187953e-11
0.898	51			2.7828e-05	-1.60263e-05	3.21085e-05	-29.934	0.00172258	-4.86376e-05	0.0017233	-1.614	0.00508311	-0.000228883	0.00508693	-2.574	0.00339223	-0.000205995	0.00339891	-3.474	-1.924097e-11
0.896	52			2.056e-05	-1.47075e-05	2.52762e-05	-35.574	0.00171805	-4.91145e-05	0.00171877	-1.632	0.00508121	-0.00023079	0.00508502	-2.592	0.00338842	-0.000205995	0.0033951	-3.468	-1.919906e-11
0.894	53			1.44616e-05	-1.53893e-05	2.11151e-05	-46.77	0.00171328	-4.91145e-05	0.001714	-1.638	0.00508121	-0.00023079	0.00508502	-2.592	0.00338651	-0.000205995	0.00339223	-3.468	-2.15026e-11
0.892	54			8.42294e-06	-1.47001e-05	1.6939e-05	-60.18	0.00170542	-4.91145e-05	0.00170613	-1.644	0.0050793	-0.00023079	0.00508311	-2.592	0.00338556	-0.000205995	0.00339223	-3.48	-1.898967e-11
0.89	55			3.93394e-06	-1.46628e-05	1.51769e-05	-74.97	0.00169946	-4.8876e-05	0.00170017	-1.644	0.00507739	-0.00023079	0.00508311	-2.592	0.00338651	-0.000205995	0.00339223	-3.48	-1.572288e-11
0.888	56			2.07873e-06	-1.44803e-05	1.46293e-05	-81.828	0.00169397	-4.81608e-05	0.00169469	-1.62	0.00507358	-0.000228883	0.0050793	-2.574	0.00338651	-0.000205995	0.00339223	-3.468	-1.827765e-11
0.886	57			-1.48267e-06	-1.36719e-05	1.37464e-05	-96.18	0.00169063	-4.81608e-05	0.00169135	-1.626	0.00507358	-0.000228883	0.0050793	-2.574	0.00338651	-0.000205995	0.00339223	-3.468	-2.393175e-11
0.884	58			-1.73227e-06	-1.32546e-05	1.33627e-05	-97.44	0.0016892	-4.8876e-05	0.00168968	-1.65	0.00507167	-0.00023079	0.00507739	-2.598	0.00338556	-0.000205995	0.00339223	-3.468	-1.953419e-11
0.882	59			-1.70246e-06	-1.40071e-05	1.41077e-05	-96.918	0.00168896	-4.74455e-05	0.00168968	-1.602	0.00506976	-0.000228883	0.00507548	-2.58	0.00338651	-0.000205995	0.00339223	-3.48	-1.798454e-11
0.88	60			-1.60188e-06	-1.30572e-05	1.31503e-05	-96.984	0.00168777	-4.76839e-05	0.00168849	-1.614	0.00507167	-0.000228883	0.00507739	-2.58	0.00338651	-0.000205041	0.00339223	-3.456	-1.802638e-11
0.878	61			-1.50502e-06	-1.21371e-05	1.22265e-05	-97.062	0.00168873	-4.8876e-05	0.00168944	-1.65	0.00506976	-0.00023079	0.00507548	-2.598	0.00338556	-0.000204087	0.00339223	-3.438	-1.865462e-11
0.876	62			-4.80566e-07	-1.28896e-05	1.2897e-05	-92.13	0.00168753	-4.8876e-05	0.00168801	-1.65	0.00506976	-0.000228883	0.00507548	-2.58	0.00338556	-0.000204087	0.00339223	-3.438	-1.559719e-11
0.874	63			-1.52365e-06	-1.37091e-05	1.37874e-05	-96.342	0.00168706	-4.95913e-05	0.00168777	-1.68	0.00506976	-0.00023079	0.00507548	-2.598	0.00338651	-0.000204087	0.00339223	-3.438	-1.844519e-11
0.872	64			-1.68756e-06	-1.33329e-05	1.34335e-05	-97.212	0.00168372	-4.76839e-05	0.0016842	-1.614	0.00506786	-0.000228883	0.00507167	-2.58	0.00338651	-0.000204087	0.00339223	-3.45	-1.865462e-11
0.87	65			-6.44479e-07	-1.36272e-05	1.36421e-05	-92.7	0.00167919	-4.8876e-05	0.00167967	-1.662	0.00506213	-0.000228883	0.00506786	-2.58	0.00338842	-0.000203134	0.00339414	-3.426	-1.522027e-11
0.868	66			2.15323e-06	-1.34186e-05	1.35862e-05	-80.88	0.00167418	-4.83992e-05	0.0016749	-1.656	0.00505641	-0.000226975	0.00506213	-2.568	0.00339033	-0.000203134	0.003397	-3.42	-1.60998e-11
0.866	67			5.80403e-06	-1.38432e-05	1.50093e-05	-67.242	0.00166703	-4.8876e-05	0.00166751	-1.674	0.00504878	-0.000225068	0.0050545	-2.55	0.00339223	-0.00020218	0.00339796	-3.396	-1.689556e-11
0.864	68			1.20998e-05	-1.44132e-05	1.88166e-05	-49.98	0.00166202	-4.8876e-05	0.0016625	-1.674	0.00504306	-0.000225068	0.00504878	-2.556	0.00339796	-0.00020218	0.00340368	-3.39	-1.878025e-11
0.862	69			2.06419e-05	-1.58438e-05	2.60213e-05	-37.506	0.00166989	-4.83992e-05	0.00167037	-1.656	0.00504687	-0.000225068	0.0050526	-2.55	0.00340368	-0.000203134	0.0034094	-3.408	-2.217273e-11
0.86	70			3.0391e-05	-1.61753e-05	3.44256e-05	-28.02	0.00168706	-4.93529e-05	0.00168777	-1.674	0.00505641	-0.000225068	0.00506023	-2.55	0.00340368	-0.000203134	0.00341035	-3.408	-2.430874e-11
0.858	71			3.81174e-05	-1.72557e-05	4.1839e-05	-24.354	0.00170112	-5.10218e-05	0.00170184	-1.716	0.00504878	-0.000226975	0.0050545	-2.568	0.00339414	-0.00020218	0.00339986	-3.408	-1.421512e-11
0.856	72			4.4808e-05	-1.76096e-05	4.81422e-05	-21.45	0.00173474	-5.31676e-05	0.00173569	-1.752	0.00504687	-0.000225068	0.0050526	-2.55	0.00336553	-0.00020218	0.00337221	-3.42	-1.93666e-11
0.854	73			4.90772e-05	-1.81944e-05	5.23406e-05	-20.34	0.00178171	-5.38828e-05	0.00178242	-1.722	0.0050526	-0.000225068	0.00505641	-2.55	0.00332738	-0.000200273	0.00333311	-3.426	-1.676993e-11
0.852	74			4.8511e-05	-1.65181e-05	5.12416e-05	-18.798	0.00182176	-5.65054e-05	0.00182272	-1.77	0.00505069	-0.000225068	0.00505641	-2.55	0.00328638	-0.000197412	0.00329305	-3.426	-1.685368e-11
0.85	75			4.45957e-05	-1.54452e-05	4.71922e-05	-19.098	0.00183464	-5.67439e-05	0.00183535	-1.77	0.00503352	-0.000226975	0.00503924	-2.58	0.00325204	-0.000195504	0.00325777	-3.426	-2.116755e-11
0.848	76			3.53942e-05	-1.5624e-05	3.86874e-05	-23.814	0.00184894	-5.72207e-05	0.00184966	-1.77	0.00502971	-0.000225068	0.00503543	-2.562	0.00322439	-0.000193597	0.00323011	-3.432	-1.769133e-11
0.846	77			2.62746e-05	-1.54526e-05	3.04804e-05	-30.456	0.00181652	-5.69823e-05	0.00181747	-1.794	0.00498775	-0.000225068	0.00499156	-2.562	0.00320531	-0.000193597	0.00321104	-3.438	-1.68118e-11
0.844	78			1.73823e-05	-1.58587e-05	2.3529e-05	-42.366	0.00171281	-5.12602e-05	0.00171352	-1.71	0.00488093	-0.000214578	0.0048857	-2.508	0.00319101	-0.000191689	0.00319768	-3.432	-1.949229e-11
0.842	79			1.06954e-05	-1.55346e-05	1.88575e-05	-55.446	0.00155187	-4.33924e-05	0.00155259	-1.596	0.00471881	-0.000209809	0.00472358	-2.538	0.00318433	-0.000190736	0.00319006	-3.426	-1.572288e-11
0.84	80			5.04035e-06	-1.50651e-05	1.58848e-05	-71.49	0.00148035	-4.00546e-05	0.00148083	-1.542	0.00464824	-0.000205041	0.00465301	-2.52	0.00317861	-0.000190736	0.00318433	-3.42	-1.915722e-11
0.838	81			2.80888e-06	-1.4443e-05	1.47075e-05	-78.99	0.00146104	-4.05314e-05	0.00146151	-1.578	0.00463012	-0.000205041	0.00463489	-2.532	0.00317575	-0.000188828	0.00318147	-3.402	-1.501084e-11
0.836	82			-1.78815e-07	-1.44914e-05	1.44877e-05	-90.702	0.0014546	-3.76704e-05	0.00145508	-1.476	0.00462535	-0.000203134	0.00463012	-2.508	0.00317575	-0.000188828	0.00318052	-3.402	-1.785886e-11
0.834	83			-1.17347e-06	-1.32658e-05	1.33142e-05	-95.058	0.00144888	-3.71935e-05	0.00144935	-1.47	0.00461963	-0.000204087	0.0046244	-2.52	0.00317575	-0.000188828	0.00318052	-3.39	-2.259153e-11
0.832	84			-1.30013e-06	-1.29417e-05	1.3005e-05	-95.736	0.0014453	-3.83856e-05	0.00144578	-1.512	0.00461772	-0.000203134	0.00462154	-2.514	0.00317575	-0.000187875	0.00318052	-3.378	-2.137694e-11
0.83	85			-9.49953e-07	-1.3467e-05	1.34968e-05	-94.02	0.00144506	-3.67167e-05	0.00144554	-1.446	0.00461772	-0.00020218	0.00462154	-2.496	0.00317575	-0.000188828	0.00318052	-3.39	-2.003673e-11
0.828	86			-1.66149e-06	-1.27256e-05	1.28262e-05	-97.434	0.00144411	-3.71935e-05	0.00144459	-1.47	0.00461581	-0.00020218	0.00462058	-2.502	0.0031748	-0.000188828	0.00317957	-3.39	-1.878024e-11
0.826	87			-1.22563e-06	-1.3087e-05	1.31392e-05	-95.34	0.0014422	-3.71935e-05	0.00144268	-1.47	0.00461295	-0.00020218	0.00461772	-2.508	0.00317575	-0.000187875	0.00318052	-3.378	-2.150261e-11
0.824	88			-6.22127e-07	-1.35042e-05	1.35154e-05	-92.628	0.00143982	-3.64783e-05	0.00144029	-1.446	0.004612	-0.00020218	0.00461677	-2.502	0.00317575	-0.000188828	0.00318147	-3.39	-2.10419e-11
0.822	89			-9.72308e-07	-1.29231e-05	1.29529e-05	-94.296	0.00143433	-3.67167e-05	0.00143481	-1.464	0.00460628	-0.00020218	0.00461105	-2.502	0.00317575	-0.000186921	0.00318147	-3.366	-1.80264e-11
0.82	90			-1.60933e-06	-1.29156e-05	1.30125e-05	-97.092	0.00142885	-3.62399e-05	0.00142933	-1.452	0.00460151	-0.00020218	0.00460628	-2.502	0.00317575	-0.000186921	0.00318052	-3.366	-2.221463e-11
0.818	91			-7.56238e-07	-1.27964e-05	1.28188e-05	-93.372	0.00142003	-3.62399e-05	0.00142074	-1.458	0.00459293	-0.000201226	0.00459769	-2.502	0.00317575	-0.000186921	0.00318147	-3.354	-1.794261e-11
0.816	92			-1.13622e-06	-1.30721e-05	1.31168e-05	-94.956	0.00141598	-3.67167e-05	0.00141645	-1.476	0.00458816	-0.00020218	0.00459293	-2.514	0.00317575	-0.000186921	0.00318052	-3.366	-1.861271e-11
0.814	93			-7.9349e-07	-1.20365e-05	1.20625e-05	-93.768	0.00139333	-3.60014e-05	0.0013938	-1.482	0.00456432	-0.000200273	0.00456908	-2.508	0.00317575	-0.000185967	0.00318147	-3.342	-1.597415e-11
0.812	94			-1.36719e-06	-1.18167e-05	1.18949e-05	-96.6	0.00138856	-3.52862e-05	0.00138903	-1.452	0.00456145	-0.000200273	0.00456622	-2.508	0.00317575	-0.000186921	0.00318147	-3.354	-1.580663e-11
0.81	95			-9.76033e-07	-1.15336e-05	1.15708e-05	-94.824	0.00138546	-3.43325e-05	0.00138593	-1.41	0.00455764	-0.000200273	0.00456241	-2.514	0.00317575	-0.000186921	0.00318147	-3.366	-1.341934e-11
0.808	96			-6.25852e-07	-1.25133e-05	1.25282e-05	-92.85	0.00138069	-3.38557e-05	0.00138117	-1.404	0.00455287	-0.000200273	0.00455764	-2.514	0.00317575	-0.000187875	0.00318147	-3.378	-1.710498e-11
0.806	97			1.08779e-06	-1.33142e-05	1.33552e-05	-85.32	0.00137473	-3.31404e-05	0.00137521	-1.374	0.00454524	-0.000199319	0.00455001	-2.502	0.00317575	-0.000188828	0.00318147	-3.39	-2.020427e-11
0.804	98			3.38258e-06	-1.3046e-05	1.34707e-05	-75.456	0.00137807	-3.2902e-05	0.00137831	-1.356	0.00454524	-0.000200273	0.00455001	-2.52	0.0031767	-0.000188828	0.00318243	-3.39	-1.84452e-11
0.802	99			6.98495e-06	-1.28337e-05	1.46106e-05	-61.434	0.00137759	-3.31404e-05	0.00137807	-1.374	0.00454047	-0.000200273	0.00454524	-2.514	0.00317575	-0.000187875	0.00318052	-3.378	-1.589037e-11
0.8	100			1.23159e-05	-1.30721e-05	1.7956e-05	-46.698	0.00139714	-3.38557e-05	0.00139738	-1.386	0.0045462	-0.000200273	0.00455096	-2.52	0.00316812	-0.000188828	0.00317289	-3.408	-1.693743e-11
0.798	101			1.72594e-05	-1.40817e-05	2.22736e-05	-39.198	0.00141907	-3.50478e-05	0.00141955	-1.404	0.00454238	-0.000200273	0.0045462	-2.514	0.00314714	-0.000188828	0.00315286	-3.42	-1.840331e-11
0.796	102			2.39202e-05	-1.3426e-05	2.74294e-05	-29.298	0.00145674	-3.79088e-05	0.00145722	-1.488	0.00453761	-0.000201226	0.00454238	-2.532	0.00311376	-0.000186921	0.00311948	-3.432	-2.175387e-11
0.794	103			3.03538e-05	-1.3873e-05	3.33751e-05	-24.564	0.00150038	-3.88625e-05	0.00150085	-1.476	0.00453284	-0.000198365	0.00453761	-2.502	0.0030718	-0.00018406	0.00307752	-3.414	-1.660237e-11
0.792	104			3.46715e-05	-1.37054e-05	3.72792e-05	-21.564	0.00153232	-4.17235e-05	0.0015328	-1.56	0.00452331	-0.000199319	0.00452808	-2.514	0.00303365	-0.000182153	0.00303842	-3.42	-1.911531e-11
0.79	105			3.57407e-05	-1.27778e-05	3.79535e-05	-19.668	0.00154115	-4.17235e-05	0.00154162	-1.542	0.004509	-0.000199319	0.00451282	-2.52	0.0030079	-0.000180245	0.00301363	-3.414	-2.091625e-11
0.788	106			3.1505e-05	-1.45101e-05	3.46827e-05	-24.726	0.00151921	-4.14851e-05	0.00151969	-1.56	0.00447753	-0.000197412	0.0044823	-2.52	0.00299551	-0.000180245	0.00300027	-3.426	-1.802638e-11
0.786	107			2.59877e-05	-1.41636e-05	2.95975e-05	-28.59	0.00146628	-3.81472e-05	0.00146676	-1.482	0.00442508	-0.00019455	0.00442889	-2.508	0.00299074	-0.000180245	0.00299646	-3.432	-1.379627e-11
0.784	108			1.99155e-05	-1.28635e-05	2.37116e-05	-32.85	0.00139857	-3.55246e-05	0.00139905	-1.452	0.00436214	-0.000191689	0.0043669	-2.508	0.00298883	-0.000178338	0.0029936	-3.408	-1.584849e-11
0.782	109			1.20253e-05	-1.30945e-05	1.77772e-05	-47.43	0.00130177	-3.07562e-05	0.00130225	-1.35	0.00427344	-0.000187875	0.00427726	-2.508	0.00298788	-0.000179292	0.0029936	-3.42	-1.73144e-11
0.78	110			6.50439e-06	-1.13398e-05	1.30684e-05	-60.144	0.00126196	-3.00409e-05	0.0012622	-1.356	0.00424102	-0.000186921	0.00424483	-2.52	0.00298978	-0.000177384	0.00299455	-3.384	-1.672801e-11
0.778	111			2.03402e-06	-1.17943e-05	1.19657e-05	-80.202	0.00121904	-2.69414e-05	0.00121952	-1.26	0.00420097	-0.00018406	0.00420478	-2.508	0.00298788	-0.000177384	0.0029936	-3.396	-1.831953e-11
0.776	112			5.73698e-07	-1.14292e-05	1.14367e-05	-87.114	0.00114609	-2.3842e-05	0.00114632	-1.194	0.00412753	-0.000181199	0.0041323	-2.508	0.00298788	-0.000176431	0.0029936	-3.372	-1.970168e-11
0.774	113			-1.11014e-06	-1.1541e-05	1.15894e-05	-95.478	0.00108743	-2.2173e-05	0.00108767	-1.158	0.00407031	-0.000177384	0.00407508	-2.496	0.00298978	-0.000175477	0.00299455	-3.342	-2.225646e-11
0.772	114			-3.5763e-07	-9.8758e-06	9.87953e-06	-92.07	0.0010531	-2.19346e-05	0.0010531	-1.188	0.00403693	-0.000177384	0.00404075	-2.508	0.00298788	-0.00017357	0.0029936	-3.318	-1.98273e-11
0.77	115			-1.02074e-06	-1.08183e-05	1.08593e-05	-95.388	0.00106645	-2.28883e-05	0.00106669	-1.224	0.00405219	-0.000177384	0.00405601	-2.508	0.00298788	-0.00017357	0.0029936	-3.318	-1.660239e-11
0.768	116			-1.1921e-06	-1.02297e-05	1.0293e-05	-96.636	0.00110794	-2.33651e-05	0.00110818	-1.2	0.00409415	-0.000178338	0.00409892	-2.49	0.00298788	-0.00017357	0.00299264	-3.306	-1.689555e-11
0.766	117			-5.62522e-07	-1.05836e-05	1.05948e-05	-93.03	0.00113512	-2.62262e-05	0.0011356	-1.32	0.00412086	-0.000180245	0.00412562	-2.502	0.00298883	-0.000172616	0.0029936	-3.294	-1.857085e-11
0.764	118			-1.30386e-07	-1.10344e-05	1.10306e-05	-90.66	0.00116349	-2.6703e-05	0.00116373	-1.314	0.00415042	-0.000182153	0.00415424	-2.508	0.00298978	-0.000174523	0.00299455	-3.33	-1.639296e-11
0.762	119			2.89084e-06	-1.10008e-05	1.13696e-05	-75.264	0.00119735	-2.88488e-05	0.00119758	-1.38	0.00418189	-0.00018406	0.00418571	-2.508	0.00299169	-0.000174523	0.00299646	-3.33	-1.982727e-11
0.76	120			6.45223e-06	-1.22153e-05	1.38097e-05	-62.148	0.0012169	-3.05178e-05	0.00121737	-1.428	0.00419906	-0.00018406	0.00420287	-2.502	0.0029936	-0.000175477	0.00299837	-3.342	-1.563908e-11
0.758	121			1.27629e-05	-1.30498e-05	1.82503e-05	-45.624	0.00122667	-2.98024e-05	0.00122691	-1.386	0.00420383	-0.00018406	0.00420764	-2.508	0.00299455	-0.000175477	0.00300027	-3.348	-2.158637e-11
0.756	122			2.12305e-05	-1.43536e-05	2.56264e-05	-34.056	0.00125242	-3.07562e-05	0.00125266	-1.404	0.00421336	-0.00018406	0.00421718	-2.502	0.00298788	-0.000176431	0.0029936	-3.372	-1.572286e-11
0.754	123			3.18291e-05	-1.59183e-05	3.55879e-05	-26.562	0.00128532	-3.38557e-05	0.0012858	-1.506	0.00421432	-0.000185014	0.00421813	-2.508	0.00296785	-0.000175477	0.00297357	-3.384	-1.396379e-11
0.752	124			3.84192e-05	-1.56501e-05	4.14813e-05	-22.164	0.00133301	-3.50478e-05	0.00133348	-1.506	0.00421527	-0.000185014	0.00421908	-2.508	0.00293066	-0.000174523	0.00293638	-3.396	-2.254964e-11
0.75	125			4.02073e-05	-1.57208e-05	4.31689e-05	-21.354	0.00137974	-3.71935e-05	0.00138021	-1.536	0.00421813	-0.00018406	0.00422195	-2.496	0.00288679	-0.000172616	0.00289156	-3.408	-2.183764e-11
0.748	126			3.31702e-05	-1.53558e-05	3.65491e-05	-24.834	0.00140835	-3.76704e-05	0.00140906	-1.524	0.0042229	-0.000183106	0.00422671	-2.478	0.00285341	-0.000169755	0.00285913	-3.396	-1.91572e-11
0.746	127			2.59505e-05	-1.40519e-05	2.95119e-05	-28.428	0.00142122	-3.8624e-05	0.0014217	-1.554	0.00422481	-0.000182153	0.00422958	-2.466	0.00283624	-0.000166894	0.00284101	-3.366	-1.777507e-11
0.744	128			1.85819e-05	-1.36197e-05	2.30336e-05	-36.234	0.00142146	-3.76704e-05	0.00142194	-1.518	0.00422576	-0.000183106	0.00422958	-2.472	0.00282766	-0.000166894	0.00283243	-3.372	-1.429886e-11
0.742	129			1.19359e-05	-1.38246e-05	1.82615e-05	-49.188	0.00141526	-3.83856e-05	0.00141574	-1.542	0.0042229	-0.000182153	0.00422767	-2.46	0.0028248	-0.00016594	0.00282957	-3.348	-1.710498e-11
0.74	130			6.50811e-06	-1.3046e-05	1.45734e-05	-63.474	0.00140453	-3.91009e-05	0.00140525	-1.59	0.00421813	-0.000183106	0.00422195	-2.478	0.00282289	-0.000164987	0.00282766	-3.336	-1.744002e-11
0.738	131			1.10642e-06	-1.22302e-05	1.22786e-05	-84.828	0.00139976	-3.74319e-05	0.00140024	-1.53	0.00421718	-0.000182153	0.00422099	-2.472	0.00282289	-0.00016594	0.00282766	-3.354	-1.865461e-11
0.736	132			5.69973e-07	-1.22339e-05	1.22451e-05	-87.318	0.00139809	-3.5763e-05	0.00139857	-1.464	0.00421718	-0.000182153	0.00422099	-2.46	0.00282289	-0.00016594	0.00282766	-3.354	-1.505273e-11
0.734	133			-1.61678e-06	-1.19731e-05	1.20812e-05	-97.692	0.00139833	-3.74319e-05	0.00139881	-1.53	0.00421908	-0.000182153	0.0042229	-2.472	0.00282289	-0.000164987	0.00282766	-3.336	-1.547154e-11
0.732	134			-1.38954e-06	-1.18428e-05	1.19173e-05	-96.678	0.00139666	-3.76704e-05	0.00139714	-1.542	0.00421622	-0.000182153	0.00422099	-2.472	0.00282384	-0.00016594	0.00282861	-3.348	-2.003675e-11
0.73	135			-1.41189e-06	-1.20439e-05	1.21259e-05	-96.678	0.0013919	-3.83856e-05	0.00139237	-1.578	0.00421241	-0.000181199	0.00421622	-2.454	0.00282289	-0.000164033	0.00282766	-3.324	-1.739817e-11
0.728	136			-1.44169e-06	-1.06954e-05	1.07885e-05	-97.668	0.00139094	-3.74319e-05	0.00139142	-1.536	0.00421146	-0.000182153	0.00421527	-2.466	0.00282289	-0.000164033	0.00282766	-3.324	-1.848705e-11
0.726	137			-8.45645e-07	-1.13734e-05	1.13994e-05	-94.242	0.00138903	-3.76704e-05	0.00138975	-1.548	0.00420955	-0.000182153	0.00421336	-2.466	0.00282289	-0.000164033	0.00282766	-3.312	-2.200519e-11
0.724	138			-4.84291e-07	-1.2111e-05	1.21184e-05	-92.286	0.00138593	-3.76704e-05	0.00138641	-1.554	0.00420573	-0.000180245	0.00420955	-2.448	0.00282289	-0.000164033	0.00282766	-3.324	-1.668618e-11
0.722	139			-1.67266e-06	-1.15596e-05	1.16788e-05	-98.22	0.0013814	-3.74319e-05	0.00138188	-1.548	0.00420097	-0.000180245	0.00420573	-2.442	0.00282289	-0.000163079	0.00282766	-3.3	-1.995292e-11
0.72	140			-1.40072e-06	-1.09934e-05	1.10828e-05	-97.26	0.00136805	-3.67167e-05	0.00136853	-1.536	0.00418761	-0.000180245	0.00419238	-2.454	0.00282289	-0.000162126	0.00282766	-3.282	-1.44664e-11
0.718	141			-1.94462e-06	-1.15932e-05	1.17533e-05	-99.516	0.00136019	-3.60014e-05	0.00136066	-1.506	0.00417998	-0.000179292	0.0041838	-2.448	0.00282289	-0.000163079	0.00282766	-3.3	-1.429885e-11
0.716	142			6.74281e-07	-1.13547e-05	1.13696e-05	-86.586	0.00135327	-3.67167e-05	0.00135375	-1.554	0.00417331	-0.000180245	0.00417712	-2.46	0.00282289	-0.000162126	0.00282766	-3.282	-2.254966e-11
0.714	143			4.61938e-07	-1.24984e-05	1.25059e-05	-87.876	0.00134469	-3.60014e-05	0.00134517	-1.524	0.00416377	-0.000178338	0.00416759	-2.448	0.00282289	-0.000163079	0.00282766	-3.3	-2.091627e-11
0.712	144			4.41077e-06	-1.19806e-05	1.27629e-05	-69.774	0.00135709	-3.71935e-05	0.00135756	-1.56	0.00416759	-0.000179292	0.00417235	-2.454	0.00282003	-0.000163079	0.0028248	-3.3	-2.05393e-11
0.71	145			1.13994e-05	-1.17273e-05	1.63541e-05	-45.798	0.00138355	-3.71935e-05	0.00138403	-1.53	0.00417235	-0.000180245	0.00417617	-2.46	0.00280763	-0.000162126	0.0028124	-3.3	-2.087439e-11
0.708	146			2.84166e-05	-1.21259e-05	3.08941e-05	-23.1	0.00138903	-3.76704e-05	0.00138951	-1.554	0.00414565	-0.000177384	0.00415042	-2.448	0.00279047	-0.000161172	0.00279523	-3.294	-1.769133e-11
0.706	147			5.57306e-05	-1.38321e-05	5.74181e-05	-13.938	0.00132919	-3.50478e-05	0.00132991	-1.5	0.0040417	-0.00017357	0.00404552	-2.448	0.00277711	-0.000161172	0.00278188	-3.312	-2.049744e-11
0.704	148			7.72891e-05	-1.58251e-05	7.88909e-05	-11.568	0.00129414	-3.38557e-05	0.00129462	-1.488	0.00397494	-0.000170709	0.00397781	-2.448	0.00276376	-0.000160218	0.00276853	-3.312	-1.459206e-11
0.702	149			8.96384e-05	-1.69539e-05	9.12291e-05	-10.71	0.0012827	-3.38557e-05	0.00128318	-1.506	0.00393775	-0.000168801	0.00394157	-2.454	0.00275137	-0.000160218	0.00275613	-3.33	-1.442452e-11
0.7	150			9.67984e-05	-1.71886e-05	9.83109e-05	-10.068	0.00127054	-3.31404e-05	0.00127126	-1.488	0.00390436	-0.000166894	0.00390819	-2.442	0.00273611	-0.000160218	0.00274087	-3.336	-1.831955e-11
0.698	151			9.99351e-05	-1.71514e-05	0.000101395	-9.738	0.00128961	-3.33788e-05	0.00129009	-1.482	0.0039034	-0.000166894	0.00390628	-2.442	0.00271894	-0.000158311	0.00272371	-3.324	-2.095815e-11
0.696	152			0.000101351	-1.74866e-05	0.000102856	-9.786	0.00130702	-3.33788e-05	0.00130749	-1.452	0.00390054	-0.00016594	0.00390436	-2.424	0.00270177	-0.000157357	0.00270559	-3.318	-1.488521e-11
0.694	153			9.85493e-05	-1.66969e-05	9.995e-05	-9.612	0.00130606	-3.33788e-05	0.00130654	-1.464	0.00389101	-0.000164987	0.00389387	-2.424	0.00268842	-0.000157357	0.00269224	-3.336	-1.794266e-11
0.692	154			9.06666e-05	-1.66596e-05	9.21865e-05	-10.41	0.00128604	-3.33788e-05	0.00128651	-1.476	0.00387193	-0.000164033	0.00387575	-2.424	0.00267984	-0.00015545	0.00268365	-3.306	-1.555535e-11
0.69	155			7.51247e-05	-1.55495e-05	7.67191e-05	-11.694	0.00123287	-3.09946e-05	0.00123335	-1.434	0.00382997	-0.000162126	0.00383283	-2.424	0.00267507	-0.00015545	0.00267984	-3.306	-2.221462e-11
0.688	156			5.75783e-05	-1.42903e-05	5.93292e-05	-13.932	0.00118781	-2.9564e-05	0.00118805	-1.422	0.00380136	-0.000162126	0.00380422	-2.43	0.00267507	-0.000154496	0.00267984	-3.294	-1.425704e-11
0.686	157			3.7879e-05	-1.36793e-05	4.02781e-05	-19.842	0.00114775	-2.78951e-05	0.00114799	-1.38	0.00378229	-0.000161172	0.00378515	-2.43	0.00267507	-0.000156404	0.00267984	-3.336	-1.81939e-11
0.684	158			2.24934e-05	-1.24053e-05	2.56897e-05	-28.86	0.00110889	-2.47956e-05	0.00110913	-1.272	0.00375654	-0.000160218	0.00376035	-2.436	0.00267412	-0.00015545	0.00267889	-3.324	-1.890591e-11
0.682	159			1.32435e-05	-1.17384e-05	1.76952e-05	-41.538	0.00107623	-2.3842e-05	0.00107647	-1.266	0.00373556	-0.000160218	0.00373842	-2.442	0.00267507	-0.00015545	0.00267984	-3.306	-1.790072e-11
0.68	160			8.2553e-06	-1.10865e-05	1.38172e-05	-53.316	0.0010481	-2.19346e-05	0.0010481	-1.194	0.00371362	-0.000159265	0.00371744	-2.448	0.00267793	-0.00015545	0.0026827	-3.318	-1.609981e-11
0.678	161			1.11461e-05	-1.14553e-05	1.59816e-05	-45.774	0.00103188	-2.2173e-05	0.00103188	-1.23	0.00369932	-0.000158311	0.00370218	-2.448	0.00268175	-0.00015545	0.00268652	-3.312	-1.614166e-11
0.676	162			1.48491e-05	-1.17422e-05	1.8932e-05	-38.322	0.00103355	-2.00273e-05	0.00103355	-1.098	0.00369169	-0.00015545	0.0036955	-2.406	0.00267889	-0.000156404	0.00268365	-3.336	-1.886402e-11
0.674	163			1.79672e-05	-1.19769e-05	2.15956e-05	-33.684	0.00105787	-2.28883e-05	0.00105787	-1.23	0.00368501	-0.000157357	0.00368787	-2.442	0.00265314	-0.000153542	0.00265695	-3.306	-1.777506e-11
0.672	164			1.81125e-05	-1.11499e-05	2.12715e-05	-31.608	0.00110293	-2.50341e-05	0.00110317	-1.296	0.0036812	-0.000156404	0.00368501	-2.424	0.00260641	-0.000150681	0.00261118	-3.306	-1.714689e-11
0.67	165			1.49347e-05	-1.03154e-05	1.8146e-05	-34.626	0.00113512	-2.62262e-05	0.0011356	-1.32	0.00367834	-0.000157357	0.0036812	-2.436	0.00256445	-0.000149728	0.00256826	-3.336	-1.848708e-11
0.668	166			1.1839e-05	-1.02707e-05	1.56724e-05	-40.938	0.00114466	-2.64646e-05	0.00114489	-1.32	0.00367548	-0.000157357	0.00367834	-2.448	0.00254823	-0.00014782	0.00255205	-3.312	-1.693745e-11
0.666	167			9.70071e-06	-9.64483e-06	1.36793e-05	-44.82	0.00113893	-2.57493e-05	0.00113917	-1.29	0.00366689	-0.00015545	0.00366975	-2.424	0.00254251	-0.000146867	0.00254633	-3.3	-1.836141e-11
0.664	168			7.08926e-06	-1.01776e-05	1.24015e-05	-55.134	0.00111748	-2.57493e-05	0.00111771	-1.314	0.00364687	-0.00015545	0.00365068	-2.43	0.0025406	-0.000146867	0.00254442	-3.306	-2.284284e-11
0.662	169			5.20426e-06	-1.06395e-05	1.18428e-05	-63.918	0.00110389	-2.3842e-05	0.00110436	-1.236	0.00363638	-0.000154496	0.00363924	-2.424	0.0025406	-0.00014782	0.00254442	-3.318	-1.417323e-11
0.66	170			1.7155e-06	-9.18662e-06	9.34309e-06	-79.416	0.00109626	-2.45572e-05	0.00109673	-1.278	0.00363161	-0.00015545	0.00363542	-2.436	0.00254156	-0.000146867	0.00254537	-3.3	-2.0288e-11
0.658	171			9.61132e-07	-9.61876e-06	9.66532e-06	-84.294	0.00109196	-2.36036e-05	0.0010922	-1.23	0.0036297	-0.000153542	0.00363256	-2.418	0.0025406	-0.00014782	0.00254442	-3.318	-1.723062e-11
0.656	172			-7.17122e-07	-8.63714e-06	8.66508e-06	-94.74	0.00108839	-2.43188e-05	0.00108887	-1.272	0.00362684	-0.000153542	0.0036297	-2.418	0.0025406	-0.000146867	0.00254442	-3.306	-1.760759e-11
0.654	173			-1.3765e-06	-8.59989e-06	8.70792e-06	-99.084	0.0010841	-2.3842e-05	0.00108457	-1.26	0.00362207	-0.000153542	0.00362493	-2.424	0.00253965	-0.000146867	0.00254442	-3.288	-2.028804e-11
0.652	174			5.42033e-07	-8.26275e-06	8.27952e-06	-86.238	0.00107575	-2.36036e-05	0.00107599	-1.254	0.00361158	-0.000153542	0.00361539	-2.43	0.00253965	-0.000146867	0.00254442	-3.288	-1.957601e-11
0.65	175			-1.13808e-06	-8.94634e-06	9.01712e-06	-97.242	0.00103856	-2.24115e-05	0.0010388	-1.23	0.00357629	-0.000151635	0.00357915	-2.424	0.00253965	-0.000146867	0.00254442	-3.288	-1.597414e-11
0.648	176			-2.75673e-07	-8.91468e-06	8.91654e-06	-91.764	0.000988729	-2.16962e-05	0.000988729	-1.248	0.0035248	-0.000149728	0.00352766	-2.424	0.0025406	-0.000144959	0.00254442	-3.258	-2.275906e-11
0.646	177			-9.12701e-08	-9.00781e-06	9.00595e-06	-90.576	0.000940565	-1.95504e-05	0.000940565	-1.176	0.00347711	-0.00014782	0.00348093	-2.424	0.0025406	-0.000144959	0.00254442	-3.258	-1.970166e-11
0.644	178			5.10368e-07	-8.94075e-06	8.95379e-06	-86.724	0.000938658	-2.00273e-05	0.000938896	-1.218	0.00347711	-0.00014782	0.00347997	-2.424	0.00254251	-0.000144006	0.00254633	-3.24	-2.347111e-11
0.642	179			3.88737e-06	-1.00472e-05	1.07717e-05	-68.844	0.000943664	-2.05041e-05	0.000943903	-1.242	0.0034733	-0.000146867	0.00347711	-2.418	0.00253774	-0.000144006	0.00254251	-3.234	-2.041366e-11
0.64	180			7.56982e-06	-1.04737e-05	1.29212e-05	-54.132	0.000983246	-2.19346e-05	0.000983484	-1.272	0.00347616	-0.000146867	0.00347902	-2.418	0.00250818	-0.000142098	0.00251199	-3.24	-1.861273e-11
0.638	181			9.11771e-06	-9.0879e-06	1.28728e-05	-44.898	0.00104237	-2.57493e-05	0.00104261	-1.41	0.00348474	-0.000148774	0.0034876	-2.43	0.00246049	-0.000140191	0.00246431	-3.24	-2.066496e-11
0.636	182			1.09766e-05	-9.89443e-06	1.47764e-05	-42.024	0.00107814	-2.64646e-05	0.00107837	-1.398	0.00349428	-0.00014782	0.00349714	-2.412	0.00243093	-0.000139237	0.00243475	-3.264	-2.175391e-11
0.634	183			1.07419e-05	-1.00006e-05	1.46758e-05	-42.948	0.00110746	-2.88488e-05	0.0011077	-1.488	0.00351812	-0.000148774	0.00352098	-2.418	0.00242426	-0.000138284	0.00242807	-3.258	-1.593231e-11
0.632	184			1.05557e-05	-1.02576e-05	1.47168e-05	-44.178	0.00112725	-2.9564e-05	0.00112749	-1.488	0.0035391	-0.000150681	0.00354291	-2.424	0.00242616	-0.000138284	0.00242998	-3.258	-1.735624e-11
0.63	185			1.10381e-05	-1.22563e-05	1.64938e-05	-47.988	0.0011294	-2.78951e-05	0.00112987	-1.404	0.00354291	-0.000148774	0.00354673	-2.4	0.00242712	-0.000140191	0.00243093	-3.3	-2.07906e-11
0.628	186			1.27443e-05	-1.24015e-05	1.77809e-05	-44.22	0.00112391	-2.81335e-05	0.00112439	-1.428	0.00354005	-0.000148774	0.00354291	-2.406	0.00243093	-0.000142098	0.0024357	-3.324	-1.928285e-11
0.626	187			1.76245e-05	-1.2463e-05	2.15844e-05	-35.262	0.00112606	-2.81335e-05	0.0011263	-1.422	0.00354387	-0.000148774	0.00354768	-2.4	0.00243761	-0.000141145	0.00244237	-3.3	-1.978543e-11
0.624	188			2.49111e-05	-1.39345e-05	2.85433e-05	-29.22	0.00113154	-2.83719e-05	0.00113202	-1.434	0.00354768	-0.00014782	0.0035515	-2.376	0.00244237	-0.000141145	0.00244714	-3.294	-1.685368e-11
0.622	189			3.34142e-05	-1.37669e-05	3.61393e-05	-22.392	0.0011325	-2.83719e-05	0.00113273	-1.422	0.00354578	-0.000148774	0.00354959	-2.388	0.00245	-0.000141145	0.00245382	-3.288	-1.509461e-11
0.62	190			4.30236e-05	-1.45361e-05	4.54134e-05	-18.666	0.00113321	-2.88488e-05	0.00113369	-1.458	0.0035391	-0.00014782	0.00354196	-2.382	0.00245096	-0.000140191	0.00245573	-3.27	-1.75657e-11
0.618	191			5.16812e-05	-1.48081e-05	5.37636e-05	-15.984	0.00113726	-2.98024e-05	0.0011375	-1.494	0.00352861	-0.00014782	0.00353242	-2.388	0.00244714	-0.000139237	0.00245096	-3.246	-1.802643e-11
0.616	192			6.39004e-05	-1.47857e-05	6.55842e-05	-13.026	0.00113202	-2.9564e-05	0.00113226	-1.494	0.00350572	-0.000146867	0.00350858	-2.394	0.00244047	-0.000138284	0.00244428	-3.234	-1.903155e-11
0.614	193			7.75796e-05	-1.47932e-05	7.89766e-05	-10.794	0.00112916	-2.78951e-05	0.0011294	-1.41	0.00348188	-0.000144006	0.00348474	-2.37	0.0024357	-0.000139237	0.00244047	-3.258	-1.894777e-11
0.612	194			9.64855e-05	-1.57655e-05	9.7767e-05	-9.276	0.00110985	-2.83719e-05	0.00111008	-1.452	0.00343992	-0.000143052	0.00344278	-2.376	0.00243093	-0.000138284	0.00243475	-3.252	-1.999486e-11
0.61	195			0.00011278	-1.71663e-05	0.000114076	-8.652	0.0011263	-2.9564e-05	0.00112654	-1.494	0.00343038	-0.000143052	0.00343324	-2.382	0.00242235	-0.00013733	0.00242712	-3.246	-1.563909e-11
0.608	196			0.000120916	-1.60785e-05	0.000121981	-7.572	0.00110842	-2.83719e-05	0.00110865	-1.458	0.00339605	-0.000142098	0.00339891	-2.394	0.00241472	-0.00013733	0.00241853	-3.24	-2.154445e-11
0.606	197			0.000115552	-1.59518e-05	0.000116647	-7.86	0.00109697	-2.93256e-05	0.00109721	-1.524	0.00338461	-0.000143052	0.00338842	-2.412	0.00240614	-0.000135423	0.00240995	-3.216	-1.878027e-11
0.604	198			9.58894e-05	-1.5393e-05	9.71188e-05	-9.114	0.00109101	-2.81335e-05	0.00109125	-1.47	0.00337793	-0.000140191	0.00338079	-2.37	0.00238802	-0.000135423	0.00239183	-3.246	-1.802637e-11
0.602	199			7.80751e-05	-1.49385e-05	7.94833e-05	-10.83	0.00108648	-2.83719e-05	0.00108672	-1.482	0.00334932	-0.000140191	0.00335218	-2.382	0.00234987	-0.000134469	0.00235368	-3.264	-2.162824e-11
0.6	200			6.81435e-05	-1.32099e-05	6.94101e-05	-10.968	0.00108147	-2.74183e-05	0.00108171	-1.446	0.00332643	-0.000138284	0.00332834	-2.376	0.0023184	-0.000131608	0.00232317	-3.24	-1.601607e-11
0.598	201			5.92771e-05	-1.34707e-05	6.07895e-05	-12.798	0.00105954	-2.45572e-05	0.00105978	-1.314	0.00330736	-0.000136376	0.00331022	-2.352	0.00231077	-0.000132562	0.00231458	-3.27	-1.593228e-11
0.596	202			5.4315e-05	-1.25394e-05	5.5738e-05	-12.99	0.00102568	-2.47956e-05	0.00102592	-1.38	0.00327875	-0.000136376	0.00328161	-2.376	0.00230981	-0.000131608	0.00231363	-3.252	-2.032994e-11
0.594	203			4.22972e-05	-1.15112e-05	4.3832e-05	-15.216	0.000986345	-2.16962e-05	0.000986584	-1.26	0.00325109	-0.000134469	0.003253	-2.358	0.00230981	-0.000131608	0.00231363	-3.24	-2.414121e-11
0.592	204			1.70172e-05	-1.02819e-05	1.98857e-05	-31.134	0.000940088	-2.00273e-05	0.000940327	-1.218	0.0032282	-0.000133515	0.00323106	-2.364	0.00230981	-0.000130654	0.00231268	-3.222	-1.898966e-11
0.59	205			2.26872e-06	-8.78429e-06	9.07114e-06	-75.51	0.000903849	-1.78815e-05	0.000904087	-1.122	0.00320913	-0.000132562	0.00321104	-2.352	0.00230981	-0.000130654	0.00231363	-3.222	-1.614167e-11
0.588	206			-4.65664e-08	-9.37103e-06	9.36916e-06	-90.276	0.000887875	-1.71663e-05	0.000887875	-1.11	0.00319482	-0.000132562	0.00319768	-2.364	0.00230981	-0.000131608	0.00231363	-3.234	-1.63092e-11
0.586	207			1.75648e-06	-9.40455e-06	9.56474e-06	-79.416	0.00087953	-1.71663e-05	0.000879768	-1.116	0.00318624	-0.000132562	0.0031891	-2.37	0.00231268	-0.000132562	0.00231649	-3.264	-1.986919e-11
0.584	208			7.15072e-06	-9.90561e-06	1.22153e-05	-54.168	0.000885252	-1.71663e-05	0.00088549	-1.098	0.00318243	-0.000131608	0.00318433	-2.364	0.00230791	-0.000131608	0.00231172	-3.24	-1.957605e-11
0.582	209			1.13752e-05	-9.39152e-06	1.47503e-05	-39.54	0.000925545	-1.81199e-05	0.000925783	-1.116	0.00317861	-0.000131608	0.00318147	-2.364	0.00227548	-0.000130654	0.0022793	-3.27	-1.643489e-11
0.58	210			1.24742e-05	-9.77336e-06	1.58475e-05	-38.076	0.000966791	-2.05041e-05	0.000967029	-1.206	0.00317766	-0.000131608	0.00318052	-2.364	0.00223066	-0.000127793	0.00223447	-3.264	-1.488522e-11
0.578	211			1.25561e-05	-9.03016e-06	1.54657e-05	-35.718	0.000978954	-2.24115e-05	0.000979431	-1.308	0.00317766	-0.000132562	0.00318052	-2.376	0.00221445	-0.000125886	0.00221826	-3.24	-1.991107e-11
0.576	212			9.92237e-06	-9.57778e-06	1.37892e-05	-43.98	0.000982054	-2.2173e-05	0.000982292	-1.284	0.00317957	-0.000132562	0.00318243	-2.376	0.00221159	-0.000125886	0.00221445	-3.246	-1.706307e-11
0.574	213			6.44851e-06	-8.63156e-06	1.07736e-05	-53.232	0.000977285	-2.24115e-05	0.000977762	-1.308	0.00317861	-0.000132562	0.00318147	-2.376	0.00220968	-0.000125886	0.00221349	-3.246	-1.831953e-11
0.572	214			3.12926e-06	-8.64459e-06	9.19221e-06	-70.092	0.000972752	-2.07425e-05	0.000972752	-1.218	0.0031767	-0.000131608	0.00317957	-2.352	0.00221063	-0.000125886	0.00221445	-3.246	-2.01205e-11
0.57	215			1.89432e-06	-8.99105e-06	9.18662e-06	-78.096	0.000969414	-2.05041e-05	0.000969652	-1.2	0.00317575	-0.000131608	0.00317766	-2.358	0.00220968	-0.00012684	0.00221349	-3.264	-1.685369e-11
0.568	216			2.72134e-06	-8.76008e-06	9.17172e-06	-72.738	0.000967268	-2.07425e-05	0.000967268	-1.224	0.00317289	-0.000131608	0.00317575	-2.358	0.00221159	-0.00012684	0.00221445	-3.258	-1.354497e-11
0.566	217			4.97143e-06	-9.26672e-06	1.05147e-05	-61.788	0.000964407	-2.05041e-05	0.000964645	-1.206	0.00317003	-0.000131608	0.00317289	-2.37	0.00221445	-0.00012684	0.00221731	-3.276	-1.82358e-11
0.564	218			1.03899e-05	-9.39338e-06	1.40071e-05	-42.114	0.000960592	-2.00273e-05	0.000960592	-1.194	0.00316526	-0.000131608	0.00316812	-2.364	0.00221635	-0.00012684	0.00221922	-3.27	-1.287487e-11
0.562	219			1.87532e-05	-9.81992e-06	2.11691e-05	-27.636	0.000957254	-2.02657e-05	0.000957493	-1.206	0.00315286	-0.000131608	0.00315572	-2.382	0.00221731	-0.000127793	0.00222112	-3.288	-2.116755e-11
0.56	220			3.40829e-05	-1.01664e-05	3.55656e-05	-16.608	0.000955824	-2.05041e-05	0.000956062	-1.218	0.00313188	-0.000130654	0.00313474	-2.376	0.0022154	-0.00012684	0.00221826	-3.27	-1.576475e-11
0.558	221			5.1033e-05	-1.17198e-05	5.23592e-05	-12.93	0.000943664	-2.07425e-05	0.000943903	-1.254	0.00309373	-0.000128747	0.00309564	-2.382	0.00220682	-0.00012684	0.00220968	-3.27	-1.450828e-11
0.556	222			6.20675e-05	-1.16528e-05	6.31479e-05	-10.632	0.000931744	-2.12194e-05	0.000931744	-1.29	0.00305177	-0.000125886	0.00305463	-2.352	0.00218965	-0.000124932	0.00219251	-3.24	-1.781694e-11
0.554	223			6.50478e-05	-1.24276e-05	6.6225e-05	-10.812	0.000931028	-2.2173e-05	0.000931267	-1.35	0.00301076	-0.000124932	0.00301363	-2.37	0.00215246	-0.000122071	0.00215532	-3.228	-2.003674e-11
0.552	224			6.18477e-05	-1.10977e-05	6.28349e-05	-10.17	0.000935081	-2.31267e-05	0.000935558	-1.41	0.00299264	-0.000124932	0.00299551	-2.37	0.00212194	-0.00011921	0.00212575	-3.198	-1.794261e-11
0.55	225			6.10168e-05	-1.12169e-05	6.20377e-05	-10.416	0.000922684	-2.28883e-05	0.000922922	-1.41	0.00298406	-0.000123025	0.00298692	-2.352	0.0021248	-0.00011921	0.00212766	-3.198	-1.77332e-11
0.548	226			6.07076e-05	-1.1053e-05	6.17062e-05	-10.314	0.000907663	-2.12194e-05	0.000907902	-1.326	0.00297453	-0.000123025	0.00297739	-2.358	0.00213052	-0.00011921	0.00213338	-3.186	-1.756568e-11
0.546	227			5.88524e-05	-1.25133e-05	6.01674e-05	-12.0	0.00089908	-2.0981e-05	0.000899319	-1.326	0.00297739	-0.000123025	0.00298025	-2.358	0.00213815	-0.000120163	0.00214101	-3.21	-2.259158e-11
0.544	228			4.28187e-05	-1.05948e-05	4.41114e-05	-13.896	0.000890736	-2.07425e-05	0.000890736	-1.326	0.00298311	-0.000123025	0.00298502	-2.352	0.0021372	-0.000120163	0.00214006	-3.198	-2.146073e-11
0.542	229			3.83707e-05	-1.07587e-05	3.98497e-05	-15.66	0.000888828	-2.12194e-05	0.000889067	-1.35	0.00296976	-0.000123025	0.00297262	-2.364	0.00212575	-0.00011921	0.00212862	-3.192	-1.861272e-11
0.54	230			4.62125e-05	-1.07363e-05	4.74418e-05	-13.074	0.000871424	-2.0981e-05	0.000871662	-1.368	0.00294115	-0.000121117	0.00294401	-2.346	0.00212003	-0.000118256	0.00212385	-3.186	-1.714683e-11
0.538	231			5.71648e-05	-1.23196e-05	5.84798e-05	-12.156	0.000847105	-1.95504e-05	0.000847343	-1.32	0.00290681	-0.000120163	0.00290968	-2.352	0.00212003	-0.00011921	0.00212385	-3.204	-1.815204e-11
0.536	232			7.20439e-05	-1.28709e-05	7.31838e-05	-10.128	0.000838999	-1.95504e-05	0.000839237	-1.32	0.00287916	-0.000118256	0.00288202	-2.346	0.00211717	-0.00011921	0.00212003	-3.21	-2.100001e-11
0.534	233			7.41375e-05	-1.43834e-05	7.55233e-05	-10.98	0.000894073	-2.2173e-05	0.00089455	-1.422	0.00289918	-0.000118256	0.00290205	-2.328	0.0020857	-0.000118256	0.00208952	-3.216	-2.058125e-11
0.532	234			5.65464e-05	-1.33552e-05	5.81036e-05	-13.284	0.000922922	-2.3842e-05	0.000923399	-1.476	0.00291349	-0.00011921	0.00291635	-2.334	0.00205232	-0.000115395	0.00205518	-3.198	-2.229836e-11
0.53	235			3.48913e-05	-1.08965e-05	3.65491e-05	-17.34	0.000907663	-2.26499e-05	0.000907902	-1.422	0.00290968	-0.00011921	0.00291158	-2.334	0.00203897	-0.000114441	0.00204279	-3.198	-1.982733e-11
0.528	236			1.9461e-05	-1.01813e-05	2.19607e-05	-27.612	0.000874761	-2.05041e-05	0.000875	-1.332	0.00288774	-0.000118256	0.0028906	-2.328	0.00203516	-0.000113488	0.00203897	-3.186	-1.886401e-11
0.526	237			1.16043e-05	-9.09349e-06	1.4741e-05	-38.076	0.000840429	-1.81199e-05	0.000840668	-1.224	0.00286104	-0.000116349	0.00286295	-2.322	0.00203516	-0.000114441	0.00203897	-3.204	-2.007864e-11
0.524	238			8.05786e-06	-9.99874e-06	1.28374e-05	-51.12	0.000818972	-1.71663e-05	0.00081921	-1.2	0.00284387	-0.000115395	0.00284673	-2.322	0.00203516	-0.000115395	0.00203897	-3.222	-2.03299e-11
0.522	239			8.36706e-06	-9.03389e-06	1.23121e-05	-47.184	0.000798944	-1.59742e-05	0.000799183	-1.134	0.00282575	-0.000115395	0.00282766	-2.322	0.00203706	-0.000114441	0.00203992	-3.204	-1.790079e-11
0.52	240			1.36197e-05	-1.01701e-05	1.69986e-05	-36.744	0.000798468	-1.62126e-05	0.000798706	-1.146	0.00282194	-0.000115395	0.00282384	-2.328	0.00203897	-0.000115395	0.00204279	-3.216	-1.64349e-11
0.518	241			2.03141e-05	-1.02856e-05	2.27691e-05	-26.844	0.000811819	-1.57357e-05	0.000812057	-1.104	0.00282384	-0.000114441	0.00282575	-2.31	0.00203611	-0.000114441	0.00203897	-3.204	-1.869647e-11
0.516	242			1.56501e-05	-8.86997e-06	1.79895e-05	-29.538	0.00084329	-1.76431e-05	0.000843529	-1.188	0.00282194	-0.000115395	0.00282384	-2.328	0.00200368	-0.000112534	0.00200655	-3.198	-1.986922e-11
0.514	243			4.47038e-06	-8.47137e-06	9.57778e-06	-62.172	0.000867609	-1.97889e-05	0.000867847	-1.296	0.00282098	-0.000115395	0.00282289	-2.328	0.00195982	-0.000109673	0.00196315	-3.192	-1.769131e-11
0.512	244			2.63938e-06	-8.21246e-06	8.62411e-06	-72.18	0.000870232	-1.95504e-05	0.000870232	-1.272	0.00282289	-0.000115395	0.0028248	-2.328	0.00195886	-0.000109196	0.00196172	-3.186	-1.68118e-11
0.51	245			6.09274e-06	-7.76729e-06	9.87021e-06	-51.882	0.000870947	-1.9312e-05	0.000870947	-1.26	0.00282289	-0.000115395	0.0028248	-2.328	0.00196077	-0.000108719	0.00196411	-3.174	-1.463392e-11
0.508	246			1.49422e-05	-7.52139e-06	1.67267e-05	-26.712	0.000870232	-1.83583e-05	0.00087047	-1.206	0.00282194	-0.000115395	0.00282384	-2.328	0.00196888	-0.000109673	0.00197174	-3.186	-1.316805e-11
0.506	247			2.37693e-05	-9.62993e-06	2.56469e-05	-22.056	0.000871185	-1.85968e-05	0.000871424	-1.218	0.00282098	-0.000115395	0.00282289	-2.328	0.0019765	-0.000111104	0.00197937	-3.204	-2.079062e-11
0.504	248			3.02793e-05	-8.99663e-06	3.1587e-05	-16.548	0.000882629	-1.85968e-05	0.000882868	-1.2	0.00281908	-0.000115395	0.00282098	-2.328	0.00197031	-0.000111104	0.00197317	-3.222	-1.915721e-11
0.502	249			3.76629e-05	-9.04879e-06	3.87339e-05	-13.506	0.000895265	-1.9312e-05	0.000895265	-1.224	0.0028124	-0.000114441	0.00281431	-2.322	0.00195934	-0.00011015	0.0019622	-3.216	-1.773319e-11
0.5	250			4.80714e-05	-1.00546e-05	4.91145e-05	-11.814	0.000899557	-1.90736e-05	0.000899795	-1.212	0.00280763	-0.000115395	0.00281049	-2.34	0.00195886	-0.00011015	0.00196172	-3.216	-1.358686e-11
0.498	251			6.42505e-05	-1.0863e-05	6.51632e-05	-9.594	0.000906233	-2.07425e-05	0.000906233	-1.308	0.0028	-0.000115395	0.00280286	-2.346	0.0019622	-0.00011015	0.00196506	-3.21	-2.03718e-11
0.496	252			7.70059e-05	-1.12802e-05	7.78292e-05	-8.334	0.000928167	-2.16962e-05	0.000928406	-1.326	0.00279714	-0.000113488	0.00279905	-2.322	0.00195123	-0.000109673	0.00195409	-3.216	-2.049744e-11
0.494	253			7.8537e-05	-1.11573e-05	7.93268e-05	-8.082	0.000947718	-2.28883e-05	0.000947956	-1.38	0.00279047	-0.000113488	0.00279237	-2.322	0.00192691	-0.000107766	0.00192977	-3.186	-1.831954e-11
0.492	254			7.06357e-05	-1.06395e-05	7.14329e-05	-8.562	0.000954393	-2.26499e-05	0.000954632	-1.35	0.00278093	-0.000113488	0.00278284	-2.322	0.00190163	-0.000107766	0.0019045	-3.228	-2.292656e-11
0.49	255			6.25332e-05	-1.17608e-05	6.36284e-05	-10.65	0.000939373	-2.33651e-05	0.00093985	-1.41	0.00276567	-0.000112534	0.00276758	-2.316	0.0018921	-0.000106335	0.00189544	-3.204	-1.739817e-11
0.488	256			5.39536e-05	-1.03899e-05	5.49408e-05	-10.902	0.000905756	-2.12194e-05	0.000905994	-1.326	0.00273706	-0.00011158	0.00273897	-2.328	0.00188876	-0.000106335	0.00189162	-3.21	-2.120946e-11
0.486	257			4.21891e-05	-9.84228e-06	4.33216e-05	-13.128	0.000831131	-1.88352e-05	0.000831369	-1.284	0.00267412	-0.000108719	0.00267603	-2.31	0.00188876	-0.000105381	0.00189162	-3.18	-1.811015e-11
0.484	258			3.00222e-05	-8.66136e-06	3.1248e-05	-16.086	0.0007484	-1.50204e-05	0.000748638	-1.134	0.00260259	-0.000105858	0.0026045	-2.316	0.00188781	-0.000104428	0.00189067	-3.162	-1.878025e-11
0.482	259			2.4289e-05	-9.29093e-06	2.60026e-05	-20.928	0.000694755	-1.40668e-05	0.000694994	-1.152	0.00255395	-0.000102997	0.00255586	-2.304	0.00188685	-0.000103474	0.00188971	-3.132	-2.158641e-11
0.48	260			2.08133e-05	-7.44688e-06	2.2106e-05	-19.686	0.000684027	-1.40668e-05	0.000684265	-1.158	0.00252916	-0.000103951	0.00253107	-2.34	0.00187112	-0.00010252	0.00187398	-3.132	-1.848711e-11
0.478	261			9.95776e-06	-7.01848e-06	1.21818e-05	-35.166	0.000685219	-1.43052e-05	0.000685457	-1.182	0.00250532	-0.000102044	0.00250722	-2.328	0.00183678	-0.000100136	0.00183965	-3.114	-1.501085e-11
0.476	262			1.38023e-06	-7.40032e-06	7.52698e-06	-79.422	0.000671867	-1.33515e-05	0.000672106	-1.122	0.00248338	-0.000102044	0.00248529	-2.334	0.00181676	-0.000100136	0.00181962	-3.138	-2.229837e-11
0.474	263			1.83285e-06	-8.4397e-06	8.63528e-06	-77.742	0.000673775	-1.28747e-05	0.000673775	-1.08	0.00248529	-0.000100136	0.0024872	-2.304	0.0018158	-0.000100136	0.00181866	-3.15	-1.37125e-11
0.472	264			-5.36445e-07	-8.39873e-06	8.41363e-06	-93.642	0.000667814	-1.31131e-05	0.000668053	-1.116	0.00248052	-0.000100136	0.00248243	-2.292	0.00181533	-0.000100613	0.00181819	-3.162	-1.51365e-11
0.47	265			-9.74171e-07	-7.81758e-06	7.87532e-06	-97.098	0.000657085	-1.16826e-05	0.000657324	-1.002	0.00246908	-9.91826e-05	0.00247099	-2.286	0.00181437	-0.000100136	0.00181676	-3.156	-2.321983e-11
0.468	266			4.33998e-07	-7.88091e-06	7.89022e-06	-86.838	0.000655655	-1.21594e-05	0.000655893	-1.05	0.00246908	-0.000100136	0.00247099	-2.304	0.00181676	-0.000100136	0.00181962	-3.15	-1.924099e-11
0.466	267			5.32906e-06	-9.22946e-06	1.06544e-05	-59.988	0.000673775	-1.1921e-05	0.000673775	-1.008	0.00248434	-9.82289e-05	0.00248624	-2.256	0.00181914	-0.000100136	0.00182153	-3.144	-1.739817e-11
0.464	268			1.26586e-05	-8.39127e-06	1.51862e-05	-33.534	0.000704054	-1.28747e-05	0.000704054	-1.044	0.00250055	-9.91826e-05	0.00250246	-2.256	0.00181294	-0.000100613	0.0018158	-3.168	-1.831953e-11
0.462	269			1.54526e-05	-8.49186e-06	1.76319e-05	-28.788	0.000752214	-1.66894e-05	0.000752453	-1.272	0.00251581	-0.000102044	0.00251772	-2.304	0.00178529	-9.87058e-05	0.00178815	-3.162	-1.806826e-11
0.46	270			2.04315e-05	-8.57754e-06	2.21581e-05	-22.77	0.000780109	-1.66894e-05	0.000780109	-1.224	0.00252534	-0.000102044	0.00252725	-2.298	0.00176955	-9.91826e-05	0.00177241	-3.204	-1.676991e-11
0.458	271			2.73307e-05	-8.71351e-06	2.86867e-05	-17.682	0.0007906	-1.66894e-05	0.000790838	-1.206	0.00253393	-0.000102044	0.00253583	-2.304	0.00177146	-9.96594e-05	0.00177384	-3.21	-1.8152e-11
0.456	272			3.51279e-05	-9.26113e-06	3.63274e-05	-14.766	0.00079513	-1.74047e-05	0.000795368	-1.248	0.00253774	-0.000102044	0.00253965	-2.304	0.00177909	-9.87058e-05	0.00178195	-3.162	-1.802637e-11
0.454	273			4.12988e-05	-9.39338e-06	4.23549e-05	-12.81	0.000799898	-1.78815e-05	0.000799898	-1.266	0.00253583	-0.000102044	0.00253774	-2.286	0.00178004	-9.87058e-05	0.00178242	-3.174	-1.752382e-11
0.452	274			4.94013e-05	-9.20898e-06	5.02544e-05	-10.554	0.000809435	-1.83583e-05	0.000809673	-1.296	0.00252821	-0.00010109	0.00253011	-2.28	0.00177146	-9.77521e-05	0.00177432	-3.156	-1.999484e-11
0.45	275			5.62335e-05	-8.74331e-06	5.69078e-05	-8.838	0.000817541	-1.78815e-05	0.000817779	-1.236	0.00251772	-0.00010109	0.00251962	-2.286	0.00176049	-9.72752e-05	0.00176287	-3.156	-1.869647e-11
0.448	276			5.68444e-05	-1.03713e-05	5.77832e-05	-10.338	0.000825886	-1.83583e-05	0.000825886	-1.26	0.00250913	-0.000100136	0.00251104	-2.28	0.00174523	-9.82289e-05	0.00174809	-3.216	-2.045555e-11
0.446	277			3.86948e-05	-8.2553e-06	3.95628e-05	-12.042	0.000828747	-1.9312e-05	0.000828985	-1.326	0.00249864	-0.00010109	0.00250055	-2.304	0.00171519	-9.48911e-05	0.00171805	-3.156	-1.811018e-11
0.444	278			1.49422e-05	-7.3761e-06	1.66596e-05	-26.262	0.000808958	-1.83583e-05	0.000809196	-1.284	0.0024891	-9.91826e-05	0.00249101	-2.268	0.00169802	-9.44142e-05	0.00170089	-3.168	-2.125132e-11
0.442	279			2.08059e-06	-7.7915e-06	8.06345e-06	-75.042	0.000778679	-1.71663e-05	0.000778917	-1.26	0.00246908	-9.91826e-05	0.00247099	-2.286	0.00169516	-9.39374e-05	0.00169755	-3.162	-1.635115e-11
0.44	280			-2.3842e-07	-6.25852e-06	6.26224e-06	-92.178	0.000774864	-1.66894e-05	0.000775103	-1.218	0.00246717	-9.91826e-05	0.00246908	-2.292	0.00169516	-9.34605e-05	0.00169755	-3.138	-1.907343e-11
0.438	281			-1.99304e-07	-7.46365e-06	7.46551e-06	-91.524	0.000780586	-1.54973e-05	0.000780825	-1.128	0.00247385	-9.91826e-05	0.00247575	-2.286	0.00169469	-9.48911e-05	0.00169755	-3.198	-1.488522e-11
0.436	282			-4.2841e-07	-6.68506e-06	6.69624e-06	-93.666	0.000759367	-1.6451e-05	0.000759605	-1.23	0.00245096	-9.72752e-05	0.00245382	-2.256	0.00169421	-9.39374e-05	0.00169659	-3.162	-1.769135e-11
0.434	283			1.74903e-06	-7.12651e-06	7.33513e-06	-76.2	0.000741724	-1.50204e-05	0.000741724	-1.146	0.00243188	-9.82289e-05	0.00243379	-2.292	0.00169612	-9.39374e-05	0.0016985	-3.162	-1.635115e-11
0.432	284			5.71462e-06	-7.38728e-06	9.33936e-06	-52.266	0.000686172	-1.50204e-05	0.000686411	-1.236	0.0023699	-9.53679e-05	0.0023718	-2.304	0.00169421	-9.25069e-05	0.00169707	-3.12	-1.878029e-11
0.43	285			1.00434e-05	-6.7931e-06	1.2124e-05	-34.062	0.000629429	-1.16826e-05	0.000629429	-1.062	0.00228979	-9.15532e-05	0.00229169	-2.268	0.00167752	-9.15532e-05	0.00167943	-3.114	-2.250776e-11
0.428	286			1.18223e-05	-6.48762e-06	1.34856e-05	-28.752	0.000612263	-1.21594e-05	0.000612263	-1.122	0.00224592	-8.96459e-05	0.00224783	-2.274	0.00165129	-8.96459e-05	0.00165368	-3.096	-2.045552e-11
0.426	287			1.21631e-05	-5.90648e-06	1.3521e-05	-25.896	0.000593189	-1.12057e-05	0.000593428	-1.08	0.00222112	-8.96459e-05	0.00222303	-2.304	0.00164319	-8.96459e-05	0.00164557	-3.114	-1.714683e-11
0.424	288			1.37445e-05	-7.5158e-06	1.5665e-05	-28.662	0.000564579	-9.77522e-06	0.000564579	-0.984	0.00219251	-8.77385e-05	0.00219442	-2.28	0.00164605	-9.05995e-05	0.00164843	-3.138	-2.204712e-11
0.422	289			1.75667e-05	-7.6518e-06	1.91593e-05	-23.538	0.000556234	-9.5368e-06	0.000556234	-0.96	0.00218393	-8.67848e-05	0.00218584	-2.256	0.00164843	-9.05995e-05	0.00165082	-3.138	-1.97436e-11
0.42	290			2.16943e-05	-7.36493e-06	2.29107e-05	-18.75	0.000583414	-1.07289e-05	0.000583414	-1.032	0.00219442	-8.77385e-05	0.00219633	-2.28	0.00163842	-9.01227e-05	0.0016408	-3.132	-2.187958e-11
0.418	291			2.18024e-05	-7.92561e-06	2.31956e-05	-19.974	0.000627521	-1.16826e-05	0.00062776	-1.05	0.00221349	-8.86922e-05	0.0022154	-2.274	0.00161219	-8.86922e-05	0.00161458	-3.15	-2.028802e-11
0.416	292			1.7386e-05	-8.3801e-06	1.93008e-05	-25.734	0.000669245	-1.33515e-05	0.000669483	-1.128	0.00224306	-8.86922e-05	0.00224496	-2.244	0.00159503	-8.77385e-05	0.00159741	-3.144	-2.045555e-11
0.414	293			1.13231e-05	-7.01661e-06	1.33217e-05	-31.782	0.000694755	-1.35899e-05	0.000694994	-1.11	0.00227071	-8.96459e-05	0.00227262	-2.25	0.00158883	-8.82153e-05	0.00159121	-3.168	-1.429884e-11
0.412	294			4.25804e-06	-6.55654e-06	7.81758e-06	-57.0	0.000700954	-1.33515e-05	0.000701193	-1.092	0.00228311	-8.96459e-05	0.00228502	-2.238	0.00158788	-8.67848e-05	0.00158978	-3.126	-2.24659e-11
0.41	295			6.5193e-08	-6.42988e-06	6.42802e-06	-89.406	0.00069404	-1.38283e-05	0.000694279	-1.128	0.0022793	-9.05995e-05	0.0022812	-2.262	0.00158883	-8.82153e-05	0.00159121	-3.168	-2.024615e-11
0.408	296			-7.74864e-07	-5.13348e-06	5.19029e-06	-98.574	0.000682119	-1.40668e-05	0.000682119	-1.164	0.00226881	-9.05995e-05	0.00227071	-2.268	0.00158883	-8.72617e-05	0.00159121	-3.132	-2.007857e-11
0.406	297			2.78467e-07	-5.56468e-06	5.5712e-06	-87.126	0.000669006	-1.33515e-05	0.000669245	-1.128	0.0022545	-9.05995e-05	0.00225641	-2.286	0.00158978	-8.72617e-05	0.00159217	-3.132	-2.070686e-11
0.404	298			5.12975e-06	-6.00985e-06	7.9014e-06	-49.506	0.00067139	-1.31131e-05	0.00067139	-1.11	0.00225355	-8.86922e-05	0.00225545	-2.25	0.00158978	-8.67848e-05	0.00159217	-3.12	-2.079066e-11
0.402	299			9.78546e-06	-6.08995e-06	1.15261e-05	-31.89	0.000680927	-1.38283e-05	0.000681166	-1.152	0.00224306	-8.86922e-05	0.00224496	-2.262	0.00157834	-8.67848e-05	0.00158072	-3.132	-1.764944e-11
0.4	300			1.38917e-05	-6.44851e-06	1.53148e-05	-24.9	0.000686649	-1.40668e-05	0.000686888	-1.152	0.00222303	-8.86922e-05	0.00222494	-2.268	0.00155545	-8.6308e-05	0.00155783	-3.162	-1.689558e-11
0.398	301			1.49301e-05	-6.67389e-06	1.63541e-05	-24.084	0.000699762	-1.40668e-05	0.000699762	-1.146	0.00222589	-8.86922e-05	0.0022278	-2.262	0.00154448	-8.53543e-05	0.00154687	-3.15	-1.735627e-11
0.396	302			1.35573e-05	-7.13769e-06	1.53204e-05	-27.762	0.000686649	-1.35899e-05	0.000686888	-1.128	0.00221445	-8.67848e-05	0.00221635	-2.238	0.00154353	-8.53543e-05	0.00154544	-3.162	-1.237227e-11
0.394	303			1.36467e-05	-6.52767e-06	1.51275e-05	-25.56	0.000682358	-1.45436e-05	0.000682596	-1.218	0.00220777	-8.67848e-05	0.00220968	-2.244	0.00154258	-8.44006e-05	0.00154496	-3.114	-1.781698e-11
0.392	304			1.44104e-05	-6.48297e-06	1.58009e-05	-24.222	0.000662331	-1.43052e-05	0.000662569	-1.224	0.00216772	-8.67848e-05	0.00216962	-2.274	0.00152493	-8.24933e-05	0.00152732	-3.09	-1.697933e-11
0.39	305			1.44151e-05	-5.8655e-06	1.55625e-05	-22.14	0.000625852	-1.21594e-05	0.000626091	-1.098	0.0021105	-8.29701e-05	0.0021124	-2.244	0.00150348	-8.20165e-05	0.00150586	-3.108	-1.542967e-11
0.388	306			1.10092e-05	-6.41312e-06	1.27406e-05	-30.216	0.000564102	-1.04905e-05	0.000564102	-1.05	0.00204469	-8.20165e-05	0.00204565	-2.274	0.0014968	-8.10628e-05	0.00149918	-3.096	-1.769129e-11
0.386	307			5.73884e-06	-5.35048e-06	7.84552e-06	-42.99	0.00050259	-8.34471e-06	0.00050259	-0.948	0.00199033	-7.77249e-05	0.00199176	-2.232	0.00149585	-8.01091e-05	0.00149775	-3.06	-1.589037e-11
0.384	308			9.62063e-07	-4.90065e-06	4.99285e-06	-78.882	0.000469806	-5.72208e-06	0.000469925	-0.69	0.0019622	-7.67712e-05	0.00196363	-2.238	0.00149632	-8.05859e-05	0.00149823	-3.072	-1.601603e-11
0.382	309			-2.14205e-08	-5.95211e-06	5.95118e-06	-90.198	0.000465514	-6.67575e-06	0.000465633	-0.822	0.00195886	-7.72481e-05	0.00196077	-2.25	0.00149585	-8.10628e-05	0.00149823	-3.102	-2.070684e-11
0.38	310			1.03005e-06	-6.25013e-06	6.33395e-06	-80.634	0.000488404	-8.34471e-06	0.000488523	-0.972	0.00198366	-7.86786e-05	0.00198509	-2.268	0.00149632	-8.05859e-05	0.00149823	-3.072	-1.965979e-11
0.378	311			7.23361e-06	-6.44851e-06	9.69047e-06	-41.712	0.000534896	-9.89443e-06	0.000535015	-1.056	0.00201847	-7.96323e-05	0.0020199	-2.25	0.00149346	-8.10628e-05	0.00149585	-3.102	-1.676995e-11
0.376	312			1.79644e-05	-7.21778e-06	1.93595e-05	-21.888	0.000590924	-1.04905e-05	0.000590924	-1.014	0.00204946	-8.01091e-05	0.00205137	-2.226	0.00148011	-8.15396e-05	0.00148249	-3.144	-1.488519e-11
0.374	313			2.80422e-05	-7.62384e-06	2.90611e-05	-15.204	0.000629667	-1.22786e-05	0.000629786	-1.116	0.00206234	-8.05859e-05	0.00206377	-2.232	0.0014639	-8.01091e-05	0.00146628	-3.126	-1.857085e-11
0.372	314			3.18403e-05	-6.87133e-06	3.25723e-05	-12.174	0.000632647	-1.28747e-05	0.000632767	-1.164	0.00205614	-8.10628e-05	0.00205757	-2.244	0.00145674	-7.96323e-05	0.00145865	-3.114	-1.65605e-11
0.37	315			2.96534e-05	-7.53443e-06	3.05942e-05	-14.256	0.000618223	-1.21594e-05	0.000618342	-1.122	0.00204088	-8.01091e-05	0.00204279	-2.244	0.00145436	-8.01091e-05	0.00145674	-3.132	-1.731439e-11
0.368	316			2.06345e-05	-7.14514e-06	2.18359e-05	-19.098	0.000630859	-1.21594e-05	0.000630978	-1.098	0.00203992	-7.91554e-05	0.00204183	-2.214	0.00143481	-7.86786e-05	0.00143719	-3.138	-1.580661e-11
0.366	317			1.10772e-05	-6.55654e-06	1.28709e-05	-30.612	0.00063229	-1.32323e-05	0.000632409	-1.188	0.00203516	-8.05859e-05	0.00203659	-2.262	0.00141574	-7.72481e-05	0.00141764	-3.114	-1.681178e-11
0.364	318			7.41708e-06	-5.68668e-06	9.34495e-06	-37.47	0.000625852	-1.26362e-05	0.000625972	-1.152	0.00202943	-7.91554e-05	0.00203086	-2.226	0.00141192	-7.77249e-05	0.00141383	-3.15	-1.802635e-11
0.362	319			3.3565e-06	-5.28249e-06	6.25665e-06	-57.564	0.000621919	-1.33515e-05	0.000622038	-1.224	0.00203086	-7.91554e-05	0.00203229	-2.226	0.0014124	-7.67712e-05	0.00141431	-3.108	-1.434074e-11
0.36	320			9.2015e-07	-5.67923e-06	5.75188e-06	-80.784	0.000597242	-1.08481e-05	0.000597361	-1.032	0.0020075	-7.82018e-05	0.00200893	-2.226	0.00141335	-7.67712e-05	0.00141526	-3.102	-1.844521e-11
0.358	321			3.31925e-06	-5.5265e-06	6.44292e-06	-58.998	0.000575665	-1.04905e-05	0.000575785	-1.044	0.00198509	-7.67712e-05	0.00198652	-2.214	0.00141383	-7.67712e-05	0.00141574	-3.09	-2.162822e-11
0.356	322			1.51732e-05	-6.28459e-06	1.64231e-05	-22.494	0.000533823	-8.70234e-06	0.000533823	-0.93	0.00192548	-7.53407e-05	0.00192643	-2.232	0.00141049	-7.72481e-05	0.0014124	-3.126	-2.062307e-11
0.354	323			3.12089e-05	-5.39984e-06	3.16727e-05	-9.816	0.000485422	-7.86787e-06	0.000485422	-0.93	0.00185252	-7.34334e-05	0.00185395	-2.268	0.00140334	-7.53407e-05	0.00140525	-3.06	-1.857084e-11
0.352	324			4.33403e-05	-7.19915e-06	4.39344e-05	-9.432	0.000470521	-8.2255e-06	0.00047064	-0.996	0.00181676	-7.10492e-05	0.00181819	-2.226	0.00139285	-7.53407e-05	0.00139476	-3.084	-1.840329e-11
0.35	325			5.04556e-05	-7.30905e-06	5.09846e-05	-8.238	0.000474812	-6.91417e-06	0.000474812	-0.822	0.00180245	-7.10492e-05	0.00180388	-2.244	0.00138045	-7.43871e-05	0.00138236	-3.084	-2.120941e-11
0.348	326			5.23927e-05	-7.68161e-06	5.29515e-05	-8.34	0.000495676	-9.5368e-06	0.000495795	-1.104	0.00181247	-7.05724e-05	0.0018139	-2.22	0.00137139	-7.39102e-05	0.0013733	-3.072	-2.032991e-11
0.346	327			4.52215e-05	-7.99081e-06	4.59219e-05	-10.02	0.000522379	-1.00136e-05	0.000522498	-1.092	0.00182868	-7.10492e-05	0.00183011	-2.22	0.00135375	-7.34334e-05	0.00135566	-3.102	-1.702126e-11
0.344	328			3.00073e-05	-6.92162e-06	3.07935e-05	-12.984	0.000544313	-1.01328e-05	0.000544433	-1.068	0.001853	-7.29566e-05	0.00185443	-2.244	0.0013404	-7.34334e-05	0.0013423	-3.114	-1.898971e-11
0.342	329			2.52688e-05	-6.67575e-06	2.6133e-05	-14.796	0.000549916	-1.03713e-05	0.000549916	-1.068	0.00186349	-7.24797e-05	0.00186444	-2.22	0.00133849	-7.29566e-05	0.0013404	-3.108	-1.463392e-11
0.34	330			1.21706e-05	-6.85084e-06	1.39624e-05	-29.364	0.000544075	-9.29838e-06	0.000544075	-0.978	0.00187159	-7.20029e-05	0.00187302	-2.202	0.00133897	-7.34334e-05	0.00134087	-3.132	-1.656053e-11
0.338	331			1.16304e-05	-5.84873e-06	1.30162e-05	-26.682	0.000536803	-9.65601e-06	0.000536803	-1.026	0.00186253	-7.29566e-05	0.00186396	-2.232	0.00133849	-7.34334e-05	0.00134087	-3.132	-1.748192e-11
0.336	332			2.70308e-05	-6.46341e-06	2.77908e-05	-13.44	0.000562433	-1.01328e-05	0.000562433	-1.026	0.00186539	-7.24797e-05	0.00186682	-2.22	0.00133181	-7.34334e-05	0.0013342	-3.138	-1.413132e-11
0.334	333			3.87917e-05	-7.0669e-06	3.94287e-05	-10.326	0.000577096	-1.16826e-05	0.000577215	-1.158	0.00185777	-7.20029e-05	0.0018592	-2.208	0.00132275	-7.20029e-05	0.00132466	-3.114	-1.890591e-11
0.332	334			4.60336e-05	-6.9626e-06	4.65552e-05	-8.598	0.000580672	-1.09673e-05	0.000580791	-1.074	0.0018468	-7.20029e-05	0.00184823	-2.22	0.00131512	-7.20029e-05	0.00131703	-3.12	-1.618356e-11
0.33	335			4.77212e-05	-6.9775e-06	4.82278e-05	-8.316	0.000576857	-1.09673e-05	0.000576977	-1.08	0.0018282	-7.20029e-05	0.00182915	-2.244	0.00130273	-7.10492e-05	0.00130463	-3.12	-1.635107e-11
0.328	336			4.91033e-05	-7.13769e-06	4.96211e-05	-8.268	0.000543479	-9.77522e-06	0.000543479	-1.02	0.00178481	-6.91419e-05	0.00178576	-2.214	0.00129319	-7.05724e-05	0.00129557	-3.114	-1.907344e-11
0.326	337			4.92076e-05	-7.43571e-06	4.97627e-05	-8.592	0.000482799	-8.46392e-06	0.000482919	-0.996	0.00171233	-6.67577e-05	0.00171376	-2.22	0.00128222	-7.00955e-05	0.00128413	-3.108	-1.501082e-11
0.324	338			4.15149e-05	-6.90672e-06	4.20848e-05	-9.444	0.000449063	-7.51021e-06	0.000449063	-0.942	0.00167943	-6.5804e-05	0.00168086	-2.226	0.00127364	-6.81882e-05	0.00127555	-3.054	-2.162825e-11
0.322	339			3.98832e-05	-6.91789e-06	4.04792e-05	-9.84	0.000430467	-7.03338e-06	0.000430467	-0.93	0.00166322	-6.5804e-05	0.00166465	-2.25	0.00127316	-6.8665e-05	0.00127507	-3.072	-1.618356e-11
0.32	340			4.45845e-05	-6.78751e-06	4.50949e-05	-8.652	0.000445964	-8.46392e-06	0.000446083	-1.08	0.00166655	-6.5804e-05	0.00166798	-2.244	0.00126792	-6.8665e-05	0.00126982	-3.084	-2.259156e-11
0.318	341			3.34906e-05	-6.34047e-06	3.40829e-05	-10.716	0.000463726	-7.15259e-06	0.000463845	-0.87	0.00167371	-6.5804e-05	0.00167514	-2.244	0.00124646	-6.8665e-05	0.00124884	-3.138	-2.13351e-11
0.316	342			1.80119e-05	-6.43733e-06	1.91258e-05	-19.662	0.000481488	-8.94075e-06	0.000481488	-1.056	0.00168753	-6.43735e-05	0.00168849	-2.184	0.00122643	-6.67577e-05	0.00122786	-3.096	-1.300049e-11
0.314	343			2.04557e-05	-5.34955e-06	2.11449e-05	-14.646	0.000496153	-9.17917e-06	0.000496153	-1.044	0.00170327	-6.5804e-05	0.0017047	-2.208	0.00122691	-6.72345e-05	0.00122834	-3.126	-1.865461e-11
0.312	344			2.53358e-05	-6.14303e-06	2.60697e-05	-13.62	0.000519995	-8.94075e-06	0.000519995	-0.978	0.00172044	-6.5804e-05	0.00172187	-2.172	0.00122739	-6.5804e-05	0.00122882	-3.06	-1.823576e-11
0.31	345			3.53421e-05	-6.73535e-06	3.59791e-05	-10.788	0.000539307	-9.77522e-06	0.000539426	-1.026	0.00172616	-6.5804e-05	0.00172711	-2.178	0.00122262	-6.72345e-05	0.00122453	-3.138	-1.781696e-11
0.308	346			5.18861e-05	-7.17121e-06	5.23778e-05	-7.866	0.00055242	-1.06097e-05	0.000552539	-1.098	0.00172091	-6.67577e-05	0.00172234	-2.208	0.00122214	-6.67577e-05	0.00122357	-3.108	-1.831954e-11
0.306	347			5.6267e-05	-7.14886e-06	5.67178e-05	-7.236	0.000552896	-1.09673e-05	0.000553016	-1.134	0.00170756	-6.67577e-05	0.00170851	-2.226	0.00121356	-6.67577e-05	0.00121499	-3.126	-2.19214e-11
0.304	348			5.29031e-05	-6.79123e-06	5.33352e-05	-7.314	0.000524644	-1.12057e-05	0.000524763	-1.224	0.00166322	-6.43735e-05	0.00166417	-2.214	0.00119687	-6.53272e-05	0.0011983	-3.108	-1.919908e-11
0.302	349			3.10282e-05	-5.49483e-06	3.15087e-05	-10.038	0.000460269	-7.74866e-06	0.000460388	-0.96	0.0015955	-6.10356e-05	0.00159646	-2.19	0.00117112	-6.24661e-05	0.00117255	-3.048	-1.438263e-11
0.3	350			9.04506e-06	-4.83918e-06	1.02595e-05	-28.128	0.00039983	-5.48366e-06	0.000399949	-0.774	0.00154639	-5.96049e-05	0.00154734	-2.196	0.00115824	-6.24661e-05	0.00115968	-3.066	-2.007861e-11
0.298	351			5.81148e-06	-4.04383e-06	7.07994e-06	-34.818	0.000378134	-5.48366e-06	0.000378253	-0.828	0.00153161	-6.00817e-05	0.00153256	-2.232	0.00115968	-6.19893e-05	0.00116158	-3.042	-1.622542e-11
0.296	352			1.52887e-05	-4.51694e-06	1.59425e-05	-16.458	0.000383975	-5.24524e-06	0.000384094	-0.774	0.00152875	-5.9128e-05	0.0015297	-2.208	0.00116111	-6.10356e-05	0.00116254	-3.006	-1.417321e-11
0.294	353			2.4276e-05	-5.83942e-06	2.49689e-05	-13.524	0.000417234	-5.96049e-06	0.000417234	-0.816	0.00154496	-6.00817e-05	0.00154591	-2.208	0.00115252	-6.2943e-05	0.00115443	-3.114	-1.455014e-11
0.292	354			3.66832e-05	-5.2471e-06	3.70557e-05	-8.142	0.000460507	-7.62945e-06	0.000460627	-0.948	0.00157309	-6.05586e-05	0.00157405	-2.196	0.00115109	-6.24661e-05	0.00115252	-3.084	-1.898963e-11
0.29	355			3.4977e-05	-6.1896e-06	3.5519e-05	-10.032	0.000502113	-1.04905e-05	0.000502232	-1.194	0.00159694	-6.10356e-05	0.00159789	-2.184	0.00113345	-6.19893e-05	0.00113488	-3.114	-1.865461e-11
0.288	356			2.2052e-05	-5.24524e-06	2.26666e-05	-13.38	0.000516538	-1.06097e-05	0.000516657	-1.17	0.00160552	-6.19893e-05	0.00160647	-2.196	0.00111199	-6.00817e-05	0.0011139	-3.072	-1.689555e-11
0.286	357			8.45274e-06	-5.01241e-06	9.82551e-06	-30.66	0.000497106	-8.82155e-06	0.000497226	-1.014	0.00159455	-6.10356e-05	0.0015955	-2.19	0.00110627	-6.10356e-05	0.00110818	-3.138	-1.651861e-11
0.284	358			2.2147e-06	-3.84825e-06	4.43964e-06	-60.072	0.000454905	-7.86787e-06	0.000455024	-0.99	0.00155736	-6.00817e-05	0.00155831	-2.19	0.00110579	-5.96049e-05	0.00110722	-3.072	-1.844524e-11
0.282	359			8.05414e-06	-4.35582e-06	9.15589e-06	-28.404	0.000401856	-6.19891e-06	0.000401976	-0.876	0.00149918	-5.67439e-05	0.00150014	-2.166	0.0011077	-5.96049e-05	0.00110913	-3.066	-1.911535e-11
0.28	360			1.57534e-05	-4.09599e-06	1.62768e-05	-14.574	0.000376822	-5.00682e-06	0.000376822	-0.762	0.00145388	-5.6267e-05	0.00145484	-2.208	0.00109626	-5.9128e-05	0.00109816	-3.078	-1.40057e-11
0.278	361			2.32366e-05	-4.86526e-06	2.37395e-05	-11.826	0.000374796	-4.88761e-06	0.000374796	-0.744	0.00143719	-5.43597e-05	0.00143815	-2.166	0.00108863	-5.86512e-05	0.00109053	-3.066	-1.672804e-11
0.276	362			1.98317e-05	-4.44989e-06	2.03253e-05	-12.642	0.000378491	-5.48366e-06	0.000378611	-0.828	0.00142432	-5.3406e-05	0.00142527	-2.13	0.0010686	-5.6267e-05	0.00106955	-3.0	-1.811013e-11
0.274	363			1.06563e-05	-5.58051e-06	1.2029e-05	-27.63	0.000386717	-5.84128e-06	0.000386836	-0.858	0.00143481	-5.57902e-05	0.00143624	-2.22	0.00105906	-5.76975e-05	0.00106049	-3.096	-1.949226e-11
0.272	364			2.26313e-06	-3.62472e-06	4.27294e-06	-57.99	0.000411632	-6.55654e-06	0.000411632	-0.9	0.00146819	-5.57902e-05	0.00146914	-2.172	0.00105954	-5.67439e-05	0.00106097	-3.06	-2.020424e-11
0.27	365			4.56072e-06	-3.65266e-06	5.84222e-06	-38.682	0.000432851	-6.31812e-06	0.00043297	-0.822	0.00149012	-5.72207e-05	0.00149108	-2.19	0.00106192	-5.72207e-05	0.00106383	-3.072	-2.150258e-11
0.268	366			1.15168e-05	-3.77466e-06	1.21194e-05	-18.144	0.000447394	-7.39101e-06	0.000447514	-0.942	0.00148583	-5.67439e-05	0.00148679	-2.172	0.00105334	-5.67439e-05	0.00105525	-3.078	-1.643491e-11
0.266	367			1.97907e-05	-3.59864e-06	2.01148e-05	-10.302	0.000430109	-6.55654e-06	0.000430228	-0.864	0.00145198	-5.57902e-05	0.00145293	-2.184	0.00104428	-5.6267e-05	0.00104571	-3.066	-1.522026e-11
0.264	368			1.82764e-05	-5.22661e-06	1.90103e-05	-15.96	0.000406744	-6.31812e-06	0.000406744	-0.882	0.00141049	-5.3406e-05	0.00141145	-2.148	0.00102616	-5.53133e-05	0.00102759	-3.066	-1.836143e-11
0.262	369			1.10735e-05	-4.65478e-06	1.20123e-05	-22.788	0.000355961	-4.41077e-06	0.000355961	-0.708	0.00136233	-5.24523e-05	0.00136328	-2.196	0.00101805	-5.48365e-05	0.00101949	-3.072	-1.53878e-11
0.26	370			3.01377e-06	-2.6934e-06	4.04197e-06	-41.778	0.000327827	-3.21867e-06	0.000327827	-0.558	0.0013404	-5.10218e-05	0.00134135	-2.178	0.00101758	-5.43597e-05	0.00101853	-3.054	-2.271716e-11
0.258	371			6.31626e-06	-3.82776e-06	7.38542e-06	-31.2	0.00032449	-3.93394e-06	0.00032449	-0.684	0.00133611	-5.10218e-05	0.00133706	-2.172	0.00101853	-5.3406e-05	0.00101996	-2.994	-1.764948e-11
0.256	372			1.62331e-05	-4.22823e-06	1.67751e-05	-14.592	0.000360372	-4.64919e-06	0.000360372	-0.72	0.00135184	-5.10218e-05	0.00135279	-2.16	0.00100947	-5.38828e-05	0.0010109	-3.042	-1.584851e-11
0.254	373			2.51011e-05	-4.73115e-06	2.55426e-05	-10.668	0.0004133	-7.15259e-06	0.0004133	-0.978	0.00138284	-5.24523e-05	0.00138379	-2.154	0.000997551	-5.38828e-05	0.000998504	-3.078	-2.095811e-11
0.252	374			1.81739e-05	-5.0776e-06	1.88687e-05	-15.606	0.000423433	-7.74866e-06	0.000423433	-1.044	0.00138331	-5.29292e-05	0.00138427	-2.178	0.000978	-5.31676e-05	0.000979431	-3.114	-1.635112e-11
0.25	375			9.95776e-06	-2.62821e-06	1.02986e-05	-14.772	0.00039077	-6.67575e-06	0.00039077	-0.978	0.00135852	-5.29292e-05	0.00135947	-2.22	0.000978239	-5.22139e-05	0.000979669	-3.042	-1.597416e-11
0.248	376			5.34955e-06	-3.63404e-06	6.46527e-06	-34.182	0.000349404	-5.00682e-06	0.000349523	-0.81	0.0013218	-5.0545e-05	0.00132323	-2.178	0.000980385	-5.22139e-05	0.000981815	-3.036	-1.718874e-11
0.246	377			2.01912e-05	-4.67154e-06	2.07258e-05	-13.026	0.00032294	-4.41077e-06	0.00032294	-0.78	0.00127793	-4.86376e-05	0.00127888	-2.166	0.000977285	-5.19755e-05	0.000978716	-3.036	-2.334539e-11
0.244	378			3.45244e-05	-4.44803e-06	3.48093e-05	-7.338	0.000339629	-5.36445e-06	0.000339748	-0.888	0.00126649	-4.76839e-05	0.00126792	-2.154	0.000964407	-5.10218e-05	0.000965837	-3.018	-1.873837e-11
0.242	379			3.73146e-05	-5.09623e-06	3.76611e-05	-7.776	0.000352742	-5.24524e-06	0.000352861	-0.846	0.00126124	-4.76839e-05	0.0012622	-2.148	0.000948194	-5.0545e-05	0.000949387	-3.036	-2.296846e-11
0.24	380			2.32608e-05	-4.52626e-06	2.36986e-05	-11.01	0.000355126	-5.12603e-06	0.000355246	-0.816	0.00127507	-4.76839e-05	0.00127602	-2.124	0.000943426	-5.00681e-05	0.000944618	-3.036	-2.108382e-11
0.238	381			1.65534e-05	-4.88575e-06	1.72575e-05	-16.44	0.000361802	-5.24524e-06	0.000361802	-0.822	0.00128794	-4.91145e-05	0.0012889	-2.166	0.000943426	-5.10218e-05	0.000944618	-3.084	-1.836139e-11
0.236	382			2.76287e-05	-5.73325e-06	2.82173e-05	-11.724	0.000369074	-5.96049e-06	0.000369193	-0.912	0.00127745	-4.86376e-05	0.00127841	-2.166	0.000938419	-5.10218e-05	0.000939611	-3.108	-1.501085e-11
0.234	383			3.71246e-05	-5.29367e-06	3.7499e-05	-8.112	0.000365498	-6.0797e-06	0.000365498	-0.942	0.00125361	-4.67303e-05	0.00125457	-2.13	0.000928406	-4.93529e-05	0.000929836	-3.03	-1.710497e-11
0.232	384			4.04494e-05	-6.26969e-06	4.09319e-05	-8.808	0.000341298	-4.7684e-06	0.000341298	-0.786	0.00121213	-4.48229e-05	0.0012126	-2.112	0.000914577	-4.91145e-05	0.000916008	-3.066	-1.647674e-11
0.23	385			3.71619e-05	-4.66782e-06	3.74543e-05	-7.158	0.000326874	-5.00682e-06	0.000326874	-0.864	0.00119925	-4.57766e-05	0.00120021	-2.166	0.000910286	-4.83992e-05	0.000911716	-3.03	-2.108376e-11
0.228	386			2.83775e-05	-4.78516e-06	2.8778e-05	-9.57	0.00032294	-4.64919e-06	0.00032294	-0.804	0.00119019	-4.48229e-05	0.00119115	-2.148	0.000897173	-4.76839e-05	0.000898603	-3.03	-2.028801e-11
0.226	387			2.47156e-05	-4.00844e-06	2.50378e-05	-9.21	0.000323178	-4.17235e-06	0.000323178	-0.732	0.00119115	-4.48229e-05	0.00119258	-2.148	0.000893597	-4.83992e-05	0.000895027	-3.084	-1.802637e-11
0.224	388			3.47926e-05	-4.61566e-06	3.50981e-05	-7.554	0.000349404	-5.24524e-06	0.000349404	-0.84	0.00120307	-4.48229e-05	0.00120354	-2.124	0.000890259	-4.69687e-05	0.000891212	-3.012	-1.815199e-11
0.222	389			4.19377e-05	-4.55233e-06	4.21836e-05	-6.198	0.000360252	-5.12603e-06	0.000360372	-0.804	0.00119687	-4.48229e-05	0.00119735	-2.136	0.000880722	-4.67303e-05	0.000881914	-3.03	-1.953414e-11
0.22	390			2.93871e-05	-4.02334e-06	2.9659e-05	-7.794	0.000338675	-4.41077e-06	0.000338675	-0.744	0.00116492	-4.43461e-05	0.00116587	-2.16	0.000860218	-4.55382e-05	0.00086141	-3.024	-2.095816e-11
0.218	391			1.65814e-05	-3.69364e-06	1.69893e-05	-12.558	0.000294687	-3.93394e-06	0.000294687	-0.75	0.0011344	-4.33924e-05	0.00113488	-2.172	0.00085688	-4.50613e-05	0.000858072	-3.006	-1.940852e-11
0.216	392			2.73065e-05	-3.83335e-06	2.75747e-05	-7.986	0.000283601	-3.21867e-06	0.000283601	-0.648	0.00111295	-4.24387e-05	0.0011139	-2.16	0.00085688	-4.52998e-05	0.000858072	-3.018	-1.869651e-11
0.214	393			3.34254e-05	-5.018e-06	3.37998e-05	-8.538	0.000313642	-4.88761e-06	0.000313761	-0.876	0.00112057	-4.24387e-05	0.00112153	-2.16	0.000843052	-4.50613e-05	0.000844244	-3.054	-1.886402e-11
0.212	394			1.9407e-05	-4.43685e-06	1.99062e-05	-12.876	0.000331642	-4.64919e-06	0.000331642	-0.786	0.00113536	-4.29156e-05	0.00113583	-2.148	0.000824694	-4.45845e-05	0.000825886	-3.09	-1.769136e-11
0.21	395			9.82737e-06	-4.47783e-06	1.07978e-05	-24.492	0.000311138	-5.00682e-06	0.000311257	-0.906	0.0011263	-4.14851e-05	0.00112725	-2.1	0.000825409	-4.41077e-05	0.000826601	-3.048	-2.003672e-11
0.208	396			2.15733e-05	-3.75324e-06	2.18974e-05	-9.87	0.000290992	-3.33787e-06	0.000290992	-0.66	0.00109101	-4.10082e-05	0.00109149	-2.136	0.000824455	-4.33924e-05	0.000825647	-3.006	-1.66024e-11
0.206	397			2.43896e-05	-3.47012e-06	2.46355e-05	-8.094	0.000287415	-3.6955e-06	0.000287415	-0.72	0.00106383	-4.00546e-05	0.00106431	-2.154	0.000804428	-4.19619e-05	0.00080562	-2.976	-1.827766e-11
0.204	398			1.08984e-05	-3.09573e-06	1.13305e-05	-15.852	0.000273826	-3.33787e-06	0.000273826	-0.696	0.00105859	-3.91009e-05	0.00105906	-2.112	0.000795607	-4.24387e-05	0.000796799	-3.048	-1.233038e-11
0.202	399			1.03936e-05	-3.34905e-06	1.09207e-05	-17.856	0.000279905	-2.62262e-06	0.000279905	-0.534	0.00106717	-3.91009e-05	0.00106765	-2.076	0.000797991	-4.22003e-05	0.000799183	-3.024	-1.601603e-11
0.2	400			1.91891e-05	-4.84477e-06	1.97907e-05	-14.166	0.00031078	-2.74183e-06	0.00031078	-0.504	0.00107384	-3.91009e-05	0.00107432	-2.082	0.000786785	-4.26772e-05	0.000787739	-3.09	-2.246587e-11
0.198	401			1.60319e-05	-3.42356e-06	1.63933e-05	-12.054	0.000287177	-3.57629e-06	0.000287177	-0.708	0.0010419	-3.91009e-05	0.00104237	-2.124	0.00077248	-4.05314e-05	0.000773434	-3.0	-1.65605e-11
0.196	402			9.02271e-06	-2.42518e-06	9.34122e-06	-15.042	0.000242711	-2.26499e-06	0.000242711	-0.516	0.00100899	-3.81472e-05	0.00100947	-2.154	0.000774864	-4.17235e-05	0.000776056	-3.066	-1.961791e-11
0.194	403			1.92338e-05	-4.07363e-06	1.96603e-05	-11.958	0.000259044	-3.33787e-06	0.000259044	-0.72	0.00100423	-3.76704e-05	0.00100518	-2.148	0.000765804	-4.10082e-05	0.000766996	-3.054	-1.513653e-11
0.192	404			2.1929e-05	-3.72158e-06	2.2242e-05	-9.63	0.000291349	-3.6955e-06	0.000291349	-0.708	0.00101949	-3.81472e-05	0.00101996	-2.136	0.000751261	-4.0293e-05	0.000752214	-3.06	-1.953415e-11
0.19	405			1.16323e-05	-3.87247e-06	1.22581e-05	-18.408	0.000273349	-2.14578e-06	0.000273349	-0.432	0.00101138	-3.71935e-05	0.00101186	-2.094	0.000749353	-4.0293e-05	0.000750307	-3.066	-1.756566e-11
0.188	406			2.2337e-05	-3.55953e-06	2.26182e-05	-9.048	0.000249745	-1.90736e-06	0.000249745	-0.414	0.000972752	-3.55246e-05	0.000973228	-2.088	0.000747446	-3.93393e-05	0.0007484	-3.0	-1.886401e-11
0.186	407			3.00166e-05	-3.86874e-06	3.02644e-05	-7.344	0.000264289	-3.09946e-06	0.000264289	-0.666	0.000963215	-3.55246e-05	0.00096393	-2.1	0.000731234	-3.8624e-05	0.000732426	-3.012	-1.718872e-11
0.184	408			2.13144e-05	-2.96348e-06	2.15193e-05	-7.914	0.000259044	-3.57629e-06	0.000259044	-0.78	0.000965361	-3.60014e-05	0.000966076	-2.136	0.000727657	-3.81472e-05	0.000728611	-2.988	-1.723059e-11
0.182	409			2.67514e-05	-3.15161e-06	2.69358e-05	-6.714	0.000263335	-3.09946e-06	0.000263335	-0.666	0.0009594	-3.52862e-05	0.000960115	-2.1	0.00072575	-3.88625e-05	0.000726704	-3.06	-1.823581e-11
0.18	410			3.29188e-05	-4.19843e-06	3.3187e-05	-7.266	0.000258328	-3.09946e-06	0.000258328	-0.666	0.000934128	-3.45709e-05	0.000934843	-2.112	0.000711683	-3.81472e-05	0.000712637	-3.054	-1.727247e-11
0.178	411			2.91226e-05	-3.3118e-06	2.93107e-05	-6.486	0.000250341	-3.21867e-06	0.000250341	-0.732	0.000924353	-3.45709e-05	0.000925068	-2.136	0.000704769	-3.74319e-05	0.000705723	-3.03	-1.995294e-11
0.176	412			2.64739e-05	-3.61168e-06	2.67198e-05	-7.77	0.000242234	-2.26499e-06	0.000242234	-0.522	0.000913147	-3.38557e-05	0.000913862	-2.124	0.000699762	-3.71935e-05	0.000700954	-3.042	-2.292658e-11
0.174	413			3.39246e-05	-3.52228e-06	3.41053e-05	-5.928	0.000257375	-2.50341e-06	0.000257375	-0.534	0.000911716	-3.38557e-05	0.000912432	-2.112	0.000689987	-3.71935e-05	0.000690941	-3.066	-1.794261e-11
0.172	414			2.37228e-05	-3.24474e-06	2.39426e-05	-7.782	0.000237585	-2.3842e-06	0.000237585	-0.546	0.00089455	-3.33788e-05	0.000895265	-2.13	0.000680927	-3.62399e-05	0.000682119	-3.042	-1.995296e-11
0.17	415			2.69619e-05	-4.00099e-06	2.72562e-05	-8.436	0.000229598	-3.33787e-06	0.000229598	-0.834	0.000877146	-3.19483e-05	0.000877623	-2.076	0.000676397	-3.55246e-05	0.000677589	-3.0	-1.689554e-11
0.168	416			2.2024e-05	-3.05103e-06	2.22326e-05	-7.884	0.000234962	-1.66894e-06	0.000234962	-0.408	0.000869278	-3.21867e-05	0.000869755	-2.106	0.000658993	-3.50478e-05	0.000659946	-3.024	-1.953412e-11
0.166	417			1.80231e-05	-3.29317e-06	1.83211e-05	-10.35	0.000222803	-1.90736e-06	0.000222803	-0.48	0.000863317	-3.21867e-05	0.000864033	-2.124	0.000659708	-3.50478e-05	0.000660662	-3.024	-1.819389e-11
0.164	418			2.14969e-05	-2.87966e-06	2.16888e-05	-7.626	0.000226737	-2.3842e-06	0.000226737	-0.588	0.000846628	-3.17099e-05	0.000847343	-2.142	0.000644449	-3.43325e-05	0.000645403	-3.036	-1.882215e-11
0.162	419			1.32546e-05	-3.17769e-06	1.36309e-05	-13.476	0.000206233	-9.53682e-07	0.000206233	-0.24	0.0008328	-2.9564e-05	0.000833277	-2.028	0.000640396	-3.38557e-05	0.000641111	-3.024	-2.234022e-11
0.16	420			1.81814e-05	-3.49434e-06	1.85148e-05	-10.878	0.000222326	-2.98025e-06	0.000222326	-0.756	0.000831131	-3.07562e-05	0.000831608	-2.112	0.000631098	-3.31404e-05	0.000631813	-2.994	-1.643481e-11
0.158	421			1.34316e-05	-2.56488e-06	1.36737e-05	-10.806	0.000206471	-1.1921e-06	0.000206471	-0.312	0.000816587	-2.9564e-05	0.000817064	-2.058	0.000623707	-3.33788e-05	0.000624422	-3.042	-2.0288e-11
0.156	422			1.7671e-05	-2.8331e-06	1.78964e-05	-9.102	0.000204564	-1.31131e-06	0.000204564	-0.354	0.000800613	-2.93256e-05	0.00080109	-2.088	0.000616077	-3.24252e-05	0.000617031	-3.0	-1.777506e-11
0.154	423			1.65777e-05	-3.34905e-06	1.69129e-05	-11.418	0.000208498	-1.90736e-06	0.000208498	-0.492	0.000798468	-2.88488e-05	0.000798944	-2.07	0.000607971	-3.24252e-05	0.000608925	-3.042	-1.513649e-11
0.152	424			2.03328e-05	-2.4289e-06	2.0478e-05	-6.81	0.000200511	-2.26499e-06	0.000200511	-0.63	0.000780109	-2.83719e-05	0.000780586	-2.082	0.000602726	-3.12331e-05	0.000603441	-2.958	-1.756567e-11
0.15	425			2.36017e-05	-3.14043e-06	2.38103e-05	-7.578	0.000202776	-1.90736e-06	0.000202776	-0.51	0.00077248	-2.83719e-05	0.000772957	-2.1	0.000594143	-3.17099e-05	0.000595096	-3.036	-1.907345e-11
0.148	426			2.45833e-05	-3.02681e-06	2.47677e-05	-7.02	0.000199796	-2.02657e-06	0.000199796	-0.552	0.000760559	-2.78951e-05	0.000761274	-2.082	0.000585083	-3.14715e-05	0.000586037	-3.066	-1.559724e-11
0.146	427			2.77517e-05	-2.76232e-06	2.78876e-05	-5.682	0.000197769	-1.84775e-06	0.000197769	-0.522	0.000749353	-2.71798e-05	0.00074983	-2.064	0.000579838	-3.05178e-05	0.000580791	-3.012	-1.643486e-11
0.144	428			2.4289e-05	-2.77163e-06	2.44455e-05	-6.504	0.000192464	-1.31131e-06	0.000192464	-0.384	0.000737432	-2.6703e-05	0.000737909	-2.07	0.000572924	-3.12331e-05	0.000573639	-3.096	-2.309411e-11
0.142	429			2.46895e-05	-3.72717e-06	2.49689e-05	-8.586	0.000188232	-1.49012e-06	0.000188232	-0.444	0.000725273	-2.64646e-05	0.00072575	-2.076	0.000562195	-3.00409e-05	0.00056291	-3.054	-2.288476e-11
0.14	430			2.36185e-05	-3.11995e-06	2.38233e-05	-7.524	0.000186563	-2.20539e-06	0.000186563	-0.666	0.000715259	-2.62262e-05	0.000715736	-2.082	0.000555281	-2.88488e-05	0.000555757	-2.97	-1.777505e-11
0.138	431			1.94908e-05	-3.61355e-06	1.98224e-05	-10.5	0.000173272	-1.01329e-06	0.000173272	-0.318	0.000701908	-2.45572e-05	0.000702385	-1.986	0.000548605	-2.98024e-05	0.00054932	-3.096	-1.802635e-11
0.136	432			1.78685e-05	-2.43822e-06	1.80342e-05	-7.764	0.000178219	-1.54973e-06	0.000178219	-0.492	0.000693802	-2.50341e-05	0.000694279	-2.046	0.000536922	-2.81335e-05	0.000537399	-2.982	-2.120944e-11
0.134	433			1.61176e-05	-2.61889e-06	1.63299e-05	-9.228	0.000164689	-5.36445e-07	0.000164689	-0.174	0.000677589	-2.45572e-05	0.000678066	-2.07	0.000530485	-2.81335e-05	0.0005312	-3.018	-1.823576e-11
0.132	434			1.66e-05	-2.17745e-06	1.67416e-05	-7.47	0.000166477	-7.74864e-07	0.000166477	-0.252	0.000672821	-2.40804e-05	0.000673298	-2.04	0.000523571	-2.81335e-05	0.000524286	-3.06	-2.21727e-11
0.13	435			1.70917e-05	-2.94113e-06	1.73432e-05	-9.762	0.000163079	-7.15259e-07	0.000163079	-0.234	0.000657324	-2.31267e-05	0.000657562	-2.004	0.000513796	-2.74183e-05	0.000514273	-3.048	-1.844519e-11
0.128	436			1.76356e-05	-2.78467e-06	1.78536e-05	-8.97	0.000161708	-5.36445e-07	0.000161708	-0.186	0.000649456	-2.31267e-05	0.000649694	-2.028	0.000507835	-2.81335e-05	0.000508789	-3.156	-1.706308e-11
0.126	437			2.18862e-05	-2.31342e-06	2.20091e-05	-6.036	0.000159801	-1.1921e-06	0.000159801	-0.408	0.000638012	-2.33651e-05	0.000638489	-2.094	0.000501636	-2.69414e-05	0.000502352	-3.06	-1.831956e-11
0.124	438			2.26443e-05	-3.42169e-06	2.29013e-05	-8.586	0.000157178	-1.1921e-07	0.000157178	-0.036	0.000624422	-2.19346e-05	0.000624899	-2.004	0.000491742	-2.6703e-05	0.000492457	-3.102	-1.978542e-11
0.122	439			2.20259e-05	-2.44194e-06	2.21619e-05	-6.324	0.000153244	-1.78815e-07	0.000153244	-0.048	0.000613932	-2.2173e-05	0.00061417	-2.052	0.000485661	-2.47956e-05	0.000486257	-2.916	-2.037176e-11
0.12	440			2.1903e-05	-1.82167e-06	2.19775e-05	-4.752	0.000148357	-1.1921e-07	0.000148357	-0.036	0.000604395	-2.16962e-05	0.000604633	-2.052	0.000479462	-2.55109e-05	0.000480058	-3.042	-2.447626e-11
0.118	441			2.08059e-05	-1.98001e-06	2.0899e-05	-5.43	0.000143648	-4.17234e-07	0.000143648	-0.156	0.000591759	-2.19346e-05	0.000591997	-2.112	0.00047064	-2.52725e-05	0.000471355	-3.072	-1.714685e-11
0.116	442			1.73525e-05	-1.83099e-06	1.74475e-05	-6.018	0.000142039	4.76841e-07	0.000142039	0.204	0.000581983	-2.14578e-05	0.00058246	-2.1	0.000458481	-2.45572e-05	0.000459077	-3.054	-1.668615e-11
0.114	443			1.69837e-05	-2.71761e-06	1.71998e-05	-9.09	0.000134231	5.96051e-08	0.000134231	0.03	0.000568632	-2.02657e-05	0.00056887	-2.028	0.000452163	-2.47956e-05	0.000452759	-3.132	-2.070684e-11
0.112	444			1.55364e-05	-1.99677e-06	1.5665e-05	-7.314	0.00013429	-3.5763e-07	0.00013429	-0.126	0.000559572	-2.02657e-05	0.000560049	-2.064	0.000443937	-2.39612e-05	0.000444533	-3.084	-1.635109e-11
0.11	445			1.68459e-05	-2.15882e-06	1.69837e-05	-7.302	0.000134052	-5.36445e-07	0.000134052	-0.228	0.000550512	-1.97889e-05	0.000550751	-2.046	0.000433924	-2.33651e-05	0.000434639	-3.078	-1.593226e-11
0.108	446			1.83267e-05	-1.71923e-06	1.84068e-05	-5.358	0.000128151	6.55655e-07	0.000128151	0.3	0.000536446	-1.95504e-05	0.000536684	-2.064	0.000427129	-2.39612e-05	0.000427725	-3.198	-1.794262e-11
0.106	447			1.97591e-05	-2.2594e-06	1.98857e-05	-6.522	0.00012678	1.78815e-07	0.00012678	0.108	0.00052667	-1.95504e-05	0.000526909	-2.1	0.000419738	-2.27691e-05	0.000420334	-3.09	-2.125133e-11
0.104	448			1.84105e-05	-2.38979e-06	1.85651e-05	-7.392	0.000122071	3.5763e-07	0.000122071	0.174	0.000516418	-1.69278e-05	0.000516657	-1.866	0.000414493	-2.25307e-05	0.000415089	-3.102	-1.878025e-11
0.102	449			1.73544e-05	-1.58512e-06	1.7427e-05	-5.22	0.000118793	1.78815e-07	0.000118793	0.114	0.00050569	-1.83583e-05	0.000505928	-2.058	0.000403525	-2.20538e-05	0.000404241	-3.12	-1.861273e-11
0.1	450			1.5691e-05	-2.26499e-06	1.58512e-05	-8.208	0.000114024	6.55655e-07	0.000114024	0.336	0.000493769	-1.6451e-05	0.000494007	-1.902	0.000397803	-2.2173e-05	0.000398399	-3.186	-2.330358e-11
0.098	451			1.6058e-05	-2.39165e-06	1.62349e-05	-8.472	0.000111044	1.1921e-07	0.000111044	0.072	0.000483515	-1.74047e-05	0.000483872	-2.052	0.000389697	-2.0981e-05	0.000390293	-3.066	-1.781697e-11
0.096	452			1.74103e-05	-2.15323e-06	1.75425e-05	-7.044	0.000108719	6.55655e-07	0.000108719	0.348	0.000473263	-1.66894e-05	0.00047362	-2.016	0.000382902	-2.05041e-05	0.000383379	-3.06	-1.756568e-11
0.094	453			2.02229e-05	-1.63168e-06	2.0288e-05	-4.608	0.000108779	4.17234e-07	0.000108779	0.228	0.000463607	-1.66894e-05	0.000463964	-2.058	0.000376107	-1.95504e-05	0.000376703	-2.97	-1.21629e-11
0.092	454			1.78852e-05	-2.40655e-06	1.80473e-05	-7.656	0.000105143	1.31131e-06	0.000105143	0.744	0.000452401	-1.6451e-05	0.00045264	-2.076	0.000367166	-2.00273e-05	0.000367643	-3.12	-1.961791e-11
0.09	455			1.65777e-05	-1.92226e-06	1.66876e-05	-6.612	9.98979e-05	2.3842e-07	9.98979e-05	0.15	0.000441672	-1.56165e-05	0.00044203	-2.022	0.000359895	-1.94312e-05	0.000360491	-3.072	-1.450826e-11
0.088	456			1.71663e-05	-1.68011e-06	1.72482e-05	-5.586	9.78415e-05	1.07289e-06	9.78415e-05	0.636	0.000431539	-1.46628e-05	0.000431897	-1.938	0.000352861	-1.91928e-05	0.000353338	-3.102	-1.911532e-11
0.086	457			1.53446e-05	-2.17e-06	1.54992e-05	-8.046	9.52785e-05	9.23876e-07	9.52785e-05	0.564	0.000421168	-1.37091e-05	0.000421287	-1.86	0.00034404	-1.8716e-05	0.000344517	-3.108	-1.040382e-11
0.084	458			1.81795e-05	-1.92785e-06	1.8282e-05	-6.048	9.36096e-05	7.45062e-07	9.36096e-05	0.468	0.000410201	-1.40668e-05	0.000410559	-1.962	0.000336172	-1.78815e-05	0.000336649	-3.042	-2.095813e-11
0.082	459			1.67863e-05	-2.0452e-06	1.69092e-05	-6.942	8.82749e-05	1.78815e-06	8.82749e-05	1.182	0.000398876	-1.34707e-05	0.000399115	-1.926	0.00032902	-1.78815e-05	0.000329496	-3.108	-1.718871e-11
0.08	460			1.59313e-05	-1.43238e-06	1.59965e-05	-5.136	8.6755e-05	6.25852e-07	8.6755e-05	0.42	0.000390055	-1.34707e-05	0.000390293	-1.968	0.000320436	-1.74047e-05	0.000320913	-3.108	-1.656054e-11
0.078	461			1.64994e-05	-1.92599e-06	1.66112e-05	-6.654	8.52053e-05	4.17234e-07	8.52053e-05	0.288	0.00037873	-1.28747e-05	0.000378968	-1.944	0.00031233	-1.77623e-05	0.000312807	-3.234	-2.141886e-11
0.076	462			1.66447e-05	-1.99304e-06	1.67639e-05	-6.822	8.22549e-05	8.64271e-07	8.22549e-05	0.606	0.000368597	-1.21594e-05	0.000368835	-1.872	0.00030482	-1.65702e-05	0.000305297	-3.102	-1.836145e-11
0.074	463			1.62759e-05	-8.5682e-07	1.62983e-05	-3.018	7.99303e-05	1.66894e-06	7.99601e-05	1.206	0.000357868	-1.21594e-05	0.000358107	-1.938	0.000297071	-1.59742e-05	0.000297548	-3.066	-1.656051e-11
0.072	464			1.62107e-05	-1.60188e-06	1.62889e-05	-5.64	7.5907e-05	1.37091e-06	7.59368e-05	1.044	0.000347259	-1.03713e-05	0.000347378	-1.704	0.000287892	-1.57357e-05	0.000288369	-3.126	-1.496898e-11
0.07	465			1.57246e-05	-9.35052e-07	1.57544e-05	-3.396	7.22711e-05	1.57953e-06	7.22711e-05	1.254	0.000337245	-1.12057e-05	0.000337364	-1.89	0.00028074	-1.52589e-05	0.000281097	-3.102	-1.857083e-11
0.068	466			1.61772e-05	-9.08974e-07	1.62014e-05	-3.216	7.04532e-05	1.1921e-06	7.04532e-05	0.978	0.000326278	-1.13249e-05	0.000326397	-1.98	0.000273468	-1.53781e-05	0.000273945	-3.21	-1.865463e-11
0.066	467			1.44449e-05	-1.85148e-06	1.45641e-05	-7.296	6.69365e-05	1.34111e-06	6.69365e-05	1.17	0.000316979	-1.09673e-05	0.000317218	-1.962	0.000264289	-1.50204e-05	0.000264646	-3.234	-1.940852e-11
0.064	468			1.5216e-05	-1.48454e-06	1.52887e-05	-5.568	6.60126e-05	1.49012e-06	6.60424e-05	1.314	0.000306608	-1.03713e-05	0.000306847	-1.932	0.000256421	-1.4782e-05	0.000256779	-3.288	-2.141887e-11
0.062	469			1.63895e-05	-1.39513e-06	1.6451e-05	-4.866	6.25257e-05	1.1921e-06	6.25555e-05	1.116	0.000295999	-9.89443e-06	0.000296237	-1.896	0.000251414	-1.33515e-05	0.000251772	-3.018	-2.234028e-11
0.06	470			1.64529e-05	-1.46032e-06	1.65181e-05	-5.07	5.88598e-05	9.53682e-07	5.88598e-05	0.942	0.000284435	-8.70234e-06	0.000284554	-1.728	0.000242115	-1.32323e-05	0.000242473	-3.102	-1.970168e-11
0.058	471			1.61194e-05	-1.00584e-06	1.61511e-05	-3.564	5.63564e-05	1.93717e-06	5.63862e-05	1.98	0.000274779	-9.29838e-06	0.000274898	-1.932	0.000235678	-1.31131e-05	0.000236035	-3.174	-2.112567e-11
0.056	472			1.54377e-05	-1.11946e-06	1.54787e-05	-4.146	5.51047e-05	1.87755e-06	5.51345e-05	1.974	0.000265481	-8.46392e-06	0.0002656	-1.812	0.000226022	-1.2517e-05	0.000226379	-3.138	-1.986924e-11
0.054	473			1.52608e-05	-1.30945e-06	1.53166e-05	-4.902	5.24523e-05	2.29479e-06	5.25119e-05	2.508	0.00025511	-8.34471e-06	0.000255229	-1.854	0.000219823	-1.34707e-05	0.0002203	-3.504	-1.970172e-11
0.052	474			1.52123e-05	-8.53095e-07	1.52346e-05	-3.204	5.0396e-05	1.99677e-06	5.04258e-05	2.292	0.000245573	-7.98708e-06	0.000245692	-1.848	0.000211717	-1.15634e-05	0.000212074	-3.12	-1.978544e-11
0.05	475			1.58959e-05	-1.10083e-06	1.5935e-05	-3.96	4.81757e-05	1.70619e-06	4.82055e-05	2.034	0.000235678	-7.51021e-06	0.000235797	-1.812	0.000204206	-1.22786e-05	0.000204564	-3.42	-1.857089e-11
0.048	476			1.49515e-05	-1.72109e-06	1.50502e-05	-6.564	4.51135e-05	1.34856e-06	4.51359e-05	1.716	0.000224114	-7.2718e-06	0.000224234	-1.842	0.000194074	-1.09673e-05	0.000194372	-3.234	-2.083251e-11
0.046	477			1.52794e-05	-1.35415e-06	1.53409e-05	-5.064	4.27517e-05	2.16813e-06	4.28113e-05	2.91	0.000215054	-6.67575e-06	0.000215174	-1.758	0.000188828	-1.1623e-05	0.000189186	-3.504	-2.007859e-11
0.044	478			1.56426e-05	-1.1325e-06	1.56855e-05	-4.14	4.09859e-05	2.21284e-06	4.10455e-05	3.09	0.000204445	-7.03338e-06	0.000204564	-1.962	0.00018102	-1.10865e-05	0.000181318	-3.498	-1.51784e-11
0.042	479			1.49906e-05	-1.80677e-07	1.49925e-05	-0.69	3.86389e-05	1.63914e-06	3.86762e-05	2.43	0.000195802	-5.48366e-06	0.000195862	-1.596	0.000173152	-9.83482e-06	0.00017345	-3.252	-1.907342e-11
0.04	480			1.50316e-05	-1.61306e-06	1.51191e-05	-6.12	3.61281e-05	2.01912e-06	3.61803e-05	3.198	0.000185073	-6.0201e-06	0.000185193	-1.854	0.000165761	-9.77522e-06	0.000166059	-3.372	-1.764944e-11
0.038	481			1.4186e-05	-1.3467e-06	1.42493e-05	-5.424	3.43623e-05	2.25754e-06	3.44368e-05	3.762	0.000176013	-5.30484e-06	0.000176073	-1.722	0.000157178	-9.35799e-06	0.000157476	-3.384	-1.350309e-11
0.036	482			1.44933e-05	-4.9733e-07	1.45026e-05	-1.962	3.26114e-05	2.27244e-06	3.26859e-05	3.984	0.000165046	-5.42405e-06	0.000165106	-1.872	0.000149549	-8.70234e-06	0.000149847	-3.33	-1.831957e-11
0.034	483			1.5339e-05	-4.50762e-07	1.53446e-05	-1.68	3.01452e-05	2.29479e-06	3.02271e-05	4.362	0.000155748	-4.58959e-06	0.000155807	-1.668	0.00014192	-8.2851e-06	0.000142158	-3.318	-1.501084e-11
0.032	484			1.45641e-05	-9.74171e-07	1.45957e-05	-3.822	2.77461e-05	1.97442e-06	2.78206e-05	4.08	0.00014639	-4.88761e-06	0.00014645	-1.902	0.000134707	-8.2851e-06	0.000135005	-3.51	-1.689553e-11
0.03	485			1.41785e-05	-8.17705e-07	1.42027e-05	-3.294	2.66657e-05	2.89829e-06	2.68297e-05	6.204	0.000136913	-3.57629e-06	0.000136972	-1.494	0.000126363	-7.80827e-06	0.000126601	-3.516	-1.919905e-11
0.028	486			1.42325e-05	-7.48787e-07	1.42512e-05	-3.012	2.57121e-05	2.08618e-06	2.5794e-05	4.656	0.000127734	-3.87433e-06	0.000127853	-1.734	0.000118316	-7.39101e-06	0.000118554	-3.546	-1.57229e-11
0.026	487			1.43517e-05	-1.3914e-06	1.44188e-05	-5.532	2.33577e-05	1.53483e-06	2.34098e-05	3.774	0.000118316	-3.21867e-06	0.000118375	-1.53	0.000110806	-6.79496e-06	0.000111044	-3.492	-1.991107e-11
0.024	488			1.50186e-05	-4.00471e-07	1.50242e-05	-1.524	2.17186e-05	2.27244e-06	2.18378e-05	5.976	0.000108779	-3.27827e-06	0.000108839	-1.704	0.000103415	-6.67575e-06	0.000103653	-3.666	-1.823579e-11
0.022	489			1.48323e-05	-1.18092e-06	1.48789e-05	-4.548	2.01167e-05	2.68222e-06	2.02955e-05	7.608	9.98979e-05	-1.57953e-06	9.99277e-05	-0.888	9.51891e-05	-6.10951e-06	9.53679e-05	-3.666	-1.928285e-11
0.02	490			1.47801e-05	-9.96522e-07	1.48137e-05	-3.852	1.95057e-05	1.92599e-06	1.95989e-05	5.64	9.08081e-05	-2.23519e-06	9.08379e-05	-1.41	8.69934e-05	-5.90089e-06	8.71723e-05	-3.882	-1.945034e-11
0.018	491			1.40332e-05	-9.4809e-07	1.40649e-05	-3.858	1.78592e-05	1.85148e-06	1.79523e-05	5.928	8.28807e-05	-2.23519e-06	8.29105e-05	-1.542	7.89766e-05	-5.63267e-06	7.91554e-05	-4.068	-2.083249e-11
0.016	492			1.2884e-05	-7.02221e-07	1.29026e-05	-3.12	1.70657e-05	2.24636e-06	1.7211e-05	7.5	7.58176e-05	-1.93717e-06	7.58474e-05	-1.458	7.11684e-05	-5.06642e-06	7.1377e-05	-4.056	-1.898968e-11
0.014	493			1.22283e-05	-8.60546e-07	1.22581e-05	-4.02	1.59853e-05	1.95952e-06	1.61045e-05	6.99	6.59232e-05	-1.1623e-06	6.5953e-05	-0.984	6.31814e-05	-4.44058e-06	6.33304e-05	-4.014	-1.811015e-11
0.012	494			1.30851e-05	-7.52512e-07	1.31075e-05	-3.288	1.56873e-05	2.07128e-06	1.58251e-05	7.53	5.79061e-05	-9.23876e-07	5.79061e-05	-0.888	5.74591e-05	-3.96374e-06	5.76081e-05	-3.93	-1.882214e-11
0.01	495			1.38004e-05	-1.86265e-07	1.38023e-05	-0.768	1.53669e-05	2.0601e-06	1.55048e-05	7.644	4.95987e-05	-3.6508e-07	4.95987e-05	-0.414	4.86078e-05	-3.42728e-06	4.8727e-05	-4.026	-2.409929e-11
0.008	496			1.36961e-05	-2.1048e-07	1.36961e-05	-0.876	1.44356e-05	3.23357e-06	1.47932e-05	12.636	4.00248e-05	8.19568e-08	4.00248e-05	0.126	4.112e-05	-3.42728e-06	4.12615e-05	-4.764	-2.238213e-11
0.006	497			1.22581e-05	3.5763e-07	1.22637e-05	1.674	1.41897e-05	1.8105e-06	1.43089e-05	7.278	3.14789e-05	-6.10951e-07	3.14864e-05	-1.104	3.08382e-05	-2.3246e-06	3.09276e-05	-4.302	-1.764946e-11
0.004	498			1.23717e-05	-1.09897e-07	1.23717e-05	-0.504	1.34931e-05	2.68595e-06	1.37576e-05	11.256	2.34694e-05	1.71364e-07	2.34694e-05	0.42	2.4058e-05	-2.92064e-06	2.42294e-05	-6.918	-2.116755e-11
0.002	499			1.17012e-05	-2.98025e-08	1.17012e-05	-0.138	1.31429e-05	1.96697e-06	1.32919e-05	8.52	1.39662e-05	4.13509e-07	1.39736e-05	1.71	1.2517e-05	-1.97814e-06	1.26735e-05	-8.97	-1.744005e-11
0.0	500			1.10306e-05	3.5763e-07	1.10362e-05	1.86	1.26549e-05	2.27989e-06	1.2856e-05	10.224	5.4194e-06	1.30852e-06	5.57493e-06	13.572	5.15024e-06	-2.075e-06	5.55257e-06	-21.936	-1.794263e-11
