variable x	variable x count			lockin1 x	lockin1 y	lockin1 r	lockin1 phi	lockin2 x	lockin2 y	lockin2 r	lockin2 phi	lockin3 x	lockin3 y	lockin3 r	lockin3 phi	lockin4 x	lockin4 y	lockin4 r	lockin4 phi	smu1 meas	


1.0	0			4.80341e-05	-1.8716e-05	5.15508e-05	-21.288	0.00177718	-4.86376e-05	0.00177766	-1.56	0.00563815	-0.000263216	0.00564578	-2.658	0.00391582	-0.000242234	0.00392345	-3.534	-2.016213e-11
0.998	1			5.30186e-05	-1.99751e-05	5.66544e-05	-20.64	0.00178695	-4.86376e-05	0.00178767	-1.554	0.00563815	-0.000261309	0.00564578	-2.64	0.003912	-0.000244142	0.00391963	-3.558	-1.907324e-11
0.996	2			5.95266e-05	-2.04371e-05	6.29355e-05	-18.948	0.00179292	-4.81608e-05	0.00179363	-1.53	0.00563625	-0.000261309	0.00564387	-2.64	0.00391105	-0.000243188	0.00391772	-3.552	-2.079036e-11
0.994	3			6.47497e-05	-2.00459e-05	6.77821e-05	-17.202	0.00179935	-4.95913e-05	0.00180007	-1.578	0.00563625	-0.000261309	0.00564387	-2.64	0.00390723	-0.000243188	0.00391486	-3.552	-1.601582e-11
0.992	4			6.82217e-05	-2.04594e-05	7.12243e-05	-16.692	0.0018015	-4.91145e-05	0.00180221	-1.56	0.00563434	-0.000261309	0.00564006	-2.64	0.00390723	-0.000243188	0.00391486	-3.552	-2.393149e-11
0.99	5			7.03563e-05	-1.97144e-05	7.30646e-05	-15.654	0.00180102	-4.93529e-05	0.0018015	-1.566	0.00563243	-0.000261309	0.00563815	-2.64	0.00390723	-0.000242234	0.00391486	-3.54	-1.819366e-11
0.988	6			6.86538e-05	-2.07314e-05	7.17123e-05	-16.8	0.00180102	-4.93529e-05	0.0018015	-1.566	0.00563243	-0.000261309	0.00563815	-2.64	0.00390723	-0.000243188	0.00391486	-3.552	-1.907316e-11
0.986	7			6.94734e-05	-2.06643e-05	7.24797e-05	-16.56	0.00179864	-4.98297e-05	0.00179935	-1.578	0.00563243	-0.000261309	0.00563815	-2.64	0.00391009	-0.000244142	0.00391772	-3.558	-2.074843e-11
0.984	8			7.06096e-05	-2.11486e-05	7.37091e-05	-16.674	0.00179458	-4.98297e-05	0.0017953	-1.584	0.00563243	-0.000261309	0.00563815	-2.64	0.00391296	-0.000244142	0.00391963	-3.558	-2.137672e-11
0.982	9			7.37202e-05	-2.11374e-05	7.66893e-05	-15.996	0.00179244	-4.83992e-05	0.00179315	-1.536	0.00563052	-0.000261309	0.00563625	-2.646	0.00391868	-0.000244142	0.00392631	-3.564	-1.362855e-11
0.98	10			7.97329e-05	-2.12902e-05	8.25231e-05	-14.946	0.00179745	-4.98297e-05	0.00179816	-1.584	0.00563243	-0.000263216	0.00563815	-2.658	0.00391963	-0.000244142	0.00392726	-3.564	-1.810987e-11
0.978	11			8.48998e-05	-2.09586e-05	8.74479e-05	-13.866	0.00181771	-5.07834e-05	0.00181819	-1.596	0.00563243	-0.000263216	0.00563815	-2.658	0.00390819	-0.000245096	0.00391486	-3.582	-2.058094e-11
0.976	12			8.50749e-05	-2.22811e-05	8.79434e-05	-14.676	0.00185562	-5.41213e-05	0.00185633	-1.668	0.00562862	-0.000263216	0.00563625	-2.658	0.00387003	-0.000242234	0.00387765	-3.57	-2.347076e-11
0.974	13			7.70134e-05	-2.07425e-05	7.97552e-05	-15.072	0.00191379	-5.57902e-05	0.00191451	-1.668	0.0056248	-0.000263216	0.00563243	-2.664	0.00380327	-0.00023842	0.0038109	-3.582	-1.647653e-11
0.972	14			6.24848e-05	-1.9841e-05	6.55581e-05	-17.616	0.00196339	-5.88896e-05	0.00196435	-1.716	0.00562099	-0.000261309	0.00562671	-2.646	0.0037327	-0.000233651	0.00374033	-3.576	-1.848685e-11
0.97	15			4.34557e-05	-1.72929e-05	4.67713e-05	-21.696	0.00199153	-6.10356e-05	0.00199272	-1.752	0.00561526	-0.000261309	0.00562289	-2.652	0.00367548	-0.000228883	0.00368311	-3.558	-1.693722e-11
0.968	16			2.68855e-05	-1.67714e-05	3.16838e-05	-31.956	0.0019982	-6.15125e-05	0.00199915	-1.758	0.00560954	-0.000261309	0.00561526	-2.652	0.00364496	-0.000227929	0.00365259	-3.57	-2.016215e-11
0.966	17			1.53036e-05	-1.66969e-05	2.26462e-05	-47.49	0.00197531	-6.15125e-05	0.00197627	-1.782	0.00558475	-0.000259401	0.00559238	-2.646	0.00363161	-0.000225068	0.00363828	-3.54	-1.794239e-11
0.964	18			6.81731e-06	-1.59742e-05	1.73674e-05	-66.882	0.00194526	-6.19893e-05	0.00194622	-1.818	0.00555995	-0.000259401	0.00556758	-2.658	0.00362684	-0.000224114	0.00363351	-3.522	-1.597392e-11
0.962	19			3.22612e-06	-1.56836e-05	1.60114e-05	-78.372	0.00187994	-5.79359e-05	0.00188065	-1.764	0.00549701	-0.000253679	0.00550273	-2.64	0.00362684	-0.000222207	0.00363351	-3.492	-1.890568e-11
0.96	20			1.26661e-06	-1.48863e-05	1.49347e-05	-85.134	0.0018046	-5.48365e-05	0.00180555	-1.734	0.00542453	-0.000249865	0.00542834	-2.622	0.00362684	-0.000221253	0.00363351	-3.48	-1.727229e-11
0.958	21			-1.34111e-07	-1.49496e-05	1.49459e-05	-90.51	0.00175977	-5.29292e-05	0.00176049	-1.716	0.00538066	-0.000247957	0.00538638	-2.622	0.00362684	-0.000219346	0.00363351	-3.462	-1.911505e-11
0.956	22			-1.50875e-06	-1.46293e-05	1.47001e-05	-95.88	0.00175977	-5.14986e-05	0.00176049	-1.674	0.00538447	-0.00024605	0.00538829	-2.604	0.00362684	-0.000219346	0.00363351	-3.462	-2.079042e-11
0.954	23			-1.94834e-06	-1.53148e-05	1.5434e-05	-97.242	0.00177122	-5.3406e-05	0.00177217	-1.722	0.00539592	-0.000247957	0.00539973	-2.616	0.00362684	-0.000219346	0.00363351	-3.45	-1.78167e-11
0.952	24			-1.42679e-06	-1.50204e-05	1.50838e-05	-95.412	0.00178934	-5.3406e-05	0.00179029	-1.704	0.00541309	-0.000247957	0.00541881	-2.61	0.00362875	-0.000218392	0.00363542	-3.438	-1.681157e-11
0.95	25			-1.33366e-06	-1.39848e-05	1.40444e-05	-95.448	0.00181366	-5.55518e-05	0.00181437	-1.752	0.00543979	-0.000249865	0.0054436	-2.616	0.00362779	-0.000217439	0.00363447	-3.42	-1.718849e-11
0.948	26			-1.08034e-06	-1.37762e-05	1.38134e-05	-94.47	0.00182629	-5.43597e-05	0.00182701	-1.704	0.00545123	-0.000247957	0.00545505	-2.592	0.00362875	-0.000217439	0.00363542	-3.414	-1.882189e-11
0.946	27			-1.8403e-06	-1.47261e-05	1.48342e-05	-97.11	0.00185705	-5.67439e-05	0.00185777	-1.746	0.00547984	-0.000249865	0.00548556	-2.592	0.00362684	-0.000217439	0.00363351	-3.426	-1.903134e-11
0.944	28			-1.61678e-06	-1.4335e-05	1.44207e-05	-96.42	0.00183416	-5.55518e-05	0.00183512	-1.734	0.00545695	-0.000249865	0.00546268	-2.604	0.00362779	-0.000217439	0.00363447	-3.426	-1.827746e-11
0.942	29			-9.23876e-07	-1.53669e-05	1.53893e-05	-93.438	0.00174881	-5.10218e-05	0.00174952	-1.662	0.00537112	-0.000244142	0.00537494	-2.592	0.00362875	-0.000219346	0.00363542	-3.45	-1.764917e-11
0.94	30			-1.26661e-06	-1.66745e-05	1.67192e-05	-94.332	0.00155474	-4.12466e-05	0.00155521	-1.518	0.00517467	-0.000234605	0.00517848	-2.58	0.00362875	-0.000219346	0.00363542	-3.45	-1.547139e-11
0.938	31			-1.22935e-06	-1.64324e-05	1.64734e-05	-94.272	0.00146819	-3.52862e-05	0.00146867	-1.374	0.00509074	-0.00023079	0.00509647	-2.586	0.00362875	-0.000221253	0.00363542	-3.48	-1.626709e-11
0.936	32			-1.82167e-06	-1.66931e-05	1.679e-05	-96.222	0.00144387	-3.52862e-05	0.00144435	-1.392	0.00506976	-0.000228883	0.00507358	-2.58	0.00362779	-0.000221253	0.00363447	-3.48	-1.668592e-11
0.934	33			-1.36346e-06	-1.61567e-05	1.62126e-05	-94.824	0.00144578	-3.55246e-05	0.00144625	-1.398	0.00506976	-0.00023079	0.00507548	-2.598	0.00362875	-0.000221253	0.00363542	-3.48	-1.928259e-11
0.932	34			-1.59443e-06	-1.5434e-05	1.5516e-05	-95.892	0.0014515	-3.52862e-05	0.00145198	-1.386	0.00507358	-0.00023079	0.0050793	-2.592	0.00362779	-0.0002203	0.00363447	-3.468	-2.003642e-11
0.93	35			-1.65776e-06	-1.53334e-05	1.54191e-05	-96.168	0.00145078	-3.40941e-05	0.00145102	-1.344	0.00507358	-0.000228883	0.0050793	-2.574	0.00362684	-0.000219346	0.00363351	-3.462	-2.125107e-11
0.928	36			-1.37836e-06	-1.54191e-05	1.5475e-05	-95.106	0.00145174	-3.50478e-05	0.00145222	-1.38	0.00507548	-0.000228883	0.00508121	-2.574	0.00362779	-0.000219346	0.00363447	-3.45	-2.079034e-11
0.926	37			-2.09363e-06	-1.54377e-05	1.55756e-05	-97.722	0.00145269	-3.50478e-05	0.00145317	-1.374	0.00507548	-0.000226975	0.00508121	-2.556	0.00362779	-0.000218392	0.00363447	-3.438	-2.024594e-11
0.924	38			-1.36346e-06	-1.42642e-05	1.43275e-05	-95.46	0.00145245	-3.43325e-05	0.00145269	-1.344	0.00507739	-0.000226975	0.00508311	-2.556	0.00362779	-0.000217439	0.00363447	-3.42	-1.90313e-11
0.922	39			-1.73227e-06	-1.46218e-05	1.47224e-05	-96.75	0.00145222	-3.43325e-05	0.00145269	-1.35	0.00507739	-0.000226975	0.00508311	-2.556	0.00362779	-0.000217439	0.00363447	-3.42	-2.447592e-11
0.92	40			-9.35052e-07	-1.48826e-05	1.49087e-05	-93.588	0.00145269	-3.50478e-05	0.00145317	-1.374	0.00507548	-0.000226975	0.00508121	-2.556	0.00362875	-0.000216485	0.00363542	-3.408	-1.844492e-11
0.918	41			-5.06643e-07	-1.51545e-05	1.5162e-05	-91.902	0.00145365	-3.43325e-05	0.00145388	-1.344	0.00507739	-0.000226975	0.00508311	-2.556	0.0036297	-0.000218392	0.00363638	-3.438	-1.919888e-11
0.916	42			1.29641e-06	-1.56016e-05	1.56501e-05	-85.248	0.00145555	-3.52862e-05	0.00145603	-1.386	0.00507739	-0.000228883	0.00508311	-2.574	0.00362875	-0.000219346	0.00363542	-3.45	-2.229811e-11
0.914	43			4.99564e-06	-1.44095e-05	1.52477e-05	-70.872	0.0014577	-3.52862e-05	0.00145818	-1.38	0.00507739	-0.000228883	0.00508311	-2.574	0.0036297	-0.000219346	0.00363638	-3.45	-1.685344e-11
0.912	44			7.89022e-06	-1.56389e-05	1.75127e-05	-63.216	0.00146485	-3.48093e-05	0.00146509	-1.356	0.00507739	-0.00023079	0.00508311	-2.592	0.00362779	-0.0002203	0.00363447	-3.468	-2.01621e-11
0.91	45			1.4294e-05	-1.60077e-05	2.14615e-05	-48.228	0.00148035	-3.55246e-05	0.00148083	-1.368	0.00507548	-0.000228883	0.00508121	-2.574	0.00361826	-0.000219346	0.00362493	-3.468	-1.90313e-11
0.908	46			1.71476e-05	-1.55458e-05	2.31453e-05	-42.186	0.00150896	-3.67167e-05	0.00150944	-1.386	0.00507739	-0.000228883	0.00508311	-2.574	0.00359537	-0.000217439	0.00360204	-3.462	-2.062282e-11
0.906	47			2.09586e-05	-1.57097e-05	2.61889e-05	-36.846	0.00155307	-3.93393e-05	0.00155354	-1.446	0.00507739	-0.000228883	0.00508311	-2.574	0.00355531	-0.000215531	0.00356199	-3.468	-2.388957e-11
0.904	48			2.14578e-05	-1.66894e-05	2.71798e-05	-37.866	0.00160433	-4.24387e-05	0.0016048	-1.512	0.0050793	-0.000228883	0.00508311	-2.574	0.00350572	-0.000213624	0.0035124	-3.48	-1.484309e-11
0.902	49			1.84291e-05	-1.62163e-05	2.45461e-05	-41.334	0.00164939	-4.43461e-05	0.00164986	-1.536	0.0050793	-0.000228883	0.00508311	-2.574	0.00345899	-0.000210763	0.00346567	-3.486	-2.053904e-11
0.9	50			1.56203e-05	-1.60896e-05	2.24226e-05	-45.84	0.0016811	-4.6015e-05	0.00168181	-1.566	0.00508121	-0.000228883	0.00508502	-2.574	0.00342275	-0.000208856	0.00342943	-3.486	-2.355456e-11
0.898	51			1.24276e-05	-1.53148e-05	1.97218e-05	-50.934	0.00169731	-4.83992e-05	0.00169802	-1.626	0.00508311	-0.00023079	0.00508693	-2.592	0.00340368	-0.000206948	0.0034094	-3.474	-2.430845e-11
0.896	52			1.06991e-05	-1.55458e-05	1.88687e-05	-55.458	0.0017047	-4.91145e-05	0.00170518	-1.644	0.00508311	-0.00023079	0.00508693	-2.592	0.00339414	-0.000206948	0.00339986	-3.486	-1.668593e-11
0.894	53			7.9461e-06	-1.53185e-05	1.72557e-05	-62.568	0.00170851	-4.93529e-05	0.00170899	-1.65	0.00508311	-0.000228883	0.00508884	-2.568	0.00338842	-0.000205995	0.00339414	-3.468	-1.999464e-11
0.892	54			5.86364e-06	-1.47112e-05	1.58326e-05	-68.256	0.00170708	-4.91145e-05	0.0017078	-1.644	0.00508311	-0.00023079	0.00508884	-2.592	0.00338747	-0.000205995	0.00339319	-3.468	-1.87381e-11
0.89	55			4.09785e-06	-1.51247e-05	1.56687e-05	-74.832	0.00170279	-4.8876e-05	0.00170351	-1.638	0.00508121	-0.000228883	0.00508502	-2.574	0.00338651	-0.000205995	0.00339223	-3.468	-2.016214e-11
0.888	56			1.90363e-06	-1.51732e-05	1.52924e-05	-82.836	0.00170089	-4.83992e-05	0.00170136	-1.62	0.00508121	-0.00023079	0.00508502	-2.592	0.00338556	-0.000205995	0.00339223	-3.48	-2.263314e-11
0.886	57			-1.30386e-07	-1.45212e-05	1.45175e-05	-90.498	0.00169636	-4.8876e-05	0.00169707	-1.644	0.00507739	-0.000228883	0.00508311	-2.574	0.00338556	-0.000205041	0.00339223	-3.462	-1.865436e-11
0.884	58			-8.79172e-07	-1.43089e-05	1.43312e-05	-93.504	0.00169326	-4.83992e-05	0.00169397	-1.632	0.00507548	-0.000228883	0.00508121	-2.574	0.00338556	-0.000205041	0.00339223	-3.462	-1.861244e-11
0.882	59			-1.60561e-06	-1.43014e-05	1.43871e-05	-96.396	0.00169111	-4.72071e-05	0.00169183	-1.596	0.00507358	-0.000226975	0.0050793	-2.556	0.00338651	-0.000205041	0.00339223	-3.456	-2.254939e-11
0.88	60			-1.10642e-06	-1.44393e-05	1.44765e-05	-94.368	0.00169183	-4.76839e-05	0.00169254	-1.614	0.00507167	-0.000228883	0.00507739	-2.58	0.00338556	-0.000205041	0.00339223	-3.462	-1.932446e-11
0.878	61			-1.81422e-06	-1.30907e-05	1.32137e-05	-97.89	0.00168801	-4.86376e-05	0.00168873	-1.644	0.00506976	-0.000228883	0.00507548	-2.58	0.00338556	-0.000205041	0.00339223	-3.462	-2.041338e-11
0.876	62			-9.27601e-07	-1.36458e-05	1.36719e-05	-93.888	0.00168849	-4.86376e-05	0.0016892	-1.644	0.00506976	-0.000228883	0.00507548	-2.58	0.00338556	-0.000204087	0.00339223	-3.45	-1.660215e-11
0.874	63			-1.8701e-06	-1.36607e-05	1.37836e-05	-97.782	0.00168515	-4.8876e-05	0.00168587	-1.656	0.00506786	-0.000228883	0.00507167	-2.58	0.00338556	-0.000204087	0.00339223	-3.438	-2.049716e-11
0.872	64			-1.61306e-06	-1.39699e-05	1.40593e-05	-96.576	0.00167895	-4.79224e-05	0.00167967	-1.632	0.00506213	-0.000228883	0.00506786	-2.58	0.00338556	-0.000204087	0.00339223	-3.45	-2.062283e-11
0.87	65			-1.4864e-06	-1.32137e-05	1.32956e-05	-96.408	0.00167228	-4.83992e-05	0.00167299	-1.65	0.00505641	-0.000228883	0.00506023	-2.586	0.00338747	-0.000203134	0.00339319	-3.426	-2.158605e-11
0.868	66			1.4566e-06	-1.36532e-05	1.37278e-05	-83.898	0.00167156	-4.8876e-05	0.00167204	-1.674	0.0050545	-0.000226975	0.00505832	-2.568	0.00338842	-0.000203134	0.00339414	-3.426	-2.058095e-11
0.866	67			4.05687e-06	-1.43834e-05	1.49459e-05	-74.238	0.00166178	-4.83992e-05	0.0016625	-1.662	0.00504497	-0.000226975	0.00505069	-2.568	0.00339128	-0.00020218	0.003397	-3.396	-1.890567e-11
0.864	68			8.5049e-06	-1.41897e-05	1.65367e-05	-59.052	0.00166751	-4.8876e-05	0.00166822	-1.668	0.00505069	-0.000225068	0.00505641	-2.55	0.0033951	-0.000201226	0.00340177	-3.384	-2.397342e-11
0.862	69			1.73898e-05	-1.57283e-05	2.34471e-05	-42.12	0.0016718	-4.95913e-05	0.00167251	-1.698	0.0050526	-0.000225068	0.00505641	-2.55	0.00340272	-0.00020218	0.00340845	-3.384	-2.342886e-11
0.86	70			2.91058e-05	-1.56761e-05	3.30585e-05	-28.302	0.00167228	-4.98297e-05	0.00167299	-1.698	0.00505069	-0.000226975	0.00505641	-2.568	0.00341226	-0.00020218	0.00341798	-3.378	-2.31357e-11
0.858	71			4.09039e-05	-1.70172e-05	4.43014e-05	-22.584	0.00168134	-5.10218e-05	0.00168205	-1.74	0.00504878	-0.000226975	0.0050545	-2.568	0.00341512	-0.000203134	0.00342084	-3.396	-1.660217e-11
0.856	72			5.26274e-05	-1.79821e-05	5.56114e-05	-18.864	0.00169326	-5.0545e-05	0.00169421	-1.71	0.00504115	-0.000226975	0.00504497	-2.574	0.00340845	-0.000203134	0.00341417	-3.402	-2.032963e-11
0.854	73			5.94298e-05	-1.79299e-05	6.2075e-05	-16.788	0.00173808	-5.29292e-05	0.00173903	-1.74	0.00504878	-0.000226975	0.0050545	-2.568	0.00337984	-0.00020218	0.00338556	-3.42	-2.208868e-11
0.852	74			6.40159e-05	-1.81684e-05	6.65416e-05	-15.84	0.00179625	-5.53133e-05	0.00179721	-1.758	0.00505832	-0.000226975	0.00506404	-2.562	0.00333597	-0.000200273	0.00334169	-3.432	-1.710475e-11
0.85	75			6.29541e-05	-1.75909e-05	6.53644e-05	-15.612	0.00183488	-5.72207e-05	0.00183559	-1.782	0.0050526	-0.000226975	0.00505641	-2.568	0.00329019	-0.000197412	0.00329591	-3.432	-2.003649e-11
0.848	76			5.8599e-05	-1.74084e-05	6.11288e-05	-16.542	0.00185991	-5.86512e-05	0.00186086	-1.8	0.00504306	-0.000226975	0.00504687	-2.574	0.00324918	-0.000195504	0.00325491	-3.438	-1.522002e-11
0.846	77			5.20351e-05	-1.71029e-05	5.47769e-05	-18.192	0.00187302	-6.03201e-05	0.00187422	-1.842	0.00503352	-0.000226975	0.00503924	-2.58	0.00321962	-0.00019455	0.00322534	-3.45	-1.894752e-11
0.844	78			4.42418e-05	-1.68012e-05	4.73263e-05	-20.79	0.0018437	-5.76975e-05	0.00184465	-1.788	0.00499156	-0.000225068	0.00499728	-2.562	0.00319959	-0.000193597	0.00320627	-3.444	-1.819362e-11
0.842	79			3.45001e-05	-1.62275e-05	3.81249e-05	-25.188	0.00174094	-5.31676e-05	0.00174189	-1.746	0.0048857	-0.000219346	0.00489047	-2.568	0.00318624	-0.000191689	0.00319292	-3.438	-2.028775e-11
0.84	80			2.63305e-05	-1.52328e-05	3.04171e-05	-30.042	0.00158835	-4.33924e-05	0.00158907	-1.554	0.00473502	-0.000209809	0.00473979	-2.532	0.00317957	-0.000190736	0.00318529	-3.432	-1.949199e-11
0.838	81			1.8187e-05	-1.45473e-05	2.32869e-05	-38.652	0.00150848	-4.14851e-05	0.00150896	-1.572	0.00466159	-0.000205995	0.00466636	-2.52	0.0031767	-0.000188828	0.00318243	-3.396	-1.991078e-11
0.836	82			1.05575e-05	-1.38619e-05	1.74196e-05	-52.698	0.00148106	-3.93393e-05	0.00148154	-1.512	0.00464061	-0.000204087	0.00464538	-2.514	0.0031748	-0.000188828	0.00317957	-3.39	-2.049712e-11
0.834	83			5.05897e-06	-1.33031e-05	1.42269e-05	-69.168	0.00146414	-3.88625e-05	0.00146461	-1.512	0.00463012	-0.000204087	0.00463489	-2.52	0.00317575	-0.000187875	0.00318052	-3.378	-2.066469e-11
0.832	84			1.57208e-06	-1.40295e-05	1.41115e-05	-83.598	0.00145198	-3.76704e-05	0.00145245	-1.488	0.00462154	-0.000203134	0.0046263	-2.508	0.0031748	-0.000188828	0.00317957	-3.39	-1.404733e-11
0.83	85			-5.58797e-07	-1.34297e-05	1.34372e-05	-92.37	0.00144697	-3.79088e-05	0.00144745	-1.494	0.00461963	-0.000203134	0.00462344	-2.514	0.00317575	-0.000188828	0.00318052	-3.39	-2.162799e-11
0.828	86			-3.94883e-07	-1.31913e-05	1.3195e-05	-91.71	0.00144506	-3.88625e-05	0.00144554	-1.53	0.00461772	-0.000204087	0.00462154	-2.52	0.00317575	-0.000187875	0.00318052	-3.378	-1.848683e-11
0.826	87			-1.77325e-06	-1.23196e-05	1.24425e-05	-98.178	0.00144316	-3.79088e-05	0.00144363	-1.5	0.00461486	-0.000204087	0.00461963	-2.52	0.00317575	-0.000187875	0.00318052	-3.378	-2.024586e-11
0.824	88			-1.10269e-06	-1.2517e-05	1.25617e-05	-95.022	0.00144387	-3.74319e-05	0.00144435	-1.482	0.00461486	-0.00020218	0.00461963	-2.508	0.00317575	-0.000187875	0.00318147	-3.378	-1.911506e-11
0.822	89			-7.8604e-07	-1.35899e-05	1.36123e-05	-93.3	0.00144316	-3.8624e-05	0.00144363	-1.53	0.00461391	-0.000203134	0.00461867	-2.514	0.0031748	-0.000187875	0.00317957	-3.378	-1.827738e-11
0.82	90			-1.1623e-06	-1.21557e-05	1.22078e-05	-95.454	0.00144172	-3.69551e-05	0.0014422	-1.464	0.00461391	-0.00020218	0.00461867	-2.508	0.00317575	-0.000186921	0.00318052	-3.366	-1.702094e-11
0.818	91			-1.03191e-06	-1.19061e-05	1.19433e-05	-94.944	0.00143839	-3.67167e-05	0.00143886	-1.458	0.00461105	-0.00020218	0.00461486	-2.502	0.00317575	-0.000186921	0.00318052	-3.354	-2.10835e-11
0.816	92			-5.81149e-07	-1.25655e-05	1.25729e-05	-92.646	0.00143219	-3.64783e-05	0.00143266	-1.452	0.00460437	-0.00020218	0.00460818	-2.514	0.00317575	-0.000187875	0.00318147	-3.378	-1.723036e-11
0.814	93			-1.97069e-06	-1.27517e-05	1.2897e-05	-98.784	0.00142265	-3.76704e-05	0.00142313	-1.512	0.00459483	-0.00020218	0.0045996	-2.514	0.00317575	-0.000186921	0.00318052	-3.366	-1.681157e-11
0.812	94			-8.86623e-07	-1.16788e-05	1.17086e-05	-94.326	0.00141621	-3.52862e-05	0.00141669	-1.422	0.00458816	-0.000200273	0.00459293	-2.496	0.00317575	-0.000186921	0.00318052	-3.354	-2.099975e-11
0.81	95			-1.885e-06	-1.22637e-05	1.24053e-05	-98.73	0.00139857	-3.50478e-05	0.00139905	-1.428	0.00457099	-0.000200273	0.00457576	-2.496	0.00317575	-0.000186921	0.00318147	-3.354	-2.141855e-11
0.808	96			-1.49012e-06	-1.27704e-05	1.2856e-05	-96.654	0.00139428	-3.55246e-05	0.00139476	-1.458	0.00456527	-0.000200273	0.00457004	-2.502	0.00317575	-0.000186921	0.00318052	-3.366	-1.798427e-11
0.806	97			-1.66149e-06	-1.29864e-05	1.30907e-05	-97.284	0.00138427	-3.50478e-05	0.00138474	-1.446	0.00455573	-0.000199319	0.00455955	-2.496	0.00317575	-0.000186921	0.00318052	-3.366	-2.502042e-11
0.804	98			-1.03936e-06	-1.26176e-05	1.26586e-05	-94.698	0.00138498	-3.50478e-05	0.00138546	-1.44	0.00455573	-0.000200273	0.0045605	-2.514	0.00317575	-0.000187875	0.00318147	-3.378	-2.535546e-11
0.802	99			-4.76841e-07	-1.2856e-05	1.28598e-05	-92.124	0.00138522	-3.45709e-05	0.0013857	-1.428	0.00455573	-0.000200273	0.0045605	-2.502	0.00317575	-0.000187875	0.00318052	-3.378	-1.723035e-11
0.8	100			2.83124e-06	-1.24351e-05	1.27517e-05	-77.166	0.00138999	-3.40941e-05	0.00139023	-1.404	0.00455669	-0.000201226	0.00456145	-2.52	0.00317289	-0.000188828	0.00317861	-3.402	-1.819364e-11
0.798	101			3.74766e-06	-1.23866e-05	1.29417e-05	-73.158	0.00139595	-3.21867e-05	0.00139619	-1.32	0.00455573	-0.000199319	0.00455955	-2.496	0.00316812	-0.000188828	0.00317289	-3.408	-1.844493e-11
0.796	102			6.96632e-06	-1.28486e-05	1.46106e-05	-61.53	0.00141812	-3.55246e-05	0.0014186	-1.434	0.00455573	-0.00020218	0.00455955	-2.532	0.00315095	-0.000186921	0.00315668	-3.39	-1.924069e-11
0.794	103			7.90885e-06	-1.3087e-05	1.52887e-05	-58.848	0.00145055	-3.76704e-05	0.00145102	-1.482	0.00455287	-0.000200273	0.00455764	-2.514	0.00311853	-0.000185967	0.00312425	-3.402	-1.81518e-11
0.792	104			1.04644e-05	-1.28411e-05	1.65628e-05	-50.814	0.00149918	-3.88625e-05	0.00149966	-1.482	0.00455669	-0.000200273	0.00456145	-2.514	0.00307561	-0.00018406	0.00308038	-3.426	-1.41311e-11
0.79	105			9.79757e-06	-1.26064e-05	1.5963e-05	-52.134	0.00153137	-4.05314e-05	0.00153185	-1.512	0.0045462	-0.000201226	0.00455096	-2.526	0.00303365	-0.000182153	0.00303842	-3.42	-2.141855e-11
0.788	106			7.17866e-06	-1.23978e-05	1.43238e-05	-59.922	0.00153805	-4.19619e-05	0.00153852	-1.56	0.00453284	-0.000200273	0.00453761	-2.526	0.00300886	-0.000180245	0.00301363	-3.426	-2.401524e-11
0.786	107			6.81359e-06	-1.25878e-05	1.43126e-05	-61.56	0.00151897	-4.14851e-05	0.00151945	-1.56	0.00450233	-0.000199319	0.00450709	-2.526	0.00299646	-0.000179292	0.00300123	-3.414	-1.898938e-11
0.784	108			5.75933e-06	-1.20551e-05	1.33589e-05	-64.458	0.00150443	-3.93393e-05	0.00150491	-1.494	0.00448611	-0.000198365	0.00449088	-2.526	0.00299169	-0.000179292	0.00299646	-3.42	-1.986889e-11
0.782	109			4.30646e-06	-1.23606e-05	1.3087e-05	-70.788	0.00145222	-3.71935e-05	0.00145269	-1.458	0.0044308	-0.000195504	0.00443462	-2.526	0.00298788	-0.000179292	0.0029936	-3.42	-1.316782e-11
0.78	110			3.36023e-06	-1.27555e-05	1.31876e-05	-75.228	0.00138021	-3.48093e-05	0.00138069	-1.44	0.00435928	-0.000190736	0.00436309	-2.502	0.00298788	-0.000177384	0.0029936	-3.396	-1.986895e-11
0.778	111			1.08034e-06	-1.08071e-05	1.08593e-05	-84.276	0.00126386	-2.76567e-05	0.00126434	-1.248	0.00424483	-0.000185967	0.00424865	-2.502	0.00298883	-0.000178338	0.0029936	-3.408	-1.873816e-11
0.776	112			-1.52738e-07	-1.09338e-05	1.09301e-05	-90.786	0.00116206	-2.52725e-05	0.00116254	-1.242	0.0041447	-0.000181199	0.00414851	-2.496	0.00298883	-0.000176431	0.0029936	-3.372	-1.400548e-11
0.774	113			-2.04892e-07	-1.16081e-05	1.16081e-05	-91.002	0.00110889	-2.33651e-05	0.00110889	-1.194	0.00409225	-0.000180245	0.00409606	-2.508	0.00298883	-0.000176431	0.0029936	-3.372	-2.146042e-11
0.772	114			-1.25916e-06	-1.15745e-05	1.16379e-05	-96.198	0.00107051	-2.2173e-05	0.00107075	-1.188	0.00405601	-0.000177384	0.00405982	-2.496	0.00298883	-0.000175477	0.0029936	-3.342	-1.735599e-11
0.77	115			-1.41189e-06	-1.09673e-05	1.1053e-05	-97.326	0.0010655	-2.28883e-05	0.00106574	-1.218	0.00405124	-0.000177384	0.00405505	-2.496	0.00298883	-0.00017357	0.0029936	-3.318	-2.007834e-11
0.768	116			-2.29107e-06	-1.07289e-05	1.09673e-05	-102.054	0.00104786	-2.2173e-05	0.0010481	-1.212	0.00403312	-0.000176431	0.00403693	-2.496	0.00298788	-0.00017357	0.00299264	-3.306	-1.337724e-11
0.766	117			-8.90348e-07	-1.07475e-05	1.0781e-05	-94.734	0.00107551	-2.3842e-05	0.00107575	-1.272	0.00406078	-0.000177384	0.00406459	-2.502	0.00298788	-0.000172616	0.00299264	-3.294	-1.752353e-11
0.764	118			-1.06544e-06	-1.131e-05	1.13585e-05	-95.37	0.00111366	-2.59877e-05	0.0011139	-1.326	0.00409892	-0.000180245	0.00410274	-2.502	0.00298788	-0.00017357	0.00299264	-3.306	-2.250747e-11
0.762	119			-2.19793e-07	-1.0632e-05	1.0632e-05	-91.17	0.00115491	-2.78951e-05	0.00115515	-1.374	0.00414088	-0.000182153	0.0041447	-2.508	0.00298883	-0.00017357	0.0029936	-3.306	-1.651839e-11
0.76	120			2.21284e-06	-1.09375e-05	1.11573e-05	-78.558	0.00118113	-2.81335e-05	0.00118137	-1.356	0.00416568	-0.000183106	0.00416949	-2.508	0.00298978	-0.00017357	0.00299551	-3.318	-1.974329e-11
0.758	121			5.6662e-06	-1.2301e-05	1.35415e-05	-65.25	0.00120831	-2.86103e-05	0.00120855	-1.35	0.00418952	-0.00018406	0.00419429	-2.514	0.00299169	-0.000176431	0.00299741	-3.366	-1.538757e-11
0.756	122			1.16528e-05	-1.34297e-05	1.77809e-05	-49.044	0.00122524	-2.90872e-05	0.00122572	-1.356	0.00420478	-0.00018406	0.00420859	-2.502	0.0029936	-0.000177384	0.00299932	-3.378	-2.187927e-11
0.754	123			2.15323e-05	-1.47559e-05	2.60995e-05	-34.416	0.00124741	-3.05178e-05	0.00124765	-1.398	0.00421432	-0.000185014	0.00421813	-2.508	0.00299169	-0.000177384	0.00299646	-3.39	-1.731416e-11
0.752	124			2.89866e-05	-1.53446e-05	3.27977e-05	-27.888	0.00128198	-3.24252e-05	0.00128222	-1.446	0.00421908	-0.00018406	0.0042229	-2.496	0.00297357	-0.000177384	0.00297929	-3.402	-1.831927e-11
0.75	125			3.72271e-05	-1.55085e-05	4.03265e-05	-22.614	0.00133301	-3.48093e-05	0.00133348	-1.488	0.00422099	-0.00018406	0.00422481	-2.496	0.00293447	-0.000174523	0.00293924	-3.396	-1.513628e-11
0.748	126			3.76368e-05	-1.52551e-05	4.06096e-05	-22.062	0.00138164	-3.76704e-05	0.00138212	-1.554	0.00422195	-0.000185014	0.00422576	-2.502	0.00288774	-0.000171662	0.00289251	-3.396	-2.120918e-11
0.746	127			3.30324e-05	-1.44765e-05	3.60685e-05	-23.664	0.00141574	-3.88625e-05	0.00141621	-1.566	0.00422671	-0.00018406	0.00423053	-2.484	0.00285055	-0.000168801	0.00285532	-3.384	-1.484309e-11
0.744	128			2.63603e-05	-1.39736e-05	2.98322e-05	-27.924	0.00142861	-3.88625e-05	0.00142909	-1.554	0.00423053	-0.00018406	0.00423434	-2.478	0.00283433	-0.000167848	0.0028391	-3.378	-1.827739e-11
0.742	129			2.14205e-05	-1.36272e-05	2.5388e-05	-32.46	0.00143123	-3.91009e-05	0.00143171	-1.56	0.00423148	-0.00018406	0.00423625	-2.478	0.00282575	-0.00016594	0.00283052	-3.348	-1.572262e-11
0.74	130			1.46777e-05	-1.31503e-05	1.97069e-05	-41.856	0.0014267	-3.83856e-05	0.00142718	-1.536	0.00423148	-0.000182153	0.0042353	-2.46	0.00282384	-0.000166894	0.00282861	-3.366	-2.104162e-11
0.738	131			7.87532e-06	-1.34968e-05	1.5624e-05	-59.73	0.00141574	-3.88625e-05	0.00141621	-1.572	0.00422671	-0.00018406	0.00423053	-2.484	0.00282194	-0.00016594	0.00282671	-3.354	-2.380584e-11
0.736	132			2.10853e-06	-1.21408e-05	1.23196e-05	-80.142	0.0014062	-3.76704e-05	0.00140692	-1.524	0.0042229	-0.000183106	0.00422767	-2.478	0.00282098	-0.00016594	0.00282575	-3.354	-1.852873e-11
0.734	133			-7.45062e-07	-1.19173e-05	1.19359e-05	-93.57	0.00139952	-3.71935e-05	0.00140024	-1.512	0.00421813	-0.000182153	0.00422195	-2.472	0.00282194	-0.00016594	0.00282671	-3.354	-1.614146e-11
0.732	134			-1.39327e-06	-1.20998e-05	1.2178e-05	-96.552	0.00139571	-3.83856e-05	0.00139619	-1.572	0.00421622	-0.000182153	0.00422099	-2.472	0.00282098	-0.000164987	0.00282575	-3.342	-2.250752e-11
0.73	135			-1.35601e-06	-1.19731e-05	1.20476e-05	-96.45	0.00139643	-3.74319e-05	0.0013969	-1.53	0.00421622	-0.000182153	0.00422099	-2.46	0.00282194	-0.000164033	0.00282671	-3.324	-2.29682e-11
0.728	136			-1.62796e-06	-1.05687e-05	1.06879e-05	-98.754	0.00139452	-3.71935e-05	0.00139523	-1.524	0.00421527	-0.000182153	0.00421908	-2.46	0.00282289	-0.000164033	0.00282766	-3.324	-1.756544e-11
0.726	137			-6.70556e-07	-1.14963e-05	1.15112e-05	-93.336	0.00139404	-3.79088e-05	0.00139452	-1.554	0.00421432	-0.000182153	0.00421813	-2.472	0.00282289	-0.000164033	0.00282766	-3.324	-2.083221e-11
0.724	138			-4.84291e-07	-1.14516e-05	1.14591e-05	-92.418	0.0013907	-3.74319e-05	0.00139118	-1.536	0.00420955	-0.000181199	0.00421336	-2.454	0.00282194	-0.000164033	0.00282671	-3.324	-1.903129e-11
0.722	139			-1.03936e-06	-1.09599e-05	1.10083e-05	-95.406	0.00138069	-3.67167e-05	0.0013814	-1.512	0.00420001	-0.000180245	0.00420383	-2.442	0.00282289	-0.000164033	0.00282766	-3.312	-2.368021e-11
0.72	140			-7.56238e-07	-1.21333e-05	1.21557e-05	-93.552	0.00136758	-3.83856e-05	0.00136805	-1.596	0.00418666	-0.000179292	0.00419047	-2.442	0.00282289	-0.000162126	0.00282766	-3.27	-1.907319e-11
0.718	141			-9.68583e-07	-1.10232e-05	1.10604e-05	-95.016	0.00136138	-3.71935e-05	0.00136185	-1.554	0.00418189	-0.000179292	0.00418571	-2.448	0.00282289	-0.000162126	0.00282766	-3.282	-1.844501e-11
0.716	142			-1.10269e-06	-1.22898e-05	1.23382e-05	-95.118	0.00135661	-3.74319e-05	0.00135709	-1.578	0.00417617	-0.000179292	0.00418094	-2.448	0.00282289	-0.000162126	0.00282766	-3.27	-1.961765e-11
0.714	143			-1.38954e-06	-1.12355e-05	1.13175e-05	-97.038	0.00133754	-3.60014e-05	0.00133825	-1.542	0.0041571	-0.000178338	0.00416091	-2.454	0.00282289	-0.000162126	0.00282766	-3.27	-1.651838e-11
0.712	144			-1.71364e-06	-1.18204e-05	1.19396e-05	-98.25	0.00134016	-3.64783e-05	0.00134064	-1.554	0.004159	-0.000177384	0.00416282	-2.442	0.00282194	-0.000162126	0.00282671	-3.27	-2.213056e-11
0.71	145			-1.1921e-07	-1.08742e-05	1.08705e-05	-90.618	0.00135566	-3.64783e-05	0.00135613	-1.536	0.0041714	-0.000180245	0.00417522	-2.46	0.00282003	-0.000162126	0.0028248	-3.288	-1.873816e-11
0.708	146			2.49968e-06	-1.07103e-05	1.09934e-05	-76.86	0.00136662	-3.67167e-05	0.0013671	-1.536	0.00416949	-0.000180245	0.00417426	-2.46	0.00281049	-0.000162126	0.00281431	-3.3	-1.664402e-11
0.706	147			6.32185e-06	-1.0945e-05	1.26362e-05	-59.982	0.00134707	-3.5763e-05	0.00134755	-1.518	0.0041323	-0.000178338	0.00413612	-2.466	0.00279714	-0.000162126	0.00280191	-3.3	-2.112538e-11
0.704	148			1.4633e-05	-1.22339e-05	1.90736e-05	-39.888	0.00133587	-3.55246e-05	0.00133658	-1.512	0.00410083	-0.000177384	0.00410464	-2.466	0.00278379	-0.000162126	0.00278856	-3.318	-1.810986e-11
0.702	149			2.56338e-05	-1.33962e-05	2.89233e-05	-27.588	0.00128198	-3.21867e-05	0.00128222	-1.434	0.00401977	-0.000172616	0.00402358	-2.448	0.00276949	-0.000161172	0.00277425	-3.318	-2.351269e-11
0.7	150			3.13821e-05	-1.40332e-05	3.43772e-05	-24.09	0.00124789	-3.12331e-05	0.00124813	-1.428	0.00396159	-0.000168801	0.00396541	-2.436	0.00275232	-0.000160218	0.00275709	-3.312	-2.074853e-11
0.698	151			4.08443e-05	-1.42605e-05	4.32583e-05	-19.242	0.0012405	-3.17099e-05	0.00124074	-1.452	0.0039244	-0.000168801	0.00392726	-2.448	0.00273229	-0.000159265	0.00273706	-3.324	-1.852875e-11
0.696	152			5.71052e-05	-1.54228e-05	5.91541e-05	-15.114	0.00127602	-3.21867e-05	0.00127626	-1.434	0.00392345	-0.000166894	0.00392631	-2.43	0.00271131	-0.000157357	0.00271608	-3.318	-1.995272e-11
0.694	153			6.91903e-05	-1.49869e-05	7.07922e-05	-12.222	0.00130702	-3.43325e-05	0.00130773	-1.494	0.00392631	-0.000166894	0.00392917	-2.43	0.00269319	-0.000156404	0.00269796	-3.312	-2.104164e-11
0.692	154			7.05239e-05	-1.53222e-05	7.21705e-05	-12.252	0.00131083	-3.36173e-05	0.00131131	-1.464	0.00391772	-0.000166894	0.00392058	-2.436	0.00268175	-0.00015545	0.00268652	-3.312	-1.752354e-11
0.69	155			6.39861e-05	-1.50502e-05	6.57332e-05	-13.236	0.0012889	-3.38557e-05	0.00128938	-1.494	0.00389768	-0.000166894	0.00390054	-2.436	0.00267603	-0.00015545	0.00268079	-3.324	-1.848686e-11
0.688	156			5.07648e-05	-1.36905e-05	5.2579e-05	-15.09	0.00123359	-3.21867e-05	0.00123382	-1.488	0.00385381	-0.000164033	0.00385763	-2.436	0.00267507	-0.000154496	0.00267984	-3.294	-1.991078e-11
0.686	157			3.4854e-05	-1.28151e-05	3.71339e-05	-20.184	0.00118495	-2.88488e-05	0.00118542	-1.386	0.00382139	-0.000163079	0.00382425	-2.436	0.00267507	-0.00015545	0.00267984	-3.312	-2.259127e-11
0.684	158			2.32422e-05	-1.22563e-05	2.62746e-05	-27.804	0.0011468	-2.71798e-05	0.00114704	-1.35	0.00379469	-0.000162126	0.00379755	-2.436	0.00267507	-0.00015545	0.00267984	-3.312	-1.79424e-11
0.682	159			1.24984e-05	-1.245e-05	1.76394e-05	-44.886	0.0011139	-2.50341e-05	0.00111438	-1.278	0.00377275	-0.000159265	0.00377561	-2.406	0.00267507	-0.000154496	0.00267984	-3.294	-1.727224e-11
0.68	160			6.31067e-06	-1.05985e-05	1.23308e-05	-59.214	0.00108577	-2.31267e-05	0.00108577	-1.212	0.00375177	-0.000160218	0.00375463	-2.442	0.00267603	-0.00015545	0.00268079	-3.306	-2.146049e-11
0.678	161			6.67202e-06	-1.02483e-05	1.22227e-05	-56.922	0.00106431	-2.28883e-05	0.00106455	-1.23	0.00373174	-0.000159265	0.00373556	-2.436	0.00267889	-0.00015545	0.00268365	-3.306	-2.187924e-11
0.676	162			1.14367e-05	-1.15932e-05	1.62834e-05	-45.372	0.00104667	-2.12194e-05	0.0010469	-1.152	0.00371267	-0.000158311	0.00371553	-2.436	0.00268175	-0.00015545	0.00268652	-3.312	-1.718853e-11
0.674	163			1.7088e-05	-1.13622e-05	2.0519e-05	-33.612	0.00104476	-2.16962e-05	0.001045	-1.176	0.00370122	-0.000157357	0.00370504	-2.43	0.00267889	-0.00015545	0.00268365	-3.306	-1.425677e-11
0.672	164			1.8865e-05	-1.23196e-05	2.25307e-05	-33.144	0.00106884	-2.28883e-05	0.00106908	-1.224	0.0036936	-0.000157357	0.00369741	-2.43	0.00265218	-0.000154496	0.00265695	-3.324	-2.171179e-11
0.67	165			1.92822e-05	-1.13063e-05	2.23519e-05	-30.372	0.00111676	-2.50341e-05	0.00111724	-1.284	0.00369169	-0.000157357	0.00369455	-2.43	0.00260355	-0.000150681	0.00260831	-3.312	-2.091596e-11
0.668	166			1.69725e-05	-1.1392e-05	2.04408e-05	-33.858	0.0011468	-2.64646e-05	0.00114704	-1.314	0.00368692	-0.000157357	0.00369073	-2.43	0.00256349	-0.000148774	0.00256731	-3.318	-2.146043e-11
0.666	167			1.11126e-05	-1.02223e-05	1.50987e-05	-42.594	0.00114942	-2.6703e-05	0.0011499	-1.326	0.00368024	-0.000157357	0.00368406	-2.448	0.00254633	-0.000148774	0.00255014	-3.324	-1.60996e-11
0.664	168			9.30956e-06	-9.85718e-06	1.35564e-05	-46.626	0.00114179	-2.64646e-05	0.00114203	-1.32	0.00367071	-0.000157357	0.00367357	-2.454	0.00254156	-0.00014782	0.00254537	-3.318	-1.689537e-11
0.662	169			6.6832e-06	-1.03042e-05	1.22823e-05	-57.018	0.00112558	-2.55109e-05	0.00112582	-1.29	0.00365545	-0.00015545	0.00365831	-2.43	0.00253965	-0.00014782	0.00254442	-3.318	-2.087411e-11
0.66	170			3.08455e-06	-9.59641e-06	1.0077e-05	-72.168	0.00110341	-2.45572e-05	0.00110389	-1.272	0.00363733	-0.00015545	0.00364019	-2.436	0.00253965	-0.00014782	0.00254442	-3.318	-1.827741e-11
0.658	171			-1.28523e-07	-8.95007e-06	8.95007e-06	-90.822	0.00109459	-2.45572e-05	0.00109483	-1.272	0.00363161	-0.00015545	0.00363447	-2.436	0.00253965	-0.00014782	0.00254442	-3.318	-2.04134e-11
0.656	172			-1.14553e-06	-9.97639e-06	1.00397e-05	-96.546	0.00108934	-2.50341e-05	0.00108958	-1.308	0.00362684	-0.000154496	0.00363065	-2.43	0.00253965	-0.000146867	0.00254442	-3.306	-2.259129e-11
0.654	173			-1.27964e-06	-9.65974e-06	9.74355e-06	-97.542	0.00108434	-2.33651e-05	0.00108457	-1.23	0.00362302	-0.000153542	0.00362588	-2.412	0.0025406	-0.000146867	0.00254442	-3.306	-1.873814e-11
0.652	174			-1.546e-06	-9.21643e-06	9.34309e-06	-99.516	0.0010748	-2.36036e-05	0.00107504	-1.254	0.00361253	-0.000154496	0.00361635	-2.442	0.00253965	-0.000146867	0.00254442	-3.306	-2.263316e-11
0.65	175			-1.82167e-06	-9.19966e-06	9.37661e-06	-101.19	0.00103713	-2.16962e-05	0.00103737	-1.194	0.00357439	-0.000151635	0.00357725	-2.424	0.00253965	-0.000145913	0.00254442	-3.276	-1.869629e-11
0.648	176			-8.71722e-07	-8.81037e-06	8.85135e-06	-95.64	0.000983246	-2.05041e-05	0.000983484	-1.194	0.00352003	-0.000148774	0.00352289	-2.418	0.0025406	-0.000144959	0.00254442	-3.258	-1.940824e-11
0.646	177			-5.92325e-07	-9.13261e-06	9.14937e-06	-93.708	0.000922922	-1.78815e-05	0.000922922	-1.098	0.00345995	-0.000146867	0.00346376	-2.418	0.0025406	-0.000144006	0.00254442	-3.228	-2.012022e-11
0.644	178			-3.6508e-07	-9.03202e-06	9.03761e-06	-92.304	0.000895504	-1.83583e-05	0.000895742	-1.164	0.00343229	-0.000144006	0.0034361	-2.4	0.00253965	-0.000143052	0.00254442	-3.216	-2.058093e-11
0.642	179			7.20847e-07	-9.57033e-06	9.59454e-06	-85.686	0.000904325	-1.78815e-05	0.000904564	-1.128	0.00344087	-0.000145913	0.00344469	-2.418	0.00254251	-0.000144006	0.00254633	-3.228	-1.69372e-11
0.64	180			1.07662e-06	-9.4772e-06	9.5368e-06	-83.52	0.000940088	-2.07425e-05	0.000940327	-1.26	0.00347425	-0.000146867	0.00347711	-2.418	0.0025387	-0.000143052	0.00254251	-3.216	-2.020401e-11
0.638	181			4.67713e-06	-9.83855e-06	1.08928e-05	-64.566	0.000981577	-2.26499e-05	0.000981815	-1.314	0.00348665	-0.000148774	0.00348951	-2.43	0.00251772	-0.000143052	0.00252153	-3.246	-2.14186e-11
0.636	182			5.71649e-06	-9.54425e-06	1.11238e-05	-59.07	0.00103045	-2.43188e-05	0.00103093	-1.344	0.00348665	-0.000148774	0.00348951	-2.43	0.00247099	-0.000141145	0.0024748	-3.258	-2.1628e-11
0.634	183			4.94535e-06	-9.84973e-06	1.10195e-05	-63.33	0.00107194	-2.76567e-05	0.00107241	-1.47	0.00350095	-0.000148774	0.00350381	-2.418	0.00243951	-0.000139237	0.00244333	-3.252	-2.158611e-11
0.632	184			9.21456e-06	-1.1161e-05	1.44709e-05	-50.454	0.00110222	-2.81335e-05	0.00110269	-1.452	0.0035248	-0.000148774	0.00352766	-2.412	0.00243379	-0.000139237	0.00243761	-3.258	-1.848682e-11
0.63	185			1.52458e-05	-1.14125e-05	1.90438e-05	-36.816	0.00112201	-2.83719e-05	0.00112224	-1.446	0.00354196	-0.000150681	0.00354578	-2.424	0.00243761	-0.000140191	0.00244142	-3.288	-2.12092e-11
0.628	186			2.08133e-05	-1.21315e-05	2.40897e-05	-30.234	0.00112725	-2.86103e-05	0.00112773	-1.446	0.00354578	-0.000150681	0.00354959	-2.424	0.00244237	-0.000141145	0.00244619	-3.294	-1.907318e-11
0.626	187			2.66881e-05	-1.31019e-05	2.97298e-05	-26.148	0.0011325	-2.90872e-05	0.00113273	-1.464	0.00354959	-0.000150681	0.00355245	-2.418	0.00244619	-0.000141145	0.00245	-3.294	-2.43922e-11
0.624	188			3.2021e-05	-1.2884e-05	3.45169e-05	-21.912	0.00113607	-2.78951e-05	0.00113631	-1.404	0.0035515	-0.000148774	0.00355531	-2.382	0.00245096	-0.000141145	0.00245477	-3.288	-2.074848e-11
0.622	189			3.76685e-05	-1.35247e-05	4.00248e-05	-19.752	0.00113607	-2.88488e-05	0.00113631	-1.452	0.00354959	-0.000148774	0.00355245	-2.388	0.00245382	-0.000140191	0.00245763	-3.264	-1.965953e-11
0.62	190			4.4402e-05	-1.35117e-05	4.64118e-05	-16.926	0.00113655	-2.93256e-05	0.00113679	-1.47	0.00354291	-0.000148774	0.00354673	-2.394	0.00245477	-0.000140191	0.00245859	-3.264	-1.978517e-11
0.618	191			5.16961e-05	-1.32956e-05	5.33799e-05	-14.418	0.00114156	-2.9564e-05	0.00114203	-1.482	0.00353433	-0.00014782	0.00353719	-2.388	0.00244905	-0.000139237	0.00245287	-3.24	-2.150238e-11
0.616	192			6.16838e-05	-1.50763e-05	6.3498e-05	-13.734	0.00113989	-3.00409e-05	0.00114013	-1.506	0.0035143	-0.000146867	0.00351717	-2.376	0.00244142	-0.000139237	0.00244524	-3.252	-1.492689e-11
0.614	193			7.36569e-05	-1.44914e-05	7.50688e-05	-11.13	0.0011325	-2.93256e-05	0.00113273	-1.476	0.00348951	-0.000146867	0.00349237	-2.394	0.00243475	-0.000138284	0.00243856	-3.246	-1.848684e-11
0.612	194			8.53618e-05	-1.54228e-05	8.67439e-05	-10.242	0.00112224	-2.88488e-05	0.00112272	-1.47	0.00346281	-0.000144959	0.00346567	-2.394	0.00243093	-0.000138284	0.00243475	-3.252	-2.020406e-11
0.61	195			9.89367e-05	-1.53409e-05	0.000100121	-8.814	0.00109173	-2.78951e-05	0.00109196	-1.458	0.00341512	-0.000143052	0.00341703	-2.394	0.00242616	-0.000138284	0.00242998	-3.258	-2.217243e-11
0.608	196			0.000111975	-1.58475e-05	0.000113093	-8.052	0.00112892	-3.00409e-05	0.0011294	-1.512	0.00343324	-0.000144006	0.0034361	-2.388	0.00242044	-0.00013733	0.00242426	-3.246	-2.007838e-11
0.606	197			0.000118107	-1.736e-05	0.000119374	-8.364	0.00113273	-3.00409e-05	0.00113297	-1.518	0.00342657	-0.000142098	0.00342943	-2.37	0.00241567	-0.00013733	0.00242044	-3.252	-2.225623e-11
0.604	198			0.000112571	-1.62126e-05	0.000113734	-8.19	0.00110794	-2.86103e-05	0.00110842	-1.47	0.003397	-0.000142098	0.00339891	-2.394	0.00240614	-0.00013733	0.00240995	-3.252	-1.890567e-11
0.602	199			9.58894e-05	-1.47001e-05	9.70145e-05	-8.718	0.00111175	-2.83719e-05	0.00111199	-1.452	0.00338365	-0.000141145	0.00338651	-2.382	0.00237562	-0.000135423	0.00237943	-3.258	-1.965954e-11
0.6	200			8.10553e-05	-1.39997e-05	8.22549e-05	-9.798	0.00111962	-2.83719e-05	0.0011201	-1.452	0.00336362	-0.000140191	0.00336553	-2.37	0.00233175	-0.000132562	0.00233652	-3.24	-2.548112e-11
0.598	201			7.4931e-05	-1.43797e-05	7.63019e-05	-10.86	0.00111676	-2.78951e-05	0.00111724	-1.416	0.00335027	-0.000138284	0.00335218	-2.358	0.00231268	-0.000131608	0.00231649	-3.252	-1.915696e-11
0.596	202			6.83372e-05	-1.34409e-05	6.96485e-05	-11.124	0.0010922	-2.6703e-05	0.00109244	-1.398	0.00333025	-0.00013733	0.00333311	-2.358	0.00230981	-0.000131608	0.00231363	-3.234	-2.158613e-11
0.594	203			5.54773e-05	-1.21669e-05	5.68035e-05	-12.366	0.0010438	-2.43188e-05	0.00104404	-1.326	0.00329401	-0.000136376	0.00329687	-2.364	0.00230886	-0.000131608	0.00231268	-3.24	-2.179552e-11
0.592	204			2.09213e-05	-1.09003e-05	2.35887e-05	-27.516	0.000976328	-2.12194e-05	0.00097657	-1.242	0.00326253	-0.000135423	0.0032654	-2.364	0.00230981	-0.000131608	0.00231363	-3.234	-1.802614e-11
0.59	205			2.56301e-06	-8.9333e-06	9.29093e-06	-73.968	0.000934843	-1.95504e-05	0.000935081	-1.182	0.00323774	-0.000133515	0.0032406	-2.346	0.00230981	-0.000131608	0.00231363	-3.24	-1.919887e-11
0.588	206			-9.127e-07	-9.45484e-06	9.49582e-06	-95.496	0.000904325	-1.90736e-05	0.000904564	-1.206	0.00321104	-0.000133515	0.00321294	-2.376	0.00230981	-0.000130654	0.00231363	-3.222	-2.024585e-11
0.586	207			-6.03501e-07	-1.00136e-05	1.00304e-05	-93.438	0.00088859	-1.69278e-05	0.000888828	-1.086	0.00319578	-0.000132562	0.00319864	-2.364	0.00230981	-0.000131608	0.00231363	-3.252	-1.262336e-11
0.584	208			3.96745e-07	-8.75263e-06	8.75822e-06	-87.396	0.000881199	-1.78815e-05	0.000881437	-1.146	0.0031891	-0.000132562	0.00319196	-2.37	0.00231077	-0.000131608	0.00231458	-3.234	-2.020401e-11
0.582	209			4.38842e-06	-8.79547e-06	9.82924e-06	-63.474	0.000884775	-1.71663e-05	0.000884775	-1.11	0.00318433	-0.000133515	0.00318624	-2.382	0.00230695	-0.000131608	0.00231172	-3.258	-2.502043e-11
0.58	210			9.40828e-06	-9.66905e-06	1.34893e-05	-45.774	0.000920538	-1.83583e-05	0.000920776	-1.14	0.00317957	-0.000131608	0.00318243	-2.364	0.00227739	-0.000129701	0.0022812	-3.252	-1.651838e-11
0.578	211			1.16416e-05	-9.58337e-06	1.50782e-05	-39.456	0.0009625	-2.14578e-05	0.000962738	-1.272	0.00317766	-0.000132562	0.00318052	-2.376	0.00223447	-0.000127793	0.00223829	-3.258	-1.790047e-11
0.576	212			1.14758e-05	-9.52749e-06	1.49143e-05	-39.696	0.000978716	-2.12194e-05	0.000978716	-1.23	0.00317957	-0.000131608	0.00318243	-2.364	0.00221635	-0.00012684	0.00221922	-3.27	-2.200493e-11
0.574	213			1.09878e-05	-8.28324e-06	1.37594e-05	-37.008	0.000982769	-2.16962e-05	0.000982769	-1.26	0.00317957	-0.000133515	0.00318243	-2.388	0.00221159	-0.00012684	0.00221445	-3.258	-2.221437e-11
0.572	214			7.59403e-06	-1.00993e-05	1.26344e-05	-53.052	0.000977762	-2.16962e-05	0.000978	-1.272	0.00317861	-0.000132562	0.00318147	-2.376	0.00221063	-0.00012684	0.00221445	-3.264	-1.810989e-11
0.57	215			4.43126e-06	-9.3971e-06	1.0388e-05	-64.752	0.000972275	-2.05041e-05	0.000972513	-1.206	0.0031767	-0.000131608	0.00317957	-2.352	0.00221063	-0.00012684	0.00221445	-3.264	-1.802614e-11
0.568	216			3.30435e-06	-8.48813e-06	9.10653e-06	-68.724	0.000969891	-2.05041e-05	0.000970129	-1.212	0.00317575	-0.000131608	0.00317766	-2.37	0.00221159	-0.000125886	0.00221445	-3.246	-1.81937e-11
0.566	217			4.91555e-06	-9.18104e-06	1.04122e-05	-61.83	0.000968698	-2.14578e-05	0.000968937	-1.26	0.00317384	-0.000132562	0.0031767	-2.382	0.00221254	-0.000125886	0.00221635	-3.24	-2.229808e-11
0.564	218			8.76753e-06	-9.76963e-06	1.31261e-05	-48.09	0.000967506	-2.14578e-05	0.000967745	-1.26	0.00317194	-0.000132562	0.0031748	-2.382	0.00221635	-0.00012684	0.00221922	-3.252	-1.660217e-11
0.562	219			1.50055e-05	-9.72865e-06	1.78815e-05	-32.952	0.000963453	-2.12194e-05	0.000963692	-1.26	0.00316431	-0.000131608	0.00316717	-2.364	0.00221826	-0.000125886	0.00222208	-3.234	-1.898945e-11
0.56	220			2.54923e-05	-1.02763e-05	2.74872e-05	-21.954	0.000951771	-2.02657e-05	0.000951771	-1.212	0.00314428	-0.000129701	0.00314714	-2.352	0.00222112	-0.00012684	0.00222494	-3.246	-2.280064e-11
0.558	221			3.91977e-05	-1.03713e-05	4.05463e-05	-14.82	0.00092626	-2.00273e-05	0.00092626	-1.236	0.00310232	-0.000128747	0.00310518	-2.376	0.00222017	-0.00012684	0.00222303	-3.246	-1.798427e-11
0.556	222			5.21841e-05	-1.1433e-05	5.34209e-05	-12.36	0.000906471	-2.00273e-05	0.00090671	-1.254	0.00305845	-0.000127793	0.00306036	-2.382	0.00220968	-0.000125886	0.00221349	-3.246	-1.609956e-11
0.554	223			6.01935e-05	-1.16565e-05	6.13076e-05	-10.956	0.000901703	-2.00273e-05	0.000901941	-1.272	0.00301076	-0.000123979	0.00301363	-2.346	0.00217725	-0.000123025	0.00218107	-3.222	-2.229808e-11
0.552	224			6.90785e-05	-1.20514e-05	7.01216e-05	-9.894	0.000912193	-2.2173e-05	0.000912432	-1.392	0.00297929	-0.000123979	0.00298215	-2.37	0.00214197	-0.000121117	0.00214578	-3.222	-1.639274e-11
0.55	225			7.8131e-05	-1.32397e-05	7.92448e-05	-9.618	0.000911478	-2.19346e-05	0.000911716	-1.374	0.00296499	-0.000122071	0.00296785	-2.358	0.00213434	-0.000120163	0.00213815	-3.198	-1.748173e-11
0.548	226			7.78963e-05	-1.23643e-05	7.88686e-05	-9.018	0.000901226	-2.14578e-05	0.000901464	-1.356	0.00295927	-0.000123025	0.00296213	-2.37	0.00213815	-0.000120163	0.00214101	-3.192	-2.028775e-11
0.546	227			6.38817e-05	-1.17496e-05	6.49509e-05	-10.422	0.000896458	-2.19346e-05	0.000896934	-1.392	0.00297166	-0.000123979	0.00297357	-2.376	0.00214101	-0.00011921	0.00214387	-3.174	-1.831933e-11
0.544	228			4.21333e-05	-1.09524e-05	4.3534e-05	-14.568	0.000880722	-2.12194e-05	0.00088096	-1.374	0.00297548	-0.000123025	0.00297834	-2.358	0.00214006	-0.00011921	0.00214387	-3.174	-2.070662e-11
0.542	229			3.23469e-05	-9.91306e-06	3.38296e-05	-17.04	0.000877146	-2.0981e-05	0.000877384	-1.362	0.0029688	-0.000123025	0.00297166	-2.364	0.00212766	-0.00011921	0.00213148	-3.192	-2.095789e-11
0.54	230			3.735e-05	-1.1094e-05	3.8963e-05	-16.542	0.000874761	-2.07425e-05	0.000874761	-1.35	0.00295354	-0.000122071	0.00295641	-2.352	0.00212003	-0.00011921	0.00212385	-3.204	-2.066473e-11
0.538	231			4.28113e-05	-1.13398e-05	4.42865e-05	-14.832	0.000867847	-2.07425e-05	0.000868086	-1.362	0.00294115	-0.000122071	0.00294401	-2.364	0.00211908	-0.00011921	0.00212289	-3.204	-1.857059e-11
0.536	232			5.17259e-05	-1.2856e-05	5.3298e-05	-13.956	0.000858549	-1.95504e-05	0.000858549	-1.29	0.00292303	-0.000120163	0.00292589	-2.352	0.00211908	-0.00011921	0.00212289	-3.204	-1.90732e-11
0.534	233			6.82441e-05	-1.3873e-05	6.96373e-05	-11.49	0.000875715	-2.12194e-05	0.000875954	-1.374	0.00292207	-0.000120163	0.00292493	-2.352	0.00211908	-0.000118256	0.00212289	-3.186	-2.045529e-11
0.532	234			7.87792e-05	-1.36756e-05	7.99564e-05	-9.846	0.000931028	-2.28883e-05	0.000931267	-1.404	0.00293447	-0.000120163	0.00293638	-2.328	0.00208379	-0.000117302	0.00208665	-3.204	-1.886379e-11
0.53	235			6.41164e-05	-1.36346e-05	6.55507e-05	-12.006	0.000948433	-2.3842e-05	0.00094891	-1.428	0.00293447	-0.000118256	0.00293638	-2.304	0.00205518	-0.000115395	0.002059	-3.192	-1.886378e-11
0.528	236			4.27815e-05	-1.07475e-05	4.41114e-05	-14.1	0.000939373	-2.28883e-05	0.00093985	-1.38	0.00293447	-0.000120163	0.00293638	-2.328	0.00204088	-0.000114441	0.00204374	-3.198	-2.087411e-11
0.526	237			2.19905e-05	-1.07065e-05	2.44566e-05	-25.95	0.000901703	-2.00273e-05	0.000901941	-1.272	0.00291349	-0.000118256	0.00291635	-2.304	0.00203706	-0.000115395	0.00203992	-3.222	-2.3387e-11
0.524	238			1.36309e-05	-1.02446e-05	1.70508e-05	-36.918	0.000865702	-1.78815e-05	0.00086594	-1.182	0.00288774	-0.000116349	0.00288965	-2.298	0.00203611	-0.000114441	0.00203897	-3.204	-1.965955e-11
0.522	239			1.12318e-05	-9.99129e-06	1.50316e-05	-41.646	0.00083733	-1.83583e-05	0.000837568	-1.254	0.00286104	-0.000116349	0.00286295	-2.322	0.00203706	-0.000114441	0.00203992	-3.204	-1.681154e-11
0.52	240			1.34931e-05	-1.02595e-05	1.69502e-05	-37.23	0.000824694	-1.66894e-05	0.000824932	-1.158	0.00284864	-0.000115395	0.00285055	-2.304	0.00203897	-0.000114441	0.00204279	-3.198	-2.384774e-11
0.518	241			2.17782e-05	-9.4772e-06	2.37488e-05	-23.514	0.000815395	-1.59742e-05	0.000815634	-1.11	0.00283624	-0.000115395	0.00283815	-2.316	0.00204374	-0.000114441	0.00204755	-3.192	-2.242377e-11
0.516	242			3.04842e-05	-9.54425e-06	3.19446e-05	-17.382	0.000828031	-1.62126e-05	0.00082827	-1.104	0.00282861	-0.000115395	0.00283147	-2.334	0.00203706	-0.000115395	0.00203992	-3.222	-2.162799e-11
0.514	243			2.40841e-05	-9.58896e-06	2.59207e-05	-21.702	0.000859741	-1.85968e-05	0.00085998	-1.23	0.0028248	-0.000115395	0.00282766	-2.334	0.00199892	-0.00011158	0.00200178	-3.186	-2.39734e-11
0.512	244			1.35825e-05	-9.36544e-06	1.64957e-05	-34.572	0.000870947	-1.9312e-05	0.000871185	-1.26	0.00282289	-0.000114441	0.0028248	-2.31	0.00196745	-0.000109673	0.00197078	-3.18	-2.070663e-11
0.51	245			1.58475e-05	-7.83434e-06	1.76766e-05	-26.298	0.000872616	-1.95504e-05	0.000872854	-1.278	0.00282289	-0.000115395	0.00282575	-2.34	0.00196888	-0.000109673	0.00197221	-3.18	-2.334513e-11
0.508	246			2.00049e-05	-8.20687e-06	2.16217e-05	-22.302	0.0008719	-1.85968e-05	0.0008719	-1.218	0.00282384	-0.000115395	0.00282575	-2.322	0.00197412	-0.000110627	0.00197698	-3.198	-2.418279e-11
0.506	247			2.55556e-05	-9.89815e-06	2.74034e-05	-21.168	0.000872377	-1.85968e-05	0.000872616	-1.212	0.00282289	-0.000115395	0.00282575	-2.322	0.00197841	-0.000111104	0.00198175	-3.204	-1.965952e-11
0.504	248			2.92511e-05	-9.42504e-06	3.07302e-05	-17.856	0.00087953	-1.95504e-05	0.000879768	-1.272	0.00282289	-0.000115395	0.00282575	-2.34	0.00197555	-0.00011158	0.00197841	-3.222	-2.012024e-11
0.502	249			3.32894e-05	-9.60758e-06	3.46454e-05	-16.092	0.00089455	-1.88352e-05	0.000894789	-1.194	0.00282098	-0.000115395	0.00282289	-2.328	0.00196315	-0.00011158	0.00196601	-3.246	-2.079033e-11
0.5	250			3.99279e-05	-9.31328e-06	4.09971e-05	-13.122	0.000903849	-1.9312e-05	0.000904087	-1.212	0.00281908	-0.000115395	0.00282098	-2.328	0.00195743	-0.000110627	0.00196029	-3.228	-1.915698e-11
0.498	251			5.53804e-05	-1.05687e-05	5.63788e-05	-10.8	0.00090671	-1.95504e-05	0.00090671	-1.224	0.0028124	-0.000113488	0.00281431	-2.304	0.00196363	-0.00011015	0.00196649	-3.204	-1.873814e-11
0.496	252			7.74716e-05	-1.25096e-05	7.84737e-05	-9.174	0.000916246	-2.19346e-05	0.000916485	-1.368	0.00280477	-0.000114441	0.00280668	-2.328	0.00196888	-0.000111104	0.00197174	-3.216	-1.840312e-11
0.494	253			9.41013e-05	-1.24798e-05	9.49209e-05	-7.548	0.000942711	-2.24115e-05	0.000942949	-1.356	0.00280096	-0.000115395	0.00280382	-2.34	0.00195743	-0.000110627	0.00196077	-3.228	-1.982706e-11
0.492	254			8.72319e-05	-1.17869e-05	8.80291e-05	-7.692	0.000963453	-2.3842e-05	0.00096393	-1.404	0.00279523	-0.000114441	0.00279714	-2.334	0.00192548	-0.000108719	0.00192834	-3.222	-1.978522e-11
0.49	255			7.28969e-05	-1.12653e-05	7.37687e-05	-8.778	0.000951055	-2.3842e-05	0.000951294	-1.428	0.00277616	-0.000113488	0.00277807	-2.322	0.00190306	-0.000106812	0.00190593	-3.21	-1.727224e-11
0.488	256			5.92696e-05	-1.02148e-05	6.01413e-05	-9.774	0.000909094	-2.19346e-05	0.000909571	-1.374	0.00274087	-0.00011158	0.00274278	-2.31	0.00189305	-0.000105381	0.00189591	-3.186	-1.609961e-11
0.486	257			4.38171e-05	-9.29093e-06	4.47857e-05	-11.964	0.000846867	-1.85968e-05	0.000847105	-1.248	0.00269033	-0.000110627	0.00269224	-2.34	0.00189114	-0.000105381	0.00189448	-3.18	-1.999459e-11
0.484	258			3.16652e-05	-9.00781e-06	3.29243e-05	-15.876	0.000784639	-1.6451e-05	0.000784878	-1.194	0.00263979	-0.000106812	0.00264169	-2.316	0.00188971	-0.000104905	0.00189257	-3.168	-1.898943e-11
0.482	259			2.66136e-05	-9.21643e-06	2.81633e-05	-19.092	0.000723366	-1.50204e-05	0.000723604	-1.188	0.00258447	-0.000104905	0.00258638	-2.316	0.00189114	-0.000104428	0.001894	-3.15	-1.953393e-11
0.48	260			2.80814e-05	-8.67998e-06	2.93927e-05	-17.172	0.000683788	-1.35899e-05	0.000683788	-1.134	0.00253965	-0.000102997	0.00254156	-2.316	0.00188828	-0.000103951	0.00189114	-3.144	-2.606748e-11
0.478	261			2.38196e-05	-8.15099e-06	2.51756e-05	-18.876	0.000664238	-1.33515e-05	0.000664476	-1.134	0.00249578	-0.000102044	0.00249769	-2.34	0.0018611	-0.000102044	0.00186396	-3.138	-1.819371e-11
0.476	262			1.16602e-05	-8.43039e-06	1.43871e-05	-35.862	0.00066686	-1.33515e-05	0.000667099	-1.134	0.00247766	-0.00010109	0.00247957	-2.328	0.0018282	-0.000101567	0.00183059	-3.174	-1.986892e-11
0.474	263			3.02309e-06	-8.67626e-06	9.18476e-06	-70.788	0.000681166	-1.45436e-05	0.000681404	-1.218	0.00249101	-0.00010109	0.00249292	-2.316	0.0018158	-0.000100613	0.00181866	-3.162	-2.049722e-11
0.472	264			1.13436e-06	-8.64459e-06	8.71724e-06	-82.518	0.00069261	-1.4782e-05	0.00069261	-1.212	0.00250436	-0.00010109	0.00250627	-2.298	0.00181533	-0.000100136	0.00181819	-3.15	-2.267504e-11
0.47	265			-6.92908e-07	-8.43784e-06	8.46392e-06	-94.686	0.000684265	-1.40668e-05	0.000684503	-1.158	0.00249769	-0.000100136	0.0024996	-2.292	0.00181485	-0.000100136	0.00181771	-3.144	-2.041343e-11
0.468	266			-2.47734e-07	-7.35934e-06	7.3612e-06	-91.92	0.000677589	-1.28747e-05	0.000677828	-1.068	0.00249101	-0.000100136	0.00249292	-2.298	0.0018158	-9.96594e-05	0.00181819	-3.132	-2.087411e-11
0.466	267			4.0755e-06	-8.66322e-06	9.57405e-06	-64.8	0.000681166	-1.28747e-05	0.000681404	-1.08	0.00249292	-0.000100136	0.00249578	-2.298	0.00181866	-0.000100136	0.00182153	-3.15	-2.104166e-11
0.464	268			1.53949e-05	-8.70047e-06	1.76841e-05	-29.472	0.00069857	-1.33515e-05	0.00069857	-1.08	0.00250532	-0.000100136	0.00250722	-2.286	0.00182343	-0.000100613	0.00182629	-3.15	-1.614144e-11
0.462	269			2.49875e-05	-9.45298e-06	2.6716e-05	-20.718	0.000738148	-1.43052e-05	0.000738386	-1.098	0.00251772	-0.000100136	0.00251962	-2.274	0.00181008	-0.000100613	0.00181294	-3.174	-2.468535e-11
0.46	270			2.894e-05	-8.58871e-06	3.01861e-05	-16.53	0.000772242	-1.71663e-05	0.000772242	-1.272	0.0025263	-0.000102044	0.00252821	-2.298	0.00178719	-9.87058e-05	0.00178958	-3.15	-1.919886e-11
0.458	271			3.28666e-05	-8.38569e-06	3.3919e-05	-14.31	0.000787023	-1.62126e-05	0.000787262	-1.176	0.00253107	-0.000102044	0.00253297	-2.292	0.00177956	-9.96594e-05	0.00178242	-3.192	-1.748172e-11
0.456	272			3.80168e-05	-9.37661e-06	3.91568e-05	-13.854	0.000797037	-1.69278e-05	0.000797275	-1.212	0.00253965	-0.000102044	0.00254156	-2.298	0.00178242	-9.91826e-05	0.00178481	-3.18	-1.630902e-11
0.454	273			4.32304e-05	-9.41573e-06	4.42436e-05	-12.288	0.000803236	-1.83583e-05	0.000803236	-1.296	0.0025406	-0.000102044	0.00254251	-2.298	0.00178481	-9.87058e-05	0.00178719	-3.162	-1.936637e-11
0.452	274			4.96397e-05	-8.85135e-06	5.0422e-05	-10.11	0.000816587	-1.81199e-05	0.000816826	-1.26	0.00253965	-0.000102044	0.00254156	-2.286	0.0017767	-9.82289e-05	0.00177909	-3.156	-2.070661e-11
0.45	275			6.03984e-05	-1.04607e-05	6.13001e-05	-9.828	0.000831131	-1.81199e-05	0.000831369	-1.242	0.00253488	-0.00010109	0.00253679	-2.274	0.00176812	-9.87058e-05	0.0017705	-3.18	-2.150237e-11
0.448	276			6.75661e-05	-1.04644e-05	6.83707e-05	-8.802	0.00083733	-1.83583e-05	0.000837568	-1.242	0.00252725	-0.000102044	0.00252916	-2.292	0.00176097	-9.87058e-05	0.00176383	-3.198	-1.878001e-11
0.446	277			6.14342e-05	-9.51072e-06	6.21644e-05	-8.796	0.000849251	-1.95504e-05	0.000849251	-1.302	0.00251962	-0.000102997	0.00252248	-2.334	0.00173808	-9.72752e-05	0.00174046	-3.192	-2.154428e-11
0.444	278			3.82217e-05	-8.71351e-06	3.92015e-05	-12.84	0.00084782	-1.95504e-05	0.000848059	-1.32	0.00251104	-0.00010109	0.00251295	-2.292	0.00170613	-9.48911e-05	0.00170899	-3.174	-1.907319e-11
0.442	279			1.51806e-05	-7.45433e-06	1.69092e-05	-26.148	0.000819448	-1.83583e-05	0.000819448	-1.284	0.00249769	-0.000100136	0.0024996	-2.292	0.00169516	-9.44142e-05	0.00169802	-3.174	-1.367041e-11
0.44	280			3.50738e-06	-6.48762e-06	7.37424e-06	-61.596	0.000793222	-1.74047e-05	0.000793461	-1.254	0.00248148	-0.000100136	0.00248338	-2.292	0.00169421	-9.39374e-05	0.00169707	-3.162	-2.271693e-11
0.438	281			2.44008e-07	-6.36655e-06	6.36841e-06	-87.798	0.000764612	-1.66894e-05	0.000764851	-1.236	0.00245573	-9.91826e-05	0.00245763	-2.298	0.00169469	-9.44142e-05	0.00169755	-3.174	-2.347083e-11
0.436	282			-1.0524e-06	-6.713e-06	6.79123e-06	-98.904	0.000729088	-1.43052e-05	0.000729326	-1.11	0.00242139	-9.63216e-05	0.0024233	-2.268	0.00169373	-9.39374e-05	0.00169612	-3.168	-2.78684e-11
0.434	283			-1.69502e-07	-6.47645e-06	6.47458e-06	-91.488	0.000730995	-1.52589e-05	0.000731234	-1.188	0.00242235	-9.63216e-05	0.00242426	-2.268	0.00169516	-9.29837e-05	0.00169755	-3.126	-1.584826e-11
0.432	284			3.33415e-06	-6.02755e-06	6.88623e-06	-61.044	0.000684742	-1.43052e-05	0.00068498	-1.182	0.00237562	-9.53679e-05	0.00237752	-2.298	0.00169659	-9.29837e-05	0.00169946	-3.126	-2.099982e-11
0.43	285			7.08367e-06	-5.92138e-06	9.23133e-06	-39.882	0.000638012	-1.16826e-05	0.00063825	-1.05	0.00231458	-9.25069e-05	0.00231649	-2.274	0.00168896	-9.25069e-05	0.00169183	-3.126	-2.326135e-11
0.428	286			1.07717e-05	-7.12278e-06	1.29138e-05	-33.468	0.000616077	-1.12057e-05	0.000616077	-1.038	0.00226308	-9.05995e-05	0.00226499	-2.274	0.00166512	-9.05995e-05	0.00166751	-3.102	-1.706286e-11
0.426	287			1.08742e-05	-5.70531e-06	1.22786e-05	-27.678	0.000587706	-1.04905e-05	0.000587944	-1.008	0.00222017	-8.96459e-05	0.00222208	-2.304	0.001647	-8.86922e-05	0.00164939	-3.072	-1.848686e-11
0.424	288			1.42176e-05	-6.91044e-06	1.58065e-05	-25.92	0.000591997	-1.12057e-05	0.000592235	-1.062	0.00222112	-8.86922e-05	0.00222303	-2.286	0.00164557	-9.01227e-05	0.00164796	-3.12	-2.384776e-11
0.422	289			1.92208e-05	-6.89368e-06	2.04184e-05	-19.728	0.000582937	-1.04905e-05	0.000582937	-1.014	0.00221159	-8.86922e-05	0.00221445	-2.274	0.00165082	-9.01227e-05	0.0016532	-3.108	-1.492688e-11
0.42	290			2.65372e-05	-8.91282e-06	2.79938e-05	-18.564	0.000580791	-1.09673e-05	0.00058103	-1.068	0.00219919	-8.86922e-05	0.0022011	-2.292	0.00164891	-9.10764e-05	0.00165129	-3.15	-1.810991e-11
0.418	291			2.69526e-05	-7.68347e-06	2.80255e-05	-15.912	0.000625614	-1.16826e-05	0.000625614	-1.068	0.00221826	-8.86922e-05	0.00222112	-2.268	0.00162698	-8.9169e-05	0.00162936	-3.132	-2.116734e-11
0.416	292			2.51868e-05	-8.96869e-06	2.67347e-05	-19.596	0.00067139	-1.31131e-05	0.00067139	-1.11	0.00224401	-8.86922e-05	0.00224592	-2.262	0.00160123	-8.9169e-05	0.00160313	-3.18	-1.940826e-11
0.414	293			1.7617e-05	-7.71141e-06	1.92301e-05	-23.64	0.000702623	-1.52589e-05	0.000702623	-1.236	0.00227167	-8.96459e-05	0.00227453	-2.25	0.00158978	-8.77385e-05	0.00159217	-3.156	-1.501064e-11
0.412	294			9.41945e-06	-7.51208e-06	1.20476e-05	-38.568	0.000715259	-1.54973e-05	0.000715498	-1.23	0.00229169	-9.05995e-05	0.0022936	-2.25	0.00158883	-8.77385e-05	0.00159121	-3.156	-2.079037e-11
0.41	295			1.11201e-06	-7.44875e-06	7.5307e-06	-81.498	0.000713114	-1.50204e-05	0.000713114	-1.206	0.00229646	-9.05995e-05	0.00229837	-2.244	0.00158788	-8.67848e-05	0.00159026	-3.126	-1.995275e-11
0.408	296			-8.41919e-07	-7.09857e-06	7.147e-06	-96.762	0.000705484	-1.43052e-05	0.000705723	-1.152	0.00229265	-8.96459e-05	0.00229456	-2.232	0.00158835	-8.67848e-05	0.00159074	-3.12	-1.396361e-11
0.406	297			2.04892e-08	-6.64781e-06	6.64595e-06	-89.814	0.000696424	-1.45436e-05	0.000696663	-1.176	0.00228311	-9.05995e-05	0.00228502	-2.256	0.00158883	-8.72617e-05	0.00159121	-3.132	-2.426658e-11
0.404	298			2.69899e-06	-6.4038e-06	6.94956e-06	-67.134	0.000684742	-1.33515e-05	0.000684742	-1.104	0.00226881	-9.05995e-05	0.00227071	-2.268	0.00158978	-8.77385e-05	0.00159217	-3.144	-1.74398e-11
0.402	299			7.12465e-06	-6.28273e-06	9.49955e-06	-41.394	0.000672821	-1.33515e-05	0.000673059	-1.122	0.00224973	-8.86922e-05	0.00225164	-2.256	0.00158597	-8.67848e-05	0.00158835	-3.126	-1.945015e-11
0.4	300			1.07363e-05	-6.9924e-06	1.28113e-05	-33.066	0.000690941	-1.38283e-05	0.000691179	-1.134	0.00224306	-8.86922e-05	0.00224496	-2.262	0.00156785	-8.67848e-05	0.00157023	-3.162	-1.936639e-11
0.398	301			1.20383e-05	-5.79844e-06	1.33627e-05	-25.716	0.000704054	-1.50204e-05	0.000704292	-1.206	0.00223638	-8.77385e-05	0.00223829	-2.238	0.0015483	-8.53543e-05	0.00155068	-3.156	-1.924072e-11
0.396	302			1.13473e-05	-6.93466e-06	1.32975e-05	-31.422	0.000686888	-1.40668e-05	0.000686888	-1.17	0.00221635	-8.67848e-05	0.00221826	-2.238	0.00154448	-8.48775e-05	0.00154687	-3.138	-2.108355e-11
0.394	303			1.39326e-05	-6.59752e-06	1.54154e-05	-25.332	0.000683073	-1.50204e-05	0.000683311	-1.242	0.00221254	-8.67848e-05	0.00221445	-2.244	0.00154544	-8.44006e-05	0.00154782	-3.12	-2.003645e-11
0.392	304			1.57916e-05	-6.10205e-06	1.69297e-05	-21.126	0.000664238	-1.38283e-05	0.000664238	-1.176	0.00217821	-8.67848e-05	0.00218011	-2.262	0.00153542	-8.39238e-05	0.00153781	-3.12	-1.710476e-11
0.39	305			1.57376e-05	-6.33302e-06	1.69632e-05	-21.912	0.00063682	-1.1921e-05	0.000637058	-1.062	0.00212575	-8.39238e-05	0.00212766	-2.244	0.0015111	-8.24933e-05	0.00151349	-3.12	-2.058095e-11
0.388	306			1.35303e-05	-6.50625e-06	1.50111e-05	-25.674	0.000574831	-1.09673e-05	0.000575069	-1.08	0.00205518	-8.20165e-05	0.00205614	-2.268	0.00149775	-8.15396e-05	0.00150014	-3.108	-1.857063e-11
0.386	307			7.45433e-06	-5.32533e-06	9.16055e-06	-35.538	0.000521425	-9.05996e-06	0.000521425	-0.972	0.00200464	-7.91554e-05	0.00200655	-2.244	0.00149489	-8.10628e-05	0.0014968	-3.102	-2.363834e-11
0.384	308			2.85731e-06	-4.60821e-06	5.42219e-06	-58.194	0.00048125	-7.62945e-06	0.000481369	-0.9	0.00197126	-7.86786e-05	0.00197317	-2.274	0.00149632	-8.01091e-05	0.00149823	-3.048	-1.95758e-11
0.382	309			-4.2841e-07	-5.18005e-06	5.19681e-06	-94.71	0.000476362	-7.03338e-06	0.000476362	-0.84	0.00196983	-7.86786e-05	0.00197174	-2.274	0.00149489	-8.10628e-05	0.00149728	-3.09	-1.442429e-11
0.38	310			-3.87432e-07	-5.07853e-06	5.0925e-06	-94.362	0.000492338	-7.62945e-06	0.000492457	-0.882	0.001987	-7.82018e-05	0.00198843	-2.244	0.00149585	-8.05859e-05	0.00149775	-3.072	-1.723043e-11
0.378	311			3.14509e-06	-6.42895e-06	7.15631e-06	-63.924	0.000535253	-9.41759e-06	0.000535373	-0.996	0.00202753	-8.01091e-05	0.00202896	-2.25	0.00149537	-8.10628e-05	0.00149775	-3.09	-2.041339e-11
0.376	312			1.00611e-05	-6.55654e-06	1.20085e-05	-33.09	0.000588421	-1.16826e-05	0.00058854	-1.134	0.00206281	-8.15396e-05	0.00206472	-2.256	0.00148679	-8.10628e-05	0.00148917	-3.12	-2.070659e-11
0.374	313			1.7915e-05	-7.01754e-06	1.92412e-05	-21.39	0.00063229	-1.21594e-05	0.000632409	-1.092	0.00208141	-8.15396e-05	0.00208284	-2.238	0.00147057	-8.05859e-05	0.00147296	-3.126	-1.534575e-11
0.372	314			2.27095e-05	-7.15072e-06	2.38084e-05	-17.472	0.000645284	-1.37091e-05	0.000645403	-1.206	0.00207807	-8.15396e-05	0.00207998	-2.238	0.00145818	-7.91554e-05	0.00146056	-3.102	-1.660212e-11
0.37	315			2.31547e-05	-6.59007e-06	2.40748e-05	-15.888	0.000635985	-1.27555e-05	0.000636224	-1.146	0.0020671	-8.10628e-05	0.00206901	-2.232	0.00145627	-7.96323e-05	0.00145818	-3.12	-2.062285e-11
0.368	316			1.93325e-05	-7.03338e-06	2.0573e-05	-19.986	0.000631217	-1.26362e-05	0.000631336	-1.14	0.00205232	-8.05859e-05	0.00205375	-2.238	0.00144387	-7.96323e-05	0.00144625	-3.144	-2.116734e-11
0.366	317			1.33366e-05	-5.58051e-06	1.4456e-05	-22.704	0.000638012	-1.27555e-05	0.000638131	-1.14	0.00204135	-8.05859e-05	0.00204279	-2.256	0.00142051	-7.77249e-05	0.00142241	-3.114	-2.192117e-11
0.364	318			8.87929e-06	-5.31788e-06	1.03489e-05	-30.912	0.000632647	-1.32323e-05	0.000632886	-1.188	0.00203516	-8.01091e-05	0.00203706	-2.238	0.00141383	-7.67712e-05	0.00141574	-3.102	-1.614147e-11
0.362	319			3.56884e-06	-5.56748e-06	6.61242e-06	-57.33	0.000621799	-1.21594e-05	0.000621919	-1.11	0.00202848	-7.91554e-05	0.00203039	-2.232	0.0014124	-7.67712e-05	0.00141431	-3.108	-1.760735e-11
0.36	320			1.34484e-06	-5.41101e-06	5.57306e-06	-76.038	0.000600461	-1.08481e-05	0.000600461	-1.026	0.00200988	-7.86786e-05	0.00201131	-2.238	0.0014124	-7.82018e-05	0.00141431	-3.162	-1.375419e-11
0.358	321			9.68583e-07	-5.32161e-06	5.40915e-06	-79.668	0.000581626	-1.09673e-05	0.000581745	-1.068	0.00199129	-7.77249e-05	0.00199319	-2.226	0.0014124	-7.67712e-05	0.00141431	-3.108	-2.652817e-11
0.356	322			6.17097e-06	-5.51532e-06	8.27579e-06	-41.784	0.000531081	-9.5368e-06	0.0005312	-1.026	0.00193406	-7.53407e-05	0.00193549	-2.22	0.00141192	-7.62944e-05	0.00141383	-3.078	-2.263318e-11
0.354	323			1.98298e-05	-6.09274e-06	2.07444e-05	-17.076	0.000480892	-7.39101e-06	0.000481011	-0.876	0.00186349	-7.34334e-05	0.00186444	-2.244	0.00140572	-7.62944e-05	0.00140763	-3.096	-2.631877e-11
0.352	324			3.46603e-05	-6.73535e-06	3.53085e-05	-10.998	0.000465753	-7.2718e-06	0.000465753	-0.888	0.00182248	-7.1526e-05	0.00182343	-2.238	0.00139571	-7.43871e-05	0.00139762	-3.036	-1.739794e-11
0.35	325			4.22916e-05	-6.63663e-06	4.28094e-05	-8.916	0.000480535	-7.86787e-06	0.000480654	-0.93	0.00181866	-7.10492e-05	0.00182009	-2.232	0.00138379	-7.43871e-05	0.00138617	-3.072	-2.003649e-11
0.348	326			4.51992e-05	-7.75239e-06	4.58586e-05	-9.732	0.000492457	-9.41759e-06	0.000492577	-1.092	0.00182057	-7.20029e-05	0.001822	-2.256	0.00137568	-7.34334e-05	0.00137759	-3.054	-2.527175e-11
0.346	327			4.03824e-05	-7.53629e-06	4.1079e-05	-10.566	0.000525121	-1.03713e-05	0.00052524	-1.122	0.00184155	-7.20029e-05	0.00184251	-2.226	0.00136042	-7.43871e-05	0.00136233	-3.114	-1.718854e-11
0.344	328			3.10021e-05	-7.78964e-06	3.19669e-05	-14.094	0.000557069	-1.04905e-05	0.000557188	-1.074	0.00186682	-7.20029e-05	0.00186826	-2.196	0.00134278	-7.34334e-05	0.00134517	-3.126	-2.016213e-11
0.342	329			2.4099e-05	-6.44851e-06	2.49484e-05	-14.976	0.000569943	-1.08481e-05	0.000570063	-1.08	0.00188208	-7.34334e-05	0.00188351	-2.22	0.00133849	-7.34334e-05	0.0013404	-3.12	-1.689533e-11
0.34	330			1.01068e-05	-5.72208e-06	1.16155e-05	-29.502	0.00055683	-1.03713e-05	0.00055683	-1.062	0.00188399	-7.34334e-05	0.00188542	-2.226	0.00133801	-7.29566e-05	0.00133992	-3.108	-1.940827e-11
0.338	331			6.79123e-06	-5.79472e-06	8.92772e-06	-40.458	0.000541333	-9.5368e-06	0.000541452	-1.002	0.00187255	-7.24797e-05	0.00187398	-2.214	0.00133992	-7.29566e-05	0.00134183	-3.102	-1.802614e-11
0.336	332			1.78536e-05	-5.50228e-06	1.86824e-05	-17.124	0.000553969	-9.29838e-06	0.000554089	-0.954	0.00187255	-7.34334e-05	0.00187398	-2.232	0.00133849	-7.20029e-05	0.00134087	-3.078	-2.007838e-11
0.334	333			3.54184e-05	-6.31067e-06	3.59754e-05	-10.098	0.000576261	-1.16826e-05	0.000576381	-1.152	0.00186492	-7.34334e-05	0.00186635	-2.25	0.00132752	-7.29566e-05	0.00132943	-3.132	-1.781674e-11
0.332	334			4.82167e-05	-7.39101e-06	4.87792e-05	-8.712	0.00058699	-1.26362e-05	0.000587229	-1.23	0.00185586	-7.34334e-05	0.00185729	-2.25	0.00131989	-7.1526e-05	0.0013218	-3.096	-1.873814e-11
0.33	335			5.35364e-05	-6.99612e-06	5.39909e-05	-7.44	0.000577811	-1.08481e-05	0.00057793	-1.068	0.00183297	-7.20029e-05	0.0018344	-2.238	0.00131179	-7.24797e-05	0.00131369	-3.156	-1.769109e-11
0.328	336			5.52798e-05	-7.05945e-06	5.57306e-05	-7.272	0.00055683	-1.12057e-05	0.00055695	-1.146	0.00179864	-7.00955e-05	0.00180007	-2.226	0.00129939	-7.05724e-05	0.0013013	-3.096	-2.267507e-11
0.326	337			5.30819e-05	-7.42826e-06	5.35997e-05	-7.962	0.000496391	-8.82155e-06	0.00049651	-1.014	0.00172711	-6.77113e-05	0.00172854	-2.244	0.00128747	-7.00955e-05	0.00128985	-3.114	-2.200494e-11
0.324	338			4.37053e-05	-6.86201e-06	4.42418e-05	-8.916	0.00046015	-8.2255e-06	0.000460269	-1.014	0.00169087	-6.62808e-05	0.00169183	-2.232	0.0012765	-6.8665e-05	0.00127841	-3.078	-2.368023e-11
0.322	339			3.54501e-05	-5.73325e-06	3.59083e-05	-9.18	0.000444056	-6.79496e-06	0.000444176	-0.87	0.00168086	-6.53272e-05	0.00168181	-2.214	0.00127316	-6.77113e-05	0.00127459	-3.042	-1.974332e-11
0.32	340			3.84899e-05	-6.21009e-06	3.89854e-05	-9.162	0.000441911	-7.51021e-06	0.00044203	-0.96	0.00167514	-6.5804e-05	0.00167609	-2.244	0.00127316	-6.8665e-05	0.00127459	-3.072	-2.158605e-11
0.318	341			3.8136e-05	-6.48576e-06	3.86836e-05	-9.648	0.000467421	-7.86787e-06	0.000467421	-0.966	0.00168706	-6.53272e-05	0.00168849	-2.208	0.00126076	-6.77113e-05	0.0012622	-3.072	-1.991083e-11
0.316	342			3.53197e-05	-6.79496e-06	3.59679e-05	-10.884	0.000504736	-9.17917e-06	0.000504736	-1.038	0.00170708	-6.5804e-05	0.00170851	-2.202	0.00123978	-6.77113e-05	0.00124121	-3.108	-2.012028e-11
0.314	343			2.92287e-05	-6.84711e-06	3.00185e-05	-13.182	0.000507597	-8.10629e-06	0.000507716	-0.906	0.00170995	-6.5804e-05	0.00171138	-2.184	0.00123263	-6.77113e-05	0.00123454	-3.126	-2.238185e-11
0.312	344			3.18664e-05	-5.14093e-06	3.22799e-05	-9.162	0.000513319	-8.82155e-06	0.000513438	-0.984	0.00171376	-6.5804e-05	0.00171519	-2.19	0.00123359	-6.72345e-05	0.00123549	-3.108	-2.162799e-11
0.31	345			3.73351e-05	-6.40753e-06	3.78827e-05	-9.738	0.000533823	-1.00136e-05	0.000533823	-1.074	0.00172187	-6.67577e-05	0.0017233	-2.208	0.00122739	-6.67577e-05	0.00122882	-3.096	-2.041341e-11
0.308	346			5.0843e-05	-6.9775e-06	5.13198e-05	-7.812	0.000551824	-1.06097e-05	0.000551943	-1.092	0.00172473	-6.5804e-05	0.00172616	-2.178	0.001225	-6.67577e-05	0.00122691	-3.102	-2.053909e-11
0.306	347			5.91504e-05	-7.12651e-06	5.95751e-05	-6.87	0.000554923	-1.14442e-05	0.000555161	-1.176	0.00171185	-6.5804e-05	0.00171281	-2.196	0.00121785	-6.5804e-05	0.00121976	-3.072	-2.049718e-11
0.304	348			5.96421e-05	-8.13982e-06	6.01972e-05	-7.77	0.000534896	-9.77522e-06	0.000535015	-1.038	0.00168134	-6.43735e-05	0.00168277	-2.19	0.00120927	-6.62808e-05	0.00121117	-3.126	-2.04134e-11
0.302	349			4.70879e-05	-6.21009e-06	4.74977e-05	-7.512	0.000487925	-9.5368e-06	0.000488045	-1.116	0.00161839	-6.24661e-05	0.00161982	-2.208	0.00118399	-6.34198e-05	0.0011859	-3.06	-2.292634e-11
0.3	350			2.14839e-05	-5.60659e-06	2.22028e-05	-14.616	0.000434401	-6.0797e-06	0.000434401	-0.792	0.00157119	-6.05586e-05	0.00157214	-2.196	0.00116158	-6.24661e-05	0.00116349	-3.072	-2.330328e-11
0.298	351			1.07959e-05	-4.56351e-06	1.17198e-05	-22.89	0.000397565	-5.84128e-06	0.000397684	-0.828	0.00154782	-5.96049e-05	0.00154877	-2.196	0.00116206	-6.19893e-05	0.00116349	-3.036	-1.819368e-11
0.296	352			1.66671e-05	-4.60821e-06	1.72892e-05	-15.45	0.000385167	-4.88761e-06	0.000385167	-0.714	0.00153352	-5.9128e-05	0.00153447	-2.202	0.00116587	-6.2943e-05	0.00116778	-3.078	-1.995266e-11
0.294	353			2.50862e-05	-6.42988e-06	2.58983e-05	-14.37	0.000418665	-6.67575e-06	0.000418665	-0.912	0.00155068	-5.96049e-05	0.00155164	-2.19	0.00115872	-6.19893e-05	0.00116015	-3.048	-1.823559e-11
0.292	354			4.37202e-05	-6.66457e-06	4.42232e-05	-8.664	0.000463726	-7.98708e-06	0.000463845	-0.978	0.00157882	-6.10356e-05	0.00158025	-2.214	0.0011592	-6.24661e-05	0.00116063	-3.078	-2.21306e-11
0.29	355			4.56611e-05	-6.52674e-06	4.61231e-05	-8.13	0.00050414	-1.03713e-05	0.000504259	-1.176	0.00160075	-6.19893e-05	0.00160218	-2.208	0.00114585	-6.24661e-05	0.00114728	-3.096	-2.120921e-11
0.288	356			3.4217e-05	-6.24734e-06	3.47833e-05	-10.344	0.000524763	-1.03713e-05	0.000524882	-1.128	0.00160838	-6.15125e-05	0.00160981	-2.184	0.00112105	-6.10356e-05	0.00112248	-3.114	-1.815178e-11
0.286	357			1.38693e-05	-4.67154e-06	1.4633e-05	-18.606	0.000511531	-9.17917e-06	0.000511531	-1.02	0.00160266	-6.19893e-05	0.00160409	-2.202	0.00110675	-6.00817e-05	0.00110818	-3.102	-1.878003e-11
0.284	358			3.46826e-06	-4.30088e-06	5.52463e-06	-51.096	0.000477435	-8.58313e-06	0.000477554	-1.026	0.00157786	-6.00817e-05	0.00157882	-2.178	0.00110579	-6.00817e-05	0.0011077	-3.102	-1.982708e-11
0.282	359			8.69861e-06	-4.99192e-06	1.00285e-05	-29.844	0.000421764	-7.2718e-06	0.000421764	-0.99	0.00152255	-5.76975e-05	0.0015235	-2.166	0.00111151	-5.96049e-05	0.00111295	-3.054	-1.932448e-11
0.28	360			1.70787e-05	-4.57469e-06	1.76803e-05	-14.988	0.000384213	-5.96049e-06	0.000384213	-0.876	0.00146676	-5.6267e-05	0.00146771	-2.184	0.00110293	-5.9128e-05	0.00110484	-3.042	-1.865436e-11
0.278	361			2.71389e-05	-6.16911e-06	2.78318e-05	-12.804	0.000382306	-5.24524e-06	0.000382425	-0.78	0.00144912	-5.53133e-05	0.00145055	-2.172	0.00109626	-5.9128e-05	0.00109769	-3.078	-2.317761e-11
0.276	362			2.6025e-05	-4.66596e-06	2.64404e-05	-10.158	0.000385882	-6.19891e-06	0.000386002	-0.912	0.00143147	-5.48365e-05	0.00143243	-2.184	0.00107623	-5.67439e-05	0.00107766	-3.012	-2.066472e-11
0.274	363			1.55718e-05	-5.0925e-06	1.63839e-05	-18.108	0.000394704	-6.31812e-06	0.000394823	-0.912	0.00143958	-5.53133e-05	0.00144053	-2.184	0.00106145	-5.67439e-05	0.00106288	-3.036	-2.229807e-11
0.272	364			4.33254e-06	-4.07736e-06	5.94932e-06	-43.254	0.000414731	-6.0797e-06	0.00041485	-0.828	0.00146867	-5.6267e-05	0.00146962	-2.184	0.00105906	-5.72207e-05	0.00106049	-3.078	-2.028775e-11
0.27	365			3.36861e-06	-3.54277e-06	4.88854e-06	-46.434	0.000433328	-7.62945e-06	0.000433328	-0.996	0.00149155	-5.67439e-05	0.00149251	-2.178	0.00106145	-5.67439e-05	0.00106288	-3.036	-1.840305e-11
0.268	366			1.12514e-05	-4.11182e-06	1.19787e-05	-20.076	0.000452759	-7.62945e-06	0.000452878	-0.96	0.00149918	-5.76975e-05	0.00150014	-2.19	0.00105954	-5.76975e-05	0.00106145	-3.096	-1.995268e-11
0.266	367			1.92599e-05	-4.03079e-06	1.96771e-05	-11.82	0.000452163	-7.86787e-06	0.000452282	-0.996	0.00147916	-5.67439e-05	0.00148011	-2.178	0.00104953	-5.6267e-05	0.00105048	-3.054	-2.045527e-11
0.264	368			2.13889e-05	-4.62311e-06	2.18825e-05	-12.192	0.000424864	-7.15259e-06	0.000424864	-0.954	0.001431	-5.43597e-05	0.00143195	-2.172	0.00103188	-5.6267e-05	0.00103331	-3.108	-2.024587e-11
0.262	369			1.33347e-05	-4.68831e-06	1.41357e-05	-19.368	0.000367763	-5.00682e-06	0.000367763	-0.768	0.00137044	-5.14986e-05	0.00137139	-2.142	0.00101853	-5.43597e-05	0.00101949	-3.054	-1.785861e-11
0.26	370			4.77958e-06	-3.71972e-06	6.05549e-06	-37.878	0.000337007	-5.00682e-06	0.000337126	-0.84	0.00134803	-5.19755e-05	0.00134898	-2.196	0.00101662	-5.38828e-05	0.00101805	-3.018	-2.305196e-11
0.258	371			4.22265e-06	-3.46453e-06	5.46224e-06	-39.366	0.000323536	-4.17235e-06	0.000323536	-0.732	0.00133754	-5.10218e-05	0.00133849	-2.184	0.00101853	-5.3406e-05	0.00101996	-2.994	-1.865438e-11
0.256	372			1.41245e-05	-4.15187e-06	1.47215e-05	-16.38	0.000351908	-4.88761e-06	0.000351908	-0.792	0.00135136	-5.10218e-05	0.00135232	-2.148	0.00101424	-5.43597e-05	0.00101567	-3.048	-1.831927e-11
0.254	373			2.24841e-05	-5.54512e-06	2.31565e-05	-13.854	0.000411393	-7.15259e-06	0.000411393	-0.996	0.00138856	-5.29292e-05	0.00138951	-2.172	0.00100089	-5.43597e-05	0.00100232	-3.084	-1.903133e-11
0.252	374			1.96901e-05	-5.1875e-06	2.03607e-05	-14.754	0.000443341	-8.2255e-06	0.000443341	-1.05	0.00140286	-5.3406e-05	0.00140382	-2.178	0.000979669	-5.24523e-05	0.0009811	-3.06	-1.668591e-11
0.25	375			9.75659e-06	-4.54675e-06	1.07643e-05	-24.984	0.000412108	-7.2718e-06	0.000412228	-1.002	0.0013795	-5.24523e-05	0.00138045	-2.172	0.000977762	-5.26907e-05	0.000979193	-3.084	-1.56389e-11
0.248	376			5.01241e-06	-3.79981e-06	6.28832e-06	-37.146	0.000359656	-4.29156e-06	0.000359656	-0.672	0.00133229	-5.0545e-05	0.00133324	-2.16	0.000978954	-5.26907e-05	0.000980385	-3.072	-1.760734e-11
0.246	377			1.38376e-05	-4.46106e-06	1.45399e-05	-17.862	0.000319244	-2.62262e-06	0.000319244	-0.468	0.00128127	-4.76839e-05	0.00128222	-2.13	0.000979669	-5.31676e-05	0.0009811	-3.108	-1.341915e-11
0.244	378			2.81708e-05	-4.34372e-06	2.85042e-05	-8.766	0.000334146	-4.7684e-06	0.000334265	-0.81	0.00127078	-4.86376e-05	0.00127173	-2.178	0.000967745	-5.14986e-05	0.000969175	-3.048	-2.326141e-11
0.242	379			3.43549e-05	-4.24872e-06	3.46156e-05	-7.05	0.000352742	-4.88761e-06	0.000352742	-0.78	0.00126553	-4.76839e-05	0.00126649	-2.154	0.000950102	-5.03066e-05	0.000951532	-3.024	-2.175368e-11
0.24	380			2.14392e-05	-5.11485e-06	2.20408e-05	-13.416	0.000366332	-6.19891e-06	0.000366332	-0.96	0.00128651	-4.86376e-05	0.00128747	-2.148	0.000942711	-5.07834e-05	0.000944141	-3.078	-2.25913e-11
0.238	381			1.0876e-05	-4.25431e-06	1.16788e-05	-21.354	0.000376942	-5.24524e-06	0.000377061	-0.792	0.0013094	-5.00681e-05	0.00131036	-2.184	0.00094438	-5.10218e-05	0.000945572	-3.09	-1.735602e-11
0.236	382			2.26257e-05	-4.29529e-06	2.30299e-05	-10.746	0.000374796	-5.48366e-06	0.000374796	-0.828	0.00129128	-4.91145e-05	0.00129224	-2.16	0.000941042	-5.10218e-05	0.000942234	-3.102	-1.940827e-11
0.234	383			3.71451e-05	-5.4315e-06	3.754e-05	-8.316	0.000370266	-6.43733e-06	0.000370266	-0.99	0.00126315	-4.81608e-05	0.00126458	-2.172	0.000932936	-5.0545e-05	0.000934128	-3.096	-1.777483e-11
0.232	384			4.1839e-05	-5.42964e-06	4.21891e-05	-7.392	0.000345351	-5.24524e-06	0.00034547	-0.852	0.00121594	-4.48229e-05	0.0012169	-2.1	0.000916723	-4.8876e-05	0.000917915	-3.036	-2.259126e-11
0.23	385			3.49714e-05	-5.26386e-06	3.53644e-05	-8.562	0.000328781	-4.17235e-06	0.000328781	-0.708	0.00120259	-4.52998e-05	0.00120354	-2.142	0.000911001	-4.76839e-05	0.000912193	-2.982	-1.614148e-11
0.228	386			2.99515e-05	-4.09599e-06	3.0229e-05	-7.782	0.000326278	-5.24524e-06	0.000326397	-0.912	0.00120068	-4.57766e-05	0.00120164	-2.16	0.000904564	-4.76839e-05	0.000905756	-3.006	-1.932451e-11
0.226	387			2.88618e-05	-5.1223e-06	2.93126e-05	-10.062	0.000341536	-5.48366e-06	0.000341536	-0.918	0.00120879	-4.67303e-05	0.00121022	-2.196	0.00089765	-4.8876e-05	0.00089908	-3.114	-1.706287e-11
0.224	388			3.66087e-05	-5.13162e-06	3.69682e-05	-7.974	0.000358226	-5.36445e-06	0.000358226	-0.852	0.0012126	-4.48229e-05	0.00121356	-2.106	0.000892643	-4.76839e-05	0.000894073	-3.048	-1.563888e-11
0.222	389			4.40034e-05	-5.22847e-06	4.43144e-05	-6.774	0.000367286	-5.36445e-06	0.000367286	-0.822	0.00120354	-4.57766e-05	0.0012045	-2.154	0.000882152	-4.72071e-05	0.000883583	-3.048	-2.271695e-11
0.22	390			3.81956e-05	-5.15956e-06	3.85421e-05	-7.692	0.00033951	-5.60287e-06	0.00033951	-0.936	0.00116587	-4.38693e-05	0.00116635	-2.142	0.000868801	-4.64919e-05	0.000869993	-3.054	-2.234e-11
0.218	391			2.19458e-05	-4.02148e-06	2.23109e-05	-10.38	0.000305416	-4.17235e-06	0.000305416	-0.774	0.00114251	-4.29156e-05	0.00114299	-2.136	0.000858311	-4.52998e-05	0.000859503	-3.012	-2.162804e-11
0.216	392			2.79007e-05	-3.0622e-06	2.80683e-05	-6.264	0.000296952	-4.05314e-06	0.000296952	-0.774	0.0011282	-4.38693e-05	0.00112916	-2.214	0.000860218	-4.52998e-05	0.00086141	-3.006	-1.974328e-11
0.214	393			3.91679e-05	-4.39401e-06	3.94119e-05	-6.402	0.00031984	-5.24524e-06	0.00031996	-0.93	0.00112916	-4.29156e-05	0.00112963	-2.166	0.000850443	-4.48229e-05	0.000851635	-3.006	-2.627693e-11
0.212	394			2.82583e-05	-4.97515e-06	2.86923e-05	-9.984	0.000341775	-5.84128e-06	0.000341894	-0.96	0.0011406	-4.24387e-05	0.00114156	-2.124	0.000829939	-4.45845e-05	0.000830892	-3.072	-2.158614e-11
0.21	395			1.28858e-05	-3.07338e-06	1.32472e-05	-13.416	0.000315072	-4.17235e-06	0.000315072	-0.738	0.00112773	-4.24387e-05	0.0011282	-2.148	0.000826124	-4.43461e-05	0.000827316	-3.06	-1.8068e-11
0.208	396			2.52688e-05	-3.94325e-06	2.55724e-05	-8.862	0.000290276	-2.26499e-06	0.000290276	-0.432	0.00109244	-4.10082e-05	0.00109292	-2.148	0.000828508	-4.41077e-05	0.0008297	-3.042	-2.074849e-11
0.206	397			2.84613e-05	-4.44989e-06	2.88059e-05	-8.886	0.000300409	-4.29156e-06	0.000300409	-0.804	0.00107814	-4.05314e-05	0.00107909	-2.142	0.000810627	-4.38693e-05	0.000811819	-3.096	-1.756543e-11
0.204	398			1.52123e-05	-3.32484e-06	1.557e-05	-12.324	0.000286104	-3.33787e-06	0.000286104	-0.666	0.00106622	-4.00546e-05	0.00106717	-2.13	0.00079513	-4.17235e-05	0.000796083	-2.988	-1.526193e-11
0.202	399			1.00285e-05	-3.99168e-06	1.07941e-05	-21.696	0.000281693	-3.21867e-06	0.000281693	-0.654	0.00107051	-4.00546e-05	0.00107098	-2.124	0.000799421	-4.3154e-05	0.000800613	-3.078	-2.154429e-11
0.2	400			2.18285e-05	-3.73834e-06	2.2147e-05	-9.72	0.000306966	-4.7684e-06	0.000306966	-0.882	0.00107575	-4.05314e-05	0.00107623	-2.148	0.000793222	-4.26772e-05	0.000794414	-3.078	-1.714663e-11
0.198	401			1.91425e-05	-3.22425e-06	1.94126e-05	-9.558	0.000299098	-3.33787e-06	0.000299098	-0.636	0.00105191	-3.91009e-05	0.00105239	-2.106	0.000771049	-4.10082e-05	0.000772242	-3.042	-1.685346e-11
0.196	402			8.72655e-06	-3.11995e-06	9.26858e-06	-19.668	0.000260117	-2.50341e-06	0.000260117	-0.54	0.00102235	-3.76704e-05	0.00102282	-2.088	0.000771765	-4.12466e-05	0.000772957	-3.054	-1.748168e-11
0.194	403			1.61492e-05	-3.21494e-06	1.64659e-05	-11.256	0.000255348	-2.74183e-06	0.000255348	-0.6	0.00100852	-3.76704e-05	0.00100947	-2.118	0.000771765	-4.05314e-05	0.000772718	-2.994	-2.518798e-11
0.192	404			2.18229e-05	-3.08269e-06	2.20408e-05	-8.034	0.000291826	-4.52998e-06	0.000291826	-0.876	0.00102092	-3.76704e-05	0.00102139	-2.112	0.000753168	-4.00546e-05	0.000754122	-3.042	-1.67278e-11
0.19	405			1.19545e-05	-3.90413e-06	1.25766e-05	-18.078	0.000284435	-3.33787e-06	0.000284435	-0.672	0.00102139	-3.76704e-05	0.00102187	-2.094	0.000749115	-4.10082e-05	0.000750069	-3.12	-1.865437e-11
0.188	406			1.72538e-05	-2.88339e-06	1.74922e-05	-9.48	0.000251772	-2.98025e-06	0.000251772	-0.666	0.00098253	-3.64783e-05	0.000983246	-2.118	0.000750545	-3.91009e-05	0.000751499	-2.976	-1.890567e-11
0.186	407			2.73624e-05	-3.55953e-06	2.75933e-05	-7.41	0.000262858	-2.74183e-06	0.000262858	-0.594	0.000965361	-3.55246e-05	0.000966076	-2.106	0.000732664	-3.8624e-05	0.000733618	-3.006	-1.986892e-11
0.184	408			1.93306e-05	-3.41983e-06	1.96305e-05	-10.026	0.000258686	-3.21867e-06	0.000258686	-0.696	0.000968222	-3.64783e-05	0.000968937	-2.148	0.000728134	-3.74319e-05	0.000729088	-2.934	-2.460162e-11
0.182	409			2.30522e-05	-5.05525e-06	2.35998e-05	-12.366	0.000268938	-3.21867e-06	0.000268938	-0.666	0.000972513	-3.50478e-05	0.000973228	-2.058	0.00072718	-3.93393e-05	0.000728134	-3.096	-1.697908e-11
0.18	410			3.35241e-05	-3.90786e-06	3.37514e-05	-6.648	0.000264408	-3.93394e-06	0.000264408	-0.84	0.000940327	-3.48093e-05	0.000941042	-2.112	0.000713114	-3.76704e-05	0.000714067	-3.012	-2.028775e-11
0.178	411			2.7815e-05	-3.70668e-06	2.80571e-05	-7.59	0.00024903	-2.02657e-06	0.00024903	-0.444	0.000927214	-3.36173e-05	0.000927929	-2.07	0.000706915	-3.74319e-05	0.000708107	-3.024	-1.7021e-11
0.176	412			2.93126e-05	-3.99168e-06	2.95826e-05	-7.752	0.000248315	-2.62262e-06	0.000248315	-0.6	0.000921253	-3.43325e-05	0.000921968	-2.124	0.000703577	-3.76704e-05	0.000704531	-3.054	-1.584828e-11
0.174	413			3.43288e-05	-3.41052e-06	3.44983e-05	-5.67	0.000264766	-3.57629e-06	0.000264766	-0.762	0.000921253	-3.43325e-05	0.00092173	-2.124	0.000691894	-3.71935e-05	0.000692848	-3.06	-2.259127e-11
0.172	414			2.8316e-05	-3.97491e-06	2.85936e-05	-7.986	0.000245335	-3.45708e-06	0.000245335	-0.792	0.00089908	-3.36173e-05	0.000899795	-2.13	0.000684027	-3.64783e-05	0.00068498	-3.042	-1.731416e-11
0.17	415			2.74294e-05	-4.47224e-06	2.77926e-05	-9.258	0.000233413	-2.50341e-06	0.000233413	-0.606	0.000882629	-3.14715e-05	0.000883106	-2.034	0.000679258	-3.55246e-05	0.00068045	-2.976	-1.907316e-11
0.168	416			2.80571e-05	-3.78118e-06	2.83105e-05	-7.674	0.000246407	-3.21867e-06	0.000246407	-0.744	0.000878099	-3.26636e-05	0.000878815	-2.118	0.000663284	-3.52862e-05	0.000664238	-3.036	-2.401528e-11
0.166	417			1.95337e-05	-3.72903e-06	1.98857e-05	-10.806	0.000225187	-2.02657e-06	0.000225187	-0.492	0.000866894	-3.21867e-05	0.000867609	-2.112	0.000662092	-3.52862e-05	0.000663284	-3.042	-2.120915e-11
0.164	418			2.45032e-05	-4.02334e-06	2.4831e-05	-9.324	0.00023079	-2.26499e-06	0.00023079	-0.546	0.000851396	-3.14715e-05	0.000852112	-2.106	0.000648741	-3.50478e-05	0.000649694	-3.09	-1.999457e-11
0.162	419			1.56575e-05	-2.17745e-06	1.58065e-05	-7.914	0.000216366	-1.90736e-06	0.000216366	-0.474	0.000841383	-3.12331e-05	0.000842098	-2.112	0.000640634	-3.38557e-05	0.000641588	-3.006	-2.334517e-11
0.16	420			1.85372e-05	-2.68222e-06	1.87309e-05	-8.232	0.000222445	-1.1921e-06	0.000222445	-0.294	0.0008328	-3.05178e-05	0.000833277	-2.082	0.000633243	-3.50478e-05	0.000634197	-3.162	-1.961767e-11
0.158	421			1.49701e-05	-2.38979e-06	1.51601e-05	-9.066	0.000216008	-2.3842e-06	0.000216008	-0.618	0.000822786	-3.00409e-05	0.000823263	-2.088	0.00062323	-3.2902e-05	0.000623945	-3.0	-2.233998e-11
0.156	422			1.60785e-05	-1.87942e-06	1.61884e-05	-6.66	0.000205756	-2.50341e-06	0.000205756	-0.684	0.000806335	-3.00409e-05	0.000806812	-2.13	0.000619892	-3.24252e-05	0.000620607	-2.988	-2.162797e-11
0.154	423			1.63635e-05	-3.02868e-06	1.6641e-05	-10.482	0.000211955	-2.02657e-06	0.000211955	-0.522	0.000802282	-2.93256e-05	0.000802759	-2.082	0.000607733	-3.24252e-05	0.000608448	-3.048	-2.27169e-11
0.152	424			1.78405e-05	-2.43263e-06	1.80044e-05	-7.758	0.00020063	-2.02657e-06	0.00020063	-0.552	0.0007875	-2.88488e-05	0.000787977	-2.082	0.000604156	-3.17099e-05	0.00060511	-2.982	-2.204682e-11
0.15	425			2.07276e-05	-3.28572e-06	2.09865e-05	-9.006	0.00020361	-1.1921e-06	0.00020361	-0.318	0.000776056	-2.78951e-05	0.000776771	-2.052	0.000594381	-3.14715e-05	0.000595096	-3.018	-1.802618e-11
0.148	426			2.13926e-05	-3.48689e-06	2.16757e-05	-9.258	0.000199617	-7.74864e-07	0.000199617	-0.222	0.000765566	-2.71798e-05	0.000766043	-2.022	0.000589851	-3.17099e-05	0.000590567	-3.054	-1.810992e-11
0.146	427			2.65521e-05	-3.02495e-06	2.67253e-05	-6.498	0.000199021	-1.90736e-06	0.000199021	-0.54	0.000751738	-2.74183e-05	0.000752453	-2.082	0.000579122	-3.05178e-05	0.000579838	-3.012	-1.685346e-11
0.144	428			2.55388e-05	-2.94299e-06	2.57083e-05	-6.57	0.00019467	-8.34469e-07	0.00019467	-0.234	0.000741724	-2.71798e-05	0.000742201	-2.082	0.000574831	-3.05178e-05	0.000575785	-3.018	-1.903137e-11
0.142	429			2.78839e-05	-3.35836e-06	2.80869e-05	-6.864	0.000195385	-1.54973e-06	0.000195385	-0.438	0.000732426	-2.71798e-05	0.000732902	-2.124	0.000565533	-3.02793e-05	0.000566248	-3.054	-1.78586e-11
0.14	430			2.49614e-05	-2.48292e-06	2.50844e-05	-5.676	0.000185312	-1.78815e-06	0.000185312	-0.534	0.000715975	-2.62262e-05	0.000716452	-2.094	0.000556234	-2.93256e-05	0.000557188	-3.0	-1.731413e-11
0.138	431			2.12026e-05	-2.9877e-06	2.14131e-05	-8.016	0.000180245	-1.54973e-06	0.000180245	-0.474	0.000708822	-2.62262e-05	0.000709299	-2.1	0.000550512	-2.88488e-05	0.000551466	-3.0	-1.907319e-11
0.136	432			2.11002e-05	-2.41959e-06	2.1238e-05	-6.54	0.000179053	-1.31131e-06	0.000179053	-0.414	0.000693563	-2.55109e-05	0.00069404	-2.106	0.000535253	-2.78951e-05	0.000535969	-2.976	-2.14186e-11
0.134	433			1.83043e-05	-2.96721e-06	1.85427e-05	-9.204	0.000169099	-6.55655e-07	0.000169099	-0.216	0.000683073	-2.50341e-05	0.000683788	-2.082	0.0005343	-2.90872e-05	0.000535015	-3.108	-2.024589e-11
0.132	434			1.63895e-05	-2.72879e-06	1.66149e-05	-9.45	0.00016892	-5.9605e-07	0.00016892	-0.192	0.000674251	-2.45572e-05	0.000674728	-2.082	0.000523809	-2.78951e-05	0.000524525	-3.042	-2.451787e-11
0.13	435			1.62331e-05	-2.65801e-06	1.6451e-05	-9.294	0.000166894	1.01329e-06	0.000166894	0.354	0.000662092	-2.28883e-05	0.000662569	-1.962	0.000514273	-2.71798e-05	0.000514988	-3.006	-2.154426e-11
0.128	436			1.56519e-05	-2.17186e-06	1.58009e-05	-7.896	0.000159503	-1.2517e-06	0.000159503	-0.444	0.000652079	-2.3842e-05	0.000652794	-2.094	0.000509743	-2.69414e-05	0.000510458	-3.012	-1.769109e-11
0.126	437			1.91313e-05	-2.32832e-06	1.92729e-05	-6.93	0.000161053	5.96051e-08	0.000161053	0.036	0.000642303	-2.31267e-05	0.00064278	-2.052	0.000501636	-2.62262e-05	0.000502113	-2.988	-1.961765e-11
0.124	438			2.10871e-05	-2.40655e-06	2.12231e-05	-6.504	0.000159324	-5.96051e-08	0.000159324	-0.012	0.000628714	-2.2173e-05	0.000628952	-2.004	0.000490431	-2.62262e-05	0.000491027	-3.06	-2.024593e-11
0.122	439			2.00254e-05	-2.74183e-06	2.02117e-05	-7.794	0.000154139	-4.76841e-07	0.000154139	-0.162	0.000617269	-2.2173e-05	0.000617508	-2.04	0.000483753	-2.57493e-05	0.000484349	-3.048	-2.037157e-11
0.12	440			2.20408e-05	-3.73648e-06	2.23556e-05	-9.618	0.000153125	-2.08618e-06	0.000153125	-0.774	0.000610594	-2.2173e-05	0.000610832	-2.076	0.000480654	-2.59877e-05	0.000481369	-3.09	-1.706288e-11
0.118	441			2.18173e-05	-1.69315e-06	2.18825e-05	-4.434	0.000146926	3.5763e-07	0.000146926	0.156	0.000595096	-2.19346e-05	0.000595573	-2.1	0.000472309	-2.56301e-05	0.000473024	-3.096	-1.886379e-11
0.116	442			1.9869e-05	-1.86638e-06	1.99546e-05	-5.364	0.0001449	-4.17234e-07	0.0001449	-0.144	0.000585798	-2.0981e-05	0.000586275	-2.034	0.000461938	-2.51533e-05	0.000462534	-3.108	-2.305198e-11
0.114	443			1.52086e-05	-1.49199e-06	1.52813e-05	-5.598	0.000136913	-1.1921e-07	0.000136913	-0.03	0.000570778	-2.07425e-05	0.000571255	-2.07	0.000450136	-2.4438e-05	0.000450851	-3.096	-1.400552e-11
0.112	444			1.41394e-05	-1.74158e-06	1.42474e-05	-7.014	0.000134648	5.96051e-08	0.000134648	0.042	0.000562672	-2.05041e-05	0.00056291	-2.07	0.000442268	-2.39612e-05	0.000442984	-3.09	-2.133485e-11
0.11	445			1.57059e-05	-1.85334e-06	1.58158e-05	-6.72	0.000132681	3.5763e-07	0.000132681	0.156	0.00055242	-1.95504e-05	0.000552658	-2.022	0.000437977	-2.28883e-05	0.000438573	-2.988	-1.88638e-11
0.108	446			1.69073e-05	-2.83682e-06	1.71439e-05	-9.522	0.000129581	1.1921e-06	0.000129581	0.528	0.000540737	-1.9312e-05	0.000541214	-2.028	0.000429871	-2.40804e-05	0.000430467	-3.204	-1.656026e-11
0.106	447			1.86433e-05	-1.76952e-06	1.87272e-05	-5.418	0.000130058	3.5763e-07	0.000130058	0.162	0.000532154	-1.88352e-05	0.000532631	-2.028	0.000423195	-2.32459e-05	0.000423791	-3.126	-1.731417e-11
0.104	448			2.11393e-05	-1.88128e-06	2.12231e-05	-5.088	0.000126601	-3.5763e-07	0.000126601	-0.15	0.000521664	-1.78815e-05	0.000521902	-1.938	0.000416042	-2.28883e-05	0.000416638	-3.138	-1.785862e-11
0.102	449			1.90289e-05	-2.28175e-06	1.91649e-05	-6.834	0.000119269	-1.1921e-07	0.000119269	-0.048	0.000507597	-1.83583e-05	0.000507835	-2.046	0.000409128	-2.18154e-05	0.000409724	-3.048	-2.049719e-11
0.1	450			1.557e-05	-2.08245e-06	1.57078e-05	-7.614	0.000115514	1.1325e-06	0.000115514	0.564	0.000497822	-1.68086e-05	0.00049806	-1.932	0.00039983	-2.18154e-05	0.000400426	-3.12	-2.058097e-11
0.098	451			1.3968e-05	-1.89432e-06	1.40966e-05	-7.716	0.000111938	7.74864e-07	0.000111938	0.408	0.000486257	-1.72855e-05	0.000486614	-2.022	0.000388028	-2.13386e-05	0.000388624	-3.138	-2.04972e-11
0.096	452			1.70731e-05	-1.70246e-06	1.71588e-05	-5.694	0.000109077	2.98025e-07	0.000109077	0.174	0.000475409	-1.68086e-05	0.000475647	-2.022	0.000384571	-2.06233e-05	0.000385048	-3.066	-2.104164e-11
0.094	453			1.91854e-05	-1.80491e-06	1.92692e-05	-5.37	0.000108839	2.3842e-07	0.000108839	0.138	0.000465157	-1.60934e-05	0.000465395	-1.968	0.000377776	-2.02657e-05	0.000378372	-3.06	-1.89057e-11
0.092	454			1.90084e-05	-1.11759e-06	1.90419e-05	-3.36	0.000107348	7.74864e-07	0.000107348	0.444	0.000456216	-1.66894e-05	0.000456454	-2.094	0.000369431	-1.99081e-05	0.000370027	-3.078	-2.099984e-11
0.09	455			1.63188e-05	-1.69501e-06	1.64063e-05	-5.922	0.000101805	-1.78815e-07	0.000101805	-0.096	0.000443937	-1.60934e-05	0.000444176	-2.07	0.000360491	-1.97889e-05	0.000360968	-3.132	-1.534574e-11
0.088	456			1.71253e-05	-2.74369e-06	1.73432e-05	-9.102	9.80203e-05	1.46032e-06	9.80203e-05	0.87	0.000434639	-1.38283e-05	0.000434877	-1.818	0.000354053	-1.9312e-05	0.00035453	-3.102	-2.263319e-11
0.086	457			1.51545e-05	-2.29107e-06	1.5326e-05	-8.592	9.53381e-05	4.76841e-07	9.53381e-05	0.3	0.000423076	-1.4782e-05	0.000423314	-1.986	0.00034404	-1.8716e-05	0.000344636	-3.096	-2.003647e-11
0.084	458			1.74959e-05	-2.56301e-06	1.76822e-05	-8.328	9.39076e-05	7.15259e-07	9.39076e-05	0.444	0.000412228	-1.37091e-05	0.000412466	-1.896	0.000337722	-1.80007e-05	0.000338199	-3.048	-1.614149e-11
0.082	459			1.69576e-05	-1.73599e-06	1.7047e-05	-5.838	9.02717e-05	4.76841e-07	9.02717e-05	0.318	0.000402095	-1.38283e-05	0.000402333	-1.962	0.000330212	-1.78815e-05	0.000330688	-3.096	-1.551327e-11
0.08	460			1.72221e-05	-2.02098e-06	1.73395e-05	-6.69	8.85134e-05	5.06643e-07	8.85134e-05	0.336	0.000391366	-1.37091e-05	0.000391604	-1.998	0.000322105	-1.75239e-05	0.000322582	-3.102	-2.074845e-11
0.078	461			1.70284e-05	-2.50341e-06	1.7211e-05	-8.358	8.56225e-05	1.1325e-06	8.56225e-05	0.768	0.000381352	-1.28747e-05	0.000381591	-1.92	0.000314476	-1.77623e-05	0.000314953	-3.228	-2.062284e-11
0.076	462			1.63281e-05	-2.10108e-06	1.6464e-05	-7.326	8.23741e-05	1.43052e-06	8.24039e-05	0.996	0.000370743	-1.21594e-05	0.000370862	-1.872	0.000306727	-1.76431e-05	0.000307204	-3.282	-1.576454e-11
0.074	463			1.6451e-05	-1.12691e-06	1.64901e-05	-3.918	7.86786e-05	1.54973e-06	7.87084e-05	1.14	0.000360491	-1.2517e-05	0.00036061	-1.98	0.000298025	-1.60934e-05	0.000298383	-3.084	-2.338708e-11
0.072	464			1.5976e-05	-1.11946e-06	1.60151e-05	-4.002	7.56984e-05	1.31131e-06	7.57282e-05	1.008	0.000349881	-1.22786e-05	0.00035012	-1.998	0.000290515	-1.60934e-05	0.000290873	-3.15	-2.238193e-11
0.07	465			1.5216e-05	-1.09711e-06	1.5257e-05	-4.122	7.35228e-05	9.83484e-07	7.35228e-05	0.78	0.000339152	-1.2517e-05	0.000339391	-2.094	0.000280978	-1.57357e-05	0.000281336	-3.204	-2.213061e-11
0.068	466			1.68813e-05	-1.28337e-06	1.69297e-05	-4.344	7.1228e-05	3.27827e-07	7.1228e-05	0.282	0.000328662	-1.21594e-05	0.0003289	-2.1	0.000273826	-1.45436e-05	0.000274302	-3.024	-2.154424e-11
0.066	467			1.55979e-05	-1.16975e-06	1.56426e-05	-4.284	6.82478e-05	1.96697e-06	6.82776e-05	1.662	0.000317575	-1.07289e-05	0.000317814	-1.926	0.000265362	-1.54973e-05	0.000265839	-3.324	-1.878005e-11
0.064	468			1.55737e-05	-1.14367e-06	1.56147e-05	-4.2	6.70259e-05	3.87432e-07	6.70259e-05	0.354	0.000308635	-1.10865e-05	0.000308754	-2.04	0.000257017	-1.43052e-05	0.000257494	-3.174	-2.543929e-11
0.062	469			1.64454e-05	-1.41934e-06	1.65069e-05	-4.932	6.38966e-05	1.1921e-06	6.39264e-05	1.074	0.000298264	-1.00136e-05	0.000298383	-1.908	0.000251891	-1.38283e-05	0.000252249	-3.12	-2.225622e-11
0.06	470			1.62014e-05	-1.27219e-06	1.62517e-05	-4.488	6.07672e-05	1.75834e-06	6.0797e-05	1.68	0.000286819	-9.5368e-06	0.000286939	-1.89	0.000242353	-1.38283e-05	0.00024283	-3.258	-1.840312e-11
0.058	471			1.51937e-05	-1.72668e-06	1.52924e-05	-6.486	5.92771e-05	1.46032e-06	5.92771e-05	1.434	0.00027776	-9.17917e-06	0.000277879	-1.884	0.000235082	-1.32323e-05	0.000235439	-3.198	-1.907325e-11
0.056	472			1.5326e-05	-1.2219e-06	1.53744e-05	-4.56	5.61478e-05	1.46032e-06	5.61776e-05	1.512	0.000266673	-9.29838e-06	0.000266792	-1.992	0.000226618	-1.34707e-05	0.000227095	-3.384	-1.66441e-11
0.054	473			1.55793e-05	-1.29082e-06	1.56333e-05	-4.734	5.35252e-05	2.14578e-06	5.35848e-05	2.298	0.000255944	-8.2255e-06	0.000256183	-1.836	0.000220777	-1.22786e-05	0.000221015	-3.162	-1.95758e-11
0.052	474			1.47392e-05	-1.15112e-06	1.47839e-05	-4.458	5.03066e-05	1.1623e-06	5.03364e-05	1.344	0.000245096	-8.2255e-06	0.000245215	-1.914	0.000210882	-1.21594e-05	0.00021124	-3.294	-2.13348e-11
0.05	475			1.53427e-05	-1.0077e-06	1.53744e-05	-3.756	4.8131e-05	1.02074e-06	4.81459e-05	1.224	0.000235916	-7.51021e-06	0.000236035	-1.794	0.00020516	-1.15634e-05	0.000205518	-3.198	-1.584833e-11
0.048	476			1.56594e-05	-1.89059e-06	1.5773e-05	-6.882	4.55233e-05	1.60933e-06	4.55456e-05	2.028	0.000225068	-6.67575e-06	0.000225187	-1.68	0.00019467	-1.14442e-05	0.000195027	-3.354	-1.982708e-11
0.046	477			1.46386e-05	-1.29827e-06	1.46945e-05	-5.064	4.32807e-05	1.56463e-06	4.33105e-05	2.07	0.000215889	-7.62945e-06	0.000216008	-2.016	0.000189365	-1.10269e-05	0.000189723	-3.324	-2.125106e-11
0.044	478			1.53315e-05	-1.22935e-06	1.538e-05	-4.578	4.15e-05	2.22029e-06	4.15596e-05	3.072	0.000206591	-6.19891e-06	0.00020671	-1.698	0.000181616	-1.10865e-05	0.000181974	-3.474	-1.802619e-11
0.042	479			1.48975e-05	-7.26435e-07	1.49143e-05	-2.784	3.90115e-05	2.12343e-06	3.90711e-05	3.12	0.000195266	-6.25852e-06	0.000195385	-1.818	0.000174106	-1.07289e-05	0.000174464	-3.516	-1.873817e-11
0.04	480			1.48565e-05	-1.96697e-06	1.49869e-05	-7.542	3.75214e-05	2.63752e-06	3.76182e-05	4.026	0.000187219	-5.12603e-06	0.000187279	-1.56	0.000165642	-9.95403e-06	0.00016594	-3.432	-1.882194e-11
0.038	481			1.49608e-05	-8.00942e-08	1.49608e-05	-0.306	3.54054e-05	2.73438e-06	3.55172e-05	4.422	0.000176252	-5.66247e-06	0.000176371	-1.83	0.000158311	-9.65601e-06	0.000158609	-3.468	-1.522008e-11
0.036	482			1.42493e-05	-1.38395e-06	1.43163e-05	-5.544	3.2753e-05	2.06383e-06	3.282e-05	3.612	0.000166775	-4.7088e-06	0.000166834	-1.602	0.000150503	-9.5368e-06	0.000150801	-3.624	-1.894755e-11
0.034	483			1.45715e-05	-2.40283e-07	1.45734e-05	-0.942	3.01079e-05	2.29479e-06	3.01973e-05	4.368	0.000156702	-5.18563e-06	0.000156821	-1.878	0.000142992	-8.40431e-06	0.000143231	-3.36	-2.233998e-11
0.032	484			1.48677e-05	-2.98025e-07	1.48696e-05	-1.146	2.92809e-05	2.3693e-06	2.93778e-05	4.632	0.000146867	-5.24524e-06	0.000146986	-2.028	0.000133933	-8.2851e-06	0.000134171	-3.528	-2.21306e-11
0.03	485			1.45194e-05	-1.46963e-06	1.45939e-05	-5.772	2.73586e-05	1.45287e-06	2.74034e-05	3.054	0.000138284	-4.29156e-06	0.000138343	-1.764	0.000126601	-8.34471e-06	0.000126899	-3.75	-1.936638e-11
0.028	486			1.33906e-05	-1.29268e-06	1.34521e-05	-5.508	2.58834e-05	1.8552e-06	2.59505e-05	4.11	0.000128866	-3.33787e-06	0.000128926	-1.464	0.000118316	-7.74866e-06	0.000118554	-3.738	-1.823561e-11
0.026	487			1.43201e-05	-5.69973e-07	1.43312e-05	-2.274	2.31267e-05	2.19049e-06	2.32385e-05	5.418	0.000118673	-4.35117e-06	0.000118793	-2.088	0.000111878	-6.91417e-06	0.000112117	-3.528	-2.388965e-11
0.024	488			1.41431e-05	-6.35166e-07	1.4158e-05	-2.562	2.14652e-05	1.91481e-06	2.15546e-05	5.112	0.000108719	-2.68222e-06	0.000108719	-1.386	0.000101388	-6.31812e-06	0.000101626	-3.552	-1.714662e-11
0.022	489			1.4212e-05	-1.11946e-06	1.42549e-05	-4.5	2.07053e-05	2.82378e-06	2.0899e-05	7.77	9.98979e-05	-2.59282e-06	9.99277e-05	-1.47	9.43546e-05	-6.46713e-06	9.45632e-05	-3.912	-1.65603e-11
0.02	490			1.37836e-05	-9.07112e-07	1.38134e-05	-3.762	1.91034e-05	2.25754e-06	1.92375e-05	6.744	9.17916e-05	-2.11598e-06	9.17916e-05	-1.308	8.64272e-05	-5.66247e-06	8.6606e-05	-3.726	-1.438244e-11
0.018	491			1.3236e-05	-5.84874e-07	1.32509e-05	-2.52	1.84366e-05	1.62051e-06	1.85074e-05	5.034	8.30893e-05	-2.23519e-06	8.31191e-05	-1.53	7.93044e-05	-5.60287e-06	7.94833e-05	-4.038	-1.886382e-11
0.016	492			1.37073e-05	-6.33303e-07	1.37222e-05	-2.64	1.81423e-05	2.23146e-06	1.82764e-05	7.02	7.50129e-05	-2.4438e-06	7.50427e-05	-1.842	7.33738e-05	-4.94721e-06	7.35526e-05	-3.846	-2.003651e-11
0.014	493			1.41096e-05	-9.96522e-07	1.4145e-05	-4.032	1.67192e-05	2.55556e-06	1.69129e-05	8.694	6.70557e-05	-1.31131e-06	6.70557e-05	-1.11	6.54762e-05	-5.09623e-06	6.5655e-05	-4.44	-1.827748e-11
0.012	494			1.34819e-05	-1.45287e-07	1.34819e-05	-0.618	1.59071e-05	3.08455e-06	1.62051e-05	10.98	5.71611e-05	-8.34469e-07	5.71611e-05	-0.816	5.54922e-05	-3.75511e-06	5.56412e-05	-3.864	-1.534575e-11
0.01	495			1.34707e-05	-6.14677e-07	1.34837e-05	-2.604	1.53744e-05	2.10853e-06	1.5516e-05	7.812	4.94423e-05	-6.85457e-07	4.94423e-05	-0.792	5.00383e-05	-4.11275e-06	5.02171e-05	-4.68	-2.472731e-11
0.008	496			1.28281e-05	-4.13509e-07	1.28355e-05	-1.842	1.41115e-05	1.75834e-06	1.42195e-05	7.11	4.0442e-05	-5.886e-07	4.04494e-05	-0.834	3.88923e-05	-3.58374e-06	3.90636e-05	-5.256	-1.915697e-11
0.006	497			1.35843e-05	-1.27033e-06	1.36458e-05	-5.34	1.34968e-05	2.63379e-06	1.37538e-05	11.052	3.18813e-05	7.74864e-07	3.18887e-05	1.404	3.33788e-05	-4.09785e-06	3.36247e-05	-6.99	-2.079036e-11
0.004	498			1.27256e-05	1.56463e-07	1.27275e-05	0.708	1.39811e-05	1.18465e-06	1.40295e-05	4.854	2.37973e-05	-3.20377e-07	2.37973e-05	-0.756	2.43933e-05	-2.3991e-06	2.45125e-05	-5.604	-2.037156e-11
0.002	499			1.23997e-05	-1.0077e-06	1.24407e-05	-4.638	1.36905e-05	2.14951e-06	1.38581e-05	8.922	1.36085e-05	8.27018e-07	1.36346e-05	3.492	1.27592e-05	-2.76791e-06	1.30535e-05	-12.234	-1.945013e-11
0.0	500			1.066e-05	3.11064e-07	1.06656e-05	1.674	1.16788e-05	2.36185e-06	1.19135e-05	11.442	4.66037e-06	1.89991e-07	4.66502e-06	2.334	4.48248e-06	-1.24146e-06	4.65105e-06	-15.474	-1.945015e-11
