variable x	variable x count			lockin1 x	lockin1 y	lockin1 r	lockin1 phi	lockin2 x	lockin2 y	lockin2 r	lockin2 phi	lockin3 x	lockin3 y	lockin3 r	lockin3 phi	smu1 meas	


0.0	0			-7.52884e-06	-1.12691e-06	7.6108e-06	-171.486	-6.17749e-06	-9.60201e-07	6.25013e-06	-171.168	-6.35351e-06	6.79869e-07	6.3889e-06	173.874	-2.229778e-11
0.002	1			-2.00142e-05	-9.92797e-07	2.00385e-05	-177.162	-1.9652e-05	1.04309e-06	1.9679e-05	176.964	-1.9055e-05	1.41562e-06	1.91071e-05	175.746	-2.083196e-11
0.004	2			-3.217e-05	-1.50875e-07	3.21681e-05	-179.73	-3.38538e-05	1.19396e-06	3.38743e-05	177.978	-3.17527e-05	2.34695e-06	3.18384e-05	175.77	-2.08738e-11
0.006	3			-4.91219e-05	7.45063e-08	4.91182e-05	179.91	-4.76392e-05	1.41934e-06	4.76579e-05	178.296	-4.7859e-05	2.57792e-06	4.79261e-05	176.916	-1.492662e-11
0.008	4			-5.98396e-05	2.86849e-07	5.98358e-05	179.724	-6.01562e-05	2.36557e-06	6.01972e-05	177.75	-5.92472e-05	4.35862e-06	5.94037e-05	175.788	-2.397305e-11
0.01	5			-7.39251e-05	1.07662e-06	7.39289e-05	179.166	-7.33738e-05	2.58909e-06	7.34148e-05	177.978	-7.36197e-05	4.99192e-06	7.37836e-05	176.118	-2.497817e-11
0.012	6			-8.41063e-05	2.18303e-06	8.41324e-05	178.512	-8.45534e-05	3.0175e-06	8.46055e-05	177.954	-8.40281e-05	5.15583e-06	8.41809e-05	176.49	-2.422438e-11
0.014	7			-9.97563e-05	1.29641e-06	9.97488e-05	179.25	-9.9041e-05	3.75511e-06	9.91081e-05	177.828	-9.84599e-05	5.61777e-06	9.86089e-05	176.73	-2.15858e-11
0.016	8			-0.000110925	2.82378e-06	0.000110955	178.542	-0.000111409	3.34533e-06	0.000111454	178.278	-0.000109941	6.18401e-06	0.000110105	176.778	-2.644405e-11
0.018	9			-0.000121251	3.44963e-06	0.000121288	178.368	-0.000121743	5.34955e-06	0.000121855	177.48	-0.000121274	6.36282e-06	0.00012143	176.994	-2.723984e-11
0.02	10			-0.000135311	3.15906e-06	0.000135348	178.662	-0.000135199	6.34047e-06	0.000135341	177.312	-0.00013473	6.713e-06	0.000134894	177.15	-1.89054e-11
0.022	11			-0.000146122	4.45548e-06	0.000146174	178.254	-0.000146032	5.50601e-06	0.000146129	177.84	-0.000145243	8.48627e-06	0.000145481	176.652	-2.007807e-11
0.024	12			-0.000156523	3.49434e-06	0.00015656	178.722	-0.000157663	6.7279e-06	0.000157804	177.552	-0.000155986	7.85297e-06	0.00015618	177.12	-2.326109e-11
0.026	13			-0.000169047	4.36607e-06	0.000169092	178.518	-0.000169077	6.89927e-06	0.000169211	177.66	-0.000168444	9.62621e-06	0.000168712	176.724	-2.351236e-11
0.028	14			-0.000184298	5.12603e-06	0.000184328	178.398	-0.000184269	7.62945e-06	0.000184388	177.624	-0.000182838	9.86463e-06	0.000183077	176.91	-1.492663e-11
0.03	15			-0.000193865	6.0499e-06	0.000193925	178.206	-0.000194878	8.49372e-06	0.000195027	177.498	-0.000194312	9.83482e-06	0.00019455	177.096	-2.372178e-11
0.032	16			-0.000208558	5.57306e-06	0.000208617	178.464	-0.000208796	9.71562e-06	0.000208975	177.336	-0.000207216	1.13547e-05	0.000207485	176.856	-2.254909e-11
0.034	17			-0.000219853	5.69227e-06	0.000219882	178.518	-0.000220002	9.5666e-06	0.00022018	177.504	-0.000219495	1.2368e-05	0.000219823	176.772	-1.802588e-11
0.036	18			-0.000232191	6.64595e-06	0.00023225	178.362	-0.000232012	1.06097e-05	0.000232221	177.378	-0.000231863	1.27853e-05	0.000232191	176.838	-1.92404e-11
0.038	19			-0.000246407	8.43412e-06	0.000246527	178.038	-0.000244709	1.09971e-05	0.000244947	177.426	-0.000243396	1.33217e-05	0.000243724	176.862	-2.162768e-11
0.04	20			-0.000257732	7.92748e-06	0.000257822	178.236	-0.00025803	1.1623e-05	0.000258239	177.414	-0.000256749	1.46926e-05	0.000257136	176.718	-2.187898e-11
0.042	21			-0.000269743	8.10629e-06	0.000269832	178.278	-0.000270577	1.21892e-05	0.000270816	177.42	-0.000268759	1.48714e-05	0.000269147	176.826	-2.418244e-11
0.044	22			-0.000283094	8.88115e-06	0.000283213	178.206	-0.000282826	1.31429e-05	0.000283094	177.336	-0.00028223	1.52887e-05	0.000282587	176.898	-1.940796e-11
0.046	23			-0.000295432	9.29838e-06	0.000295551	178.2	-0.000295522	1.28449e-05	0.00029576	177.51	-0.000294777	1.56165e-05	0.000295164	176.964	-2.108323e-11
0.048	24			-0.000307353	1.03415e-05	0.000307502	178.074	-0.000308039	1.41264e-05	0.000308307	177.372	-0.000306906	1.62424e-05	0.000307323	176.964	-2.393115e-11
0.05	25			-0.000323089	1.03117e-05	0.000323208	178.17	-0.000321688	1.4782e-05	0.000321986	177.366	-0.0003199	1.78815e-05	0.000320377	176.802	-1.60993e-11
0.052	26			-0.000332834	1.18614e-05	0.000333043	177.96	-0.000332119	1.44244e-05	0.000332417	177.51	-0.000331702	1.82987e-05	0.000332179	176.838	-1.957552e-11
0.054	27			-0.000347914	1.12653e-05	0.000348063	178.146	-0.000347825	1.56761e-05	0.000348153	177.42	-0.000345917	1.77921e-05	0.000346335	177.054	-1.823523e-11
0.056	28			-0.000359865	1.12653e-05	0.000360014	178.206	-0.000360312	1.65106e-05	0.00036067	177.378	-0.000358941	1.93716e-05	0.000359418	176.904	-2.095758e-11
0.058	29			-0.000370534	1.18912e-05	0.000370683	178.158	-0.000370296	1.62722e-05	0.000370653	177.48	-0.000368508	2.01763e-05	0.000369044	176.868	-1.898915e-11
0.06	30			-0.000383915	1.21594e-05	0.000384064	178.188	-0.000382932	1.62424e-05	0.00038326	177.57	-0.000382008	2.13088e-05	0.000382574	176.802	-2.079004e-11
0.062	31			-0.000399115	1.31131e-05	0.000399293	178.116	-0.000397922	1.78815e-05	0.00039828	177.426	-0.000396105	2.1726e-05	0.000396671	176.856	-2.25491e-11
0.064	32			-0.000409665	1.40966e-05	0.000409903	178.026	-0.000409069	1.85372e-05	0.000409456	177.402	-0.000407102	2.11896e-05	0.000407638	177.018	-2.074817e-11
0.066	33			-0.000421705	1.4037e-05	0.000421913	178.092	-0.000420781	1.87756e-05	0.000421168	177.444	-0.000418814	2.20538e-05	0.00041935	176.982	-2.062252e-11
0.068	34			-0.000436576	1.55271e-05	0.000436844	177.96	-0.000435026	1.9312e-05	0.000435414	177.456	-0.000433119	2.37228e-05	0.000433745	176.862	-2.125074e-11
0.07	35			-0.000447067	1.50204e-05	0.000447275	178.074	-0.0004451	1.98187e-05	0.000445517	177.45	-0.000444742	2.39612e-05	0.000445368	176.916	-2.16277e-11
0.072	36			-0.000461878	1.46032e-05	0.000462057	178.188	-0.000459911	2.03253e-05	0.000460329	177.468	-0.000459494	2.59877e-05	0.00046015	176.754	-2.032936e-11
0.074	37			-0.000472786	1.66298e-05	0.000473024	177.984	-0.00047213	2.21134e-05	0.000472547	177.312	-0.000469925	2.48553e-05	0.000470521	176.964	-1.982676e-11
0.076	38			-0.000485303	1.7047e-05	0.000485541	177.984	-0.000483157	2.22326e-05	0.000483634	177.36	-0.000481309	2.68222e-05	0.000482025	176.808	-2.213027e-11
0.078	39			-0.000496987	1.71663e-05	0.000497226	178.02	-0.00049663	2.23519e-05	0.000497047	177.42	-0.000494365	2.71202e-05	0.00049502	176.856	-2.1167e-11
0.08	40			-0.000511173	1.72855e-05	0.000511412	178.056	-0.000509504	2.30075e-05	0.000509981	177.414	-0.000507656	2.74183e-05	0.000508312	176.904	-2.179521e-11
0.082	41			-0.000523631	1.71663e-05	0.000523869	178.116	-0.000522379	2.34247e-05	0.000522856	177.426	-0.00052071	2.81931e-05	0.000521425	176.898	-2.171147e-11
0.084	42			-0.000535551	1.78815e-05	0.00053579	178.08	-0.000534777	2.46764e-05	0.000535313	177.354	-0.000532512	2.90276e-05	0.000533286	176.874	-1.936607e-11
0.086	43			-0.000548247	1.80007e-05	0.000548486	178.116	-0.000546936	2.54513e-05	0.000547532	177.33	-0.000545982	2.9862e-05	0.000546698	176.868	-1.798398e-11
0.088	44			-0.000560883	1.88352e-05	0.000561181	178.074	-0.000559751	2.62262e-05	0.000560287	177.312	-0.000557069	3.02197e-05	0.000557844	176.892	-2.489446e-11
0.09	45			-0.000572983	1.94908e-05	0.000573281	178.05	-0.000571791	2.60473e-05	0.000572328	177.39	-0.000569943	3.09946e-05	0.000570718	176.886	-2.31773e-11
0.092	46			-0.000586454	2.00869e-05	0.000586692	178.032	-0.000584487	2.67626e-05	0.000585023	177.372	-0.000582341	3.19483e-05	0.000583116	176.856	-2.435e-11
0.094	47			-0.000600103	2.10406e-05	0.000600461	177.99	-0.000597659	2.79547e-05	0.000598256	177.318	-0.000596229	3.20079e-05	0.000597063	176.922	-1.982677e-11
0.096	48			-0.000612739	2.11598e-05	0.000613097	178.02	-0.000610176	2.75971e-05	0.000610773	177.408	-0.000608806	3.26636e-05	0.00060964	176.928	-2.376365e-11
0.098	49			-0.000625197	2.17558e-05	0.000625495	178.008	-0.000622038	2.88488e-05	0.000622634	177.342	-0.000620905	3.37961e-05	0.000621799	176.88	-2.380553e-11
0.1	50			-0.00063527	2.21134e-05	0.000635628	178.002	-0.000634197	2.84315e-05	0.000634793	177.432	-0.000631277	3.40941e-05	0.000632111	176.904	-1.672754e-11
0.102	51			-0.000648502	2.27095e-05	0.00064886	177.996	-0.00064731	3.02793e-05	0.000647966	177.318	-0.000644449	3.55246e-05	0.000645343	176.838	-1.580612e-11
0.104	52			-0.000663105	2.34247e-05	0.000663403	177.972	-0.00066084	3.06966e-05	0.000661496	177.336	-0.000657979	3.62399e-05	0.000658873	176.844	-1.790023e-11
0.106	53			-0.000675205	2.43784e-05	0.000675622	177.93	-0.000671927	3.11139e-05	0.000672583	177.348	-0.000670616	3.67167e-05	0.000671569	176.862	-2.07063e-11
0.108	54			-0.000686649	2.34247e-05	0.000686947	178.044	-0.000684086	3.12927e-05	0.000684742	177.378	-0.000681642	3.74319e-05	0.000682656	176.856	-2.485255e-11
0.11	55			-0.000701252	2.44976e-05	0.00070161	178.002	-0.000698868	3.21271e-05	0.000699524	177.366	-0.00069702	3.78492e-05	0.000697974	176.886	-2.20046e-11
0.112	56			-0.000713173	2.52129e-05	0.000713591	177.972	-0.000709418	3.27232e-05	0.000710133	177.354	-0.000708047	3.85644e-05	0.000709061	176.88	-2.016183e-11
0.114	57			-0.00072426	2.56301e-05	0.000724677	177.972	-0.000721756	3.30212e-05	0.000722472	177.378	-0.000719551	3.88625e-05	0.000720564	176.904	-2.233966e-11
0.116	58			-0.00074083	2.60473e-05	0.000741247	177.984	-0.000736538	3.31404e-05	0.000737254	177.42	-0.000734571	4.08294e-05	0.000735644	176.82	-2.007804e-11
0.118	59			-0.000748638	2.69414e-05	0.000749055	177.936	-0.000745241	3.50478e-05	0.000746015	177.306	-0.000743154	4.04122e-05	0.000744168	176.88	-2.104132e-11
0.12	60			-0.000765268	2.61666e-05	0.000765625	178.038	-0.000762407	3.54054e-05	0.000763182	177.336	-0.000759188	4.10678e-05	0.000760261	176.898	-2.053872e-11
0.122	61			-0.000774566	2.74183e-05	0.000774983	177.972	-0.000769857	3.56438e-05	0.000770632	177.348	-0.000769559	4.20811e-05	0.000770632	176.868	-2.175333e-11
0.124	62			-0.0007906	2.80143e-05	0.000791017	177.966	-0.0007875	3.71935e-05	0.000788275	177.294	-0.000784878	4.32136e-05	0.00078601	176.844	-2.254905e-11
0.126	63			-0.000800136	2.79547e-05	0.000800613	177.996	-0.000794593	3.68955e-05	0.000795368	177.342	-0.000794057	4.42865e-05	0.000795249	176.808	-2.548078e-11
0.128	64			-0.000817064	2.86103e-05	0.000817481	177.99	-0.000812892	3.773e-05	0.000813667	177.342	-0.000811104	4.41673e-05	0.000812236	176.88	-2.166958e-11
0.13	65			-0.000823501	2.98024e-05	0.000823978	177.924	-0.00081927	3.8326e-05	0.000820104	177.324	-0.000818852	4.35116e-05	0.000819925	176.952	-2.589961e-11
0.132	66			-0.00084186	3.02197e-05	0.000842337	177.942	-0.000838522	3.8624e-05	0.000839356	177.36	-0.000837509	4.5419e-05	0.000838641	176.892	-2.313539e-11
0.134	67			-0.00084782	3.03389e-05	0.000848297	177.948	-0.00084478	3.91009e-05	0.000845615	177.348	-0.000844661	4.57766e-05	0.000845853	176.898	-1.857031e-11
0.136	68			-0.000870232	3.0637e-05	0.000870708	177.984	-0.000863973	3.93989e-05	0.000864808	177.39	-0.00086147	4.72667e-05	0.000862721	176.856	-2.941761e-11
0.138	69			-0.00087506	3.08754e-05	0.000875536	177.978	-0.000873152	4.07102e-05	0.000874106	177.324	-0.000871662	4.70283e-05	0.000872854	176.91	-2.083189e-11
0.14	70			-0.000892226	3.19483e-05	0.000892702	177.948	-0.000882927	4.10082e-05	0.000883821	177.342	-0.000884477	4.69687e-05	0.000885669	176.958	-1.723012e-11
0.142	71			-0.000906233	3.2306e-05	0.00090671	177.954	-0.000904325	4.20811e-05	0.00090516	177.33	-0.000902656	4.95913e-05	0.000903849	176.85	-2.502012e-11
0.144	72			-0.000909928	3.2902e-05	0.000910405	177.93	-0.000905994	4.11274e-05	0.000906829	177.396	-0.000907186	4.91145e-05	0.000908379	176.898	-2.460126e-11
0.146	73			-0.000934128	3.27828e-05	0.000934605	177.99	-0.000927571	4.39885e-05	0.000928525	177.282	-0.000925068	5.0545e-05	0.000926379	176.868	-1.928232e-11
0.148	74			-0.000939611	3.45709e-05	0.000940207	177.894	-0.000938062	4.39885e-05	0.000938896	177.312	-0.000936512	5.09026e-05	0.000937704	176.886	-2.045495e-11
0.15	75			-0.000949029	3.36173e-05	0.000949506	177.966	-0.000941519	4.43461e-05	0.000942472	177.294	-0.00094581	5.22139e-05	0.000947122	176.838	-2.183707e-11
0.152	76			-0.000973348	3.45709e-05	0.000973824	177.966	-0.000968698	4.50613e-05	0.000969652	177.33	-0.000964049	5.24523e-05	0.000965241	176.886	-2.414058e-11
0.154	77			-0.000977047	3.50478e-05	0.000977524	177.942	-0.000973586	4.51806e-05	0.00097454	177.342	-0.000973348	5.3406e-05	0.000974778	176.856	-1.735577e-11
0.156	78			-0.000985391	3.52862e-05	0.000985987	177.942	-0.000978954	4.52998e-05	0.000979908	177.348	-0.000983961	5.37636e-05	0.000985272	176.868	-1.890536e-11
0.158	79			-0.00101198	3.68359e-05	0.00101245	177.912	-0.0010059	4.75647e-05	0.00100697	177.288	-0.00100208	5.57902e-05	0.00100351	176.814	-2.233967e-11
0.16	80			-0.00101591	3.62399e-05	0.00101651	177.954	-0.00101388	4.828e-05	0.00101496	177.27	-0.00101293	5.54326e-05	0.00101436	176.868	-2.661153e-11
0.162	81			-0.00102223	3.62399e-05	0.0010227	177.966	-0.00101591	4.75647e-05	0.00101686	177.318	-0.00102175	5.6267e-05	0.00102318	176.844	-1.877969e-11
0.164	82			-0.00105048	3.70743e-05	0.00105108	177.978	-0.00104059	4.92337e-05	0.00104166	177.288	-0.00103868	5.71015e-05	0.00104023	176.85	-2.125074e-11
0.166	83			-0.00105835	3.79088e-05	0.00105894	177.942	-0.00105501	4.89953e-05	0.00105608	177.336	-0.00105155	5.72207e-05	0.00105298	176.88	-2.221403e-11
0.168	84			-0.00105918	3.88625e-05	0.00105978	177.894	-0.00105668	4.99489e-05	0.00105787	177.294	-0.00106121	5.87704e-05	0.00106264	176.826	-1.936607e-11
0.17	85			-0.00107921	3.8624e-05	0.00107969	177.948	-0.00106705	4.97105e-05	0.00106812	177.33	-0.00107456	5.88896e-05	0.00107611	176.856	-2.02037e-11
0.172	86			-0.00110269	4.07698e-05	0.00110329	177.882	-0.0010959	5.18563e-05	0.00109697	177.288	-0.00108946	6.00817e-05	0.00109101	176.838	-2.116698e-11
0.174	87			-0.00110424	3.95777e-05	0.00110484	177.948	-0.00110162	5.13794e-05	0.00110269	177.33	-0.00110031	6.04393e-05	0.00110186	176.85	-2.522949e-11
0.176	88			-0.00110782	4.06506e-05	0.00110842	177.9	-0.00110269	5.12602e-05	0.00110377	177.336	-0.00111056	6.06778e-05	0.00111211	176.868	-1.894723e-11
0.178	89			-0.00113345	4.17235e-05	0.00113405	177.894	-0.00112069	5.26907e-05	0.00112189	177.3	-0.00112749	6.22277e-05	0.00112916	176.838	-2.481063e-11
0.18	90			-0.0011524	4.14851e-05	0.00115312	177.93	-0.00114716	5.3406e-05	0.00114823	177.33	-0.00114013	6.21085e-05	0.00114167	176.88	-2.28841e-11
0.182	91			-0.00115503	4.17235e-05	0.00115562	177.93	-0.00115181	5.42405e-05	0.001153	177.3	-0.00115085	6.27046e-05	0.00115252	176.874	-2.074815e-11
0.184	92			-0.00115681	4.29156e-05	0.00115753	177.87	-0.00115276	5.32868e-05	0.00115383	177.354	-0.00116254	6.3539e-05	0.00116409	176.868	-2.418246e-11
0.186	93			-0.00118304	4.30348e-05	0.00118364	177.912	-0.00116671	5.51941e-05	0.0011679	177.288	-0.00117887	6.50887e-05	0.00118054	176.838	-2.434997e-11
0.188	94			-0.00120724	4.38693e-05	0.00120796	177.918	-0.00120021	5.71015e-05	0.00120152	177.276	-0.00119437	6.5804e-05	0.00119603	176.844	-2.229777e-11
0.19	95			-0.00120974	4.30348e-05	0.00121046	177.96	-0.00120533	5.69823e-05	0.00120664	177.294	-0.00119973	6.61616e-05	0.0012014	176.838	-2.342859e-11
0.192	96			-0.0012107	4.42269e-05	0.00121141	177.906	-0.00120688	5.65054e-05	0.00120819	177.318	-0.0012126	6.65192e-05	0.00121439	176.856	-2.011993e-11
0.194	97			-0.00121988	4.38693e-05	0.00122059	177.936	-0.00120974	5.63862e-05	0.00121105	177.33	-0.00122715	6.81882e-05	0.00122882	176.82	-2.67791e-11
0.196	98			-0.00125576	4.6015e-05	0.00125647	177.894	-0.00124002	5.88896e-05	0.00124133	177.276	-0.00124682	6.8665e-05	0.00124849	176.844	-1.706256e-11
0.198	99			-0.0012703	4.61342e-05	0.00127102	177.918	-0.00126422	6.02009e-05	0.00126565	177.27	-0.00125528	6.87842e-05	0.00125707	176.862	-2.22978e-11
0.2	100			-0.00126982	4.6015e-05	0.00127054	177.918	-0.00126637	6.02009e-05	0.00126768	177.276	-0.00126088	6.94995e-05	0.00126267	176.844	-2.095759e-11
0.202	101			-0.00127233	4.58958e-05	0.00127304	177.93	-0.00126696	6.02009e-05	0.00126816	177.276	-0.00127543	6.96187e-05	0.00127722	176.874	-2.187895e-11
0.204	102			-0.00128008	4.67303e-05	0.00128079	177.912	-0.0012703	5.90088e-05	0.00127149	177.336	-0.00129224	7.12876e-05	0.00129414	176.838	-1.769083e-11
0.206	103			-0.00131882	4.80416e-05	0.00131954	177.912	-0.00130165	6.25853e-05	0.00130308	177.246	-0.00131274	7.30758e-05	0.00131477	176.814	-2.619279e-11
0.208	104			-0.00133587	5.01873e-05	0.0013367	177.846	-0.00132907	6.30622e-05	0.0013305	177.282	-0.00132407	7.3195e-05	0.00132597	176.832	-2.246532e-11
0.21	105			-0.00133801	4.92337e-05	0.00133885	177.888	-0.00133324	6.31814e-05	0.00133456	177.288	-0.00132407	7.27181e-05	0.00132597	176.85	-2.811931e-11
0.212	106			-0.00133813	4.8876e-05	0.00133897	177.906	-0.00133456	6.34198e-05	0.00133599	177.276	-0.0013367	7.33142e-05	0.00133849	176.856	-2.137637e-11
0.214	107			-0.00134159	4.91145e-05	0.00134242	177.9	-0.00133456	6.2943e-05	0.00133587	177.3	-0.0013547	7.49831e-05	0.00135661	176.832	-2.011993e-11
0.216	108			-0.00136412	5.0545e-05	0.00136495	177.876	-0.00134588	6.38966e-05	0.00134731	177.282	-0.00137318	7.51023e-05	0.00137509	176.868	-1.877969e-11
0.218	109			-0.00140167	5.13794e-05	0.0014025	177.9	-0.00138927	6.73537e-05	0.00139082	177.222	-0.00139404	7.6652e-05	0.00139607	176.85	-2.221395e-11
0.22	110			-0.00141013	5.20947e-05	0.00141097	177.882	-0.00140525	6.69961e-05	0.00140668	177.27	-0.00139988	7.74865e-05	0.00140191	176.832	-1.777456e-11
0.222	111			-0.00141145	5.19755e-05	0.00141228	177.888	-0.00140787	6.65192e-05	0.00140942	177.294	-0.00139702	7.78441e-05	0.00139905	176.808	-2.158579e-11
0.224	112			-0.00141347	5.19755e-05	0.00141431	177.888	-0.00140787	6.71153e-05	0.00140942	177.27	-0.00141216	7.8321e-05	0.00141431	176.826	-2.187894e-11
0.226	113			-0.00141645	5.22139e-05	0.00141729	177.882	-0.00140906	6.72345e-05	0.00141049	177.264	-0.00143326	7.95131e-05	0.00143529	176.826	-2.238149e-11
0.228	114			-0.00143314	5.29292e-05	0.00143398	177.882	-0.00141681	6.69961e-05	0.00141836	177.294	-0.00145496	8.08244e-05	0.0014571	176.82	-1.622494e-11
0.23	115			-0.00147606	5.53133e-05	0.00147701	177.852	-0.00145865	6.92611e-05	0.0014602	177.276	-0.00147236	8.1182e-05	0.00147451	176.844	-1.970111e-11
0.232	116			-0.00149275	5.51941e-05	0.00149358	177.882	-0.00148512	7.17645e-05	0.00148667	177.234	-0.001485	8.23741e-05	0.00148714	176.826	-2.01618e-11
0.234	117			-0.00149513	5.48365e-05	0.00149596	177.894	-0.00148989	7.11684e-05	0.00149143	177.264	-0.00148142	8.1778e-05	0.00148357	176.838	-2.108322e-11
0.236	118			-0.00149513	5.51941e-05	0.00149596	177.882	-0.00149084	7.08108e-05	0.00149239	177.276	-0.00147808	8.16588e-05	0.00148023	176.832	-1.903101e-11
0.238	119			-0.00149775	5.51941e-05	0.00149871	177.888	-0.00149072	7.12876e-05	0.00149227	177.258	-0.00149966	8.36854e-05	0.00150193	176.802	-2.07063e-11
0.24	120			-0.00150252	5.50749e-05	0.00150348	177.9	-0.00149179	7.11684e-05	0.00149334	177.27	-0.00152767	8.49967e-05	0.00152982	176.814	-2.032931e-11
0.242	121			-0.00152112	5.61478e-05	0.00152207	177.882	-0.0015024	7.18837e-05	0.00150395	177.258	-0.00155009	8.59504e-05	0.00155235	176.82	-1.563857e-11
0.244	122			-0.00156558	5.86512e-05	0.00156654	177.852	-0.00154615	7.48639e-05	0.00154782	177.228	-0.00156666	8.70232e-05	0.00156892	176.814	-2.129258e-11
0.246	123			-0.00158597	5.82936e-05	0.00158692	177.894	-0.00157786	7.48639e-05	0.00157953	177.282	-0.00157846	8.76193e-05	0.00158072	176.82	-2.007805e-11
0.248	124			-0.00158692	5.93665e-05	0.00158799	177.858	-0.00158311	7.6056e-05	0.00158478	177.246	-0.00157858	8.72617e-05	0.00158084	176.832	-2.267467e-11
0.25	125			-0.00158692	5.94857e-05	0.00158799	177.852	-0.00158346	7.55792e-05	0.00158513	177.264	-0.00157142	8.65464e-05	0.00157369	176.844	-2.543889e-11
0.252	126			-0.00158931	5.87704e-05	0.00159026	177.882	-0.00158311	7.49831e-05	0.00158489	177.288	-0.00157607	8.71425e-05	0.00157834	176.832	-2.26747e-11
0.254	127			-0.00159419	5.9128e-05	0.00159515	177.876	-0.00158466	7.61752e-05	0.00158644	177.246	-0.00160719	8.80961e-05	0.00160945	176.862	-1.672749e-11
0.256	128			-0.00160301	5.90088e-05	0.00160397	177.888	-0.00158633	7.59368e-05	0.00158799	177.258	-0.00163568	9.08379e-05	0.00163806	176.82	-1.71882e-11
0.258	129			-0.00162602	6.10356e-05	0.0016271	177.852	-0.00160278	7.62944e-05	0.00160456	177.276	-0.00165952	9.25069e-05	0.00166202	176.808	-2.502011e-11
0.26	130			-0.0016687	6.22277e-05	0.00166977	177.864	-0.00165165	7.99899e-05	0.00165356	177.222	-0.00167466	9.29837e-05	0.00167716	176.82	-2.321913e-11
0.262	131			-0.00168932	6.30622e-05	0.0016904	177.864	-0.00168265	8.16588e-05	0.00168455	177.222	-0.00168515	9.3699e-05	0.00168753	176.814	-2.23815e-11
0.264	132			-0.0016929	6.27046e-05	0.00169385	177.876	-0.00168849	8.16588e-05	0.0016904	177.228	-0.00168634	9.39374e-05	0.00168873	176.808	-2.229773e-11
0.266	133			-0.00169326	6.3539e-05	0.00169433	177.852	-0.00168932	8.1182e-05	0.00169111	177.246	-0.00168145	9.31029e-05	0.00168396	176.832	-1.681123e-11
0.268	134			-0.00169338	6.33006e-05	0.00169445	177.858	-0.00168968	8.08244e-05	0.00169147	177.258	-0.00167239	9.27453e-05	0.0016749	176.82	-1.601552e-11
0.27	135			-0.00169755	6.33006e-05	0.00169862	177.864	-0.00169004	8.14204e-05	0.00169183	177.24	-0.00168634	9.38182e-05	0.00168885	176.814	-1.936603e-11
0.272	136			-0.00170387	6.30622e-05	0.00170494	177.882	-0.00169135	8.1182e-05	0.00169314	177.252	-0.00172747	9.69176e-05	0.00173009	176.79	-2.309348e-11
0.274	137			-0.00171757	6.49695e-05	0.00171865	177.834	-0.00169385	8.07052e-05	0.00169576	177.27	-0.00176299	9.91826e-05	0.00176562	176.778	-2.577389e-11
0.276	138			-0.00174523	6.48503e-05	0.00174642	177.87	-0.00171686	8.28509e-05	0.00171865	177.234	-0.00178576	9.98979e-05	0.0017885	176.796	-1.995236e-11
0.278	139			-0.0017916	6.75921e-05	0.0017928	177.84	-0.00177599	8.61888e-05	0.00177789	177.222	-0.00180269	0.000102282	0.00180531	176.748	-2.539698e-11
0.28	140			-0.00180674	6.8665e-05	0.00180794	177.816	-0.00179983	8.6308e-05	0.00180186	177.252	-0.0018077	0.000100852	0.00181032	176.802	-1.810957e-11
0.282	141			-0.00181342	6.79498e-05	0.00181461	177.852	-0.00180841	8.75001e-05	0.00181032	177.222	-0.00181008	0.00010109	0.0018127	176.796	-2.623461e-11
0.284	142			-0.00181437	6.79498e-05	0.00181533	177.852	-0.0018096	8.6308e-05	0.00181151	177.27	-0.00180841	0.00010109	0.00181103	176.796	-2.388916e-11
0.286	143			-0.00181318	6.74729e-05	0.00181437	177.864	-0.00181008	8.72617e-05	0.00181199	177.24	-0.00180078	0.000100613	0.00180317	176.796	-1.689499e-11
0.288	144			-0.00181461	6.74729e-05	0.0018158	177.87	-0.0018108	8.70232e-05	0.0018127	177.246	-0.00179125	9.98979e-05	0.00179387	176.802	-2.095752e-11
0.29	145			-0.00181723	6.79498e-05	0.00181819	177.858	-0.00181008	8.65464e-05	0.00181175	177.258	-0.00180651	0.000100613	0.00180913	176.808	-2.0078e-11
0.292	146			-0.00182606	6.8665e-05	0.00182701	177.84	-0.00181127	8.67848e-05	0.00181318	177.252	-0.0018499	0.000103951	0.00185252	176.778	-2.338663e-11
0.294	147			-0.00184394	6.96187e-05	0.00184489	177.834	-0.00181485	8.67848e-05	0.00181676	177.258	-0.00189448	0.000105858	0.00189734	176.796	-2.150194e-11
0.296	148			-0.00187112	7.05724e-05	0.00187207	177.84	-0.0018344	8.79769e-05	0.00183655	177.252	-0.00192261	0.000107527	0.00192524	176.796	-2.263276e-11
0.298	149			-0.00190807	7.22413e-05	0.00190903	177.828	-0.00188232	9.17916e-05	0.00188423	177.21	-0.00193859	0.000108958	0.00194121	176.784	-2.133446e-11
0.3	150			-0.00193525	7.29566e-05	0.00193644	177.84	-0.00192595	9.22685e-05	0.00192786	177.258	-0.00194693	0.000109435	0.00194956	176.778	-1.98686e-11
0.302	151			-0.00194884	7.34334e-05	0.00195003	177.834	-0.00194407	9.3699e-05	0.00194598	177.24	-0.00194884	0.000109196	0.0019517	176.79	-2.665342e-11
0.304	152			-0.00195266	7.34334e-05	0.00195386	177.846	-0.00194741	9.34605e-05	0.00194932	177.246	-0.00195099	0.000109435	0.00195386	176.79	-2.074811e-11
0.306	153			-0.00195266	7.24797e-05	0.00195386	177.87	-0.00194836	9.44142e-05	0.00195051	177.222	-0.00194884	0.000108481	0.0019517	176.808	-2.472683e-11
0.308	154			-0.00195289	7.39102e-05	0.00195386	177.828	-0.00194836	9.44142e-05	0.00195051	177.222	-0.0019436	0.000109673	0.0019467	176.766	-1.974295e-11
0.31	155			-0.00195289	7.34334e-05	0.00195386	177.84	-0.00194884	9.39374e-05	0.00195099	177.24	-0.00193454	0.000107766	0.00193716	176.808	-2.275843e-11
0.312	156			-0.00195433	7.41486e-05	0.00195552	177.828	-0.00194908	9.46526e-05	0.00195099	177.222	-0.00192977	0.000108004	0.00193239	176.79	-2.430804e-11
0.314	157			-0.00195982	7.41486e-05	0.00196101	177.834	-0.0019486	9.46526e-05	0.00195075	177.216	-0.00196315	0.00011015	0.00196601	176.784	-1.970099e-11
0.316	158			-0.00197388	7.46255e-05	0.00197484	177.834	-0.00195051	9.39374e-05	0.00195266	177.24	-0.00201727	0.000113726	0.00202014	176.772	-2.359602e-11
0.318	159			-0.00199939	7.58176e-05	0.00200082	177.828	-0.00195839	9.46526e-05	0.00196053	177.234	-0.00206043	0.00011611	0.00206353	176.772	-2.011984e-11
0.32	160			-0.00203539	7.79633e-05	0.00203682	177.804	-0.00198962	9.72752e-05	0.00199153	177.192	-0.00208952	0.000118733	0.00209261	176.742	-1.81514e-11
0.322	161			-0.00206901	7.86786e-05	0.0020702	177.816	-0.00203897	9.96594e-05	0.00204135	177.198	-0.00210406	0.000118971	0.00210716	176.76	-2.598324e-11
0.324	162			-0.00209238	7.96323e-05	0.00209357	177.816	-0.00208093	0.000101805	0.00208332	177.198	-0.00210978	0.000119448	0.00211288	176.754	-2.405673e-11
0.326	163			-0.00210811	7.93939e-05	0.00210954	177.84	-0.00210382	0.000102282	0.0021062	177.216	-0.00211288	0.000119687	0.00211598	176.754	-1.928222e-11
0.328	164			-0.00211455	8.01091e-05	0.00211574	177.828	-0.00211073	0.000103713	0.00211288	177.186	-0.00211288	0.000118971	0.00211598	176.772	-1.756511e-11
0.33	165			-0.0021155	8.01091e-05	0.0021167	177.828	-0.00211121	0.000102759	0.00211336	177.21	-0.00211383	0.000119448	0.00211693	176.766	-1.965916e-11
0.332	166			-0.00211479	7.93939e-05	0.00211598	177.846	-0.00211169	0.000102759	0.00211383	177.21	-0.0021124	0.000117541	0.0021155	176.814	-2.099939e-11
0.334	167			-0.00211526	8.08244e-05	0.00211646	177.81	-0.00211121	0.00010252	0.0021136	177.216	-0.00210907	0.000118018	0.00211217	176.79	-2.468495e-11
0.336	168			-0.00211574	7.98707e-05	0.00211717	177.834	-0.00211073	0.000102282	0.00211288	177.222	-0.00210239	0.000117779	0.00210549	176.79	-2.351225e-11
0.338	169			-0.00211622	8.01091e-05	0.00211765	177.828	-0.0021124	0.000102997	0.00211455	177.204	-0.00209261	0.000117302	0.00209548	176.784	-1.949162e-11
0.34	170			-0.00211956	8.10628e-05	0.00212075	177.81	-0.00211073	0.000102759	0.00211288	177.21	-0.00209714	0.000117541	0.00210024	176.79	-2.141817e-11
0.342	171			-0.00212647	8.10628e-05	0.00212766	177.816	-0.0021124	0.000102759	0.00211455	177.21	-0.00213768	0.000120163	0.00214078	176.778	-2.434988e-11
0.344	172			-0.00215007	8.1778e-05	0.0021515	177.816	-0.00211717	0.000103236	0.00211932	177.204	-0.00220276	0.000125171	0.0022061	176.742	-2.070621e-11
0.346	173			-0.00219013	8.32085e-05	0.00219156	177.822	-0.0021341	0.000104189	0.00213625	177.204	-0.00225426	0.000127316	0.0022576	176.766	-2.489436e-11
0.348	174			-0.00223137	8.53543e-05	0.0022328	177.804	-0.00217439	0.000106812	0.00217701	177.186	-0.00228526	0.000130654	0.00228883	176.73	-2.414047e-11
0.35	175			-0.00225855	8.70232e-05	0.00225998	177.792	-0.00222327	0.000108958	0.00222565	177.192	-0.00229837	0.000130416	0.00230171	176.748	-2.317721e-11
0.352	176			-0.0022762	8.67848e-05	0.00227763	177.81	-0.00225808	0.000110388	0.0022607	177.198	-0.00230242	0.000131131	0.00230576	176.736	-1.965917e-11
0.354	177			-0.00229217	8.75001e-05	0.0022936	177.81	-0.00228383	0.000112057	0.00228645	177.186	-0.00230457	0.000131131	0.00230791	176.742	-2.401485e-11
0.356	178			-0.00230242	8.79769e-05	0.00230385	177.81	-0.00229837	0.000112296	0.00230099	177.198	-0.00230552	0.000130654	0.00230886	176.754	-2.204635e-11
0.358	179			-0.00230719	8.79769e-05	0.00230862	177.81	-0.0023029	0.000112772	0.00230552	177.198	-0.00230552	0.000131131	0.00230886	176.742	-2.326093e-11
0.36	180			-0.00230624	8.70232e-05	0.00230767	177.834	-0.00230314	0.000112296	0.00230552	177.21	-0.00230671	0.000130654	0.00231005	176.76	-2.711406e-11
0.362	181			-0.00230695	8.72617e-05	0.00230838	177.834	-0.00230362	0.000111819	0.002306	177.216	-0.00230576	0.000130416	0.00230934	176.76	-1.965914e-11
0.364	182			-0.00230624	8.82153e-05	0.00230767	177.81	-0.00230409	0.000112057	0.00230648	177.216	-0.00230409	0.000130654	0.00230767	176.754	-2.175323e-11
0.366	183			-0.00230648	8.82153e-05	0.00230791	177.81	-0.00230338	0.000112534	0.002306	177.198	-0.00230123	0.000129701	0.00230481	176.772	-2.263275e-11
0.368	184			-0.00230743	8.75001e-05	0.00230886	177.822	-0.00230385	0.00011158	0.00230624	177.222	-0.00229503	0.000128985	0.00229837	176.784	-1.970103e-11
0.37	185			-0.0023091	8.75001e-05	0.00231053	177.828	-0.0023029	0.000112534	0.00230552	177.198	-0.00228573	0.000129462	0.00228931	176.754	-2.225578e-11
0.372	186			-0.00230981	8.75001e-05	0.00231124	177.828	-0.00230338	0.000111819	0.00230576	177.216	-0.00228454	0.000128985	0.00228812	176.766	-2.15019e-11
0.374	187			-0.00231697	8.82153e-05	0.0023184	177.816	-0.00230457	0.000112534	0.00230719	177.204	-0.00231172	0.000131608	0.00231506	176.742	-2.594135e-11
0.376	188			-0.00233461	9.01227e-05	0.00233604	177.786	-0.00231172	0.000113488	0.00231434	177.186	-0.00237919	0.0001359	0.00238277	176.73	-2.112498e-11
0.378	189			-0.00237538	9.08379e-05	0.00237681	177.804	-0.00233056	0.000113965	0.00233318	177.198	-0.00245072	0.000140906	0.0024543	176.706	-2.296779e-11
0.38	190			-0.00243117	9.39374e-05	0.00243284	177.786	-0.00237156	0.000117302	0.00237419	177.162	-0.0024984	0.000142814	0.00250198	176.73	-2.05805e-11
0.382	191			-0.00247027	9.56063e-05	0.00247194	177.78	-0.00242783	0.00011921	0.00243045	177.186	-0.00252511	0.000144483	0.00252916	176.718	-2.631828e-11
0.384	192			-0.00248934	9.51295e-05	0.00249101	177.81	-0.00245787	0.000121832	0.00246073	177.156	-0.00253274	0.000144483	0.00253679	176.736	-2.087367e-11
0.386	193			-0.00250174	9.70368e-05	0.00250317	177.774	-0.00247575	0.000121832	0.00247861	177.18	-0.00253417	0.000144959	0.00253798	176.724	-2.418233e-11
0.388	194			-0.00251438	9.72752e-05	0.00251605	177.786	-0.00249769	0.000123263	0.00250031	177.174	-0.00253536	0.000144959	0.00253941	176.724	-2.233949e-11
0.39	195			-0.00252797	9.77521e-05	0.00252964	177.786	-0.00251938	0.000124455	0.00252225	177.168	-0.00253655	0.000144959	0.00254036	176.724	-2.049674e-11
0.392	196			-0.00253512	9.79905e-05	0.00253679	177.786	-0.00252987	0.000124694	0.00253274	177.174	-0.0025356	0.000145436	0.00253965	176.712	-2.095747e-11
0.394	197			-0.00253631	9.75137e-05	0.00253798	177.792	-0.00253274	0.000124932	0.00253536	177.174	-0.00253631	0.000144483	0.00254013	176.736	-1.555474e-11
0.396	198			-0.00253655	9.77521e-05	0.00253798	177.792	-0.00253417	0.000124932	0.00253703	177.174	-0.00253631	0.000144959	0.00254013	176.724	-1.915651e-11
0.398	199			-0.00253679	9.79905e-05	0.00253846	177.786	-0.00253321	0.000124932	0.00253607	177.174	-0.00253703	0.000144006	0.00254084	176.748	-2.146006e-11
0.4	200			-0.00253727	9.79905e-05	0.00253893	177.786	-0.00253274	0.00012231	0.0025356	177.234	-0.00253488	0.00014329	0.00253846	176.76	-1.844458e-11
0.402	201			-0.00253703	9.72752e-05	0.0025387	177.804	-0.00253274	0.00012374	0.0025356	177.204	-0.00253488	0.000142575	0.00253846	176.778	-2.06643e-11
0.404	202			-0.00253703	9.82289e-05	0.0025387	177.78	-0.00253274	0.000123979	0.0025356	177.198	-0.00253202	0.000142814	0.00253583	176.766	-2.380544e-11
0.406	203			-0.0025375	9.72752e-05	0.00253917	177.804	-0.00253369	0.000124694	0.00253631	177.18	-0.0025263	0.000142098	0.00253011	176.778	-2.120873e-11
0.408	204			-0.00253846	9.72752e-05	0.00254013	177.804	-0.00253274	0.000124217	0.00253536	177.192	-0.00252058	0.000142098	0.00252415	176.766	-2.313528e-11
0.41	205			-0.00254013	9.70368e-05	0.0025418	177.81	-0.00253345	0.000124455	0.00253631	177.186	-0.00251724	0.000142814	0.00252081	176.748	-1.911463e-11
0.412	206			-0.00254323	9.79905e-05	0.00254489	177.792	-0.00253321	0.000124217	0.00253583	177.192	-0.00252058	0.000143052	0.00252415	176.748	-1.944973e-11
0.414	207			-0.00255086	9.82289e-05	0.00255229	177.792	-0.00253774	0.000125409	0.0025406	177.168	-0.00254537	0.000144483	0.00254919	176.748	-1.898899e-11
0.416	208			-0.00257899	9.98979e-05	0.00258066	177.78	-0.002553	0.000125409	0.00255562	177.186	-0.00260378	0.000149013	0.00260784	176.718	-2.703019e-11
0.418	209			-0.00263955	0.000102759	0.00264122	177.768	-0.00259019	0.000128747	0.00259306	177.15	-0.00269772	0.00015545	0.00270201	176.7	-2.020354e-11
0.42	210			-0.00270297	0.000106097	0.00270487	177.75	-0.00265171	0.000133038	0.00265481	177.126	-0.0027733	0.000160218	0.00277783	176.688	-1.991042e-11
0.422	211			-0.00273825	0.000107289	0.00274016	177.756	-0.00269987	0.000133992	0.00270297	177.156	-0.00280501	0.000160933	0.0028093	176.712	-2.267462e-11
0.424	212			-0.00275256	0.000107289	0.00275446	177.768	-0.00271918	0.000135661	0.00272228	177.138	-0.00281216	0.000161649	0.00281645	176.706	-1.852832e-11
0.426	213			-0.00276639	0.000108958	0.00276829	177.744	-0.00272824	0.000135661	0.00273134	177.15	-0.00281335	0.000162841	0.00281788	176.682	-2.053858e-11
0.428	214			-0.00277974	0.000108004	0.00278164	177.774	-0.0027404	0.000137092	0.0027435	177.132	-0.0028155	0.000163318	0.00282003	176.682	-2.42242e-11
0.43	215			-0.0027919	0.000108481	0.0027938	177.774	-0.0027609	0.000137092	0.002764	177.15	-0.00281669	0.000162126	0.00282122	176.7	-2.330279e-11
0.432	216			-0.00280429	0.000109196	0.0028062	177.768	-0.0027857	0.000138284	0.00278904	177.156	-0.00281788	0.000162126	0.00282218	176.706	-2.19626e-11
0.434	217			-0.00281407	0.000109911	0.00281598	177.762	-0.0028062	0.000139476	0.00280954	177.156	-0.00281741	0.000161649	0.00282194	176.712	-2.003604e-11
0.436	218			-0.00281717	0.000109435	0.00281931	177.774	-0.00281288	0.000139714	0.00281598	177.156	-0.00281741	0.00016141	0.00282194	176.718	-1.999414e-11
0.438	219			-0.00281812	0.000108481	0.00282003	177.798	-0.00281383	0.000139476	0.00281693	177.162	-0.00281812	0.000161887	0.00282265	176.712	-2.083179e-11
0.44	220			-0.00281836	0.000109435	0.00282027	177.774	-0.00281478	0.000139714	0.00281812	177.156	-0.00281812	0.000162126	0.00282265	176.7	-1.915655e-11
0.442	221			-0.00281884	0.000110388	0.00282098	177.756	-0.00281502	0.000139237	0.00281812	177.168	-0.00281788	0.000160457	0.00282218	176.736	-1.622481e-11
0.444	222			-0.00281788	0.000109673	0.00281979	177.768	-0.00281431	0.000138284	0.00281741	177.18	-0.00281765	0.000160695	0.00282194	176.73	-2.355409e-11
0.446	223			-0.00281836	0.000109196	0.00282027	177.78	-0.00281502	0.000137807	0.00281812	177.198	-0.00281669	0.00015998	0.00282098	176.748	-2.217196e-11
0.448	224			-0.00281836	0.000109673	0.00282027	177.768	-0.00281455	0.000137807	0.00281765	177.192	-0.00281669	0.000160218	0.00282098	176.742	-1.98685e-11
0.45	225			-0.00281884	0.000108958	0.00282075	177.78	-0.00281431	0.000137807	0.00281741	177.198	-0.00281431	0.000158788	0.0028186	176.772	-2.418235e-11
0.452	226			-0.00281836	0.000108958	0.00282027	177.78	-0.00281502	0.000137807	0.00281812	177.192	-0.00281073	0.000158311	0.00281478	176.778	-2.192069e-11
0.454	227			-0.00282027	0.000108958	0.00282218	177.786	-0.00281359	0.000138522	0.00281669	177.18	-0.00280811	0.000159026	0.0028124	176.754	-2.48524e-11
0.456	228			-0.0028217	0.000108958	0.00282361	177.786	-0.00281407	0.000138999	0.00281717	177.168	-0.00280286	0.000159265	0.00280716	176.742	-2.485239e-11
0.458	229			-0.00282384	0.00011015	0.00282575	177.762	-0.00281455	0.000138284	0.00281765	177.18	-0.00280024	0.000160457	0.00280477	176.718	-2.045481e-11
0.46	230			-0.00282456	0.000109911	0.00282647	177.768	-0.00281502	0.000139476	0.00281836	177.162	-0.00280525	0.000160933	0.00280978	176.712	-2.083178e-11
0.462	231			-0.00283338	0.000110865	0.00283529	177.756	-0.0028186	0.000140429	0.00282194	177.144	-0.00282027	0.000161649	0.0028248	176.718	-2.041298e-11
0.464	232			-0.00286604	0.000111819	0.00286795	177.762	-0.00282909	0.000141622	0.00283243	177.132	-0.00284506	0.000164033	0.00284959	176.7	-1.46752e-11
0.466	233			-0.00294138	0.00011611	0.00294353	177.738	-0.00286819	0.00014329	0.00287177	177.138	-0.00290205	0.000168086	0.00290681	176.682	-2.330277e-11
0.468	234			-0.00300957	0.000118971	0.00301172	177.738	-0.00294973	0.000147582	0.00295331	177.132	-0.00300314	0.000174046	0.0030079	176.682	-1.999414e-11
0.47	235			-0.00303151	0.00012064	0.00303341	177.72	-0.00301267	0.000151397	0.00301625	177.12	-0.0030892	0.000179769	0.00309397	176.67	-2.430796e-11
0.472	236			-0.00303842	0.00012064	0.00304057	177.726	-0.0030327	0.000152112	0.00303628	177.126	-0.00313021	0.000181437	0.00313522	176.676	-2.254891e-11
0.474	237			-0.00305583	0.000119925	0.00305797	177.75	-0.00304295	0.000152589	0.00304653	177.126	-0.00314809	0.000182153	0.0031531	176.682	-2.196256e-11
0.476	238			-0.00308134	0.000121117	0.00308324	177.744	-0.00305606	0.000153304	0.00305964	177.126	-0.00316025	0.000183345	0.00316526	176.676	-2.673706e-11
0.478	239			-0.00310804	0.00012231	0.00311019	177.744	-0.00307371	0.000153781	0.00307728	177.132	-0.00316669	0.000183822	0.0031717	176.676	-1.928216e-11
0.48	240			-0.00312735	0.00012374	0.0031295	177.732	-0.00308849	0.000154735	0.0030923	177.132	-0.00316836	0.00018406	0.00317337	176.676	-2.250701e-11
0.482	241			-0.00314118	0.000123263	0.00314333	177.75	-0.00310303	0.00015688	0.00310661	177.102	-0.00316931	0.000184298	0.00317432	176.67	-2.334462e-11
0.484	242			-0.00315167	0.000124455	0.00315405	177.738	-0.00312091	0.000158311	0.00312473	177.096	-0.00316955	0.00018406	0.0031748	176.676	-2.053858e-11
0.486	243			-0.00316168	0.000124694	0.00316407	177.738	-0.00314309	0.000157596	0.0031469	177.126	-0.00317003	0.000184775	0.00317527	176.664	-2.083178e-11
0.488	244			-0.00316741	0.000124694	0.00316979	177.744	-0.00315858	0.000159026	0.0031624	177.114	-0.00316884	0.000183583	0.00317408	176.682	-2.254889e-11
0.49	245			-0.00316979	0.000123979	0.00317194	177.756	-0.00316383	0.00015998	0.00316741	177.108	-0.00316931	0.000184775	0.00317456	176.658	-1.735566e-11
0.492	246			-0.00317003	0.000124217	0.00317217	177.756	-0.00316502	0.000158788	0.0031686	177.126	-0.00317051	0.000183822	0.00317575	176.676	-2.401475e-11
0.494	247			-0.00317003	0.000124217	0.00317217	177.756	-0.0031655	0.000158549	0.00316907	177.132	-0.00316884	0.000184298	0.00317408	176.67	-2.367972e-11
0.496	248			-0.00316979	0.000124217	0.00317194	177.756	-0.00316574	0.000157834	0.00316955	177.144	-0.00316931	0.000183106	0.00317456	176.694	-1.986849e-11
0.498	249			-0.00316955	0.000124932	0.00317194	177.738	-0.00316526	0.000157834	0.00316907	177.144	-0.00316907	0.000181437	0.00317408	176.718	-2.414039e-11
0.5	250			-0.00317003	0.000124455	0.00317241	177.75	-0.00316502	0.00015688	0.0031686	177.162	-0.00316979	0.000181914	0.0031748	176.712	-2.192068e-11
0.502	251			-0.00316931	0.000123979	0.00317146	177.756	-0.00316526	0.000156642	0.00316884	177.162	-0.00317051	0.000180484	0.00317527	176.736	-2.070612e-11
0.504	252			-0.00317051	0.000124455	0.00317265	177.75	-0.00316574	0.000155927	0.00316931	177.174	-0.00317003	0.000181437	0.0031748	176.718	-2.053858e-11
0.506	253			-0.00317003	0.000123979	0.00317217	177.762	-0.00316598	0.000157119	0.00316955	177.156	-0.00316884	0.000180961	0.00317384	176.73	-1.999413e-11
0.508	254			-0.00317027	0.000125171	0.00317241	177.738	-0.0031655	0.000156165	0.00316907	177.174	-0.00316717	0.000180961	0.00317194	176.73	-2.062232e-11
0.51	255			-0.00317074	0.000123502	0.00317289	177.768	-0.00316621	0.000157596	0.00317003	177.15	-0.00316502	0.000180484	0.00316979	176.736	-2.313524e-11
0.512	256			-0.00317098	0.000124455	0.00317313	177.75	-0.00316598	0.000157596	0.00316979	177.15	-0.00315906	0.000179769	0.00316407	176.736	-2.087363e-11
0.514	257			-0.00317337	0.000124455	0.00317575	177.75	-0.00316645	0.000158072	0.00317027	177.138	-0.00315	0.000180007	0.00315501	176.724	-1.991035e-11
0.516	258			-0.00317599	0.000125648	0.00317813	177.732	-0.00316669	0.000157834	0.00317027	177.144	-0.00315048	0.000180961	0.00315548	176.706	-2.493612e-11
0.518	259			-0.003181	0.000125648	0.00318338	177.738	-0.00316812	0.000159265	0.00317194	177.12	-0.00316001	0.000182391	0.00316526	176.694	-2.401473e-11
0.52	260			-0.00318505	0.000125886	0.00318743	177.738	-0.00316931	0.000158072	0.00317313	177.144	-0.00317289	0.000183822	0.00317813	176.682	-2.104115e-11
0.522	261			-0.00319578	0.00012684	0.00319792	177.726	-0.00317551	0.000159503	0.00317909	177.12	-0.0031891	0.000185967	0.00319435	176.658	-2.158563e-11
0.524	262			-0.00323226	0.00012827	0.0032344	177.726	-0.00318648	0.000161649	0.00319029	177.096	-0.00320746	0.000186921	0.00321271	176.658	-2.388909e-11
0.526	263			-0.00330736	0.000131131	0.00330974	177.732	-0.00321437	0.000162841	0.00321819	177.096	-0.00323249	0.00018859	0.00323774	176.658	-2.326086e-11
0.528	264			-0.00336982	0.000133754	0.00337221	177.726	-0.0032735	0.00016594	0.00327732	177.096	-0.00327064	0.000191451	0.00327612	176.646	-2.246513e-11
0.53	265			-0.00339581	0.000135184	0.00339819	177.72	-0.00334264	0.00016904	0.00334693	177.102	-0.00331713	0.00019455	0.00332262	176.64	-2.514552e-11
0.532	266			-0.00340153	0.000134946	0.00340392	177.726	-0.00337864	0.000170947	0.00338294	177.102	-0.00335433	0.000195981	0.00335957	176.658	-2.091549e-11
0.534	267			-0.00340296	0.000136376	0.00340559	177.702	-0.0034001	0.000171424	0.00340416	177.108	-0.00340249	0.000197888	0.00340821	176.67	-1.961719e-11
0.536	268			-0.00340749	0.000136376	0.00341012	177.708	-0.00342228	0.000174285	0.00342657	177.084	-0.00347234	0.000203134	0.00347807	176.652	-2.623448e-11
0.538	269			-0.00342609	0.000137092	0.00342847	177.708	-0.00345232	0.000175954	0.00345661	177.084	-0.00353862	0.000207425	0.00354458	176.64	-2.380532e-11
0.54	270			-0.00345875	0.000139476	0.00346138	177.69	-0.00348832	0.000177146	0.00349261	177.09	-0.00358893	0.000209809	0.00359489	176.652	-1.890516e-11
0.542	271			-0.00349475	0.000140429	0.00349738	177.696	-0.00351717	0.000179053	0.00352146	177.084	-0.00361349	0.000211955	0.00361921	176.64	-2.045479e-11
0.544	272			-0.00352289	0.000141145	0.00352551	177.702	-0.00353719	0.000180484	0.00354172	177.078	-0.0036204	0.000212432	0.00362636	176.64	-2.045475e-11
0.546	273			-0.00355293	0.000142575	0.00355555	177.702	-0.00355507	0.000181199	0.0035596	177.078	-0.00362159	0.000213147	0.00362755	176.628	-2.506175e-11
0.548	274			-0.00358011	0.000142814	0.00358273	177.714	-0.00357248	0.00018263	0.00357701	177.072	-0.00362183	0.000212432	0.00362779	176.64	-2.179499e-11
0.55	275			-0.00359942	0.000144483	0.00360204	177.702	-0.00358488	0.000182391	0.00358941	177.084	-0.00362159	0.00021267	0.00362755	176.634	-2.292578e-11
0.552	276			-0.00361063	0.000144244	0.00361325	177.714	-0.00359489	0.00018263	0.00359942	177.09	-0.00362112	0.000213147	0.00362732	176.628	-2.393099e-11
0.554	277			-0.00361682	0.000144483	0.00361921	177.714	-0.00360252	0.000183106	0.00360705	177.084	-0.00362159	0.000213147	0.00362755	176.628	-2.648569e-11
0.556	278			-0.00361873	0.000144959	0.00362135	177.702	-0.00361015	0.000184537	0.00361444	177.072	-0.00362183	0.000214101	0.00362779	176.61	-1.890516e-11
0.558	279			-0.00362088	0.000145436	0.00362374	177.696	-0.00361468	0.000183583	0.00361897	177.09	-0.00362159	0.000212909	0.00362755	176.634	-1.769059e-11
0.56	280			-0.00362183	0.000143767	0.00362422	177.726	-0.00361635	0.000183345	0.00362064	177.096	-0.00362064	0.000212909	0.0036266	176.634	-2.426602e-11
0.562	281			-0.0036204	0.000144721	0.00362302	177.708	-0.0036173	0.000183345	0.00362159	177.096	-0.00362112	0.000212193	0.00362708	176.646	-1.974281e-11
0.564	282			-0.00362135	0.000144721	0.00362398	177.708	-0.0036173	0.00018406	0.00362183	177.084	-0.00362207	0.000213386	0.00362827	176.628	-1.949156e-11
0.566	283			-0.00362064	0.000144483	0.00362326	177.714	-0.00361659	0.000182391	0.00362088	177.114	-0.00362016	0.000211478	0.00362588	176.658	-2.393095e-11
0.568	284			-0.00362112	0.000143767	0.00362374	177.726	-0.00361754	0.000181914	0.00362183	177.12	-0.00362159	0.000209571	0.00362732	176.688	-1.91146e-11
0.57	285			-0.00362016	0.000144721	0.00362279	177.708	-0.00361778	0.000181676	0.00362207	177.12	-0.00362159	0.000209809	0.00362755	176.682	-2.141805e-11
0.572	286			-0.00362183	0.000143767	0.00362445	177.726	-0.00361778	0.000182153	0.00362207	177.114	-0.00362112	0.000208379	0.00362708	176.706	-1.697863e-11
0.574	287			-0.00362135	0.000144483	0.00362398	177.714	-0.00361682	0.000180007	0.00362112	177.15	-0.00362183	0.00020814	0.00362755	176.706	-2.229758e-11
0.576	288			-0.00362183	0.000145198	0.00362422	177.702	-0.0036173	0.000181676	0.00362159	177.12	-0.00362183	0.000208856	0.00362755	176.694	-2.116678e-11
0.578	289			-0.00362112	0.000144006	0.00362374	177.72	-0.00361635	0.000181437	0.0036204	177.126	-0.00362088	0.00020814	0.0036266	176.706	-2.049667e-11
0.58	290			-0.00362135	0.00014329	0.00362398	177.732	-0.00361802	0.000181676	0.00362207	177.12	-0.00362088	0.000208617	0.0036266	176.7	-2.183689e-11
0.582	291			-0.00362112	0.000143767	0.00362374	177.726	-0.0036173	0.000182153	0.00362159	177.114	-0.00362088	0.00020814	0.0036266	176.706	-1.978467e-11
0.584	292			-0.00362135	0.00014329	0.00362398	177.732	-0.0036173	0.000181437	0.00362159	177.126	-0.00361897	0.00020814	0.00362493	176.706	-2.351213e-11
0.586	293			-0.00362326	0.00014329	0.00362588	177.732	-0.0036173	0.000182153	0.00362159	177.12	-0.00361611	0.000207664	0.00362183	176.712	-2.38053e-11
0.588	294			-0.00362279	0.000143529	0.00362541	177.732	-0.00361682	0.000182153	0.00362112	177.114	-0.00361015	0.00020814	0.00361611	176.7	-2.213005e-11
0.59	295			-0.00362708	0.000143529	0.0036297	177.732	-0.00361849	0.000182868	0.00362279	177.108	-0.0036018	0.000207902	0.00360753	176.694	-2.317706e-11
0.592	296			-0.00363566	0.000145436	0.00363804	177.708	-0.00362231	0.000183583	0.00362684	177.096	-0.0036142	0.000210763	0.00362016	176.658	-1.810944e-11
0.594	297			-0.00364901	0.000145675	0.0036514	177.714	-0.00363113	0.000184775	0.00363566	177.084	-0.00364329	0.000213624	0.00364925	176.646	-2.087361e-11
0.596	298			-0.0036595	0.000146628	0.00366236	177.708	-0.00364067	0.000186683	0.0036452	177.06	-0.00368215	0.000216962	0.00368835	176.622	-2.313519e-11
0.598	299			-0.0036719	0.000146628	0.00367476	177.714	-0.00365068	0.000185967	0.00365497	177.078	-0.00371315	0.000219584	0.00371934	176.61	-2.409847e-11
0.6	300			-0.00369383	0.000148536	0.00369669	177.696	-0.00366212	0.000186921	0.00366665	177.072	-0.0037346	0.000221015	0.0037408	176.61	-2.376343e-11
0.602	301			-0.00374462	0.000152112	0.00374772	177.672	-0.00368334	0.00018859	0.00368787	177.066	-0.00375463	0.000222922	0.00376107	176.598	-2.476856e-11
0.604	302			-0.00381924	0.00015545	0.0038221	177.672	-0.00372387	0.000191928	0.00372864	177.048	-0.00378086	0.00022483	0.00378729	176.592	-2.070605e-11
0.606	303			-0.00387551	0.000156642	0.00387837	177.684	-0.00379206	0.000194789	0.00379683	177.054	-0.00381304	0.000226499	0.00381948	176.598	-2.409847e-11
0.608	304			-0.00389482	0.000157834	0.00389768	177.678	-0.00385381	0.000198127	0.00385882	177.054	-0.0038438	0.000227929	0.00385024	176.604	-2.213005e-11
0.61	305			-0.00389959	0.000157357	0.00390245	177.69	-0.00388218	0.000198842	0.00388719	177.066	-0.00386144	0.000228883	0.00386788	176.604	-2.221378e-11
0.612	306			-0.00390078	0.000156642	0.00390364	177.696	-0.00389029	0.000198842	0.0038953	177.072	-0.00386716	0.000228168	0.0038736	176.622	-2.455916e-11
0.614	307			-0.00390007	0.000156404	0.00390293	177.702	-0.00389363	0.000198604	0.0038984	177.078	-0.00386359	0.000228406	0.00387003	176.616	-2.229757e-11
0.616	308			-0.00390007	0.000157357	0.00390293	177.69	-0.00389458	0.00019908	0.00389959	177.072	-0.00385548	0.000225306	0.00386192	176.652	-2.527116e-11
0.618	309			-0.00390007	0.00015688	0.00390293	177.696	-0.0038953	0.000199319	0.00390007	177.072	-0.00385429	0.00022626	0.00386073	176.634	-2.053856e-11
0.62	310			-0.00390197	0.000156642	0.00390483	177.696	-0.00390078	0.000198604	0.00390555	177.084	-0.00387312	0.000227929	0.00387956	176.628	-2.066417e-11
0.622	311			-0.00391582	0.000157357	0.00391892	177.696	-0.00391868	0.000200273	0.00392345	177.072	-0.00391462	0.00023079	0.00392106	176.622	-2.045479e-11
0.624	312			-0.00395921	0.000160457	0.00396231	177.678	-0.0039697	0.000204087	0.00397471	177.054	-0.00400832	0.000237466	0.00401524	176.604	-1.936588e-11
0.626	313			-0.00401881	0.000164987	0.00402191	177.648	-0.00404695	0.000209809	0.00405219	177.03	-0.00410464	0.000244142	0.00411156	176.598	-2.070611e-11
0.628	314			-0.0040696	0.000167132	0.0040727	177.648	-0.00411633	0.000213624	0.00412157	177.03	-0.00416926	0.000248434	0.00417641	176.586	-2.171117e-11
0.63	315			-0.00410727	0.000169278	0.0041106	177.642	-0.004159	0.000216247	0.00416449	177.024	-0.00420383	0.000250818	0.00421122	176.586	-2.405663e-11
0.632	316			-0.0041354	0.000171185	0.00413874	177.63	-0.00418165	0.000217916	0.0041869	177.012	-0.00421861	0.000252487	0.00422576	176.574	-2.342839e-11
0.634	317			-0.0041571	0.000172616	0.00416043	177.624	-0.00418881	0.000218869	0.00419429	177.006	-0.0042229	0.000251295	0.00423005	176.592	-2.619251e-11
0.636	318			-0.00417593	0.000171662	0.00417927	177.642	-0.00419214	0.000217677	0.00419763	177.024	-0.00422338	0.000252249	0.00423053	176.58	-2.125054e-11
0.638	319			-0.00419047	0.000172854	0.00419381	177.636	-0.00419787	0.000217439	0.00420335	177.03	-0.00422242	0.000252249	0.00422981	176.58	-2.326082e-11
0.64	320			-0.00420573	0.000173331	0.00420907	177.636	-0.00420359	0.000217439	0.00420907	177.036	-0.00422433	0.00025201	0.00423172	176.586	-2.61088e-11
0.642	321			-0.00421551	0.000171424	0.00421885	177.666	-0.00420979	0.000217916	0.00421503	177.036	-0.0042229	0.000251057	0.00423005	176.598	-2.430783e-11
0.644	322			-0.00422123	0.000171662	0.00422457	177.672	-0.00421289	0.000218154	0.00421837	177.036	-0.00422361	0.000252249	0.00423101	176.58	-2.690445e-11
0.646	323			-0.00422218	0.000172378	0.00422552	177.66	-0.00421503	0.000217916	0.00422052	177.036	-0.00422409	0.000251772	0.00423148	176.586	-2.275823e-11
0.648	324			-0.00422361	0.000170947	0.00422695	177.678	-0.00421575	0.000217439	0.00422123	177.048	-0.00422361	0.00025201	0.00423101	176.58	-2.33446e-11
0.65	325			-0.00422242	0.000170947	0.00422576	177.684	-0.00421742	0.000217916	0.0042229	177.036	-0.00422361	0.000252249	0.00423101	176.58	-1.857011e-11
0.652	326			-0.00422242	0.000170947	0.00422576	177.684	-0.00421765	0.000218631	0.0042229	177.03	-0.00422314	0.000251533	0.00423053	176.592	-2.087357e-11
0.654	327			-0.0042229	0.000171424	0.00422624	177.672	-0.00421765	0.000217916	0.00422314	177.036	-0.00422314	0.000251533	0.00423053	176.592	-2.02035e-11
0.656	328			-0.00422242	0.000170947	0.00422576	177.678	-0.00421765	0.000216962	0.0042229	177.054	-0.00422123	0.000250818	0.00422838	176.598	-1.965904e-11
0.658	329			-0.0042229	0.000171185	0.00422624	177.678	-0.00421789	0.000216247	0.00422314	177.066	-0.00422171	0.000250103	0.00422886	176.61	-2.196252e-11
0.66	330			-0.0042229	0.000171424	0.00422624	177.678	-0.00421861	0.000214816	0.00422385	177.084	-0.00422338	0.000248196	0.00423053	176.634	-2.175311e-11
0.662	331			-0.00422314	0.000171424	0.00422648	177.678	-0.00421813	0.000215054	0.00422338	177.078	-0.00422314	0.000247242	0.00423005	176.646	-2.242321e-11
0.664	332			-0.00422338	0.000171185	0.00422671	177.678	-0.00421932	0.000215293	0.00422457	177.078	-0.00422242	0.000247242	0.00422934	176.646	-2.108299e-11
0.666	333			-0.00422242	0.000171185	0.00422576	177.678	-0.00421837	0.000214816	0.00422361	177.084	-0.00422385	0.00024748	0.00423077	176.646	-2.300948e-11
0.668	334			-0.00422361	0.000171424	0.00422671	177.678	-0.00421908	0.000215293	0.00422433	177.078	-0.00422314	0.000246765	0.00423005	176.652	-2.045477e-11
0.67	335			-0.0042229	0.000171185	0.00422624	177.678	-0.00421837	0.000215293	0.00422361	177.078	-0.00422361	0.000246527	0.00423053	176.658	-2.229753e-11
0.672	336			-0.00422242	0.000170709	0.00422576	177.684	-0.00421885	0.000215531	0.00422409	177.072	-0.00422409	0.000247004	0.00423124	176.652	-2.187871e-11
0.674	337			-0.00422361	0.000171424	0.00422671	177.672	-0.00421885	0.000214816	0.00422409	177.084	-0.00422409	0.000247957	0.00423124	176.64	-2.472665e-11
0.676	338			-0.00422266	0.000171185	0.004226	177.678	-0.00421932	0.000215054	0.00422457	177.078	-0.00422361	0.00024748	0.00423077	176.646	-2.137616e-11
0.678	339			-0.00422218	0.000172139	0.00422552	177.666	-0.0042198	0.000214101	0.00422505	177.096	-0.00422361	0.000246765	0.00423053	176.652	-2.447541e-11
0.68	340			-0.00422314	0.00017047	0.00422624	177.684	-0.00421837	0.000214578	0.00422361	177.084	-0.00422409	0.000246527	0.00423124	176.658	-2.313517e-11
0.682	341			-0.0042229	0.00017047	0.00422624	177.684	-0.00421956	0.000215293	0.00422481	177.078	-0.00422314	0.000246288	0.00423005	176.658	-2.2842e-11
0.684	342			-0.00422242	0.000170947	0.00422552	177.678	-0.00421908	0.000214816	0.00422433	177.084	-0.00422242	0.000245811	0.00422958	176.67	-2.384715e-11
0.686	343			-0.00422314	0.000170709	0.00422624	177.684	-0.00421885	0.000214816	0.00422409	177.084	-0.00422099	0.000246527	0.00422791	176.652	-2.091548e-11
0.688	344			-0.00422433	0.000169517	0.00422743	177.702	-0.00421885	0.000214816	0.00422409	177.084	-0.00421837	0.000245811	0.00422528	176.664	-2.288391e-11
0.69	345			-0.004226	0.000169755	0.00422934	177.696	-0.00422195	0.00021577	0.00422719	177.072	-0.00420979	0.000246288	0.0042167	176.652	-2.757456e-11
0.692	346			-0.00423649	0.000171424	0.00423983	177.684	-0.00423411	0.000216247	0.00423935	177.078	-0.00422242	0.000248672	0.00422958	176.628	-2.338645e-11
0.694	347			-0.00425628	0.000172616	0.00425962	177.678	-0.00426319	0.000219108	0.00426868	177.06	-0.0042856	0.000254156	0.00429299	176.604	-1.9659e-11
0.696	348			-0.00428942	0.000176431	0.00429276	177.642	-0.00430325	0.000222922	0.00430873	177.03	-0.0043762	0.000262024	0.00438383	176.574	-1.924025e-11
0.698	349			-0.00432542	0.000178815	0.004329	177.636	-0.00433448	0.000227452	0.0043402	176.994	-0.00444844	0.000267508	0.00445631	176.556	-2.129243e-11
0.7	350			-0.00435355	0.00017953	0.00435689	177.636	-0.00435379	0.000228168	0.00435951	177.0	-0.00448659	0.000271561	0.0044947	176.538	-2.355399e-11
0.702	351			-0.00438073	0.000181199	0.00438431	177.63	-0.00437048	0.000228168	0.0043762	177.012	-0.00451711	0.000271799	0.00452474	176.556	-2.330271e-11
0.704	352			-0.00440839	0.000182153	0.00441197	177.636	-0.00438693	0.000230075	0.00439289	177.0	-0.0045357	0.000274183	0.00454333	176.532	-2.317707e-11
0.706	353			-0.00445655	0.000185252	0.00446013	177.618	-0.00441077	0.000231029	0.00441673	177.0	-0.00455287	0.000276567	0.00456098	176.52	-1.815128e-11
0.708	354			-0.00451377	0.000185014	0.00451663	177.648	-0.00444844	0.000234128	0.0044544	176.988	-0.00457051	0.000277044	0.00457814	176.526	-2.225568e-11
0.71	355			-0.00456527	0.000189305	0.00456861	177.624	-0.00450018	0.000236751	0.00450614	176.988	-0.00458387	0.000277998	0.00459197	176.526	-2.426596e-11
0.712	356			-0.00459006	0.000189305	0.0045934	177.636	-0.00455478	0.000238896	0.0045605	176.994	-0.00459579	0.000277521	0.00460342	176.538	-2.347025e-11
0.714	357			-0.0045996	0.000189305	0.00460294	177.642	-0.0045853	0.00023985	0.00459102	177.006	-0.00460008	0.000277521	0.00460818	176.544	-1.773248e-11
0.716	358			-0.00460342	0.000189305	0.00460675	177.642	-0.00459674	0.00023985	0.00460294	177.006	-0.00460389	0.000276567	0.004612	176.562	-2.066418e-11
0.718	359			-0.00460437	0.000189782	0.00460771	177.636	-0.00460008	0.000238896	0.00460628	177.024	-0.00460485	0.000277521	0.00461295	176.55	-2.338642e-11
0.72	360			-0.00460532	0.000189305	0.00460866	177.648	-0.00460055	0.000238896	0.00460628	177.024	-0.00460437	0.000276567	0.004612	176.562	-2.15018e-11
0.722	361			-0.0046058	0.000188828	0.00460961	177.648	-0.00460151	0.000238896	0.00460723	177.024	-0.00460437	0.000276567	0.004612	176.562	-2.401466e-11
0.724	362			-0.0046058	0.000188828	0.00460961	177.648	-0.00460199	0.00023985	0.00460771	177.012	-0.00460485	0.000277521	0.00461248	176.55	-2.409842e-11
0.726	363			-0.0046058	0.000189305	0.00460961	177.648	-0.00460055	0.000238896	0.00460628	177.024	-0.00460389	0.000276567	0.004612	176.562	-2.66951e-11
0.728	364			-0.00460532	0.000189305	0.00460866	177.642	-0.00460103	0.000238896	0.00460675	177.024	-0.00460246	0.000277521	0.00461057	176.544	-1.991028e-11
0.73	365			-0.00460532	0.000189305	0.00460866	177.648	-0.00460103	0.000236989	0.00460628	177.048	-0.00460008	0.000275614	0.00460771	176.568	-2.45591e-11
0.732	366			-0.0046058	0.000189305	0.00460914	177.648	-0.00460008	0.000237943	0.0046058	177.036	-0.00459483	0.000275137	0.00460294	176.568	-2.104107e-11
0.734	367			-0.00460628	0.000188828	0.00460961	177.648	-0.00460103	0.000237943	0.00460628	177.036	-0.00458959	0.000272753	0.00459722	176.598	-2.627625e-11
0.736	368			-0.00460675	0.000188352	0.00461009	177.654	-0.00460151	0.00023842	0.00460771	177.03	-0.00458434	0.000272276	0.00459197	176.598	-1.991032e-11
0.738	369			-0.00460628	0.000189305	0.00460961	177.642	-0.00460151	0.000237943	0.00460675	177.036	-0.00457862	0.000271799	0.00458625	176.598	-1.83188e-11
0.74	370			-0.00460628	0.000187875	0.00460961	177.66	-0.00460199	0.000237943	0.00460771	177.036	-0.00457385	0.000270845	0.004581	176.604	-2.380526e-11
0.742	371			-0.00460914	0.000187875	0.00461248	177.666	-0.00460532	0.000237466	0.00461105	177.048	-0.00458339	0.000272276	0.00459102	176.592	-1.815129e-11
0.744	372			-0.00462916	0.000188828	0.0046325	177.66	-0.00462535	0.000239373	0.00463107	177.036	-0.00461629	0.000275137	0.00462392	176.586	-2.200435e-11
0.746	373			-0.00468782	0.000191689	0.00469115	177.654	-0.00468734	0.000243188	0.00469306	177.03	-0.00470021	0.000281813	0.00470832	176.568	-2.095732e-11
0.748	374			-0.00478652	0.000199796	0.00479034	177.606	-0.00478604	0.000249865	0.00479224	177.012	-0.00481656	0.000289919	0.00482467	176.556	-2.460109e-11
0.75	375			-0.00490001	0.000205995	0.00490382	177.588	-0.0048981	0.000257494	0.0049043	176.988	-0.00494006	0.000298502	0.00494865	176.538	-2.347018e-11
0.752	376			-0.0049825	0.00021124	0.00498632	177.57	-0.00497916	0.000265123	0.00498536	176.952	-0.0050154	0.000305178	0.00502399	176.514	-1.932397e-11
0.754	377			-0.00501874	0.000214578	0.00502303	177.546	-0.00501683	0.000267508	0.00502303	176.946	-0.00504544	0.000308516	0.00505403	176.496	-2.321889e-11
0.756	378			-0.00503495	0.000216008	0.00503924	177.54	-0.00503352	0.000268461	0.0050402	176.946	-0.00505784	0.000308039	0.0050669	176.514	-2.405653e-11
0.758	379			-0.0050464	0.000216485	0.00505069	177.54	-0.00504687	0.000268938	0.00505403	176.946	-0.00506309	0.000309469	0.00507167	176.502	-2.598304e-11
0.76	380			-0.00505307	0.000216485	0.00505736	177.546	-0.00505164	0.000269892	0.00505832	176.94	-0.00506547	0.000310423	0.00507453	176.49	-2.338644e-11
0.762	381			-0.00505546	0.000216962	0.00505927	177.54	-0.00505403	0.000270369	0.0050607	176.934	-0.00506547	0.000309469	0.00507453	176.502	-2.481041e-11
0.764	382			-0.00505784	0.000216008	0.00506166	177.552	-0.0050545	0.000268938	0.00506118	176.952	-0.00506547	0.000308516	0.00507453	176.508	-2.058038e-11
0.766	383			-0.0050588	0.000215531	0.00506309	177.558	-0.00505641	0.000268938	0.00506356	176.952	-0.00506452	0.000308992	0.00507358	176.502	-2.602495e-11
0.768	384			-0.0050607	0.000214101	0.00506499	177.576	-0.00505641	0.000268938	0.00506356	176.952	-0.00506547	0.000308992	0.00507453	176.508	-2.476851e-11
0.77	385			-0.00506213	0.000213624	0.00506642	177.582	-0.0050588	0.000267984	0.00506547	176.97	-0.00506499	0.000308039	0.00507358	176.514	-2.376337e-11
0.772	386			-0.00506452	0.00021124	0.00506833	177.606	-0.00505832	0.000266554	0.00506499	176.976	-0.00506404	0.000308516	0.00507262	176.514	-2.397283e-11
0.774	387			-0.00506499	0.00021124	0.00506881	177.606	-0.00505927	0.000267031	0.00506595	176.976	-0.00506356	0.000307562	0.00507262	176.526	-2.430787e-11
0.776	388			-0.00506452	0.000210763	0.00506833	177.618	-0.0050588	0.000266077	0.00506499	176.988	-0.00506309	0.000306131	0.00507167	176.538	-2.418215e-11
0.778	389			-0.00506547	0.00021124	0.00506929	177.606	-0.00505832	0.0002656	0.00506499	176.994	-0.00506309	0.000305654	0.00507215	176.538	-2.045476e-11
0.78	390			-0.00506499	0.000210286	0.00506881	177.618	-0.00505784	0.00026417	0.00506452	177.006	-0.00506261	0.000304224	0.00507119	176.556	-2.33027e-11
0.782	391			-0.00506499	0.000209809	0.00506881	177.624	-0.00505832	0.00026417	0.00506499	177.006	-0.00506309	0.00030327	0.00507167	176.568	-2.300949e-11
0.784	392			-0.00506452	0.000209809	0.00506833	177.624	-0.0050607	0.000263216	0.0050669	177.024	-0.00506452	0.00030184	0.0050731	176.586	-2.058041e-11
0.786	393			-0.00506499	0.00021124	0.00506881	177.606	-0.00506023	0.00026417	0.0050669	177.012	-0.00506452	0.00030327	0.0050731	176.574	-2.309326e-11
0.788	394			-0.00506499	0.000210286	0.00506881	177.618	-0.0050607	0.000263216	0.00506738	177.018	-0.00506547	0.00030327	0.00507405	176.568	-2.179494e-11
0.79	395			-0.00506452	0.000210286	0.00506833	177.618	-0.00506023	0.000263216	0.0050669	177.018	-0.00506642	0.000302793	0.00507501	176.58	-2.455918e-11
0.792	396			-0.00506499	0.000210286	0.00506881	177.618	-0.0050607	0.000263216	0.0050669	177.024	-0.00506547	0.000302317	0.00507358	176.58	-2.196244e-11
0.794	397			-0.00506547	0.000210286	0.00506929	177.618	-0.00506118	0.000262739	0.00506738	177.024	-0.00506642	0.000301363	0.00507501	176.592	-2.238129e-11
0.796	398			-0.00506547	0.00021124	0.00506929	177.612	-0.00506118	0.000262262	0.00506738	177.03	-0.00506547	0.000302317	0.00507405	176.58	-2.187872e-11
0.798	399			-0.00506547	0.000210286	0.00506929	177.624	-0.00506023	0.000262262	0.00506642	177.03	-0.00506642	0.00030327	0.00507501	176.568	-2.074793e-11
0.8	400			-0.00506547	0.000209809	0.00506929	177.624	-0.00506166	0.000263216	0.00506833	177.018	-0.00506595	0.000302317	0.00507453	176.58	-2.414026e-11
0.802	401			-0.00506452	0.000210286	0.00506833	177.618	-0.00506166	0.000262262	0.00506786	177.03	-0.00506547	0.000302317	0.00507358	176.58	-2.338647e-11
0.804	402			-0.00506404	0.000210763	0.00506833	177.618	-0.00506166	0.000263693	0.00506833	177.012	-0.00506642	0.000302317	0.00507501	176.58	-2.418217e-11
0.806	403			-0.00506595	0.000210763	0.00506976	177.618	-0.00506166	0.000263216	0.00506833	177.018	-0.00506595	0.000302317	0.00507453	176.58	-2.108294e-11
0.808	404			-0.00506499	0.000210286	0.00506881	177.618	-0.0050607	0.000263216	0.00506738	177.024	-0.00506595	0.00030184	0.00507453	176.586	-2.455911e-11
0.81	405			-0.00506499	0.000210763	0.00506881	177.618	-0.0050607	0.000263693	0.0050669	177.012	-0.00506642	0.000302793	0.00507501	176.58	-2.372149e-11
0.812	406			-0.00506547	0.000210763	0.00506929	177.618	-0.0050607	0.000263216	0.00506738	177.018	-0.00506642	0.000302793	0.00507501	176.58	-1.953334e-11
0.814	407			-0.00506547	0.000210286	0.00506929	177.624	-0.0050607	0.000263216	0.0050669	177.018	-0.00506595	0.00030327	0.00507453	176.574	-2.313518e-11
0.816	408			-0.00506499	0.000210286	0.00506881	177.624	-0.0050607	0.000263216	0.0050669	177.024	-0.00506547	0.000302793	0.00507405	176.574	-1.957522e-11
0.818	409			-0.00506547	0.000210286	0.00506929	177.618	-0.00506213	0.000263216	0.00506833	177.024	-0.00506595	0.00030184	0.00507453	176.586	-2.43916e-11
0.82	410			-0.00506547	0.000209809	0.00506929	177.624	-0.0050607	0.000265123	0.0050669	177.0	-0.00506642	0.00030184	0.00507501	176.586	-2.024533e-11
0.822	411			-0.00506547	0.000210763	0.00506929	177.618	-0.00506166	0.000263216	0.00506833	177.024	-0.00506547	0.000302317	0.00507358	176.58	-2.363772e-11
0.824	412			-0.00506547	0.000209809	0.00506929	177.624	-0.00506213	0.000263693	0.00506833	177.012	-0.00506452	0.000300409	0.0050731	176.604	-2.292574e-11
0.826	413			-0.00506547	0.000209809	0.00506929	177.624	-0.0050607	0.000263216	0.0050669	177.018	-0.00506309	0.000300886	0.00507167	176.592	-2.388899e-11
0.828	414			-0.00506642	0.000209809	0.00507024	177.63	-0.00506166	0.000263693	0.00506833	177.012	-0.00505927	0.000300409	0.00506786	176.598	-2.330267e-11
0.83	415			-0.00506833	0.000207902	0.00507215	177.648	-0.00506309	0.000263216	0.00506929	177.018	-0.00505117	0.000300886	0.00505927	176.592	-1.919829e-11
0.832	416			-0.00507358	0.000207902	0.00507739	177.654	-0.00506929	0.000262739	0.00507548	177.03	-0.00504163	0.000301363	0.00505021	176.574	-2.062229e-11
0.834	417			-0.00509647	0.000209809	0.00510028	177.642	-0.00509742	0.0002656	0.00510362	177.018	-0.00505593	0.00030327	0.00506452	176.568	-2.305132e-11
0.836	418			-0.00514701	0.000214578	0.00515082	177.606	-0.00515988	0.000270845	0.00516656	176.994	-0.00512984	0.000309469	0.0051389	176.544	-2.14599e-11
0.838	419			-0.00520614	0.000217916	0.00520995	177.6	-0.00522998	0.000277044	0.00523666	176.964	-0.00525048	0.00031996	0.00525954	176.508	-2.275821e-11
0.84	420			-0.00527242	0.000223638	0.00527623	177.57	-0.00530723	0.000283243	0.00531438	176.946	-0.0053921	0.000330927	0.00540164	176.484	-2.087357e-11
0.842	421			-0.00532439	0.000226975	0.00532869	177.558	-0.00536445	0.000288012	0.0053716	176.922	-0.00548699	0.000337603	0.00549653	176.478	-2.171122e-11
0.844	422			-0.00536874	0.000230313	0.00537303	177.54	-0.00539973	0.000290873	0.00540736	176.91	-0.00553611	0.000341894	0.0055466	176.46	-1.974279e-11
0.846	423			-0.00540593	0.000231744	0.00541022	177.546	-0.00542644	0.000292303	0.00543359	176.916	-0.00556472	0.000344755	0.00557521	176.454	-2.388898e-11
0.848	424			-0.00543979	0.000233174	0.00544408	177.546	-0.0054498	0.00029421	0.00545695	176.904	-0.00558141	0.000346662	0.00559142	176.442	-2.347021e-11
0.85	425			-0.0054684	0.000234605	0.00547317	177.54	-0.00547031	0.000295641	0.00547794	176.904	-0.00559476	0.000347616	0.00560525	176.442	-1.651791e-11
0.852	426			-0.00549796	0.000236035	0.00550225	177.54	-0.00548938	0.000296595	0.00549701	176.904	-0.00560668	0.000346662	0.00561717	176.46	-2.426591e-11
0.854	427			-0.00553373	0.000236035	0.00553802	177.552	-0.00551179	0.000296595	0.00551942	176.922	-0.00561908	0.000347616	0.00562957	176.454	-2.158553e-11
0.856	428			-0.00556806	0.000237466	0.00557283	177.558	-0.00553659	0.000297548	0.00554422	176.922	-0.00562814	0.00034857	0.00563815	176.454	-2.30095e-11
0.858	429			-0.00559476	0.000237943	0.00559953	177.558	-0.00556043	0.000298979	0.00556806	176.916	-0.00563195	0.000349523	0.00564244	176.448	-2.418213e-11
0.86	430			-0.00561193	0.000238896	0.00561622	177.564	-0.00558236	0.000299456	0.00558999	176.928	-0.00563243	0.000349047	0.00564244	176.454	-1.894698e-11
0.862	431			-0.00562146	0.000238896	0.00562623	177.564	-0.00559905	0.000300886	0.0056062	176.922	-0.005631	0.00034857	0.00564149	176.46	-2.367956e-11
0.864	432			-0.0056248	0.000237943	0.00562909	177.576	-0.00561145	0.000300886	0.0056186	176.928	-0.00562957	0.00034857	0.00563958	176.454	-2.196247e-11
0.866	433			-0.00562575	0.000237943	0.00563052	177.576	-0.00561765	0.000300886	0.00562528	176.928	-0.00562909	0.000347616	0.00563958	176.466	-2.732324e-11
0.868	434			-0.00562623	0.00023842	0.00563052	177.57	-0.00561908	0.000301363	0.00562623	176.928	-0.00562671	0.000347616	0.0056372	176.466	-2.447533e-11
0.87	435			-0.00562575	0.000238896	0.00563052	177.57	-0.00562146	0.000300886	0.00562862	176.934	-0.00562671	0.000348093	0.0056372	176.46	-2.183683e-11
0.872	436			-0.00562575	0.00023842	0.00563052	177.57	-0.00562194	0.000300886	0.00562957	176.934	-0.00562814	0.00034857	0.00563863	176.454	-2.393088e-11
0.874	437			-0.00562575	0.00023842	0.00563005	177.57	-0.00562146	0.000299932	0.00562862	176.94	-0.00562671	0.000347616	0.00563672	176.466	-2.049662e-11
0.876	438			-0.00562623	0.00023842	0.00563052	177.57	-0.00562003	0.000300409	0.00562766	176.94	-0.00562528	0.000347139	0.00563529	176.466	-1.932392e-11
0.878	439			-0.00562575	0.000237943	0.00563052	177.576	-0.00562099	0.000299456	0.00562862	176.946	-0.00562528	0.000345709	0.00563529	176.478	-1.798372e-11
0.88	440			-0.00562575	0.000237943	0.00563052	177.576	-0.00562146	0.000298979	0.00562909	176.952	-0.00562528	0.000343801	0.00563529	176.502	-2.217186e-11
0.882	441			-0.00562575	0.000237466	0.00563052	177.582	-0.00562003	0.000297548	0.00562766	176.964	-0.00562575	0.000343801	0.00563577	176.502	-2.284196e-11
0.884	442			-0.00562671	0.000237943	0.005631	177.576	-0.00562099	0.000297548	0.00562862	176.964	-0.00562575	0.000342848	0.00563529	176.514	-1.974273e-11
0.886	443			-0.00562623	0.000237466	0.00563052	177.582	-0.00562146	0.000296595	0.00562909	176.976	-0.00562623	0.000342371	0.00563625	176.514	-2.183678e-11
0.888	444			-0.00562575	0.000237466	0.00563052	177.582	-0.00562194	0.000297071	0.00562957	176.97	-0.00562671	0.000341894	0.00563625	176.52	-1.722986e-11
0.89	445			-0.00562671	0.000236989	0.005631	177.588	-0.00562194	0.000297548	0.00562957	176.97	-0.00562575	0.000342371	0.00563529	176.514	-2.104103e-11
0.892	446			-0.00562575	0.000237943	0.00563052	177.576	-0.00562242	0.000297071	0.00563005	176.97	-0.00562671	0.000341417	0.00563625	176.526	-2.288383e-11
0.894	447			-0.00562623	0.000236512	0.00563052	177.588	-0.00562242	0.000298025	0.00562957	176.964	-0.00562671	0.000341894	0.00563672	176.52	-2.053849e-11
0.896	448			-0.00562575	0.000237466	0.00563005	177.582	-0.00562242	0.000297548	0.00562957	176.97	-0.00562719	0.000342371	0.0056372	176.514	-2.066413e-11
0.898	449			-0.00562575	0.000237466	0.00563052	177.582	-0.00562194	0.000296595	0.00562957	176.976	-0.00562671	0.000341894	0.00563625	176.52	-2.045476e-11
0.9	450			-0.00562575	0.000237943	0.00563052	177.576	-0.00562242	0.000297548	0.00563005	176.97	-0.00562671	0.000342371	0.00563672	176.514	-2.405652e-11
0.902	451			-0.00562623	0.000237943	0.00563052	177.576	-0.00562146	0.000296595	0.00562909	176.976	-0.00562623	0.000341417	0.00563625	176.526	-2.321886e-11
0.904	452			-0.00562528	0.000236989	0.00562957	177.582	-0.00562242	0.000297548	0.00562957	176.97	-0.00562623	0.000341894	0.00563625	176.52	-1.873759e-11
0.906	453			-0.00562623	0.00023842	0.00563052	177.57	-0.00562146	0.000297548	0.00562909	176.97	-0.00562575	0.000340464	0.00563529	176.532	-2.598301e-11
0.908	454			-0.00562623	0.000237943	0.00563052	177.576	-0.00562194	0.000297071	0.00562957	176.97	-0.00562528	0.000341894	0.00563529	176.52	-2.309323e-11
0.91	455			-0.00562671	0.000237943	0.005631	177.576	-0.00562289	0.000296595	0.00563052	176.976	-0.00562528	0.000340464	0.00563529	176.532	-2.397273e-11
0.912	456			-0.00562623	0.000236989	0.00563052	177.588	-0.00562146	0.000297548	0.00562909	176.97	-0.0056248	0.000339987	0.00563434	176.538	-1.965895e-11
0.914	457			-0.00562671	0.000237943	0.005631	177.576	-0.00562289	0.000297071	0.00563052	176.976	-0.00562432	0.00033951	0.00563386	176.544	-2.024531e-11
0.916	458			-0.00562766	0.000236989	0.00563195	177.588	-0.00562146	0.000297071	0.00562909	176.97	-0.00562051	0.00033951	0.00563052	176.544	-2.221369e-11
0.918	459			-0.00562671	0.000236512	0.005631	177.594	-0.00562242	0.000297071	0.00562957	176.97	-0.00561717	0.00033951	0.00562719	176.538	-2.095726e-11
0.92	460			-0.00562719	0.000236035	0.00563195	177.594	-0.00562242	0.000298025	0.00563005	176.964	-0.00561479	0.000338556	0.0056248	176.544	-2.175309e-11
0.922	461			-0.00563148	0.000236035	0.00563625	177.6	-0.00562719	0.000298025	0.00563481	176.964	-0.00562623	0.000341417	0.00563625	176.526	-2.296757e-11
0.924	462			-0.00564674	0.000236035	0.00565103	177.606	-0.00564292	0.000298979	0.00565055	176.964	-0.00567344	0.000344755	0.00568345	176.52	-2.280005e-11
0.926	463			-0.00569108	0.000239373	0.00569537	177.588	-0.00568965	0.000302317	0.00569728	176.952	-0.00577977	0.000354769	0.00579026	176.484	-2.091543e-11
0.928	464			-0.00578883	0.000245573	0.0057936	177.57	-0.00578597	0.000309946	0.0057936	176.928	-0.00593665	0.00036669	0.00594762	176.466	-1.87376e-11
0.93	465			-0.0059171	0.000254633	0.00592187	177.534	-0.00591519	0.00031996	0.0059233	176.904	-0.00608304	0.000377657	0.00609401	176.442	-2.393083e-11
0.932	466			-0.00607541	0.0002656	0.00608018	177.492	-0.00606969	0.00033045	0.00607827	176.88	-0.00620511	0.00038767	0.00621656	176.424	-2.171119e-11
0.934	467			-0.00618842	0.000272753	0.00619414	177.474	-0.00618175	0.000338556	0.00619033	176.862	-0.00627044	0.000392916	0.00628236	176.412	-1.953333e-11
0.936	468			-0.00625232	0.000276567	0.00625756	177.468	-0.00624469	0.000343801	0.00625375	176.844	-0.0063	0.000396254	0.00631192	176.4	-2.187869e-11
0.938	469			-0.00628665	0.000279428	0.00629237	177.456	-0.00628141	0.000346662	0.00629094	176.838	-0.00631335	0.000398161	0.00632575	176.388	-2.250686e-11
0.94	470			-0.00630572	0.000280382	0.00631145	177.45	-0.00630143	0.000347616	0.00631049	176.838	-0.00632098	0.000398638	0.00633338	176.388	-2.179488e-11
0.942	471			-0.00631765	0.000281813	0.00632337	177.444	-0.00631335	0.00034857	0.00632241	176.838	-0.00632575	0.000398638	0.00633767	176.394	-1.861192e-11
0.944	472			-0.00632146	0.000282289	0.00632718	177.438	-0.00631765	0.00034857	0.00632671	176.838	-0.00632671	0.000399591	0.0063391	176.388	-2.744886e-11
0.946	473			-0.00632289	0.000281336	0.00632861	177.45	-0.00631908	0.000348093	0.00632814	176.844	-0.00632718	0.000398638	0.00633958	176.394	-2.376331e-11
0.948	474			-0.00632432	0.000281813	0.00633004	177.45	-0.00632003	0.000348093	0.00632957	176.844	-0.00632671	0.000398638	0.00633863	176.394	-2.305137e-11
0.95	475			-0.00632432	0.000282289	0.00633004	177.444	-0.00632098	0.000348093	0.00633052	176.844	-0.00632718	0.000398638	0.00633958	176.394	-2.414027e-11
0.952	476			-0.00632527	0.000281813	0.006331	177.45	-0.00632241	0.00034857	0.00633147	176.838	-0.00632861	0.000398638	0.00634053	176.394	-2.15855e-11
0.954	477			-0.00632575	0.000280859	0.00633195	177.456	-0.00632098	0.000348093	0.00633052	176.844	-0.00632718	0.000399115	0.00633958	176.388	-2.372143e-11
0.956	478			-0.00632671	0.000280859	0.00633243	177.456	-0.00632098	0.000348093	0.00633004	176.844	-0.00632671	0.000398638	0.0063391	176.394	-2.455906e-11
0.958	479			-0.00632575	0.000280859	0.00633195	177.456	-0.00632003	0.000348093	0.00632909	176.844	-0.00632575	0.000399591	0.00633815	176.388	-2.028722e-11
0.96	480			-0.00632337	0.000277521	0.00632909	177.486	-0.00631908	0.000345709	0.00632814	176.868	-0.00632337	0.000395777	0.00633529	176.418	-1.93239e-11
0.962	481			-0.00632432	0.000275614	0.00632957	177.504	-0.00631908	0.000342371	0.00632766	176.898	-0.00632432	0.000392439	0.00633624	176.448	-1.944956e-11
0.964	482			-0.00632527	0.00027323	0.00633052	177.528	-0.00632051	0.000340464	0.00632957	176.916	-0.00632623	0.000389578	0.00633767	176.472	-1.844442e-11
0.966	483			-0.00632718	0.000272276	0.0063329	177.534	-0.00632098	0.00033951	0.00632957	176.922	-0.00632623	0.000390531	0.00633767	176.466	-1.877944e-11
0.968	484			-0.00632814	0.000272276	0.00633386	177.534	-0.00632241	0.000339987	0.006331	176.916	-0.00632766	0.000389578	0.00633958	176.472	-2.028716e-11
0.97	485			-0.00632766	0.000272276	0.00633338	177.534	-0.00632337	0.00033951	0.00633195	176.928	-0.00632766	0.000389578	0.00633958	176.472	-2.275814e-11
0.972	486			-0.00632814	0.000272753	0.00633386	177.528	-0.00632337	0.000339033	0.00633195	176.928	-0.00632909	0.000389578	0.00634053	176.472	-2.522913e-11
0.974	487			-0.00632766	0.000272276	0.0063329	177.534	-0.00632337	0.000339033	0.00633195	176.928	-0.00632861	0.000389578	0.00634006	176.472	-1.949145e-11
0.976	488			-0.00632766	0.000272276	0.00633338	177.534	-0.00632289	0.000339987	0.00633147	176.922	-0.00632909	0.000389578	0.00634053	176.472	-2.485219e-11
0.978	489			-0.00632909	0.000272276	0.00633481	177.534	-0.00632289	0.00033951	0.00633147	176.922	-0.00632909	0.000390531	0.00634053	176.466	-2.267444e-11
0.98	490			-0.00632766	0.00027323	0.00633338	177.522	-0.00632384	0.000339987	0.00633243	176.922	-0.00632957	0.000390531	0.00634101	176.466	-2.267444e-11
0.982	491			-0.00632814	0.00027323	0.00633386	177.528	-0.00632337	0.000340464	0.00633243	176.916	-0.00632957	0.000390055	0.00634101	176.472	-2.305133e-11
0.984	492			-0.00632766	0.00027323	0.00633338	177.528	-0.00632289	0.00033951	0.00633147	176.922	-0.00632861	0.000389578	0.00634006	176.478	-2.372141e-11
0.986	493			-0.00632766	0.00027323	0.0063329	177.528	-0.00632384	0.00033951	0.00633243	176.922	-0.00632861	0.000389578	0.00634006	176.472	-2.326081e-11
0.988	494			-0.00632861	0.000272276	0.00633386	177.534	-0.00632337	0.000339987	0.00633195	176.922	-0.00632861	0.000389578	0.00634006	176.472	-2.049661e-11
0.99	495			-0.00632766	0.000272276	0.0063329	177.534	-0.00632289	0.000340464	0.00633195	176.916	-0.00632909	0.000390055	0.00634053	176.472	-2.083166e-11
0.992	496			-0.00632718	0.000272276	0.0063329	177.534	-0.00632337	0.00034094	0.00633243	176.916	-0.00632909	0.000390531	0.00634053	176.466	-2.300946e-11
0.994	497			-0.00632814	0.000272276	0.00633386	177.534	-0.00632337	0.000340464	0.00633195	176.916	-0.00632909	0.000390055	0.00634053	176.472	-2.280012e-11
0.996	498			-0.00632718	0.000271799	0.0063329	177.54	-0.00632384	0.00033951	0.00633243	176.928	-0.00632957	0.000390531	0.00634101	176.466	-2.338638e-11
0.998	499			-0.00632861	0.000272753	0.00633386	177.528	-0.00632384	0.00033951	0.00633243	176.922	-0.00632861	0.000390055	0.00634006	176.472	-2.259064e-11
1.0	500			-0.00632671	0.000272753	0.00633243	177.528	-0.00632337	0.00033951	0.00633195	176.928	-0.00632909	0.000390055	0.00634053	176.472	-1.831878e-11
