variable x	variable x count			lockin1 x	lockin1 y	lockin1 r	lockin1 phi	lockin2 x	lockin2 y	lockin2 r	lockin2 phi	lockin3 x	lockin3 y	lockin3 r	lockin3 phi	smu1 meas	


1.0	0			0.000638608	-8.04667e-05	0.000643615	-7.176	-0.00460532	0.000261309	0.004612	176.754	0.00105668	1.07289e-05	0.00105668	0.588	-2.083201e-11
0.9975	1			0.00065482	-8.09436e-05	0.000659827	-7.038	-0.00460246	0.000263216	0.00460914	176.724	0.00104881	1.26362e-05	0.00104881	0.69	-2.284229e-11
0.995	2			0.000551943	-7.3791e-05	0.00055683	-7.608	-0.00460246	0.000261309	0.00460914	176.742	0.00104214	1.23978e-05	0.00104214	0.69	-2.066445e-11
0.9925	3			0.000573758	-7.58176e-05	0.000578765	-7.518	-0.00460246	0.000261309	0.00460914	176.742	0.00104142	1.21594e-05	0.00104142	0.672	-2.435009e-11
0.99	4			0.000521664	-7.25989e-05	0.00052667	-7.914	-0.00460246	0.000262262	0.00460818	176.73	0.00104976	1.07289e-05	0.00104976	0.594	-2.476888e-11
0.9875	5			0.000520591	-7.22413e-05	0.000525597	-7.884	-0.00460437	0.000262262	0.00461105	176.736	0.0010748	1.12057e-05	0.0010748	0.606	-1.90311e-11
0.985	6			0.000521306	-7.17645e-05	0.000526194	-7.836	-0.00460723	0.000262262	0.00461295	176.736	0.00112701	7.62945e-06	0.00112701	0.39	-2.091576e-11
0.9825	7			0.000514273	-7.12876e-05	0.00051916	-7.884	-0.00460723	0.000263216	0.00461295	176.718	0.00120855	3.09946e-06	0.00120855	0.156	-2.07901e-11
0.98	8			0.000550631	-7.23605e-05	0.0005554	-7.482	-0.00458911	0.000262262	0.00459579	176.724	0.00129915	-2.86104e-06	0.00129915	-0.12	-2.300991e-11
0.9775	9			0.000580195	-7.45063e-05	0.000584964	-7.314	-0.00453761	0.000260355	0.00454429	176.712	0.00136567	-7.15259e-06	0.00136567	-0.294	-2.242357e-11
0.975	10			0.000641469	-7.84402e-05	0.000646118	-6.96	-0.00442222	0.000254633	0.00442889	176.694	0.00140358	-8.34471e-06	0.00140358	-0.33	-2.108328e-11
0.9725	11			0.00064731	-7.92746e-05	0.000652198	-6.978	-0.00431064	0.000247957	0.00431731	176.706	0.00141574	-9.05996e-06	0.00141574	-0.354	-2.066448e-11
0.97	12			0.000716452	-8.29701e-05	0.00072122	-6.6	-0.00424197	0.000244142	0.00424865	176.7	0.00141502	-9.05996e-06	0.00141502	-0.366	-2.099953e-11
0.9675	13			0.000632886	-7.74865e-05	0.000637654	-6.978	-0.00422099	0.000243188	0.00422767	176.7	0.00140835	-9.05996e-06	0.00140835	-0.36	-2.074831e-11
0.965	14			0.000650648	-7.91554e-05	0.000655416	-6.93	-0.00421527	0.000241281	0.00422099	176.712	0.00139023	-7.39101e-06	0.00139023	-0.294	-2.049696e-11
0.9625	15			0.000783209	-8.71425e-05	0.000787977	-6.342	-0.00421527	0.00023842	0.00422099	176.748	0.00135995	-6.67575e-06	0.00135995	-0.276	-1.802592e-11
0.96	16			0.000670675	-7.85594e-05	0.000675324	-6.672	-0.00421527	0.000237466	0.00422099	176.766	0.00130106	-4.52998e-06	0.00130106	-0.198	-2.141837e-11
0.9575	17			0.000784639	-8.48775e-05	0.000789169	-6.174	-0.00421718	0.000235558	0.0042229	176.796	0.00125671	-1.66894e-06	0.00125671	-0.078	-1.953363e-11
0.955	18			0.000804309	-8.61888e-05	0.000808839	-6.114	-0.00421622	0.000234605	0.00422195	176.814	0.00125862	-1.66894e-06	0.00125862	-0.078	-1.915674e-11
0.9525	19			0.000749711	-8.23741e-05	0.000754241	-6.264	-0.00421527	0.000234605	0.00422099	176.814	0.001261	-3.81473e-06	0.001261	-0.168	-2.330301e-11
0.95	20			0.000651959	-7.48639e-05	0.000656251	-6.546	-0.00421527	0.000234605	0.00422099	176.814	0.00127126	-3.81473e-06	0.00127126	-0.162	-2.07901e-11
0.9475	21			0.000606779	-7.33142e-05	0.00061119	-6.876	-0.00421622	0.000233651	0.00422195	176.826	0.00127865	-3.33787e-06	0.00127865	-0.15	-2.284232e-11
0.945	22			0.000534657	-6.79498e-05	0.000538949	-7.242	-0.00421718	0.000234605	0.0042229	176.814	0.00129772	-5.24524e-06	0.00129772	-0.228	-1.894734e-11
0.9425	23			0.00056589	-6.99763e-05	0.000570063	-7.038	-0.00421622	0.000234605	0.00422195	176.808	0.00131322	-5.24524e-06	0.00131322	-0.228	-2.120892e-11
0.94	24			0.000524286	-6.69961e-05	0.000528459	-7.272	-0.00421718	0.000235558	0.0042229	176.796	0.0013311	-7.39101e-06	0.0013311	-0.306	-2.175342e-11
0.9375	25			0.000447871	-6.17509e-05	0.000452163	-7.848	-0.00421622	0.000235558	0.00422195	176.796	0.00133873	-7.15259e-06	0.00133873	-0.3	-2.058072e-11
0.935	26			0.000503186	-6.64e-05	0.000507478	-7.518	-0.00421718	0.000236512	0.0042229	176.778	0.00134874	-7.39101e-06	0.00134874	-0.306	-2.150212e-11
0.9325	27			0.000516061	-6.71153e-05	0.000520471	-7.398	-0.00421718	0.000236512	0.0042229	176.778	0.00135947	-7.62945e-06	0.00135947	-0.318	-2.112516e-11
0.93	28			0.000587109	-7.22413e-05	0.00059152	-7.008	-0.00421908	0.000235558	0.00422481	176.796	0.0013702	-7.39101e-06	0.0013702	-0.306	-1.924047e-11
0.9275	29			0.000541333	-6.90226e-05	0.000545744	-7.254	-0.00421718	0.000234605	0.0042229	176.814	0.00135971	-7.86787e-06	0.00135971	-0.324	-1.844475e-11
0.925	30			0.000494961	-6.5804e-05	0.000499252	-7.572	-0.00421718	0.000233651	0.0042229	176.826	0.00131346	-5.96049e-06	0.00131346	-0.252	-2.259106e-11
0.9225	31			0.000495914	-6.64e-05	0.000500325	-7.62	-0.00421718	0.000231744	0.0042229	176.844	0.00126148	-6.19891e-06	0.00126148	-0.282	-2.238164e-11
0.92	32			0.000534061	-6.87842e-05	0.000538472	-7.332	-0.00421813	0.00023079	0.00422385	176.862	0.00113035	-7.15259e-07	0.00113035	-0.036	-1.890545e-11
0.9175	33			0.000518207	-6.74729e-05	0.000522617	-7.416	-0.00421718	0.000231744	0.0042229	176.844	0.000998266	5.48366e-06	0.000998266	0.318	-2.095763e-11
0.915	34			0.000544552	-7.02147e-05	0.000549082	-7.338	-0.00421718	0.00023079	0.0042229	176.862	0.000963215	6.19891e-06	0.000963215	0.378	-2.296795e-11
0.9125	35			0.000501994	-6.71153e-05	0.000506405	-7.602	-0.00421718	0.000231744	0.0042229	176.844	0.000907186	1.09673e-05	0.000907186	0.708	-2.020378e-11
0.91	36			0.000537757	-6.84266e-05	0.000542048	-7.248	-0.00421718	0.000231744	0.0042229	176.844	0.000877146	1.38283e-05	0.000877384	0.912	-1.932424e-11
0.9075	37			0.000452997	-6.34198e-05	0.000457408	-7.956	-0.00421718	0.000231744	0.0042229	176.844	0.000863317	1.4782e-05	0.000863556	0.984	-2.46851e-11
0.905	38			0.000510219	-6.73537e-05	0.00051463	-7.518	-0.00421718	0.000232697	0.0042229	176.832	0.000858787	1.45436e-05	0.000859026	0.978	-2.326115e-11
0.9025	39			0.000515822	-6.83074e-05	0.000520352	-7.53	-0.00420669	0.000233651	0.00421241	176.814	0.000878576	1.26362e-05	0.000878576	0.828	-1.995251e-11
0.9	40			0.000551704	-6.94995e-05	0.000555996	-7.176	-0.00417045	0.000231744	0.00417617	176.808	0.000923399	1.14442e-05	0.000923399	0.726	-2.003627e-11
0.8975	41			0.000550631	-6.92611e-05	0.000554923	-7.164	-0.00408652	0.000227929	0.00409225	176.808	0.00101114	7.86787e-06	0.00101114	0.45	-1.869601e-11
0.895	42			0.000597481	-7.11684e-05	0.000601653	-6.786	-0.00397876	0.000223161	0.00398353	176.784	0.0011108	2.62262e-06	0.0011108	0.138	-1.911484e-11
0.8925	43			0.000684384	-7.71289e-05	0.000688795	-6.432	-0.00391582	0.000219346	0.00392154	176.784	0.00116516	-7.15259e-07	0.00116516	-0.024	-2.012e-11
0.89	44			0.000650767	-7.46255e-05	0.000655059	-6.534	-0.00389577	0.000218392	0.0039015	176.79	0.00118018	-1.1921e-06	0.00118018	-0.048	-1.949182e-11
0.8875	45			0.000654463	-7.45063e-05	0.000658635	-6.492	-0.00389577	0.000218392	0.00390054	176.784	0.00118185	-2.86104e-06	0.00118185	-0.138	-1.253947e-11
0.885	46			0.000644568	-7.40294e-05	0.000648741	-6.54	-0.00389482	0.000218392	0.00389959	176.778	0.00118542	-2.86104e-06	0.00118542	-0.126	-2.166966e-11
0.8825	47			0.000661138	-7.52215e-05	0.00066543	-6.486	-0.00389482	0.000218392	0.00389959	176.784	0.00119258	-2.86104e-06	0.00119258	-0.138	-2.146024e-11
0.88	48			0.000622395	-7.3195e-05	0.000626687	-6.702	-0.00389864	0.000218392	0.0039034	176.778	0.00120354	-4.29156e-06	0.00120354	-0.198	-2.058074e-11
0.8775	49			0.000624064	-7.33142e-05	0.000628356	-6.696	-0.00390245	0.000217439	0.00390819	176.802	0.00121141	-5.48366e-06	0.00121141	-0.252	-2.083207e-11
0.875	50			0.000680927	-7.59368e-05	0.000685219	-6.36	-0.00391105	0.000218392	0.00391582	176.802	0.0012126	-5.96049e-06	0.0012126	-0.276	-1.752336e-11
0.8725	51			0.000747088	-7.99899e-05	0.000751261	-6.108	-0.00391963	0.000218392	0.0039244	176.808	0.00120903	-5.48366e-06	0.00120903	-0.252	-2.104142e-11
0.87	52			0.000713591	-7.80826e-05	0.000717882	-6.234	-0.0039244	0.000217439	0.00392917	176.82	0.00120497	-5.48366e-06	0.00120497	-0.252	-2.06645e-11
0.8675	53			0.000751618	-7.90362e-05	0.000755671	-5.994	-0.00392821	0.000216485	0.00393298	176.844	0.00119019	-4.05314e-06	0.00119019	-0.186	-1.819346e-11
0.865	54			0.000653509	-7.42679e-05	0.000657801	-6.474	-0.00392917	0.000216485	0.00393489	176.844	0.00117994	-3.09946e-06	0.00117994	-0.144	-2.175344e-11
0.8625	55			0.000728015	-7.78441e-05	0.000732187	-6.096	-0.00393203	0.000215531	0.0039368	176.856	0.0011654	-2.62262e-06	0.0011654	-0.12	-1.656008e-11
0.86	56			0.000670318	-7.35526e-05	0.000674251	-6.252	-0.00393394	0.000216485	0.00393966	176.85	0.00116301	-2.3842e-06	0.00116301	-0.108	-1.73977e-11
0.8575	57			0.00070012	-7.61752e-05	0.000704292	-6.198	-0.00393203	0.000214578	0.00393775	176.874	0.00118304	-4.05314e-06	0.00118304	-0.186	-2.259107e-11
0.855	58			0.00061262	-7.14068e-05	0.000616793	-6.648	-0.00392631	0.000214578	0.00393108	176.862	0.00119305	-5.00682e-06	0.00119305	-0.234	-2.330304e-11
0.8525	59			0.000583772	-6.91419e-05	0.000587825	-6.75	-0.00391582	0.000214578	0.00392154	176.85	0.00120545	-3.81473e-06	0.00120545	-0.174	-2.074825e-11
0.85	60			0.000527147	-6.50887e-05	0.000531081	-7.026	-0.00390723	0.000215531	0.00391296	176.838	0.00121499	-4.05314e-06	0.00121499	-0.186	-1.882172e-11
0.8475	61			0.000519875	-6.49695e-05	0.000523929	-7.116	-0.00390054	0.000214578	0.00390628	176.838	0.00123072	-5.00682e-06	0.00123072	-0.234	-2.196281e-11
0.845	62			0.000598792	-6.98571e-05	0.000602964	-6.648	-0.00389673	0.000214578	0.0039015	176.838	0.00125838	-7.15259e-06	0.00125838	-0.318	-2.062261e-11
0.8425	63			0.000594381	-6.91419e-05	0.000598315	-6.636	-0.00389768	0.000214578	0.00390245	176.838	0.00127674	-8.34471e-06	0.00127674	-0.366	-2.125083e-11
0.84	64			0.000579719	-6.87842e-05	0.000583891	-6.762	-0.00389577	0.000213624	0.0039015	176.856	0.00131465	-1.00136e-05	0.00131465	-0.432	-1.785841e-11
0.8375	65			0.000601415	-6.97379e-05	0.000605348	-6.612	-0.00389577	0.000214578	0.0039015	176.844	0.00138331	-1.35899e-05	0.00138331	-0.558	-2.38056e-11
0.835	66			0.000635508	-7.14068e-05	0.000639562	-6.408	-0.00389577	0.000214578	0.0039015	176.844	0.00148559	-2.12194e-05	0.00148583	-0.816	-2.393126e-11
0.8325	67			0.000612739	-7.03339e-05	0.000616673	-6.546	-0.00389387	0.000214578	0.00389959	176.832	0.00157047	-2.55109e-05	0.00157071	-0.93	-2.012004e-11
0.83	68			0.000643495	-7.23605e-05	0.000647549	-6.414	-0.00389101	0.000213624	0.00389577	176.85	0.00161434	-2.88488e-05	0.00161482	-1.02	-1.857041e-11
0.8275	69			0.00062776	-7.12876e-05	0.000631694	-6.474	-0.00387003	0.000213624	0.00387575	176.832	0.00161458	-3.05178e-05	0.00161505	-1.08	-2.363808e-11
0.825	70			0.000523452	-6.38966e-05	0.000527386	-6.954	-0.00377847	0.000207902	0.00378324	176.838	0.00158144	-2.88488e-05	0.00158168	-1.038	-2.045508e-11
0.8225	71			0.000415804	-5.69823e-05	0.000419619	-7.788	-0.00366022	0.00020218	0.00366499	176.832	0.00147796	-2.2173e-05	0.0014782	-0.858	-2.04551e-11
0.82	72			0.000445725	-5.84128e-05	0.00044954	-7.452	-0.00362112	0.000200273	0.00362493	176.826	0.00131155	-1.31131e-05	0.00131155	-0.57	-1.404722e-11
0.8175	73			0.000363233	-5.13794e-05	0.000366809	-8.04	-0.00361539	0.000198365	0.00361921	176.856	0.00116874	-7.39101e-06	0.00116874	-0.348	-2.330304e-11
0.815	74			0.000213624	-4.24387e-05	0.000217796	-11.202	-0.00361539	0.000198365	0.00361921	176.856	0.00103308	-9.53682e-07	0.00103308	-0.048	-2.066448e-11
0.8125	75			0.000222088	-4.36308e-05	0.000226379	-11.088	-0.00361539	0.000197412	0.00361921	176.862	0.000999458	-2.3842e-07	0.000999458	-0.012	-1.911489e-11
0.81	76			0.00018561	-4.10082e-05	0.00019008	-12.456	-0.00361444	0.000196458	0.00361826	176.874	0.000993736	4.76841e-07	0.000993736	0.03	-2.007814e-11
0.8075	77			0.000248196	-4.3154e-05	0.000251891	-9.852	-0.00361444	0.000197412	0.00361826	176.862	0.000992544	1.43052e-06	0.000992544	0.084	-1.957555e-11
0.805	78			0.000278415	-4.63726e-05	0.00028223	-9.456	-0.00361444	0.000196458	0.00361826	176.874	0.000991829	9.53682e-07	0.000991829	0.066	-2.204665e-11
0.8025	79			0.000225306	-4.24983e-05	0.0002293	-10.674	-0.00361539	0.000196458	0.00362016	176.874	0.000992306	1.1921e-06	0.000992306	0.078	-1.681136e-11
0.8	80			0.000214876	-4.18427e-05	0.000218869	-11.01	-0.00361539	0.000196458	0.00362016	176.886	0.000992544	1.90736e-06	0.000992544	0.114	-2.074823e-11
0.7975	81			0.000284674	-4.54786e-05	0.00028825	-9.072	-0.00361539	0.000196458	0.00361921	176.886	0.000992782	1.43052e-06	0.000992782	0.096	-1.769093e-11
0.795	82			0.000237347	-4.23195e-05	0.000241102	-10.104	-0.00361539	0.000196458	0.00362016	176.874	0.00099159	1.43052e-06	0.00099159	0.084	-2.112521e-11
0.7925	83			0.000245275	-4.38693e-05	0.000249149	-10.134	-0.00361539	0.000195504	0.00361921	176.898	0.000989921	1.43052e-06	0.000989921	0.096	-1.99944e-11
0.79	84			0.000230254	-4.17235e-05	0.000234009	-10.26	-0.00361539	0.000196458	0.00361921	176.886	0.000988252	7.15259e-07	0.000988252	0.048	-1.714642e-11
0.7875	85			0.000216306	-4.16639e-05	0.0002203	-10.89	-0.00361539	0.000195504	0.00362016	176.898	0.000986584	1.43052e-06	0.000986584	0.09	-2.087394e-11
0.785	86			0.000180067	-4.01142e-05	0.000184477	-12.552	-0.00361539	0.000195504	0.00362016	176.898	0.000981338	7.15259e-07	0.000981338	0.048	-2.292614e-11
0.7825	87			0.000173868	-3.98161e-05	0.000178338	-12.888	-0.00361635	0.000196458	0.00362016	176.886	0.00097442	4.76841e-07	0.00097442	0.042	-1.848668e-11
0.78	88			0.000249805	-4.51806e-05	0.000253798	-10.242	-0.00361444	0.000197412	0.00361826	176.862	0.000962261	3.09946e-06	0.000962261	0.198	-2.058072e-11
0.7775	89			0.000200332	-4.17831e-05	0.000204624	-11.772	-0.00361253	0.000196458	0.0036173	176.874	0.000922922	6.91417e-06	0.000922922	0.432	-2.388939e-11
0.775	90			0.000263514	-4.60746e-05	0.000267508	-9.906	-0.00359632	0.00019455	0.00360109	176.898	0.000852589	8.10629e-06	0.000852589	0.546	-1.790031e-11
0.7725	91			0.00036669	-5.12006e-05	0.000370266	-7.95	-0.00353052	0.000189782	0.00353433	176.922	0.000797275	9.77522e-06	0.000797275	0.708	-1.756525e-11
0.77	92			0.000450732	-5.68631e-05	0.000454308	-7.188	-0.00343896	0.000185014	0.00344278	176.916	0.000830416	7.62945e-06	0.000830416	0.528	-2.108331e-11
0.7675	93			0.000514213	-6.02009e-05	0.00051773	-6.672	-0.0033951	0.000183106	0.00339891	176.91	0.000867847	5.48366e-06	0.000867847	0.372	-2.141838e-11
0.765	94			0.000461282	-5.59094e-05	0.00046468	-6.906	-0.00338174	0.000181199	0.00338556	176.922	0.000866655	4.7684e-06	0.000866655	0.318	-2.125083e-11
0.7625	95			0.000468494	-5.71611e-05	0.000471951	-6.954	-0.00337793	0.000182153	0.00338174	176.904	0.000849728	6.43733e-06	0.000849728	0.45	-2.719802e-11
0.76	96			0.000443282	-5.49557e-05	0.000446739	-7.062	-0.00337602	0.000182153	0.00337984	176.904	0.000815395	8.10629e-06	0.000815395	0.588	-2.305171e-11
0.7575	97			0.00049061	-5.81148e-05	0.000494067	-6.75	-0.00337698	0.000183106	0.00338079	176.892	0.000809435	8.82155e-06	0.000809435	0.636	-1.928241e-11
0.755	98			0.000479462	-5.69227e-05	0.000482799	-6.768	-0.00337984	0.00018406	0.00338365	176.874	0.000854257	5.48366e-06	0.000854257	0.366	-2.359619e-11
0.7525	99			0.000482859	-5.66843e-05	0.000486197	-6.69	-0.00338651	0.000185014	0.00339033	176.868	0.0008719	6.19891e-06	0.0008719	0.414	-1.806783e-11
0.75	100			0.000369491	-5.10218e-05	0.000373008	-7.86	-0.0033951	0.000185014	0.00339891	176.874	0.000875715	5.24524e-06	0.000875715	0.348	-2.259105e-11
0.7475	101			0.000375571	-5.0843e-05	0.000379028	-7.704	-0.00340272	0.000185967	0.00340654	176.868	0.000884537	5.96049e-06	0.000884537	0.39	-2.183719e-11
0.745	102			0.000352981	-4.94125e-05	0.000356438	-7.962	-0.00341035	0.00018406	0.00341417	176.898	0.000897888	4.52998e-06	0.000897888	0.3	-2.095769e-11
0.7425	103			0.000352325	-4.95317e-05	0.000355782	-7.998	-0.00341512	0.000185014	0.00341894	176.892	0.000913385	2.86104e-06	0.000913385	0.186	-1.802593e-11
0.74	104			0.000365736	-5.00681e-05	0.000369133	-7.788	-0.0034218	0.00018406	0.00342561	176.91	0.000922207	1.43052e-06	0.000922207	0.102	-1.70627e-11
0.7375	105			0.000347735	-5.00681e-05	0.000351312	-8.19	-0.00342466	0.000185014	0.00342943	176.904	0.000925545	1.43052e-06	0.000925545	0.09	-1.689515e-11
0.735	106			0.000327708	-4.86376e-05	0.000331284	-8.442	-0.00341894	0.00018406	0.00342275	176.91	0.000934366	7.15259e-07	0.000934366	0.048	-2.024566e-11
0.7325	107			0.000397505	-5.22139e-05	0.000400903	-7.482	-0.0034094	0.000185014	0.00341322	176.886	0.000961069	4.76841e-07	0.000961069	0.03	-2.376376e-11
0.73	108			0.000486733	-5.72803e-05	0.000490133	-6.708	-0.00339986	0.00018406	0.00340463	176.892	0.00102306	-3.57629e-06	0.00102306	-0.198	-2.066448e-11
0.7275	109			0.000566188	-6.07374e-05	0.000569467	-6.12	-0.00339128	0.00018406	0.0033951	176.88	0.001117	-9.5368e-06	0.001117	-0.48	-2.342866e-11
0.725	110			0.000654522	-6.49695e-05	0.000657681	-5.664	-0.00337984	0.00018406	0.00338461	176.874	0.00120331	-1.4782e-05	0.00120354	-0.702	-1.656009e-11
0.7225	111			0.000666264	-6.68173e-05	0.000669602	-5.724	-0.00337316	0.000183106	0.00337698	176.886	0.00124336	-1.66894e-05	0.0012436	-0.762	-1.802601e-11
0.72	112			0.000696544	-6.82478e-05	0.000699881	-5.592	-0.00336935	0.000182153	0.00337316	176.898	0.00123668	-1.69278e-05	0.00123692	-0.78	-1.764902e-11
0.7175	113			0.000673596	-6.61616e-05	0.000676814	-5.604	-0.00336267	0.000181199	0.00336553	176.898	0.0011983	-1.43052e-05	0.00119854	-0.678	-2.573222e-11
0.715	114			0.000564758	-5.89492e-05	0.000567857	-5.952	-0.00331689	0.000178338	0.00332071	176.916	0.00113822	-1.16826e-05	0.00113822	-0.582	-1.819349e-11
0.7125	115			0.000531081	-5.69823e-05	0.000534121	-6.12	-0.00320627	0.000171662	0.00321008	176.928	0.00112558	-1.02521e-05	0.00112558	-0.516	-2.024574e-11
0.71	116			0.000487806	-5.39424e-05	0.000490788	-6.306	-0.00316717	0.000169755	0.00317098	176.916	0.00115395	-1.16826e-05	0.00115395	-0.57	-1.995251e-11
0.7075	117			0.000373604	-4.76839e-05	0.000376644	-7.272	-0.00316335	0.000169755	0.00316621	176.922	0.00114966	-1.09673e-05	0.00114966	-0.54	-2.485268e-11
0.705	118			0.000251653	-3.94585e-05	0.000254693	-8.904	-0.00316335	0.000168801	0.00316621	176.934	0.00112534	-9.77522e-06	0.00112534	-0.492	-2.070638e-11
0.7025	119			0.000156642	-3.44517e-05	0.000160337	-12.384	-0.00316335	0.000168801	0.00316621	176.934	0.00106335	-7.15259e-06	0.00106335	-0.378	-2.367997e-11
0.7	120			0.000142635	-3.39153e-05	0.000146628	-13.362	-0.00316431	0.000167848	0.00316812	176.946	0.00103427	-5.72208e-06	0.00103427	-0.306	-2.003631e-11
0.6975	121			0.000121713	-3.21271e-05	0.000125886	-14.772	-0.00316431	0.000167848	0.00316812	176.946	0.00103427	-5.96049e-06	0.00103427	-0.324	-1.484296e-11
0.695	122			9.78713e-05	-3.13523e-05	0.000102759	-17.748	-0.00316431	0.000167848	0.00316812	176.946	0.0010295	-6.67575e-06	0.0010295	-0.36	-1.81935e-11
0.6925	123			6.39861e-05	-3.05774e-05	7.09002e-05	-25.512	-0.00316431	0.00016594	0.00316812	176.982	0.00100923	-5.48366e-06	0.00100923	-0.3	-2.171161e-11
0.69	124			4.28187e-05	-2.867e-05	5.15284e-05	-33.798	-0.00316431	0.000166894	0.00316812	176.97	0.00100256	-5.72208e-06	0.00100256	-0.324	-2.380567e-11
0.6875	125			0.000117377	-3.30138e-05	0.000121929	-15.708	-0.00316335	0.00016594	0.00316717	176.982	0.000931982	-2.86104e-06	0.000931982	-0.162	-2.162776e-11
0.685	126			0.000172832	-3.69849e-05	0.000176744	-12.078	-0.00316335	0.000167848	0.00316621	176.958	0.000858072	9.53682e-07	0.000858072	0.078	-2.037139e-11
0.6825	127			0.000208736	-3.88327e-05	0.000212313	-10.536	-0.00316335	0.000167848	0.00316717	176.958	0.000789646	4.7684e-06	0.000789646	0.348	-2.275861e-11
0.68	128			0.000216902	-3.92499e-05	0.000220419	-10.248	-0.00315477	0.000166894	0.00315858	176.964	0.000762466	5.48366e-06	0.000762466	0.414	-2.363813e-11
0.6775	129			0.000197859	-3.67763e-05	0.000201256	-10.524	-0.00311472	0.00016594	0.00311758	176.946	0.000799898	3.81473e-06	0.000799898	0.288	-2.07483e-11
0.675	130			0.000337722	-4.54488e-05	0.000340791	-7.662	-0.0030451	0.000163079	0.00304891	176.928	0.000861648	9.53682e-07	0.000861648	0.078	-1.714644e-11
0.6725	131			0.000335785	-4.50017e-05	0.000338795	-7.632	-0.00300981	0.000161172	0.00301267	176.934	0.000887636	-2.3842e-07	0.000887636	-0.012	-1.727207e-11
0.67	132			0.000338765	-4.61938e-05	0.000341894	-7.764	-0.00299551	0.000159265	0.00299837	176.94	0.000884537	-2.3842e-07	0.000884537	-0.012	-2.347057e-11
0.6675	133			0.000389131	-4.83098e-05	0.000392141	-7.074	-0.00299264	0.000160218	0.00299551	176.928	0.000863079	4.76841e-07	0.000863079	0.036	-1.911493e-11
0.665	134			0.000357779	-4.55978e-05	0.00036067	-7.26	-0.00299264	0.000160218	0.00299551	176.928	0.000851873	4.76841e-07	0.000851873	0.036	-1.84448e-11
0.6625	135			0.000335874	-4.52998e-05	0.000338914	-7.68	-0.00299264	0.000159265	0.00299551	176.94	0.000840429	2.3842e-07	0.000840429	0.024	-1.710458e-11
0.66	136			0.000310542	-4.22599e-05	0.000313403	-7.746	-0.00299741	0.000160218	0.00300027	176.928	0.000831608	1.66894e-06	0.000831608	0.126	-2.623478e-11
0.6575	137			0.000291945	-4.20215e-05	0.000294955	-8.19	-0.00300409	0.000161172	0.00300695	176.928	0.000814203	2.14578e-06	0.000814203	0.162	-2.208851e-11
0.655	138			0.00035307	-4.48825e-05	0.000355901	-7.242	-0.00301267	0.000161172	0.00301553	176.934	0.000787023	3.33787e-06	0.000787023	0.252	-2.213038e-11
0.6525	139			0.000342699	-4.44057e-05	0.00034556	-7.38	-0.00301935	0.000161172	0.00302316	176.928	0.000772957	4.29156e-06	0.000772957	0.33	-2.079015e-11
0.65	140			0.000364544	-4.56872e-05	0.000367375	-7.14	-0.00302793	0.000162126	0.00303175	176.922	0.00074983	3.81473e-06	0.00074983	0.306	-1.764904e-11
0.6475	141			0.000444354	-5.02768e-05	0.000447186	-6.45	-0.00303651	0.000161172	0.00304033	176.946	0.000735287	5.96049e-06	0.000735287	0.468	-2.062267e-11
0.645	142			0.000545923	-5.47173e-05	0.000548664	-5.724	-0.00302984	0.000160218	0.00303365	176.964	0.000770334	1.66894e-06	0.000770334	0.138	-2.104145e-11
0.6425	143			0.000561897	-5.55518e-05	0.000564639	-5.64	-0.00300695	0.000159265	0.00300981	176.964	0.000855211	-2.3842e-06	0.000855211	-0.156	-1.944997e-11
0.64	144			0.000577275	-5.51345e-05	0.000579897	-5.454	-0.00298406	0.000157357	0.00298692	176.97	0.000903133	-5.00682e-06	0.000903133	-0.318	-1.287454e-11
0.6375	145			0.000507835	-5.0843e-05	0.000510339	-5.712	-0.00296594	0.000156404	0.0029688	176.976	0.000890736	-4.05314e-06	0.000890736	-0.246	-1.697893e-11
0.635	146			0.000518803	-5.19159e-05	0.000521366	-5.712	-0.00294878	0.00015545	0.00295164	176.97	0.000889543	-3.57629e-06	0.000889543	-0.228	-2.217228e-11
0.6325	147			0.000378849	-4.45845e-05	0.000381472	-6.708	-0.00293542	0.000154496	0.00293829	176.982	0.00084639	-1.90736e-06	0.00084639	-0.126	-2.250737e-11
0.63	148			0.000368359	-4.375e-05	0.000370922	-6.768	-0.00290109	0.000153542	0.00290395	176.964	0.00080872	4.76841e-07	0.00080872	0.036	-1.81935e-11
0.6275	149			0.000262262	-3.70743e-05	0.000264825	-8.034	-0.00283147	0.000150681	0.00283433	176.94	0.000778679	2.3842e-06	0.000778679	0.186	-2.083206e-11
0.625	150			0.00022775	-3.49286e-05	0.000230432	-8.712	-0.00281431	0.00014782	0.00281717	176.976	0.0007906	1.1921e-06	0.0007906	0.096	-1.622507e-11
0.6225	151			0.000176609	-3.23656e-05	0.00017953	-10.374	-0.0028124	0.00014782	0.00281526	176.988	0.000801805	1.90736e-06	0.000801805	0.144	-1.857041e-11
0.62	152			0.000162245	-3.18887e-05	0.000165344	-11.1	-0.0028124	0.000146867	0.00281526	177.0	0.000789169	9.53682e-07	0.000789169	0.072	-2.049704e-11
0.6175	153			0.000123085	-3.0637e-05	0.00012678	-13.956	-0.00281335	0.00014782	0.00281622	176.988	0.000753406	1.66894e-06	0.000753406	0.138	-2.368001e-11
0.615	154			6.53272e-05	-2.715e-05	7.07214e-05	-22.566	-0.00281335	0.000145913	0.00281622	177.03	0.000706676	4.05314e-06	0.000706676	0.336	-2.179536e-11
0.6125	155			2.2784e-05	-2.42294e-05	3.32522e-05	-46.752	-0.0028124	0.000146867	0.00281526	177.0	0.00067902	4.7684e-06	0.00067902	0.408	-2.175345e-11
0.61	156			1.60189e-05	-2.42294e-05	2.90425e-05	-56.514	-0.0028124	0.000145913	0.00281526	177.03	0.000659231	6.67575e-06	0.000659231	0.594	-2.225607e-11
0.6075	157			5.07014e-05	-2.66806e-05	5.72952e-05	-27.75	-0.00281335	0.000145913	0.00281622	177.03	0.000670437	4.7684e-06	0.000670437	0.426	-2.037135e-11
0.605	158			0.000104145	-3.02122e-05	0.000108436	-16.17	-0.00280668	0.000145913	0.00281049	177.024	0.00072575	3.09946e-06	0.00072575	0.264	-1.60994e-11
0.6025	159			0.000171603	-3.39898e-05	0.000174933	-11.202	-0.00277425	0.000144959	0.00277711	177.0	0.000811104	-1.43052e-06	0.000811104	-0.096	-2.129281e-11
0.6	160			0.00021568	-3.50776e-05	0.000218512	-9.234	-0.00273325	0.000143052	0.00273611	176.982	0.000889543	-4.05314e-06	0.000889543	-0.258	-2.091582e-11
0.5975	161			0.000233144	-3.72531e-05	0.000236095	-9.078	-0.00270559	0.000141145	0.00270845	176.994	0.000941519	-7.39101e-06	0.000941519	-0.438	-1.517804e-11
0.595	162			0.000226886	-3.68657e-05	0.000229866	-9.222	-0.00269987	0.000140191	0.00270177	177.018	0.000960592	-9.05996e-06	0.000960592	-0.528	-1.96175e-11
0.5925	163			0.000248643	-3.71041e-05	0.000251384	-8.484	-0.00269701	0.000141145	0.00269987	177.0	0.000958446	-8.34471e-06	0.000958446	-0.486	-1.597378e-11
0.59	164			0.000237674	-3.73723e-05	0.000240595	-8.934	-0.00269701	0.000140191	0.00269891	177.012	0.000935558	-8.58313e-06	0.000935558	-0.522	-2.116714e-11
0.5875	165			0.000250908	-3.69551e-05	0.00025362	-8.37	-0.00270273	0.000140191	0.00270464	177.018	0.000875477	-5.00682e-06	0.000875477	-0.318	-2.464335e-11
0.585	166			0.000278266	-3.82366e-05	0.000280889	-7.824	-0.00270654	0.000141145	0.00271036	177.0	0.000844721	-5.24524e-06	0.000844721	-0.348	-2.070644e-11
0.5825	167			0.000343414	-4.09188e-05	0.000345858	-6.792	-0.00270464	0.000141145	0.00270845	176.994	0.000835422	-4.05314e-06	0.000835422	-0.264	-2.1921e-11
0.58	168			0.000414016	-4.41673e-05	0.00041637	-6.09	-0.00269319	0.000142098	0.00269701	176.97	0.000851635	-6.19891e-06	0.000851635	-0.402	-1.723019e-11
0.5775	169			0.000457646	-4.70581e-05	0.00046006	-5.868	-0.0026951	0.000141145	0.00269796	176.982	0.000862125	-6.91417e-06	0.000862125	-0.456	-1.915683e-11
0.575	170			0.000473501	-4.69091e-05	0.000475766	-5.652	-0.00269128	0.000142098	0.0026951	176.964	0.000853781	-5.72208e-06	0.000853781	-0.366	-1.685329e-11
0.5725	171			0.000419619	-4.41673e-05	0.000422003	-6.006	-0.00266267	0.000141145	0.00266553	176.964	0.000827316	-4.7684e-06	0.000827316	-0.324	-2.48108e-11
0.57	172			0.000405433	-4.23195e-05	0.000407638	-5.952	-0.00263788	0.000139237	0.00264074	176.976	0.000806574	-2.86104e-06	0.000806574	-0.192	-1.781659e-11
0.5675	173			0.000331523	-3.93989e-05	0.000333907	-6.768	-0.00261404	0.000136376	0.00261594	176.994	0.000783924	-1.1921e-06	0.000783924	-0.084	-1.915679e-11
0.565	174			0.000308754	-3.73723e-05	0.000311019	-6.9	-0.00259687	0.000136376	0.00259973	176.988	0.000753883	0.0	0.000753883	0.0	-1.869609e-11
0.5625	175			0.000292243	-3.69551e-05	0.000294568	-7.2	-0.00257112	0.000134469	0.00257303	176.988	0.000704531	1.43052e-06	0.000704531	0.138	-1.810969e-11
0.56	176			0.000192345	-3.11139e-05	0.000194849	-9.174	-0.0025387	0.000132562	0.00254156	176.994	0.000660423	4.05314e-06	0.000660423	0.36	-1.639262e-11
0.5575	177			0.000180424	-3.02197e-05	0.000182928	-9.498	-0.00253107	0.000132562	0.00253297	177.0	0.000621799	5.00682e-06	0.000621799	0.474	-2.150215e-11
0.555	178			0.000146748	-2.75375e-05	0.000149311	-10.626	-0.00253202	0.000131608	0.00253393	177.018	0.000580791	6.91417e-06	0.000580791	0.69	-1.961751e-11
0.5525	179			0.000136555	-2.7001e-05	0.000139178	-11.184	-0.00253202	0.000130654	0.00253488	177.048	0.000543121	8.34471e-06	0.000543121	0.894	-1.865424e-11
0.55	180			8.21655e-05	-2.43784e-05	8.57119e-05	-16.512	-0.00253107	0.000128747	0.00253297	177.072	0.000513319	9.5368e-06	0.000513557	1.08	-2.14603e-11
0.5475	181			9.58149e-05	-2.53917e-05	9.9123e-05	-14.826	-0.00253393	0.000129701	0.00253583	177.06	0.000481011	1.14442e-05	0.000481131	1.374	-1.622508e-11
0.545	182			0.000142843	-2.89382e-05	0.000145734	-11.448	-0.00253011	0.000129701	0.00253297	177.06	0.000488643	9.17917e-06	0.000488762	1.086	-2.284239e-11
0.5425	183			0.000204028	-3.12927e-05	0.000206412	-8.718	-0.00251199	0.000129701	0.00251485	177.036	0.00052226	7.98708e-06	0.00052226	0.888	-2.079021e-11
0.54	184			0.000237287	-3.29616e-05	0.000239582	-7.902	-0.00248434	0.000127793	0.00248624	177.036	0.000568632	7.62945e-06	0.000568751	0.774	-2.016199e-11
0.5375	185			0.000273408	-3.47199e-05	0.000275614	-7.236	-0.00246336	0.000127793	0.00246622	177.024	0.000611905	2.62262e-06	0.000611905	0.258	-1.769097e-11
0.535	186			0.000277968	-3.55544e-05	0.000280233	-7.29	-0.00245477	0.000125886	0.00245668	177.048	0.000650886	9.53682e-07	0.000650886	0.096	-2.200477e-11
0.5325	187			0.000257464	-3.44517e-05	0.000259759	-7.62	-0.00245096	0.000125886	0.00245382	177.042	0.000698689	-1.07289e-06	0.000698689	-0.084	-2.108335e-11
0.53	188			0.000258358	-3.48093e-05	0.000260713	-7.668	-0.00244428	0.00012684	0.00244714	177.018	0.000758771	-4.64919e-06	0.000758771	-0.342	-2.125089e-11
0.5275	189			0.000281604	-3.62399e-05	0.000283929	-7.326	-0.00242139	0.000124932	0.0024233	177.036	0.000814084	-6.55654e-06	0.000814084	-0.456	-2.150218e-11
0.525	190			0.000269534	-3.57034e-05	0.000271859	-7.542	-0.00239469	0.000123979	0.0023966	177.036	0.00088251	-9.5368e-06	0.000882629	-0.618	-1.727216e-11
0.5225	191			0.00026268	-3.50776e-05	0.000265034	-7.602	-0.00238992	0.000123979	0.00239278	177.03	0.000926975	-1.31131e-05	0.000926975	-0.804	-2.183722e-11
0.52	192			0.000253709	-3.40047e-05	0.000255974	-7.632	-0.00239564	0.000123979	0.00239851	177.018	0.000934724	-1.28747e-05	0.000934843	-0.786	-1.651827e-11
0.5175	193			0.000233323	-3.28424e-05	0.000235618	-8.01	-0.00238229	0.000123025	0.00238515	177.036	0.000913028	-1.08481e-05	0.000913028	-0.672	-1.723025e-11
0.515	194			0.000208498	-3.09946e-05	0.000210763	-8.454	-0.00236131	0.000121117	0.00236417	177.042	0.000825409	-6.43733e-06	0.000825409	-0.444	-1.928247e-11
0.5125	195			0.000189126	-2.92362e-05	0.000191391	-8.778	-0.00234605	0.000121117	0.00234891	177.042	0.000705127	-8.34469e-07	0.000705127	-0.06	-1.626697e-11
0.51	196			0.000168295	-2.74183e-05	0.00017053	-9.252	-0.00234033	0.000120163	0.00234319	177.048	0.000634436	2.3842e-06	0.000634436	0.222	-1.748154e-11
0.5075	197			0.000169904	-2.73885e-05	0.000172109	-9.156	-0.00231935	0.00011921	0.00232221	177.036	0.000589494	4.17235e-06	0.000589494	0.414	-1.903116e-11
0.505	198			0.000147403	-2.63156e-05	0.000149758	-10.116	-0.002306	0.000118256	0.00230791	177.054	0.000565294	4.29156e-06	0.000565294	0.444	-1.794223e-11
0.5025	199			0.000165046	-2.76865e-05	0.000167341	-9.522	-0.00230314	0.000118256	0.00230505	177.048	0.00057352	4.05314e-06	0.00057352	0.414	-1.488486e-11
0.5	200			0.000151218	-2.6256e-05	0.000153483	-9.846	-0.00230314	0.00011921	0.00230505	177.018	0.00059152	3.21867e-06	0.00059152	0.318	-2.079017e-11
0.4975	201			0.000130863	-2.58089e-05	0.000133396	-11.142	-0.002306	0.000118256	0.00230791	177.054	0.000607852	3.21867e-06	0.000607852	0.312	-2.070644e-11
0.495	202			0.00017807	-2.81931e-05	0.000180305	-8.994	-0.00230409	0.000118256	0.002306	177.054	0.000621919	1.07289e-06	0.000621919	0.102	-2.045515e-11
0.4925	203			0.000243635	-3.12927e-05	0.000245633	-7.314	-0.00228788	0.000118256	0.00228979	177.03	0.000648145	5.9605e-07	0.000648145	0.054	-2.070643e-11
0.49	204			0.000260593	-3.19781e-05	0.000262531	-6.996	-0.00226499	0.000117302	0.00226785	177.036	0.000679735	-1.07289e-06	0.000679735	-0.084	-2.250735e-11
0.4875	205			0.000300409	-3.43921e-05	0.000302376	-6.528	-0.00225069	0.000115395	0.00225164	177.048	0.00069249	-2.74183e-06	0.00069249	-0.222	-1.463357e-11
0.485	206			0.000302495	-3.43027e-05	0.000304403	-6.468	-0.00223257	0.000113488	0.00223447	177.078	0.000683669	-2.98025e-06	0.000683669	-0.246	-2.606727e-11
0.4825	207			0.000329079	-3.5614e-05	0.000330986	-6.174	-0.00219728	0.000112534	0.00219919	177.066	0.000639085	-9.53682e-07	0.000639085	-0.078	-1.781656e-11
0.48	208			0.000277044	-3.22463e-05	0.000278922	-6.636	-0.00217535	0.000109673	0.00217725	177.108	0.000585202	8.34469e-07	0.000585202	0.084	-1.844478e-11
0.4775	209			0.000244768	-3.03687e-05	0.000246646	-7.074	-0.00216772	0.000109673	0.00216962	177.096	0.000577334	1.54973e-06	0.000577334	0.162	-1.676955e-11
0.475	210			0.000191064	-2.6703e-05	0.000192911	-7.956	-0.00216199	0.000108719	0.0021639	177.108	0.000571016	1.07289e-06	0.000571016	0.114	-2.254924e-11
0.4725	211			0.000192107	-2.75077e-05	0.000194044	-8.148	-0.00215532	0.000110627	0.00215723	177.06	0.000574712	1.78815e-06	0.000574712	0.18	-2.309364e-11
0.47	212			0.000161679	-2.53321e-05	0.000163645	-8.898	-0.00214006	0.000107766	0.00214197	177.096	0.000587109	1.78815e-06	0.000587109	0.174	-1.731397e-11
0.4675	213			0.000127465	-2.41102e-05	0.000129701	-10.698	-0.00213529	0.000108719	0.0021372	177.066	0.000625018	-1.1921e-07	0.000625018	-0.006	-2.397317e-11
0.465	214			0.00013435	-2.45572e-05	0.000136555	-10.356	-0.00213625	0.000108719	0.00213815	177.072	0.000657324	-7.15259e-07	0.000657324	-0.06	-2.208856e-11
0.4625	215			0.000118822	-2.4289e-05	0.000121266	-11.538	-0.00212194	0.000107766	0.00212385	177.084	0.000687484	-3.09946e-06	0.000687484	-0.252	-2.535529e-11
0.46	216			0.000127138	-2.4736e-05	0.000129522	-11.004	-0.00211526	0.000106812	0.00211717	177.096	0.000675324	-2.74183e-06	0.000675324	-0.234	-1.936621e-11
0.4575	217			0.000113875	-2.36036e-05	0.000116289	-11.7	-0.00211336	0.000106812	0.00211526	177.096	0.000630382	-8.34469e-07	0.000630382	-0.066	-2.359627e-11
0.455	218			0.00016302	-2.58983e-05	0.000165046	-9.024	-0.00211813	0.000107766	0.00211908	177.078	0.000597958	1.1921e-07	0.000597958	0.012	-1.995253e-11
0.4525	219			0.000195117	-2.67328e-05	0.000196935	-7.8	-0.00210859	0.000106812	0.0021105	177.084	0.000592832	-4.76841e-07	0.000592832	-0.048	-2.108334e-11
0.45	220			0.000254216	-2.9415e-05	0.000255914	-6.6	-0.00208665	0.000105858	0.00208761	177.09	0.000611786	-1.90736e-06	0.000611786	-0.168	-2.233984e-11
0.4475	221			0.000280442	-3.19185e-05	0.00028226	-6.486	-0.002059	0.000103951	0.00206091	177.09	0.000656966	-3.6955e-06	0.000656966	-0.318	-2.200477e-11
0.445	222			0.000280203	-3.10543e-05	0.000281932	-6.324	-0.00201608	0.000103951	0.00201704	177.048	0.000679854	-4.88761e-06	0.000679854	-0.408	-2.351249e-11
0.4425	223			0.000250282	-3.00111e-05	0.00025207	-6.834	-0.00198509	0.000100613	0.00198747	177.084	0.000660423	-3.81473e-06	0.000660423	-0.324	-2.049704e-11
0.44	224			0.000226946	-2.9117e-05	0.000228793	-7.308	-0.00198795	0.00010109	0.00199033	177.084	0.000663284	-3.21867e-06	0.000663284	-0.276	-1.739776e-11
0.4375	225			0.00022781	-2.85209e-05	0.000229598	-7.134	-0.0019889	0.000100613	0.00199129	177.096	0.000659946	-3.33787e-06	0.000659946	-0.288	-2.326125e-11
0.435	226			0.000197948	-2.6703e-05	0.000199766	-7.68	-0.00198843	0.000101567	0.00199081	177.066	0.000630263	-2.62262e-06	0.000630263	-0.234	-1.764907e-11
0.4325	227			0.000192464	-2.6405e-05	0.000194252	-7.812	-0.00197794	0.000100136	0.00197984	177.096	0.000568036	1.54973e-06	0.000568036	0.168	-1.928247e-11
0.43	228			0.000173361	-2.4587e-05	0.000175119	-8.064	-0.0019765	9.87058e-05	0.00197841	177.132	0.000503901	3.6955e-06	0.000503901	0.432	-2.4392e-11
0.4275	229			0.000184686	-2.52427e-05	0.000186385	-7.776	-0.00197698	9.82289e-05	0.00197841	177.144	0.000468494	4.88761e-06	0.000468494	0.612	-2.003633e-11
0.425	230			0.000167103	-2.36334e-05	0.000168771	-8.04	-0.00196077	9.82289e-05	0.00196268	177.12	0.000473024	4.7684e-06	0.000473024	0.582	-2.133461e-11
0.4225	231			0.000167132	-2.33949e-05	0.000168771	-7.962	-0.00195457	9.77521e-05	0.00195648	177.132	0.000491504	3.57629e-06	0.000491504	0.42	-2.42664e-11
0.42	232			0.000182898	-2.43188e-05	0.000184477	-7.566	-0.00195266	9.82289e-05	0.00195457	177.108	0.000532988	9.53682e-07	0.000532988	0.114	-1.790035e-11
0.4175	233			0.000208826	-2.59877e-05	0.000210435	-7.086	-0.00194169	9.82289e-05	0.0019436	177.09	0.000585083	-5.9605e-07	0.000585083	-0.054	-2.003631e-11
0.415	234			0.000218869	-2.64348e-05	0.000220449	-6.888	-0.00191022	9.67984e-05	0.00191212	177.096	0.000625614	-2.98025e-06	0.000625614	-0.264	-2.405698e-11
0.4125	235			0.000224412	-2.71798e-05	0.000226052	-6.9	-0.00186396	9.39374e-05	0.00186587	177.102	0.000620607	-3.6955e-06	0.000620607	-0.33	-1.702085e-11
0.41	236			0.000194789	-2.59281e-05	0.000196517	-7.572	-0.00182963	9.203e-05	0.00183154	177.114	0.000576142	-1.54973e-06	0.000576142	-0.144	-1.96175e-11
0.4075	237			0.000173421	-2.42294e-05	0.000175119	-7.95	-0.00183059	9.25069e-05	0.00183249	177.102	0.000563744	-1.31131e-06	0.000563744	-0.126	-1.735591e-11
0.405	238			0.000171811	-2.37228e-05	0.00017345	-7.854	-0.0018406	9.25069e-05	0.00184251	177.12	0.000567678	-1.1921e-06	0.000567678	-0.114	-1.555496e-11
0.4025	239			0.000164569	-2.45572e-05	0.000166387	-8.484	-0.00184251	9.29837e-05	0.00184441	177.108	0.000569347	-2.50341e-06	0.000569347	-0.246	-2.27168e-11
0.4	240			0.000140549	-2.15174e-05	0.000142188	-8.706	-0.00183392	9.203e-05	0.00183583	177.12	0.000572685	-1.66894e-06	0.000572685	-0.162	-1.714654e-11
0.3975	241			0.000140429	-2.06233e-05	0.000141949	-8.346	-0.00183535	9.29837e-05	0.00183678	177.09	0.000581626	-2.14578e-06	0.000581626	-0.204	-2.439206e-11
0.395	242			0.000168235	-2.41996e-05	0.000169964	-8.178	-0.00183535	9.29837e-05	0.00183678	177.102	0.000589494	-1.07289e-06	0.000589494	-0.102	-1.806789e-11
0.3925	243			0.000173063	-2.25009e-05	0.000174523	-7.398	-0.00182296	9.15532e-05	0.00182486	177.12	0.000577096	-1.43052e-06	0.000577096	-0.138	-1.810975e-11
0.39	244			0.000191421	-2.43188e-05	0.000192971	-7.236	-0.00182009	9.05995e-05	0.001822	177.138	0.000540737	-1.43052e-06	0.000540737	-0.144	-2.099962e-11
0.3875	245			0.000217498	-2.50937e-05	0.000218929	-6.576	-0.00180102	8.96459e-05	0.00180293	177.15	0.00050557	2.3842e-07	0.00050557	0.03	-2.041328e-11
0.385	246			0.000228257	-2.51831e-05	0.000229658	-6.288	-0.00175048	8.72617e-05	0.00175238	177.144	0.000484826	7.15259e-07	0.000484826	0.084	-1.790038e-11
0.3825	247			0.000184328	-2.33949e-05	0.000185789	-7.224	-0.0017047	8.48775e-05	0.00170613	177.144	0.000437858	3.21867e-06	0.000437858	0.438	-2.363814e-11
0.38	248			0.0001449	-2.08617e-05	0.00014639	-8.178	-0.00169755	8.39238e-05	0.00169898	177.168	0.000437858	2.74183e-06	0.000437858	0.366	-1.852863e-11
0.3775	249			0.000113935	-1.88352e-05	0.000115484	-9.384	-0.0017047	8.58312e-05	0.00170613	177.114	0.000463368	8.34469e-07	0.000463368	0.108	-1.727213e-11
0.375	250			0.000106067	-1.92524e-05	0.000107795	-10.284	-0.00171328	8.6308e-05	0.00171519	177.102	0.000482919	1.31131e-06	0.000482919	0.156	-2.095774e-11
0.3725	251			0.000116915	-1.95206e-05	0.000118554	-9.474	-0.00170661	8.58312e-05	0.00170851	177.114	0.000498537	-4.76841e-07	0.000498537	-0.054	-2.422451e-11
0.37	252			0.000121773	-2.04445e-05	0.000123472	-9.528	-0.00170947	8.48775e-05	0.0017109	177.144	0.000513081	-1.31131e-06	0.000513081	-0.132	-2.200479e-11
0.3675	253			0.000135423	-2.06531e-05	0.000136972	-8.67	-0.0017109	8.44006e-05	0.00171233	177.168	0.000530962	-7.15259e-07	0.000530962	-0.072	-1.706272e-11
0.365	254			0.000168563	-2.24115e-05	0.000170053	-7.566	-0.00170327	8.39238e-05	0.0017047	177.168	0.000554089	-1.90736e-06	0.000554089	-0.192	-2.179539e-11
0.3625	255			0.000210316	-2.49447e-05	0.000211776	-6.762	-0.0016861	8.39238e-05	0.00168753	177.138	0.000587229	-3.93394e-06	0.000587229	-0.378	-1.840301e-11
0.36	256			0.000220031	-2.52427e-05	0.000221462	-6.54	-0.00162173	8.05859e-05	0.00162316	177.138	0.000577454	-4.17235e-06	0.000577454	-0.402	-2.112527e-11
0.3575	257			0.000161231	-2.18154e-05	0.000162692	-7.704	-0.0015936	7.96323e-05	0.00159503	177.138	0.000507239	-7.15259e-07	0.000507239	-0.066	-1.865426e-11
0.355	258			0.00014183	-2.00273e-05	0.000143231	-8.028	-0.00158883	7.77249e-05	0.00159026	177.186	0.00042999	2.14578e-06	0.000429871	0.294	-1.589006e-11
0.3525	259			0.000110776	-1.86862e-05	0.000112325	-9.57	-0.0015998	7.82018e-05	0.00160123	177.198	0.00038922	2.3842e-06	0.00038922	0.36	-2.104151e-11
0.35	260			0.000103832	-1.72855e-05	0.000105262	-9.438	-0.00160504	7.86786e-05	0.00160647	177.18	0.000383856	4.17235e-06	0.000383856	0.636	-2.108337e-11
0.3475	261			9.67388e-05	-1.71663e-05	9.82587e-05	-10.056	-0.00159264	7.86786e-05	0.00159407	177.162	0.000382902	3.45708e-06	0.000382902	0.516	-2.305183e-11
0.345	262			0.000110329	-1.71663e-05	0.00011164	-8.832	-0.00159312	7.91554e-05	0.00159455	177.15	0.000407578	3.45708e-06	0.000407578	0.498	-2.183723e-11
0.3425	263			0.000133068	-1.91332e-05	0.000134439	-8.184	-0.00159026	7.82018e-05	0.00159217	177.18	0.000449659	7.15259e-07	0.000449659	0.096	-1.928244e-11
0.34	264			0.000180484	-2.1726e-05	0.000181765	-6.858	-0.00157071	7.77249e-05	0.00157214	177.156	0.000516657	-3.21867e-06	0.000516657	-0.348	-1.823542e-11
0.3375	265			0.000169308	-2.17856e-05	0.000170709	-7.326	-0.0015173	7.48639e-05	0.00151873	177.156	0.000511292	-3.33787e-06	0.000511292	-0.372	-2.204665e-11
0.335	266			0.000134797	-2.05935e-05	0.000136347	-8.676	-0.00149394	7.34334e-05	0.00149489	177.174	0.000482084	-8.34469e-07	0.000482084	-0.09	-1.857051e-11
0.3325	267			0.000111253	-1.77325e-05	0.000112653	-9.054	-0.00149585	7.39102e-05	0.00149728	177.156	0.000488285	-8.34469e-07	0.000488285	-0.084	-2.112528e-11
0.33	268			9.97488e-05	-1.76729e-05	0.000101299	-10.032	-0.00150729	7.48639e-05	0.0015092	177.15	0.000477077	-4.76841e-07	0.000477077	-0.054	-2.016198e-11
0.3275	269			0.000103206	-1.76431e-05	0.000104726	-9.684	-0.00150443	7.48639e-05	0.00150586	177.144	0.000432493	5.9605e-07	0.000432493	0.078	-2.016201e-11
0.325	270			0.000105709	-1.74941e-05	0.00010714	-9.378	-0.00150109	7.29566e-05	0.00150252	177.204	0.00036669	3.57629e-06	0.00036669	0.564	-1.873803e-11
0.3225	271			0.000142724	-1.88352e-05	0.000143946	-7.518	-0.00149871	7.34334e-05	0.00149966	177.186	0.000361802	2.3842e-06	0.000361802	0.378	-1.589003e-11
0.32	272			0.00016293	-1.92822e-05	0.000164063	-6.744	-0.00146437	7.1526e-05	0.0014658	177.198	0.00037563	3.45708e-06	0.00037563	0.528	-2.150221e-11
0.3175	273			0.000136674	-1.80603e-05	0.000137866	-7.524	-0.00141907	6.91419e-05	0.00142051	177.204	0.000360133	2.50341e-06	0.000360133	0.402	-2.284237e-11
0.315	274			9.75435e-05	-1.62424e-05	9.88548e-05	-9.438	-0.00140906	6.8665e-05	0.00141049	177.198	0.000390531	2.50341e-06	0.000390531	0.372	-2.284242e-11
0.3125	275			7.89766e-05	-1.53781e-05	8.04667e-05	-10.998	-0.00141288	6.91419e-05	0.00141383	177.192	0.000447394	-1.1921e-06	0.000447394	-0.144	-2.166972e-11
0.31	276			8.19569e-05	-1.50502e-05	8.33278e-05	-10.404	-0.00142241	7.05724e-05	0.00142384	177.156	0.000462057	-1.43052e-06	0.000462057	-0.174	-1.85705e-11
0.3075	277			9.74243e-05	-1.62722e-05	9.87654e-05	-9.474	-0.00141335	6.96187e-05	0.00141478	177.162	0.00045562	-1.07289e-06	0.00045562	-0.132	-1.63089e-11
0.305	278			0.000125648	-1.82391e-05	0.000126959	-8.256	-0.00141526	7.00955e-05	0.00141621	177.156	0.000441791	-1.43052e-06	0.000441791	-0.174	-1.924057e-11
0.3025	279			0.000151129	-1.9014e-05	0.000152321	-7.164	-0.00138331	6.72345e-05	0.00138474	177.198	0.00039828	8.34469e-07	0.00039828	0.126	-1.521996e-11
0.3	280			0.000125856	-1.69874e-05	0.000126989	-7.674	-0.0013423	6.62808e-05	0.00134373	177.168	0.000319125	2.50341e-06	0.000319125	0.468	-1.752342e-11
0.2975	281			9.21194e-05	-1.4186e-05	9.32221e-05	-8.742	-0.00133563	6.53272e-05	0.00133658	177.186	0.000297906	4.88761e-06	0.000297906	0.948	-2.129283e-11
0.295	282			7.94237e-05	-1.46926e-05	8.07946e-05	-10.47	-0.00133849	6.43735e-05	0.00133992	177.234	0.000317575	4.17235e-06	0.000317575	0.768	-2.062272e-11
0.2925	283			7.39698e-05	-1.45436e-05	7.53705e-05	-11.112	-0.00133992	6.53272e-05	0.00134087	177.21	0.000371339	1.1921e-06	0.000371339	0.186	-1.83611e-11
0.29	284			9.33413e-05	-1.54377e-05	9.46228e-05	-9.378	-0.00133658	6.53272e-05	0.00133754	177.186	0.000422599	-3.5763e-07	0.000422599	-0.048	-1.986884e-11
0.2875	285			0.00012836	-1.70768e-05	0.000129492	-7.572	-0.00131846	6.53272e-05	0.00131989	177.162	0.00044954	-2.02657e-06	0.00044954	-0.252	-1.945e-11
0.285	286			0.000119865	-1.74941e-05	0.000121147	-8.298	-0.00127888	6.19893e-05	0.00127984	177.21	0.000400664	0.0	0.000400664	0.012	-1.685336e-11
0.2825	287			8.97055e-05	-1.54973e-05	9.10168e-05	-9.792	-0.00126839	6.19893e-05	0.00126935	177.186	0.000341179	2.50341e-06	0.000341179	0.438	-2.104151e-11
0.28	288			7.96621e-05	-1.37687e-05	8.08542e-05	-9.792	-0.00127078	6.10356e-05	0.00127173	177.24	0.000304701	2.62262e-06	0.000304701	0.516	-1.827731e-11
0.2775	289			8.22847e-05	-1.35899e-05	8.33874e-05	-9.36	-0.00127364	6.10356e-05	0.00127412	177.24	0.000296714	3.57629e-06	0.000296714	0.708	-1.831919e-11
0.275	290			0.000104726	-1.47522e-05	0.000105769	-8.004	-0.00126315	6.10356e-05	0.0012641	177.222	0.000311019	3.45708e-06	0.000311019	0.636	-1.656016e-11
0.2725	291			0.000117392	-1.6004e-05	0.000118465	-7.758	-0.00123359	6.00817e-05	0.00123454	177.198	0.000361802	1.1921e-06	0.000361802	0.198	-1.873804e-11
0.27	292			9.39672e-05	-1.37389e-05	9.49805e-05	-8.31	-0.0012107	5.86512e-05	0.00121165	177.21	0.000375034	-1.1921e-07	0.000375034	-0.012	-2.125091e-11
0.2675	293			6.99763e-05	-1.37389e-05	7.12876e-05	-11.088	-0.00120736	5.9128e-05	0.00120831	177.186	0.00036657	-3.5763e-07	0.00036657	-0.042	-2.116719e-11
0.265	294			7.72481e-05	-1.41264e-05	7.85296e-05	-10.344	-0.00121213	5.9128e-05	0.00121308	177.198	0.000349762	5.9605e-07	0.000349762	0.108	-1.965941e-11
0.2625	295			9.94508e-05	-1.53781e-05	0.000100643	-8.772	-0.00120736	5.86512e-05	0.00120831	177.216	0.000307443	2.86104e-06	0.000307443	0.546	-2.032954e-11
0.26	296			0.000118375	-1.53781e-05	0.000119389	-7.398	-0.00118399	5.67439e-05	0.00118495	177.246	0.000298025	2.3842e-06	0.000298025	0.462	-2.012011e-11
0.2575	297			9.73945e-05	-1.34111e-05	9.83183e-05	-7.83	-0.00115634	5.53133e-05	0.00115729	177.258	0.000275733	3.57629e-06	0.000275733	0.762	-2.426642e-11
0.255	298			6.70557e-05	-1.32025e-05	6.83372e-05	-11.124	-0.00115348	5.48365e-05	0.00115443	177.27	0.000308039	1.78815e-06	0.000308039	0.336	-1.894746e-11
0.2525	299			6.66683e-05	-1.20104e-05	6.77411e-05	-10.188	-0.00115681	5.6267e-05	0.00115777	177.21	0.000352027	-2.3842e-07	0.000352027	-0.03	-2.292619e-11
0.25	300			9.20598e-05	-1.4484e-05	9.31923e-05	-8.94	-0.00115014	5.6267e-05	0.00115109	177.198	0.000347616	8.34469e-07	0.000347616	0.144	-1.877989e-11
0.2475	301			0.000106425	-1.49012e-05	0.000107468	-7.968	-0.00112201	5.38828e-05	0.00112296	177.228	0.000316383	8.34469e-07	0.000316383	0.156	-2.376382e-11
0.245	302			8.52947e-05	-1.29045e-05	8.62484e-05	-8.598	-0.00110436	5.29292e-05	0.00110532	177.252	0.000257971	3.81473e-06	0.000257971	0.876	-2.0162e-11
0.2425	303			6.30622e-05	-1.20402e-05	6.41947e-05	-10.788	-0.00110436	5.29292e-05	0.00110532	177.234	0.000264885	2.50341e-06	0.000264885	0.546	-1.840296e-11
0.24	304			7.99899e-05	-1.24574e-05	8.09734e-05	-8.844	-0.00110389	5.3406e-05	0.00110484	177.216	0.000299575	1.90736e-06	0.000299575	0.384	-1.865426e-11
0.2375	305			0.000101984	-1.37985e-05	0.000102908	-7.698	-0.00107957	5.24523e-05	0.00108052	177.204	0.00033498	-1.1921e-07	0.00033498	-0.012	-1.572256e-11
0.235	306			8.69934e-05	-1.33813e-05	8.80067e-05	-8.736	-0.00105763	5.0545e-05	0.00105859	177.24	0.000305058	7.15259e-07	0.000305058	0.15	-1.894744e-11
0.2325	307			6.54762e-05	-1.17422e-05	6.65192e-05	-10.158	-0.00105859	5.10218e-05	0.00105954	177.222	0.000270488	2.50341e-06	0.000270488	0.534	-1.823545e-11
0.23	308			7.92746e-05	-1.23084e-05	8.02283e-05	-8.802	-0.00106002	5.14986e-05	0.00106049	177.21	0.000263812	1.90736e-06	0.000263812	0.42	-1.794222e-11
0.2275	309			0.000103295	-1.32621e-05	0.00010416	-7.302	-0.00104094	4.91145e-05	0.0010419	177.288	0.000278952	1.1921e-06	0.000278952	0.258	-1.882178e-11
0.225	310			8.601e-05	-1.2666e-05	8.69338e-05	-8.376	-0.0010171	4.91145e-05	0.00101805	177.222	0.00028217	3.5763e-07	0.00028217	0.096	-2.187916e-11
0.2225	311			6.61318e-05	-1.08481e-05	6.70259e-05	-9.3	-0.00101662	4.91145e-05	0.00101758	177.222	0.000291945	1.90736e-06	0.000291945	0.39	-2.355443e-11
0.22	312			9.91528e-05	-1.31131e-05	0.000100017	-7.524	-0.00101662	4.91145e-05	0.00101758	177.222	0.000277521	7.15259e-07	0.000277521	0.15	-1.798414e-11
0.2175	313			0.00011009	-1.32621e-05	0.000110865	-6.864	-0.000991829	4.74455e-05	0.000992782	177.246	0.000267746	1.90736e-06	0.000267746	0.414	-2.003637e-11
0.215	314			8.34768e-05	-1.20402e-05	8.4341e-05	-8.19	-0.000976808	4.69687e-05	0.000977762	177.246	0.000251891	1.78815e-06	0.000251891	0.408	-2.024577e-11
0.2125	315			7.26287e-05	-1.14442e-05	7.35228e-05	-8.934	-0.000979669	4.69687e-05	0.000980385	177.252	0.000268104	1.1921e-06	0.000268104	0.27	-1.794224e-11
0.21	316			0.000101358	-1.20402e-05	0.000102073	-6.762	-0.000967268	4.62534e-05	0.000968222	177.258	0.000295402	-7.15259e-07	0.000295402	-0.114	-2.204667e-11
0.2075	317			9.60235e-05	-1.12951e-05	9.66792e-05	-6.69	-0.00094438	4.55382e-05	0.000945333	177.234	0.000261547	8.34469e-07	0.000261547	0.192	-2.074838e-11
0.205	318			7.56388e-05	-1.10865e-05	7.64434e-05	-8.322	-0.000943664	4.45845e-05	0.00094438	177.288	0.000244142	1.78815e-06	0.000244142	0.42	-2.280056e-11
0.2025	319			9.86462e-05	-1.29045e-05	9.94806e-05	-7.446	-0.000933889	4.41077e-05	0.000934605	177.282	0.000257375	1.1921e-06	0.000257375	0.27	-1.806793e-11
0.2	320			9.61428e-05	-1.09971e-05	9.67686e-05	-6.516	-0.000913147	4.36308e-05	0.000913862	177.252	0.000280621	0.0	0.000280621	0.012	-1.903123e-11
0.1975	321			8.13608e-05	-1.09673e-05	8.20761e-05	-7.668	-0.000911001	4.36308e-05	0.000911716	177.258	0.000259997	4.76841e-07	0.000259997	0.114	-1.953379e-11
0.195	322			0.000105262	-1.2517e-05	0.000106007	-6.78	-0.000900988	4.17235e-05	0.000901703	177.342	0.000240804	2.26499e-06	0.000240804	0.54	-1.844485e-11
0.1925	323			9.38182e-05	-1.15038e-05	9.45036e-05	-6.99	-0.00088096	4.19619e-05	0.000881914	177.27	0.000247242	8.34469e-07	0.000247242	0.216	-1.999447e-11
0.19	324			8.77385e-05	-1.12057e-05	8.84538e-05	-7.272	-0.000879291	4.17235e-05	0.000880007	177.276	0.000272276	-2.3842e-07	0.000272276	-0.042	-2.300997e-11
0.1875	325			0.000104577	-1.1474e-05	0.000105203	-6.258	-0.000865463	4.07698e-05	0.000866178	177.288	0.000240684	9.53682e-07	0.000240684	0.24	-2.648617e-11
0.185	326			8.88412e-05	-1.0103e-05	8.94074e-05	-6.474	-0.000850681	4.14851e-05	0.000851396	177.198	0.000232578	8.34469e-07	0.000232578	0.228	-1.986886e-11
0.1825	327			9.7007e-05	-1.04607e-05	9.75733e-05	-6.15	-0.000846151	4.0293e-05	0.000846867	177.258	0.000256302	-1.1921e-07	0.000256302	-0.012	-1.995261e-11
0.18	328			9.203e-05	-1.11163e-05	9.26857e-05	-6.876	-0.000828985	3.91009e-05	0.000829939	177.294	0.000238658	8.34469e-07	0.000238658	0.21	-2.095777e-11
0.1775	329			9.74243e-05	-1.04905e-05	9.79905e-05	-6.132	-0.00082064	3.91009e-05	0.000821594	177.27	0.000227095	8.34469e-07	0.000227095	0.216	-2.208859e-11
0.175	330			9.44738e-05	-9.98384e-06	9.50103e-05	-6.03	-0.000808481	3.81472e-05	0.000809196	177.3	0.000232221	3.5763e-07	0.000232221	0.114	-2.246551e-11
0.1725	331			9.07783e-05	-1.01925e-05	9.13446e-05	-6.39	-0.000796322	3.74319e-05	0.000797037	177.306	0.000237823	-7.15259e-07	0.000237823	-0.162	-1.806796e-11
0.17	332			9.67388e-05	-1.05501e-05	9.7305e-05	-6.222	-0.000786785	3.69551e-05	0.000787262	177.306	0.000204802	1.90736e-06	0.000204802	0.54	-2.146036e-11
0.1675	333			8.95564e-05	-9.77522e-06	9.00929e-05	-6.21	-0.000773672	3.69551e-05	0.000774387	177.252	0.000230671	3.5763e-07	0.000230671	0.114	-1.597386e-11
0.165	334			9.20896e-05	-1.05799e-05	9.26857e-05	-6.546	-0.000766996	3.5763e-05	0.000767712	177.324	0.000201941	3.5763e-07	0.000201941	0.132	-1.865428e-11
0.1625	335			9.01823e-05	-9.89443e-06	9.07187e-05	-6.24	-0.000751499	3.5763e-05	0.000751976	177.27	0.000211955	8.34469e-07	0.000211955	0.234	-1.735592e-11
0.16	336			8.86922e-05	-9.71562e-06	8.92286e-05	-6.24	-0.000743631	3.48093e-05	0.000744108	177.306	0.000208975	7.15259e-07	0.000208975	0.198	-2.225609e-11
0.1575	337			8.85432e-05	-9.89443e-06	8.90796e-05	-6.372	-0.000727896	3.48093e-05	0.000728611	177.258	0.000202538	7.15259e-07	0.000202538	0.204	-2.120906e-11
0.155	338			8.08244e-05	-9.26858e-06	8.13608e-05	-6.528	-0.000717644	3.36173e-05	0.00071812	177.3	0.000196279	1.72854e-06	0.000196279	0.516	-1.836109e-11
0.1525	339			8.78875e-05	-9.507e-06	8.83942e-05	-6.156	-0.000702862	3.31404e-05	0.000703577	177.288	0.000193597	1.43052e-06	0.000193597	0.426	-2.154413e-11
0.15	340			7.73077e-05	-8.34471e-06	7.77547e-05	-6.15	-0.000692848	3.14715e-05	0.000693087	177.384	0.000191987	-2.3842e-07	0.000191987	-0.06	-1.965943e-11
0.1475	341			8.24337e-05	-9.65601e-06	8.29999e-05	-6.666	-0.000684503	3.19483e-05	0.000685219	177.312	0.000183464	2.68222e-06	0.000183524	0.846	-1.840299e-11
0.145	342			7.94535e-05	-8.04669e-06	7.98409e-05	-5.772	-0.000670675	3.12331e-05	0.000671152	177.324	0.000187338	1.1921e-06	0.000187338	0.378	-2.150225e-11
0.1425	343			7.61454e-05	-8.1957e-06	7.65924e-05	-6.132	-0.000662807	3.07562e-05	0.000663284	177.336	0.000172735	1.78815e-06	0.000172735	0.6	-1.894744e-11
0.14	344			8.20761e-05	-8.91095e-06	8.25529e-05	-6.186	-0.000650171	3.02793e-05	0.00065041	177.33	0.000179351	1.43052e-06	0.000179351	0.468	-2.41408e-11
0.1375	345			7.76951e-05	-8.52352e-06	7.81422e-05	-6.252	-0.000632528	2.98024e-05	0.000633005	177.3	0.000167669	2.14578e-06	0.000167669	0.75	-2.372195e-11
0.135	346			7.48043e-05	-8.79174e-06	7.53109e-05	-6.696	-0.000627283	2.90872e-05	0.00062776	177.336	0.000166656	6.55655e-07	0.000166656	0.228	-2.221423e-11
0.1325	347			7.65924e-05	-8.13609e-06	7.70395e-05	-6.06	-0.000615839	2.86103e-05	0.000616316	177.336	0.000165404	1.1325e-06	0.000165404	0.402	-2.46434e-11
0.13	348			7.93939e-05	-8.55332e-06	7.98707e-05	-6.144	-0.000602726	2.76567e-05	0.000603203	177.354	0.000160039	1.84775e-06	0.000160039	0.666	-2.326129e-11
0.1275	349			7.65328e-05	-8.31491e-06	7.70097e-05	-6.186	-0.000591997	2.76567e-05	0.000592235	177.324	0.000158907	1.60933e-06	0.000158907	0.588	-2.012013e-11
0.125	350			7.37314e-05	-7.3612e-06	7.4089e-05	-5.688	-0.000580553	2.69414e-05	0.00058103	177.336	0.000152589	1.1921e-06	0.000152589	0.462	-1.949191e-11
0.1225	351			7.18539e-05	-7.06318e-06	7.22115e-05	-5.598	-0.000571255	2.64646e-05	0.000571731	177.342	0.000149787	1.90736e-06	0.000149787	0.75	-2.037141e-11
0.12	352			6.94101e-05	-6.61614e-06	6.97081e-05	-5.43	-0.000559095	2.62262e-05	0.000559572	177.306	0.00015092	1.72854e-06	0.00015092	0.672	-2.284247e-11
0.1175	353			7.08108e-05	-7.54002e-06	7.1228e-05	-6.072	-0.000550035	2.59877e-05	0.000550274	177.294	0.000146092	1.78815e-06	0.000146092	0.72	-2.208859e-11
0.115	354			7.00061e-05	-7.15259e-06	7.03637e-05	-5.82	-0.000537638	2.45572e-05	0.000537876	177.372	0.000142218	2.14578e-06	0.000142218	0.87	-2.481084e-11
0.1125	355			7.00061e-05	-7.03338e-06	7.03637e-05	-5.736	-0.000526432	2.33651e-05	0.00052667	177.444	0.000139833	1.31131e-06	0.000139833	0.546	-1.90731e-11
0.11	356			6.88438e-05	-6.55654e-06	6.91419e-05	-5.436	-0.000514988	2.3842e-05	0.000515226	177.33	0.000133933	1.37091e-06	0.000133933	0.6	-1.735596e-11
0.1075	357			6.84266e-05	-7.12278e-06	6.87842e-05	-5.934	-0.000502829	2.36036e-05	0.000503067	177.288	0.000129224	8.94073e-07	0.000129224	0.414	-1.769099e-11
0.105	358			6.77113e-05	-6.85456e-06	6.80392e-05	-5.76	-0.000490312	2.25307e-05	0.000490788	177.36	0.000124753	1.2517e-06	0.000124753	0.582	-1.387973e-11
0.1025	359			6.63404e-05	-8.01688e-06	6.68173e-05	-6.888	-0.000475766	2.27691e-05	0.000476124	177.246	0.000119091	2.3246e-06	0.00011915	1.14	-2.129284e-11
0.1	360			6.64596e-05	-6.85456e-06	6.67875e-05	-5.868	-0.000468375	2.12194e-05	0.000468733	177.402	0.000119448	1.84775e-06	0.000119448	0.912	-2.11253e-11
0.0975	361			6.55358e-05	-6.25852e-06	6.58338e-05	-5.448	-0.00045705	2.12194e-05	0.000457408	177.33	0.000115633	1.54973e-06	0.000115633	0.774	-2.083212e-11
0.095	362			6.24065e-05	-6.79496e-06	6.27642e-05	-6.186	-0.000446083	2.0981e-05	0.000446441	177.294	0.000111819	1.96697e-06	0.000111878	1.026	-1.777476e-11
0.0925	363			6.3241e-05	-5.72208e-06	6.34794e-05	-5.166	-0.000434639	1.99081e-05	0.000434997	177.372	0.000110388	1.31131e-06	0.000110388	0.708	-1.718842e-11
0.09	364			6.15125e-05	-6.0499e-06	6.18105e-05	-5.616	-0.000421049	2.00273e-05	0.000421407	177.264	0.000105083	2.08618e-06	0.000105083	1.164	-2.300998e-11
0.0875	365			5.92174e-05	-5.90089e-06	5.94857e-05	-5.67	-0.00041187	1.81199e-05	0.000412108	177.468	0.000102699	1.90736e-06	0.000102759	1.098	-2.003637e-11
0.085	366			6.06182e-05	-5.42405e-06	6.08566e-05	-5.106	-0.00040138	1.78815e-05	0.000401737	177.432	9.85567e-05	1.37091e-06	9.85865e-05	0.804	-2.196296e-11
0.0825	367			5.86214e-05	-6.22871e-06	5.8979e-05	-6.054	-0.000389578	1.85968e-05	0.000389935	177.258	9.64706e-05	1.66894e-06	9.64706e-05	1.002	-2.275868e-11
0.08	368			5.6565e-05	-4.61939e-06	5.67439e-05	-4.662	-0.000378253	1.80007e-05	0.000378491	177.264	9.34009e-05	1.46032e-06	9.34009e-05	0.9	-2.066463e-11
0.0775	369			5.51941e-05	-4.47038e-06	5.53729e-05	-4.626	-0.000367286	1.71663e-05	0.000367643	177.318	9.08081e-05	1.63914e-06	9.08081e-05	1.044	-2.120911e-11
0.075	370			5.43597e-05	-4.58959e-06	5.45385e-05	-4.818	-0.000355246	1.56165e-05	0.000355484	177.474	8.77683e-05	2.05637e-06	8.77683e-05	1.362	-1.572255e-11
0.0725	371			5.27205e-05	-5.15583e-06	5.2959e-05	-5.562	-0.000344517	1.54973e-05	0.000344755	177.408	8.41026e-05	1.37091e-06	8.41324e-05	0.954	-1.551313e-11
0.07	372			5.21841e-05	-5.03662e-06	5.24225e-05	-5.484	-0.000332715	1.49012e-05	0.000332953	177.432	8.09436e-05	1.72854e-06	8.09734e-05	1.236	-2.200484e-11
0.0675	373			5.02469e-05	-4.05314e-06	5.0396e-05	-4.608	-0.00032139	1.45436e-05	0.000321629	177.402	7.79931e-05	2.05637e-06	7.80229e-05	1.518	-2.108344e-11
0.065	374			4.87717e-05	-3.82963e-06	4.89207e-05	-4.488	-0.000310423	1.44244e-05	0.000310542	177.318	7.45361e-05	1.2219e-06	7.45361e-05	0.948	-1.534561e-11
0.0625	375			4.8511e-05	-4.69389e-06	4.87345e-05	-5.52	-0.000298621	1.39475e-05	0.00029886	177.306	7.22115e-05	1.93717e-06	7.22413e-05	1.548	-1.869617e-11
0.06	376			4.63652e-05	-4.15745e-06	4.65515e-05	-5.118	-0.000286939	1.37091e-05	0.000287177	177.258	6.8367e-05	1.66894e-06	6.8367e-05	1.41	-2.066461e-11
0.0575	377			4.49645e-05	-4.12765e-06	4.51508e-05	-5.244	-0.000275495	1.16826e-05	0.000275614	177.546	6.50291e-05	1.1325e-06	6.50589e-05	0.996	-2.435017e-11
0.055	378			4.33775e-05	-4.03824e-06	4.35712e-05	-5.31	-0.000264766	1.20402e-05	0.000264885	177.378	6.24065e-05	2.11598e-06	6.24363e-05	1.956	-2.284248e-11
0.0525	379			4.19396e-05	-3.54649e-06	4.20886e-05	-4.824	-0.000253083	1.09673e-05	0.000253202	177.51	5.8979e-05	1.69874e-06	5.8979e-05	1.65	-2.003641e-11
0.05	380			4.12914e-05	-3.61355e-06	4.14478e-05	-5.004	-0.0002414	1.09673e-05	0.000241519	177.39	5.69525e-05	1.1325e-06	5.69823e-05	1.158	-2.602546e-11
0.0475	381			3.96448e-05	-2.93554e-06	3.97565e-05	-4.23	-0.000230075	1.02521e-05	0.000230194	177.426	5.34954e-05	2.47361e-06	5.35252e-05	2.658	-1.940813e-11
0.045	382			3.85421e-05	-2.63752e-06	3.86315e-05	-3.906	-0.000217796	9.89443e-06	0.000217916	177.39	5.08728e-05	1.87755e-06	5.09026e-05	2.118	-2.012014e-11
0.0425	383			3.63814e-05	-3.24102e-06	3.65304e-05	-5.088	-0.000206114	9.17917e-06	0.000206233	177.426	4.73114e-05	9.16425e-07	4.73114e-05	1.116	-2.028766e-11
0.04	384			3.51521e-05	-3.99354e-06	3.5383e-05	-6.48	-0.000195445	9.17917e-06	0.000195623	177.294	4.48974e-05	2.27989e-06	4.4957e-05	2.916	-2.250742e-11
0.0375	385			3.32149e-05	-3.0622e-06	3.33565e-05	-5.262	-0.000182034	7.68906e-06	0.000182153	177.57	4.10306e-05	2.08618e-06	4.10827e-05	2.91	-2.053899e-11
0.035	386			3.28349e-05	-2.01912e-06	3.28945e-05	-3.51	-0.000172556	7.3314e-06	0.000172676	177.558	4.01589e-05	1.77325e-06	4.02036e-05	2.538	-2.221425e-11
0.0325	387			3.11213e-05	-2.33205e-06	3.12107e-05	-4.278	-0.000158132	6.85456e-06	0.000158251	177.504	3.74245e-05	2.02657e-06	3.74767e-05	3.108	-1.903122e-11
0.03	388			3.05253e-05	-2.61517e-06	3.06445e-05	-4.89	-0.00014937	7.62945e-06	0.000149549	177.06	3.46678e-05	2.21284e-06	3.47423e-05	3.654	-2.414081e-11
0.0275	389			2.85358e-05	-1.61678e-06	2.85805e-05	-3.234	-0.000134111	5.66247e-06	0.000134171	177.582	3.24252e-05	1.50502e-06	3.2455e-05	2.658	-2.548105e-11
0.025	390			2.82527e-05	-1.40817e-06	2.829e-05	-2.85	-0.000125469	4.88761e-06	0.000125528	177.75	3.03538e-05	2.22774e-06	3.04357e-05	4.206	-1.894747e-11
0.0225	391			2.59579e-05	-2.30969e-06	2.60548e-05	-5.076	-0.000111044	5.36445e-06	0.000111104	177.234	2.85805e-05	1.63168e-06	2.86252e-05	3.27	-1.756538e-11
0.02	392			2.52725e-05	-1.81795e-06	2.53395e-05	-4.104	-0.000102818	4.41077e-06	0.000102878	177.534	2.82378e-05	2.54811e-06	2.83496e-05	5.166	-1.965942e-11
0.0175	393			2.34173e-05	-1.40072e-06	2.34545e-05	-3.42	-9.15532e-05	3.78491e-06	9.1583e-05	177.624	2.6107e-05	1.39327e-06	2.61517e-05	3.072	-2.393143e-11
0.015	394			2.15695e-05	-1.50502e-06	2.16217e-05	-3.978	-8.03475e-05	3.7253e-06	8.04071e-05	177.33	2.52948e-05	2.3246e-06	2.53991e-05	5.256	-1.727219e-11
0.0125	395			2.12641e-05	-7.45062e-07	2.1279e-05	-1.992	-6.87544e-05	2.26499e-06	6.87544e-05	178.098	2.34992e-05	1.34111e-06	2.3544e-05	3.282	-2.133476e-11
0.01	396			2.13386e-05	-4.76841e-07	2.13386e-05	-1.272	-5.70419e-05	2.17558e-06	5.70419e-05	177.792	2.33353e-05	1.72854e-06	2.34024e-05	4.248	-1.823548e-11
0.0075	397			2.03253e-05	-9.76033e-07	2.03402e-05	-2.742	-4.34893e-05	1.2517e-06	4.35042e-05	178.35	2.1726e-05	1.39327e-06	2.17782e-05	3.684	-2.208862e-11
0.005	398			2.14131e-05	-1.55718e-06	2.14652e-05	-4.146	-3.15832e-05	1.15485e-06	3.15981e-05	177.9	2.19942e-05	1.51248e-06	2.20464e-05	3.936	-1.718844e-11
0.0025	399			2.13907e-05	-9.76033e-07	2.14056e-05	-2.604	-1.84105e-05	1.34111e-07	1.84031e-05	179.568	2.33428e-05	1.15485e-06	2.33651e-05	2.844	-2.30519e-11
0.0	400			2.34545e-05	-1.207e-06	2.34918e-05	-2.946	-3.71413e-06	-1.78815e-07	3.71413e-06	-177.276	2.40357e-05	7.00358e-07	2.40506e-05	1.68	-2.317754e-11
