variable x	variable x count			lockin1 x	lockin1 y	lockin1 r	lockin1 phi	lockin2 x	lockin2 y	lockin2 r	lockin2 phi	lockin3 x	lockin3 y	lockin3 r	lockin3 phi	smu1 meas	


0.0	0			3.23134e-05	-7.89765e-07	3.23209e-05	-1.392	-6.5286e-06	-1.90922e-07	6.53046e-06	-178.332	3.29691e-05	2.98025e-07	3.29691e-05	0.522	-2.347057e-11
0.0025	1			3.10543e-05	-1.62423e-06	3.10915e-05	-2.988	-2.2296e-05	1.34484e-06	2.23351e-05	176.55	3.17174e-05	7.59963e-07	3.17248e-05	1.374	-1.986873e-11
0.005	2			2.96832e-05	-1.52738e-06	2.97205e-05	-2.934	-4.00676e-05	1.38023e-06	4.00899e-05	178.026	3.08233e-05	1.47522e-06	3.08531e-05	2.748	-2.171153e-11
0.0075	3			2.82304e-05	-1.15485e-06	2.82527e-05	-2.34	-5.56374e-05	2.24264e-06	5.56784e-05	177.69	3.03985e-05	1.34856e-06	3.04357e-05	2.55	-2.074829e-11
0.01	4			2.86178e-05	-1.33366e-06	2.86476e-05	-2.652	-7.04532e-05	2.65987e-06	7.04979e-05	177.834	2.90797e-05	1.2219e-06	2.91095e-05	2.412	-2.037135e-11
0.0125	5			2.6785e-05	-1.87755e-06	2.6852e-05	-3.996	-8.50228e-05	2.7232e-06	8.506e-05	178.164	2.81335e-05	1.43052e-06	2.81708e-05	2.916	-1.748148e-11
0.015	6			2.6472e-05	-1.08034e-06	2.64869e-05	-2.322	-9.81246e-05	4.35862e-06	9.82215e-05	177.456	2.74928e-05	2.08618e-06	2.75747e-05	4.356	-1.940804e-11
0.0175	7			2.67328e-05	-1.1325e-06	2.67626e-05	-2.412	-0.000112057	4.85036e-06	0.000112162	177.522	2.81261e-05	1.15485e-06	2.81559e-05	2.358	-1.924051e-11
0.02	8			2.6323e-05	-1.71364e-06	2.63752e-05	-3.726	-0.000127749	5.31229e-06	0.000127853	177.618	2.74555e-05	1.68384e-06	2.75077e-05	3.516	-1.991064e-11
0.0225	9			2.59803e-05	-2.69712e-06	2.61219e-05	-5.916	-0.00014037	6.30322e-06	0.000140504	177.426	2.81559e-05	2.25009e-06	2.82453e-05	4.572	-1.794216e-11
0.025	10			2.68222e-05	-2.66732e-06	2.69563e-05	-5.676	-0.000157387	6.96632e-06	0.000157529	177.462	2.77014e-05	2.10108e-06	2.77833e-05	4.35	-2.204659e-11
0.0275	11			2.61442e-05	-1.98187e-06	2.62187e-05	-4.332	-0.000169978	7.41336e-06	0.000170127	177.498	2.83496e-05	1.8403e-06	2.84092e-05	3.726	-2.405688e-11
0.03	12			2.6174e-05	-2.91319e-06	2.63379e-05	-6.336	-0.00018558	7.62945e-06	0.000185699	177.642	2.66583e-05	3.73276e-06	2.69116e-05	7.986	-2.095767e-11
0.0325	13			2.53768e-05	-2.36185e-06	2.54811e-05	-5.316	-0.000202359	9.23878e-06	0.000202538	177.384	2.81633e-05	3.74766e-06	2.84092e-05	7.59	-2.058074e-11
0.035	14			2.58387e-05	-2.91319e-06	2.60026e-05	-6.414	-0.000214846	9.03016e-06	0.000214995	177.588	2.78727e-05	2.23519e-06	2.79621e-05	4.59	-2.414071e-11
0.0375	15			2.53917e-05	-2.89084e-06	2.55556e-05	-6.486	-0.000230194	9.92423e-06	0.000230373	177.528	2.66061e-05	1.84775e-06	2.66732e-05	3.984	-1.919866e-11
0.04	16			2.43635e-05	-2.80143e-06	2.452e-05	-6.558	-0.000245364	1.06097e-05	0.000245543	177.522	2.79621e-05	3.12181e-06	2.81335e-05	6.378	-1.974313e-11
0.0425	17			2.42667e-05	-2.66732e-06	2.44157e-05	-6.27	-0.00026104	1.23084e-05	0.000261279	177.3	2.74183e-05	3.50924e-06	2.76418e-05	7.302	-2.221417e-11
0.045	18			2.45647e-05	-2.01167e-06	2.46392e-05	-4.668	-0.000274034	1.24574e-05	0.000274302	177.396	2.84986e-05	3.22612e-06	2.86774e-05	6.474	-2.472704e-11
0.0475	19			2.50043e-05	-4.08295e-06	2.53321e-05	-9.264	-0.000288906	1.29045e-05	0.000289144	177.438	2.74034e-05	3.36023e-06	2.7612e-05	7.002	-2.079013e-11
0.05	20			2.40953e-05	-3.32297e-06	2.43188e-05	-7.842	-0.00030479	1.30833e-05	0.000305029	177.54	2.78057e-05	3.22612e-06	2.79919e-05	6.618	-2.003629e-11
0.0525	21			2.30597e-05	-3.41983e-06	2.3313e-05	-8.418	-0.000320019	1.50204e-05	0.000320347	177.312	2.82453e-05	4.11275e-06	2.85433e-05	8.298	-2.259104e-11
0.055	22			2.31416e-05	-2.80143e-06	2.33055e-05	-6.9	-0.000334175	1.53483e-05	0.000334473	177.372	2.67626e-05	3.57629e-06	2.7001e-05	7.62	-2.602534e-11
0.0575	23			2.23593e-05	-2.92064e-06	2.25456e-05	-7.422	-0.000348749	1.58251e-05	0.000349106	177.402	2.72022e-05	3.53904e-06	2.74257e-05	7.416	-1.831912e-11
0.06	24			2.14131e-05	-3.52414e-06	2.17037e-05	-9.33	-0.000364544	1.64212e-05	0.000364872	177.42	2.79174e-05	3.47944e-06	2.81335e-05	7.116	-2.129273e-11
0.0625	25			2.21507e-05	-3.86688e-06	2.24785e-05	-9.9	-0.000378462	1.73451e-05	0.000378819	177.372	2.78355e-05	4.15e-06	2.8141e-05	8.484	-1.760717e-11
0.065	26			2.18974e-05	-4.26921e-06	2.23072e-05	-11.028	-0.000393661	1.74643e-05	0.000394018	177.456	2.71351e-05	4.23196e-06	2.7463e-05	8.862	-2.129274e-11
0.0675	27			2.07351e-05	-3.89668e-06	2.10927e-05	-10.632	-0.000408979	1.9014e-05	0.000409396	177.336	2.72096e-05	3.92649e-06	2.74853e-05	8.208	-2.296798e-11
0.07	28			2.09288e-05	-3.97119e-06	2.13013e-05	-10.728	-0.000423314	1.9014e-05	0.000423731	177.426	2.7977e-05	4.49273e-06	2.83347e-05	9.138	-2.012005e-11
0.0725	29			1.95504e-05	-4.39587e-06	2.00385e-05	-12.66	-0.000440152	2.00869e-05	0.000440599	177.384	2.76492e-05	4.06805e-06	2.79472e-05	8.382	-2.053885e-11
0.075	30			2.12156e-05	-4.02334e-06	2.15919e-05	-10.74	-0.00045258	2.0981e-05	0.000452997	177.342	2.79249e-05	4.32882e-06	2.82527e-05	8.82	-1.806785e-11
0.0775	31			1.96734e-05	-4.73115e-06	2.02322e-05	-13.518	-0.000469329	2.26499e-05	0.000469806	177.234	2.63081e-05	5.18563e-06	2.68148e-05	11.154	-2.066452e-11
0.08	32			1.88091e-05	-5.45013e-06	1.95802e-05	-16.158	-0.000483038	2.25307e-05	0.000483515	177.324	2.70383e-05	4.65664e-06	2.74406e-05	9.774	-1.890544e-11
0.0825	33			1.86787e-05	-4.1053e-06	1.91258e-05	-12.39	-0.000497643	2.29479e-05	0.00049812	177.354	2.75077e-05	4.7386e-06	2.79174e-05	9.774	-2.242354e-11
0.085	34			1.90103e-05	-5.84501e-06	1.98857e-05	-17.082	-0.000512961	2.39612e-05	0.000513498	177.324	2.57642e-05	5.28249e-06	2.63007e-05	11.592	-2.330304e-11
0.0875	35			1.80976e-05	-5.55444e-06	1.8932e-05	-17.058	-0.000527803	2.49745e-05	0.000528399	177.288	2.66285e-05	6.10205e-06	2.73214e-05	12.912	-1.894735e-11
0.09	36			1.92971e-05	-5.63639e-06	2.01055e-05	-16.272	-0.000542108	2.51533e-05	0.000542644	177.342	2.84017e-05	6.29577e-06	2.90946e-05	12.504	-2.267482e-11
0.0925	37			1.88166e-05	-5.60287e-06	1.96324e-05	-16.572	-0.000557009	2.56897e-05	0.000557546	177.36	2.70383e-05	4.90251e-06	2.74853e-05	10.284	-1.940802e-11
0.095	38			1.8783e-05	-5.36072e-06	1.95355e-05	-15.924	-0.000572447	2.59877e-05	0.000572983	177.396	2.56823e-05	5.87854e-06	2.63454e-05	12.894	-1.831914e-11
0.0975	39			1.76692e-05	-5.41288e-06	1.84776e-05	-17.022	-0.000585798	2.74183e-05	0.000586394	177.318	2.53917e-05	4.99937e-06	2.5876e-05	11.142	-1.735583e-11
0.1	40			1.7427e-05	-5.47621e-06	1.82689e-05	-17.43	-0.000601057	2.75971e-05	0.000601653	177.372	2.53842e-05	6.89927e-06	2.63007e-05	15.222	-1.760716e-11
0.1025	41			1.70768e-05	-6.10578e-06	1.81348e-05	-19.662	-0.000615004	2.80739e-05	0.0006156	177.384	2.58387e-05	6.6534e-06	2.66806e-05	14.454	-2.275858e-11
0.105	42			1.60561e-05	-6.35537e-06	1.72668e-05	-21.582	-0.000629786	2.87296e-05	0.000630382	177.384	2.44529e-05	5.4464e-06	2.50564e-05	12.552	-2.07064e-11
0.1075	43			1.6939e-05	-6.17284e-06	1.80268e-05	-20.01	-0.000645999	3.02197e-05	0.000646655	177.318	2.46615e-05	6.12441e-06	2.54066e-05	13.95	-2.074827e-11
0.11	44			1.88091e-05	-5.78168e-06	1.96734e-05	-17.082	-0.000661615	3.11735e-05	0.000662271	177.3	2.71873e-05	6.28832e-06	2.791e-05	13.032	-2.330307e-11
0.1125	45			1.92822e-05	-6.01265e-06	2.01949e-05	-17.31	-0.000676993	3.11735e-05	0.000677649	177.36	3.19781e-05	6.6683e-06	3.2671e-05	11.784	-1.86123e-11
0.115	46			1.77474e-05	-6.97005e-06	1.90662e-05	-21.438	-0.000688139	3.06966e-05	0.000688735	177.444	3.50329e-05	6.0797e-06	3.55619e-05	9.852	-2.44339e-11
0.1175	47			1.50242e-05	-7.22337e-06	1.66671e-05	-25.662	-0.000702921	3.31404e-05	0.000703637	177.294	2.83272e-05	6.76516e-06	2.91319e-05	13.434	-2.514583e-11
0.12	48			1.6302e-05	-5.70345e-06	1.72668e-05	-19.272	-0.000720743	3.37961e-05	0.000721518	177.312	2.32683e-05	7.56237e-06	2.44678e-05	18.012	-2.267483e-11
0.1225	49			2.01875e-05	-7.36493e-06	2.14876e-05	-20.034	-0.000735287	3.37961e-05	0.000736002	177.366	3.59865e-05	7.04828e-06	3.6672e-05	11.088	-2.376379e-11
0.125	50			1.62759e-05	-8.09139e-06	1.81758e-05	-26.424	-0.000746671	3.45113e-05	0.000747386	177.348	3.22314e-05	6.05735e-06	3.27977e-05	10.65	-1.852856e-11
0.1275	51			1.54116e-05	-6.82104e-06	1.68496e-05	-23.868	-0.000765804	3.58226e-05	0.000766579	177.324	2.37451e-05	7.55492e-06	2.49223e-05	17.652	-2.259106e-11
0.13	52			2.11039e-05	-8.08394e-06	2.25977e-05	-20.958	-0.000778679	3.66571e-05	0.000779513	177.306	4.03451e-05	7.27925e-06	4.10008e-05	10.224	-1.999433e-11
0.1325	53			1.3616e-05	-7.23454e-06	1.54191e-05	-27.978	-0.000791911	3.71935e-05	0.000792746	177.306	2.67701e-05	7.94238e-06	2.79249e-05	16.53	-1.890547e-11
0.135	54			2.07314e-05	-7.08553e-06	2.19085e-05	-18.864	-0.000810865	3.75512e-05	0.00081164	177.348	3.41164e-05	7.55492e-06	3.49435e-05	12.492	-2.133466e-11
0.1375	55			1.6708e-05	-7.9312e-06	1.84925e-05	-25.386	-0.000818852	3.77896e-05	0.000819627	177.36	3.46976e-05	7.77101e-06	3.55544e-05	12.624	-1.986877e-11
0.14	56			1.99006e-05	-7.59962e-06	2.13013e-05	-20.892	-0.000840966	3.88625e-05	0.0008418	177.354	2.8208e-05	8.17335e-06	2.93703e-05	16.17	-2.150211e-11
0.1425	57			1.82056e-05	-6.94397e-06	1.94834e-05	-20.874	-0.000847284	3.89817e-05	0.000848118	177.366	4.09337e-05	7.38355e-06	4.15968e-05	10.23	-1.798405e-11
0.145	58			1.92077e-05	-7.76356e-06	2.07165e-05	-22.002	-0.000871185	4.07698e-05	0.000872139	177.318	2.59803e-05	9.04506e-06	2.75077e-05	19.194	-1.96175e-11
0.1475	59			1.82391e-05	-8.16962e-06	1.99788e-05	-24.12	-0.000877146	4.06506e-05	0.00087804	177.348	4.31912e-05	8.12119e-06	4.39512e-05	10.656	-1.362839e-11
0.15	60			2.3123e-05	-8.31118e-06	2.45721e-05	-19.764	-0.000900391	4.30944e-05	0.000901405	177.258	3.06519e-05	8.94075e-06	3.1926e-05	16.272	-2.150215e-11
0.1525	61			1.36681e-05	-7.9312e-06	1.57991e-05	-30.12	-0.000906233	4.29156e-05	0.000907186	177.282	3.62846e-05	8.1808e-06	3.7201e-05	12.708	-2.137651e-11
0.155	62			2.96572e-05	-8.49745e-06	3.08494e-05	-15.984	-0.000931863	4.3154e-05	0.000932697	177.342	3.97342e-05	8.17335e-06	4.05686e-05	11.634	-1.991064e-11
0.1575	63			1.07438e-05	-7.8716e-06	1.3318e-05	-36.216	-0.000939492	4.45845e-05	0.000940446	177.282	2.45945e-05	8.92585e-06	2.61591e-05	19.944	-2.761687e-11
0.16	64			3.02905e-05	-9.17545e-06	3.16503e-05	-16.854	-0.00095785	4.43461e-05	0.000958685	177.342	5.45385e-05	7.19729e-06	5.50228e-05	7.518	-2.208846e-11
0.1625	65			1.69316e-05	-8.94448e-06	1.91481e-05	-27.84	-0.00097442	4.52998e-05	0.000975374	177.336	2.29256e-05	9.69326e-06	2.48925e-05	22.926	-2.095767e-11
0.165	66			1.57618e-05	-8.81037e-06	1.80529e-05	-29.202	-0.000977643	4.6015e-05	0.000978597	177.3	4.84514e-05	9.19407e-06	4.93231e-05	10.752	-2.200474e-11
0.1675	67			3.17546e-05	-1.00472e-05	3.33043e-05	-17.556	-0.00100756	4.74455e-05	0.00100852	177.3	4.01812e-05	9.58896e-06	4.13063e-05	13.428	-2.112517e-11
0.17	68			9.92796e-06	-8.48999e-06	1.30609e-05	-40.53	-0.00101424	4.79224e-05	0.00101531	177.294	1.96324e-05	9.97639e-06	2.20315e-05	26.94	-2.267482e-11
0.1725	69			2.54289e-05	-9.74169e-06	2.7232e-05	-20.958	-0.00102449	4.79224e-05	0.00102556	177.318	6.28908e-05	8.2404e-06	6.34347e-05	7.47	-1.999439e-11
0.175	70			2.83086e-05	-9.96148e-06	3.00111e-05	-19.38	-0.00105263	4.86376e-05	0.00105358	177.354	3.18515e-05	1.02446e-05	3.34533e-05	17.832	-2.34287e-11
0.1775	71			8.19942e-06	-9.10094e-06	1.22525e-05	-47.964	-0.00105537	4.94721e-05	0.00105644	177.312	2.07425e-05	1.09524e-05	2.3462e-05	27.846	-2.112516e-11
0.18	72			2.80851e-05	-9.69326e-06	2.97093e-05	-19.038	-0.00106955	5.01873e-05	0.00107063	177.312	6.77635e-05	8.01688e-06	6.82403e-05	6.75	-2.451761e-11
0.1825	73			2.88339e-05	-9.77522e-06	3.04432e-05	-18.72	-0.00109924	5.19755e-05	0.00110031	177.294	3.58673e-05	9.75287e-06	3.71712e-05	15.21	-1.417283e-11
0.185	74			8.5198e-06	-9.17917e-06	1.25208e-05	-47.124	-0.00110257	5.22139e-05	0.00110377	177.288	1.77623e-05	1.04756e-05	2.06233e-05	30.534	-1.668573e-11
0.1875	75			2.61591e-05	-9.59641e-06	2.78653e-05	-20.136	-0.00110901	5.14986e-05	0.00111008	177.342	6.33453e-05	9.34309e-06	6.40308e-05	8.394	-2.192096e-11
0.19	76			3.62883e-05	-1.10642e-05	3.79386e-05	-16.95	-0.00114525	5.50749e-05	0.00114644	177.246	5.52537e-05	9.61131e-06	5.60808e-05	9.87	-1.706267e-11
0.1925	77			1.26511e-05	-9.75659e-06	1.59742e-05	-37.626	-0.0011524	5.47173e-05	0.0011536	177.282	1.97218e-05	1.16081e-05	2.28883e-05	30.486	-1.756525e-11
0.195	78			1.39364e-05	-9.58523e-06	1.69129e-05	-34.506	-0.00115288	5.41213e-05	0.00115407	177.312	3.58152e-05	1.03042e-05	3.7268e-05	16.05	-2.372183e-11
0.1975	79			4.62274e-05	-1.17198e-05	4.76877e-05	-14.22	-0.00118089	5.65054e-05	0.00118209	177.258	8.13608e-05	8.53097e-06	8.18078e-05	5.988	-1.802593e-11
0.2	80			2.90686e-05	-1.13138e-05	3.11921e-05	-21.264	-0.00120569	5.72207e-05	0.00120688	177.282	3.85048e-05	1.09971e-05	4.00397e-05	15.942	-2.133463e-11
0.2025	81			6.59752e-06	-9.7864e-06	1.17981e-05	-55.998	-0.00120664	5.80552e-05	0.00120796	177.24	1.90736e-05	1.27406e-05	2.29405e-05	33.744	-1.936613e-11
0.205	82			2.08357e-05	-1.14106e-05	2.37526e-05	-28.704	-0.00120831	5.69823e-05	0.0012095	177.294	4.7371e-05	1.14516e-05	4.87419e-05	13.59	-2.355435e-11
0.2075	83			5.61888e-05	-1.23419e-05	5.75299e-05	-12.384	-0.00124288	5.94857e-05	0.00124419	177.258	8.46093e-05	8.79919e-06	8.50563e-05	5.94	-2.1209e-11
0.21	84			2.96572e-05	-1.18912e-05	3.1952e-05	-21.846	-0.00126696	6.05586e-05	0.00126828	177.258	4.05612e-05	1.19061e-05	4.22748e-05	16.368	-1.815166e-11
0.2125	85			5.49111e-06	-1.01962e-05	1.15783e-05	-61.68	-0.00126673	6.04393e-05	0.00126804	177.264	2.04818e-05	1.3128e-05	2.43263e-05	32.664	-2.150214e-11
0.215	86			1.21855e-05	-1.07252e-05	1.62312e-05	-41.346	-0.00126792	6.10356e-05	0.00126923	177.246	3.9913e-05	1.13249e-05	4.14851e-05	15.84	-2.522961e-11
0.2175	87			5.89269e-05	-1.28151e-05	6.03015e-05	-12.27	-0.0012914	6.15125e-05	0.00129283	177.27	8.86996e-05	1.01179e-05	8.92733e-05	6.51	-1.706266e-11
0.22	88			5.27578e-05	-1.30013e-05	5.43373e-05	-13.842	-0.00133122	6.38966e-05	0.00133265	177.246	5.61255e-05	1.10567e-05	5.72058e-05	11.148	-1.781654e-11
0.2225	89			1.16826e-05	-1.131e-05	1.6261e-05	-44.064	-0.00133444	6.47311e-05	0.00133599	177.222	3.05253e-05	1.25841e-05	3.30212e-05	22.404	-2.037133e-11
0.225	90			4.13883e-06	-1.23382e-05	1.30125e-05	-71.448	-0.00133336	6.40159e-05	0.00133467	177.246	2.84837e-05	1.37315e-05	3.16205e-05	25.74	-1.919864e-11
0.2275	91			2.54811e-05	-1.14367e-05	2.79286e-05	-24.168	-0.00133599	6.42543e-05	0.00133742	177.246	6.07001e-05	1.23233e-05	6.19371e-05	11.478	-1.777467e-11
0.23	92			7.7453e-05	-1.48528e-05	7.88611e-05	-10.854	-0.00137354	6.53272e-05	0.00137497	177.276	9.46675e-05	1.04458e-05	9.52412e-05	6.3	-2.414071e-11
0.2325	93			5.32756e-05	-1.29492e-05	5.48253e-05	-13.656	-0.00140763	6.72345e-05	0.00140918	177.264	4.60448e-05	1.24723e-05	4.77063e-05	15.156	-2.330308e-11
0.235	94			1.31205e-05	-1.22674e-05	1.79597e-05	-43.068	-0.00140894	6.77113e-05	0.00141049	177.246	2.81782e-05	1.43946e-05	3.16428e-05	27.066	-2.556469e-11
0.2375	95			2.98025e-06	-1.19024e-05	1.22637e-05	-75.924	-0.00140799	6.75921e-05	0.00140942	177.246	3.73351e-05	1.35005e-05	3.97044e-05	19.884	-2.112527e-11
0.24	96			1.81348e-05	-1.1649e-05	2.15509e-05	-32.706	-0.00140847	6.73537e-05	0.0014099	177.258	5.86512e-05	1.35154e-05	6.01935e-05	12.978	-1.907299e-11
0.2425	97			7.55494e-05	-1.56128e-05	7.71438e-05	-11.676	-0.0014341	6.85458e-05	0.00143564	177.258	0.000105896	9.99874e-06	0.000106372	5.394	-2.053889e-11
0.245	98			8.03699e-05	-1.58736e-05	8.19233e-05	-11.172	-0.00148345	7.08108e-05	0.001485	177.264	6.76145e-05	1.21892e-05	6.87097e-05	10.224	-2.254921e-11
0.2475	99			3.30398e-05	-1.31764e-05	3.55693e-05	-21.744	-0.00149334	7.11684e-05	0.00149489	177.27	2.21358e-05	1.45957e-05	2.65167e-05	33.402	-1.877985e-11
0.25	100			4.73115e-06	-1.20067e-05	1.29045e-05	-68.484	-0.00149036	7.1526e-05	0.00149203	177.252	3.42506e-05	1.39401e-05	3.69849e-05	22.158	-1.81097e-11
0.2525	101			2.19421e-06	-1.20141e-05	1.22116e-05	-79.638	-0.00149036	7.04532e-05	0.00149191	177.294	5.4464e-05	1.39103e-05	5.62074e-05	14.328	-2.34287e-11
0.255	102			2.35365e-05	-1.34335e-05	2.71016e-05	-29.712	-0.00149298	7.17645e-05	0.00149465	177.246	7.57133e-05	1.23978e-05	7.67191e-05	9.3	-2.217227e-11
0.2575	103			9.9123e-05	-1.75462e-05	0.000100665	-10.038	-0.00152696	7.3195e-05	0.00152863	177.252	0.000121579	1.04458e-05	0.000122026	4.914	-1.873792e-11
0.26	104			9.0458e-05	-1.76952e-05	9.21716e-05	-11.064	-0.00157274	7.58176e-05	0.0015744	177.24	7.28895e-05	1.26809e-05	7.39773e-05	9.87	-2.292611e-11
0.2625	105			4.33701e-05	-1.47895e-05	4.58213e-05	-18.822	-0.00158501	7.56984e-05	0.00158668	177.264	2.39016e-05	1.59146e-05	2.87147e-05	33.66	-2.30937e-11
0.265	106			9.19407e-06	-1.30162e-05	1.59369e-05	-54.738	-0.00158346	7.64136e-05	0.00158525	177.234	1.76058e-05	1.60412e-05	2.38271e-05	42.324	-2.175346e-11
0.2675	107			1.41189e-06	-1.26958e-05	1.27704e-05	-83.646	-0.00158335	7.6652e-05	0.00158513	177.228	5.80105e-05	1.54377e-05	6.0037e-05	14.904	-2.045509e-11
0.27	108			5.22661e-06	-1.28709e-05	1.38917e-05	-67.884	-0.00158406	7.58176e-05	0.00158573	177.258	7.733e-05	1.45287e-05	7.86786e-05	10.644	-2.288422e-11
0.2725	109			4.49943e-05	-1.51061e-05	4.74604e-05	-18.558	-0.00159348	7.74865e-05	0.00159515	177.216	0.00010907	1.2301e-05	0.000109762	6.438	-2.485265e-11
0.275	110			0.00010904	-1.84403e-05	0.000110582	-9.6	-0.00164057	7.91554e-05	0.00164235	177.234	0.000121631	1.20327e-05	0.000122228	5.646	-2.007813e-11
0.2775	111			9.40789e-05	-1.88948e-05	9.59565e-05	-11.352	-0.00168253	8.07052e-05	0.00168432	177.252	6.76145e-05	1.48342e-05	6.92238e-05	12.378	-2.384755e-11
0.28	112			4.27964e-05	-1.53036e-05	4.54488e-05	-19.668	-0.00169147	8.16588e-05	0.00169326	177.234	2.04669e-05	1.68161e-05	2.64869e-05	39.408	-2.208849e-11
0.2825	113			1.23159e-05	-1.3426e-05	1.82168e-05	-47.454	-0.00168861	8.24933e-05	0.0016904	177.198	8.34471e-06	1.84068e-05	2.02098e-05	65.61	-1.819348e-11
0.285	114			4.7386e-06	-1.39289e-05	1.47075e-05	-71.202	-0.00168837	8.1778e-05	0.00169028	177.228	3.92313e-05	1.6261e-05	4.24648e-05	22.518	-2.280048e-11
0.2875	115			5.24151e-06	-1.46814e-05	1.5583e-05	-70.344	-0.00168873	8.14204e-05	0.00169051	177.24	9.07187e-05	1.27927e-05	9.16128e-05	8.028	-2.154404e-11
0.29	116			2.05153e-05	-1.4212e-05	2.49521e-05	-34.71	-0.00169361	8.21357e-05	0.00169552	177.222	0.000115499	1.37091e-05	0.000116311	6.774	-2.087394e-11
0.2925	117			6.86278e-05	-1.68161e-05	7.0658e-05	-13.77	-0.00172044	8.29701e-05	0.00172234	177.24	0.000139819	1.27107e-05	0.0001404	5.196	-2.053884e-11
0.295	118			0.000116803	-2.0519e-05	0.000118591	-9.96	-0.00176943	8.51159e-05	0.00177146	177.246	0.000115432	1.40444e-05	0.000116282	6.936	-2.397315e-11
0.2975	119			9.20151e-05	-2.01614e-05	9.41907e-05	-12.36	-0.00180209	8.72617e-05	0.00180412	177.228	6.08789e-05	1.56538e-05	6.2861e-05	14.424	-1.961748e-11
0.3	120			4.50315e-05	-1.6369e-05	4.79149e-05	-19.968	-0.00181127	8.79769e-05	0.00181318	177.216	2.00869e-05	1.84254e-05	2.72618e-05	42.534	-1.534554e-11
0.3025	121			1.71216e-05	-1.51173e-05	2.28361e-05	-41.43	-0.0018096	8.77385e-05	0.00181151	177.222	6.32557e-06	1.91556e-05	2.01763e-05	71.724	-1.949181e-11
0.305	122			1.50949e-05	-1.54154e-05	2.1577e-05	-45.588	-0.00180913	8.75001e-05	0.00181103	177.228	1.81721e-05	1.8716e-05	2.6092e-05	45.846	-2.166968e-11
0.3075	123			1.622e-05	-1.60338e-05	2.28063e-05	-44.658	-0.00180817	8.77385e-05	0.00181008	177.222	6.92313e-05	1.67341e-05	7.1228e-05	13.59	-2.527149e-11
0.31	124			1.20327e-05	-1.67714e-05	2.06382e-05	-54.318	-0.0018108	8.79769e-05	0.0018127	177.216	0.000121966	1.35005e-05	0.000122712	6.318	-2.062261e-11
0.3125	125			3.25742e-05	-1.66522e-05	3.659e-05	-27.06	-0.00182319	8.86922e-05	0.0018251	177.21	0.000154779	1.19135e-05	0.000155234	4.404	-2.317742e-11
0.315	126			8.34917e-05	-1.90065e-05	8.56225e-05	-12.822	-0.00186826	9.10764e-05	0.00187016	177.204	0.00016153	1.35899e-05	0.000162103	4.812	-2.292613e-11
0.3175	127			0.000112571	-2.03328e-05	0.000114389	-10.236	-0.00190473	9.22685e-05	0.00190664	177.222	0.00011468	1.4484e-05	0.000115589	7.2	-2.640234e-11
0.32	128			9.34904e-05	-1.98634e-05	9.55765e-05	-11.994	-0.0019362	9.39374e-05	0.00193835	177.216	6.40755e-05	1.69949e-05	6.62883e-05	14.856	-2.037135e-11
0.3225	129			5.35923e-05	-1.89395e-05	5.68407e-05	-19.458	-0.00194836	9.53679e-05	0.00195051	177.192	2.32385e-05	2.03104e-05	3.08605e-05	41.154	-1.957557e-11
0.325	130			2.53991e-05	-1.59444e-05	2.99887e-05	-32.106	-0.00194932	9.48911e-05	0.00195146	177.21	6.01265e-06	2.03998e-05	2.12715e-05	73.578	-2.213038e-11
0.3275	131			1.55495e-05	-1.56985e-05	2.20911e-05	-45.258	-0.00194956	9.46526e-05	0.0019517	177.216	3.71785e-06	2.06755e-05	2.10108e-05	79.8	-2.041322e-11
0.33	132			2.25232e-05	-1.60412e-05	2.76492e-05	-35.454	-0.00194908	9.39374e-05	0.00195099	177.234	2.28287e-05	1.89469e-05	2.96683e-05	39.696	-2.049699e-11
0.3325	133			2.85582e-05	-1.69949e-05	3.32373e-05	-30.744	-0.00194908	9.56063e-05	0.00195123	177.186	7.83433e-05	1.84925e-05	8.04965e-05	13.284	-2.041322e-11
0.335	134			2.97652e-05	-1.80305e-05	3.47944e-05	-31.2	-0.00195027	9.46526e-05	0.00195218	177.216	0.000142188	1.48044e-05	0.000142955	5.946	-2.028757e-11
0.3375	135			5.35252e-05	-1.91332e-05	5.68407e-05	-19.668	-0.0019765	9.75137e-05	0.00197865	177.174	0.000191511	1.31131e-05	0.000191987	3.918	-1.903113e-11
0.34	136			7.67936e-05	-1.97069e-05	7.92821e-05	-14.394	-0.0020218	9.87058e-05	0.00202395	177.204	0.00019166	1.32323e-05	0.000192107	3.954	-1.748152e-11
0.3425	137			9.40938e-05	-2.12492e-05	9.64557e-05	-12.72	-0.00205041	0.000100136	0.0020528	177.198	0.000136078	1.64808e-05	0.000137092	6.912	-2.510396e-11
0.345	138			9.20002e-05	-2.1279e-05	9.44291e-05	-13.02	-0.00207259	0.00010109	0.00207473	177.204	9.26261e-05	1.76729e-05	9.4295e-05	10.818	-2.087391e-11
0.3475	139			7.33663e-05	-2.06829e-05	7.62274e-05	-15.738	-0.00210096	0.000102759	0.00210334	177.198	4.76243e-05	2.04743e-05	5.18265e-05	23.286	-1.739774e-11
0.35	140			3.8788e-05	-1.94312e-05	4.33775e-05	-26.598	-0.00211193	0.000103236	0.00211431	177.198	1.31503e-05	2.13162e-05	2.5049e-05	58.326	-2.225602e-11
0.3525	141			2.00273e-05	-1.66e-05	2.60175e-05	-39.648	-0.00211097	0.000102997	0.00211336	177.204	4.32882e-06	2.25977e-05	2.30075e-05	79.146	-2.250728e-11
0.355	142			3.61504e-05	-1.94536e-05	4.10455e-05	-28.284	-0.00211073	0.000102282	0.00211312	177.222	3.0473e-06	2.28585e-05	2.30597e-05	82.392	-2.326123e-11
0.3575	143			4.33626e-05	-1.94759e-05	4.75349e-05	-24.18	-0.00211169	0.000103236	0.00211383	177.198	1.02074e-05	2.16441e-05	2.39314e-05	64.74	-2.334495e-11
0.36	144			4.13286e-05	-2.01465e-05	4.59778e-05	-25.986	-0.00211002	0.000102759	0.00211217	177.204	4.18203e-05	1.94983e-05	4.61417e-05	24.996	-2.041319e-11
0.3625	145			5.40691e-05	-2.10182e-05	5.80105e-05	-21.234	-0.00211121	0.000104189	0.00211336	177.168	0.000109964	1.78517e-05	0.000111402	9.222	-1.681134e-11
0.365	146			6.55283e-05	-2.11598e-05	6.88513e-05	-17.892	-0.00211836	0.000104666	0.00212075	177.168	0.000179299	1.54601e-05	0.000179962	4.932	-2.003626e-11
0.3675	147			9.7089e-05	-2.28808e-05	9.97488e-05	-13.26	-0.00217392	0.000107289	0.00217654	177.168	0.000231684	1.28449e-05	0.000232042	3.18	-2.146032e-11
0.37	148			9.56063e-05	-2.26871e-05	9.82587e-05	-13.35	-0.0022154	0.000109435	0.00221802	177.168	0.000210346	1.33813e-05	0.000210763	3.642	-2.317745e-11
0.3725	149			7.6123e-05	-2.18154e-05	7.91852e-05	-15.99	-0.00222947	0.000109673	0.00223185	177.18	0.000152023	1.6898e-05	0.000152946	6.342	-2.242361e-11
0.375	150			6.58114e-05	-2.13982e-05	6.92015e-05	-18.006	-0.00224163	0.000109673	0.00224401	177.198	0.000112802	1.85074e-05	0.000114322	9.318	-2.150216e-11
0.3775	151			6.96112e-05	-2.18378e-05	7.29566e-05	-17.412	-0.00227191	0.000111342	0.00227453	177.192	7.43275e-05	2.06531e-05	7.71289e-05	15.54	-1.584814e-11
0.38	152			4.94274e-05	-2.12715e-05	5.38083e-05	-23.28	-0.00229861	0.000113726	0.00230123	177.168	2.5876e-05	2.3544e-05	3.49807e-05	42.3	-2.372183e-11
0.3825	153			3.67167e-05	-2.04669e-05	4.20364e-05	-29.136	-0.00230242	0.000113488	0.00230505	177.174	9.31328e-06	2.43784e-05	2.6092e-05	69.078	-2.17116e-11
0.385	154			3.5383e-05	-2.06084e-05	4.09412e-05	-30.216	-0.00230338	0.000112534	0.002306	177.198	2.81633e-06	2.4967e-05	2.51309e-05	83.556	-2.665363e-11
0.3875	155			2.30671e-05	-1.94834e-05	3.01973e-05	-40.176	-0.00230362	0.000112772	0.00230624	177.198	2.3693e-06	2.47509e-05	2.48627e-05	84.522	-2.213037e-11
0.39	156			4.35861e-05	-1.93567e-05	4.76914e-05	-23.94	-0.00230242	0.000113011	0.00230481	177.186	6.57889e-06	2.39165e-05	2.48031e-05	74.622	-2.326119e-11
0.3925	157			6.68769e-05	-2.25605e-05	7.05724e-05	-18.642	-0.0023029	0.000113488	0.00230552	177.174	2.15472e-05	2.34247e-05	3.18291e-05	47.388	-1.970123e-11
0.395	158			6.67279e-05	-2.24487e-05	7.0401e-05	-18.588	-0.00230218	0.000114441	0.00230481	177.156	5.74442e-05	2.17335e-05	6.14156e-05	20.73	-1.819351e-11
0.3975	159			9.71784e-05	-2.52129e-05	0.000100397	-14.544	-0.00230481	0.000115395	0.00230743	177.132	0.000127451	1.94685e-05	0.000128933	8.688	-1.551306e-11
0.4	160			0.000123859	-2.61293e-05	0.000126586	-11.91	-0.0023203	0.000115395	0.00232293	177.15	0.000214309	1.61828e-05	0.000214935	4.32	-1.9785e-11
0.4025	161			0.000155942	-2.7612e-05	0.00015837	-10.038	-0.00239803	0.000119448	0.00240065	177.15	0.000259103	1.49906e-05	0.00025955	3.318	-2.338682e-11
0.405	162			0.000122973	-2.62411e-05	0.000125737	-12.042	-0.00244237	0.000121356	0.002445	177.15	0.000219197	1.48714e-05	0.000219674	3.888	-1.861228e-11
0.4075	163			8.25976e-05	-2.42369e-05	8.6077e-05	-16.35	-0.0024419	0.000120402	0.00244452	177.174	0.000170202	1.76133e-05	0.000171096	5.916	-2.14603e-11
0.41	164			5.14614e-05	-2.2702e-05	5.62447e-05	-23.802	-0.0024469	0.000121356	0.00244977	177.156	0.000138671	2.08617e-05	0.000140251	8.562	-2.1921e-11
0.4125	165			4.40779e-05	-2.20389e-05	4.92784e-05	-26.556	-0.00246455	0.000122548	0.00246741	177.15	0.000119836	2.08319e-05	0.000121654	9.87	-2.112524e-11
0.415	166			4.4212e-05	-2.21283e-05	4.94423e-05	-26.58	-0.0024965	0.000123263	0.00249912	177.174	8.89902e-05	2.25903e-05	9.18214e-05	14.256	-1.961749e-11
0.4175	167			4.15968e-05	-2.21879e-05	4.71401e-05	-28.074	-0.00252153	0.000124455	0.00252439	177.168	4.02632e-05	2.54215e-05	4.76243e-05	32.268	-2.242356e-11
0.42	168			3.26114e-05	-2.18527e-05	3.92499e-05	-33.816	-0.0025325	0.000124932	0.00253512	177.174	8.06159e-06	2.64124e-05	2.76194e-05	73.02	-2.108334e-11
0.4225	169			5.12155e-05	-2.31938e-05	5.62223e-05	-24.36	-0.00253321	0.000125648	0.00253607	177.156	3.67315e-06	2.6785e-05	2.70383e-05	82.194	-2.179536e-11
0.425	170			6.07597e-05	-2.29032e-05	6.49323e-05	-20.646	-0.00253321	0.000123979	0.00253607	177.192	2.53321e-06	2.70755e-05	2.71947e-05	84.642	-1.911489e-11
0.4275	171			4.53743e-05	-2.11821e-05	5.00756e-05	-25.02	-0.00253369	0.000124932	0.00253655	177.174	3.79981e-06	2.69861e-05	2.72543e-05	81.99	-1.898924e-11
0.43	172			8.27466e-05	-2.39761e-05	8.61441e-05	-16.158	-0.00253321	0.000123502	0.00253583	177.204	5.4017e-06	2.65316e-05	2.70755e-05	78.48	-2.367998e-11
0.4325	173			0.000110254	-2.65391e-05	0.000113398	-13.536	-0.00253321	0.000125409	0.00253631	177.162	1.76505e-05	2.59281e-05	3.13672e-05	55.758	-1.999444e-11
0.435	174			9.30284e-05	-2.51458e-05	9.63663e-05	-15.12	-0.0025344	0.00012684	0.00253727	177.132	3.96448e-05	2.43188e-05	4.65068e-05	31.53	-1.93662e-11
0.4375	175			0.000109293	-2.72096e-05	0.000112623	-13.98	-0.00253583	0.000127793	0.0025387	177.108	7.69501e-05	2.46541e-05	8.0802e-05	17.766	-2.514588e-11
0.44	176			0.000138701	-2.88637e-05	0.000141674	-11.754	-0.00254489	0.000127555	0.00254776	177.126	0.000158676	1.98261e-05	0.000159913	7.122	-2.29261e-11
0.4425	177			0.000170873	-3.11735e-05	0.000173696	-10.338	-0.00260188	0.000130416	0.00260498	177.126	0.000258835	1.70768e-05	0.000259401	3.774	-1.723023e-11
0.445	178			0.000183404	-3.0935e-05	0.000185997	-9.57	-0.00267197	0.000133277	0.00267507	177.144	0.000263872	1.65106e-05	0.000264408	3.582	-1.919864e-11
0.4475	179			0.000146599	-2.97726e-05	0.000149579	-11.478	-0.00269701	0.000134946	0.00270011	177.132	0.000212968	1.92524e-05	0.000213833	5.172	-2.623476e-11
0.45	180			9.93316e-05	-2.70606e-05	0.000102967	-15.216	-0.0026982	0.000135184	0.0027013	177.126	0.000174315	2.08319e-05	0.000175566	6.822	-2.18791e-11
0.4525	181			6.55358e-05	-2.57195e-05	7.03936e-05	-21.408	-0.00270535	0.000134946	0.00270845	177.138	0.000158043	2.23519e-05	0.000159622	8.052	-2.06645e-11
0.455	182			4.75349e-05	-2.49447e-05	5.36742e-05	-27.66	-0.00272252	0.0001359	0.00272562	177.138	0.000146539	2.25307e-05	0.000148238	8.748	-2.037132e-11
0.4575	183			3.98012e-05	-2.39388e-05	4.64397e-05	-31.014	-0.00274421	0.000136615	0.00274731	177.15	0.000129313	2.41698e-05	0.000131578	10.596	-1.940804e-11
0.46	184			3.61654e-05	-2.41474e-05	4.34893e-05	-33.726	-0.00277187	0.000137807	0.00277521	177.156	0.000102759	2.40804e-05	0.00010553	13.194	-1.664386e-11
0.4625	185			2.98322e-05	-2.38196e-05	3.8177e-05	-38.598	-0.00279786	0.000139237	0.00280119	177.15	6.8814e-05	2.58983e-05	7.35228e-05	20.622	-1.790031e-11
0.465	186			1.63914e-05	-2.37675e-05	2.88711e-05	-55.404	-0.00281216	0.000139476	0.00281526	177.162	3.2224e-05	2.76269e-05	4.24462e-05	40.614	-2.171155e-11
0.4675	187			1.87905e-05	-2.38792e-05	3.03836e-05	-51.798	-0.00281335	0.000140191	0.00281645	177.144	1.83956e-05	2.93554e-05	3.4638e-05	57.924	-2.485267e-11
0.47	188			4.20066e-05	-2.45423e-05	4.86451e-05	-30.288	-0.00281431	0.000138761	0.00281765	177.174	6.23617e-06	3.12778e-05	3.18887e-05	78.72	-1.928244e-11
0.4725	189			0.000103064	-2.81857e-05	0.000106849	-15.294	-0.00281383	0.000139714	0.00281693	177.156	3.46453e-06	3.08456e-05	3.10394e-05	83.586	-2.125083e-11
0.475	190			0.00016942	-3.1017e-05	0.000172236	-10.374	-0.00281455	0.000138761	0.00281765	177.174	8.86623e-07	2.96385e-05	2.96534e-05	88.272	-1.865422e-11
0.4775	191			0.000214518	-3.29914e-05	0.000217051	-8.736	-0.00281383	0.000139953	0.00281693	177.15	2.22774e-06	2.96609e-05	2.97503e-05	85.692	-1.873799e-11
0.48	192			0.000241906	-3.50776e-05	0.000244441	-8.244	-0.00281455	0.000138761	0.00281765	177.174	9.61131e-06	2.96907e-05	3.12107e-05	72.06	-2.326115e-11
0.4825	193			0.000242175	-3.52862e-05	0.000244709	-8.286	-0.00281622	0.000140191	0.00281955	177.15	2.35216e-05	2.91915e-05	3.74916e-05	51.138	-1.907301e-11
0.485	194			0.000230045	-3.62101e-05	0.000232876	-8.94	-0.00281908	0.000141622	0.00282241	177.12	4.4279e-05	2.86774e-05	5.27578e-05	32.928	-2.401505e-11
0.4875	195			0.000240983	-3.69253e-05	0.000243814	-8.706	-0.00282146	0.000142814	0.0028248	177.102	7.5527e-05	2.73214e-05	8.03177e-05	19.89	-1.731397e-11
0.49	196			0.000253024	-3.83558e-05	0.000255914	-8.616	-0.0028372	0.000144483	0.00284053	177.084	0.000137174	2.41698e-05	0.000139282	9.996	-1.991063e-11
0.4925	197			0.000275614	-3.87433e-05	0.000278296	-7.992	-0.00289036	0.000146628	0.0028937	177.096	0.000216932	2.18154e-05	0.000218035	5.748	-1.903117e-11
0.495	198			0.000274362	-3.94287e-05	0.000277193	-8.172	-0.00296403	0.000150443	0.00296761	177.096	0.000232578	2.02955e-05	0.000233443	4.986	-2.321932e-11
0.4975	199			0.000216545	-3.70743e-05	0.000219674	-9.714	-0.0030091	0.000152827	0.00301267	177.09	0.000212253	2.2173e-05	0.000213415	5.97	-1.848668e-11
0.5	200			0.00015092	-3.40345e-05	0.000154705	-12.708	-0.00300457	0.000151635	0.00300814	177.108	0.0001916	2.37228e-05	0.00019306	7.062	-1.798409e-11
0.5025	201			0.000117809	-3.01899e-05	0.000121624	-14.37	-0.00300767	0.000151158	0.00301148	177.12	0.000190438	2.32757e-05	0.000191838	6.978	-2.380567e-11
0.505	202			0.000101001	-3.06072e-05	0.00010553	-16.848	-0.00301601	0.000152827	0.00301959	177.096	0.00018561	2.44678e-05	0.000187219	7.512	-1.882172e-11
0.5075	203			7.99899e-05	-2.90574e-05	8.50861e-05	-19.944	-0.003047	0.000153781	0.00305058	177.108	0.000173301	2.58089e-05	0.000175239	8.478	-1.89055e-11
0.51	204			6.75027e-05	-2.80739e-05	7.31056e-05	-22.572	-0.00307871	0.000154019	0.00308229	177.132	0.000157983	2.61368e-05	0.000160129	9.396	-2.225604e-11
0.5125	205			4.96509e-05	-2.80143e-05	5.70121e-05	-29.406	-0.00309946	0.000154973	0.00310303	177.132	0.000141562	2.62262e-05	0.000144006	10.494	-2.083202e-11
0.515	206			3.45858e-05	-2.69265e-05	4.3832e-05	-37.896	-0.00311662	0.000156642	0.00312044	177.12	0.00011772	2.715e-05	0.000120819	12.99	-2.083202e-11
0.5175	207			2.64497e-05	-2.70606e-05	3.78343e-05	-45.648	-0.00313784	0.000157596	0.00314142	177.12	8.38046e-05	2.92064e-05	8.87518e-05	19.218	-1.840287e-11
0.52	208			2.10778e-05	-2.66061e-05	3.39376e-05	-51.606	-0.00315453	0.000158311	0.00315811	177.126	4.97999e-05	2.95938e-05	5.79359e-05	30.72	-2.47689e-11
0.5225	209			1.60636e-05	-2.61964e-05	3.0719e-05	-58.476	-0.00316478	0.000159026	0.0031686	177.12	2.14131e-05	3.22538e-05	3.87209e-05	56.418	-1.840291e-11
0.525	210			1.50875e-05	-2.715e-05	3.10543e-05	-60.924	-0.0031655	0.000159503	0.00316907	177.114	1.61306e-05	3.16205e-05	3.55022e-05	62.976	-1.890548e-11
0.5275	211			1.81721e-05	-2.58089e-05	3.15609e-05	-54.834	-0.00316526	0.000158311	0.00316907	177.138	1.67714e-05	3.21793e-05	3.62846e-05	62.472	-1.836102e-11
0.53	212			1.70321e-05	-2.5943e-05	3.10319e-05	-56.7	-0.00316621	0.000157596	0.00317003	177.144	2.51533e-05	3.21048e-05	4.07847e-05	51.918	-2.238166e-11
0.5325	213			2.18452e-05	-2.60026e-05	3.39525e-05	-49.962	-0.0031655	0.000158311	0.00316907	177.138	2.86252e-05	3.18664e-05	4.28336e-05	48.072	-1.991065e-11
0.535	214			4.80267e-05	-2.71128e-05	5.51494e-05	-29.436	-0.0031655	0.000158311	0.00316907	177.138	1.75611e-05	3.27828e-05	3.71861e-05	61.818	-2.242356e-11
0.5375	215			0.00011386	-3.10394e-05	0.00011801	-15.246	-0.0031655	0.000159503	0.00316907	177.114	6.96632e-06	3.4176e-05	3.48839e-05	78.468	-2.342872e-11
0.54	216			0.000198514	-3.48391e-05	0.000201554	-9.948	-0.00316502	0.00015998	0.0031686	177.102	8.85135e-06	3.3051e-05	3.42133e-05	75.006	-1.852854e-11
0.5425	217			0.00027162	-3.96373e-05	0.000274511	-8.304	-0.00316502	0.00015998	0.0031686	177.102	2.5645e-05	3.20526e-05	4.10455e-05	51.342	-2.430818e-11
0.545	218			0.000324907	-4.28262e-05	0.000327708	-7.506	-0.00316764	0.000160457	0.00317146	177.096	4.74455e-05	3.11884e-05	5.67811e-05	33.318	-2.20466e-11
0.5475	219			0.000341984	-4.52998e-05	0.000344964	-7.542	-0.00317265	0.000161172	0.00317647	177.09	6.35986e-05	3.24475e-05	7.13994e-05	27.03	-1.601564e-11
0.55	220			0.000343146	-4.55084e-05	0.000346156	-7.548	-0.00318195	0.000161887	0.00318576	177.084	8.72915e-05	3.05998e-05	9.24994e-05	19.32	-1.869606e-11
0.5525	221			0.000362577	-4.67005e-05	0.000365587	-7.338	-0.00319602	0.000163318	0.00320007	177.072	0.000134886	2.85805e-05	0.000137881	11.964	-2.079017e-11
0.555	222			0.000386091	-4.93529e-05	0.00038922	-7.278	-0.00322939	0.000164033	0.00323345	177.09	0.00021577	2.57791e-05	0.000217319	6.816	-2.497833e-11
0.5575	223			0.000380697	-4.7982e-05	0.000383707	-7.182	-0.00329329	0.000168563	0.00329734	177.066	0.000231744	2.4736e-05	0.000233085	6.096	-2.083202e-11
0.56	224			0.000332953	-4.66111e-05	0.000336202	-7.968	-0.00337984	0.000174046	0.00338413	177.048	0.000186474	2.70606e-05	0.000188411	8.262	-2.192093e-11
0.5625	225			0.000252994	-4.22003e-05	0.00025651	-9.468	-0.00340749	0.000174285	0.00341178	177.072	9.84077e-05	3.2455e-05	0.000103623	18.258	-2.183717e-11
0.565	226			0.000194312	-3.93095e-05	0.000198246	-11.43	-0.00340964	0.000174762	0.00341393	177.06	7.93641e-05	3.44219e-05	8.65166e-05	23.448	-1.542929e-11
0.5675	227			0.000174553	-3.8028e-05	0.000178636	-12.282	-0.00342323	0.000174762	0.00342752	177.072	0.000132442	3.17397e-05	0.000136198	13.476	-2.288416e-11
0.57	228			0.00017798	-3.89221e-05	0.000182183	-12.33	-0.0034578	0.000176431	0.00346209	177.078	0.000201733	2.78057e-05	0.00020367	7.848	-2.095768e-11
0.5725	229			0.000172437	-3.85346e-05	0.000176669	-12.588	-0.0034795	0.000177861	0.00348379	177.072	0.000211836	2.76269e-05	0.000213624	7.434	-2.581596e-11
0.575	230			0.000148953	-3.75214e-05	0.000153602	-14.13	-0.00350668	0.000178815	0.00351097	177.078	0.000196905	2.78057e-05	0.000198842	8.046	-2.435009e-11
0.5775	231			0.000121117	-3.58822e-05	0.000126303	-16.494	-0.00353171	0.000180961	0.00353624	177.066	0.000166834	3.09052e-05	0.000169666	10.506	-1.73977e-11
0.58	232			9.81693e-05	-3.41239e-05	0.000103921	-19.146	-0.00354697	0.000180961	0.00355126	177.078	0.00014782	3.12033e-05	0.000151099	11.922	-1.848666e-11
0.5825	233			7.58176e-05	-3.28126e-05	8.26125e-05	-23.388	-0.00356247	0.000181437	0.00356676	177.084	0.000128985	3.28424e-05	0.000133098	14.292	-1.978495e-11
0.585	234			4.92933e-05	-3.20675e-05	5.88002e-05	-33.042	-0.00357868	0.000181437	0.00358297	177.096	0.000109852	3.26934e-05	0.00011462	16.584	-2.242349e-11
0.5875	235			3.13448e-05	-3.05923e-05	4.37947e-05	-44.298	-0.00359155	0.000182153	0.00359608	177.096	9.24771e-05	3.36471e-05	9.84077e-05	19.992	-2.087392e-11
0.59	236			1.94387e-05	-2.95268e-05	3.53458e-05	-56.64	-0.00360252	0.000181676	0.00360705	177.108	6.83372e-05	3.42729e-05	7.64732e-05	26.646	-2.112517e-11
0.5925	237			1.35005e-05	-2.96534e-05	3.25816e-05	-65.508	-0.00361015	0.000182153	0.00361468	177.114	4.08592e-05	3.51968e-05	5.39424e-05	40.74	-2.280049e-11
0.595	238			9.75287e-06	-2.92362e-05	3.08158e-05	-71.538	-0.00361444	0.000182391	0.00361873	177.108	1.67416e-05	3.74767e-05	4.10455e-05	65.922	-1.668577e-11
0.5975	239			1.41711e-05	-3.02122e-05	3.33714e-05	-64.872	-0.00361659	0.00018406	0.00362088	177.084	8.2106e-06	3.74245e-05	3.83186e-05	77.628	-2.238167e-11
0.6	240			3.6143e-05	-3.10543e-05	4.76467e-05	-40.668	-0.00361682	0.000182868	0.00362135	177.102	4.99937e-06	3.80205e-05	3.83484e-05	82.5	-1.999439e-11
0.6025	241			6.40308e-05	-3.36024e-05	7.23158e-05	-27.684	-0.00361802	0.000182868	0.00362231	177.102	4.35117e-06	3.78492e-05	3.80951e-05	83.436	-2.133461e-11
0.605	242			8.32756e-05	-3.35204e-05	8.97651e-05	-21.924	-0.0036173	0.000181437	0.00362159	177.126	3.79236e-06	3.81472e-05	3.83335e-05	84.324	-2.2968e-11
0.6075	243			9.36245e-05	-3.31777e-05	9.93242e-05	-19.512	-0.0036173	0.000182153	0.00362183	177.12	5.69227e-06	3.69402e-05	3.73723e-05	81.24	-1.932428e-11
0.61	244			9.67984e-05	-3.40196e-05	0.000102602	-19.362	-0.00361706	0.000182153	0.00362159	177.114	6.05735e-06	3.88178e-05	3.92871e-05	81.126	-2.074826e-11
0.6125	245			9.19034e-05	-3.29989e-05	9.76478e-05	-19.746	-0.0036173	0.000181676	0.00362159	177.12	9.41014e-06	3.7201e-05	3.83782e-05	75.804	-1.944993e-11
0.615	246			7.89841e-05	-3.21122e-05	8.52575e-05	-22.122	-0.0036173	0.000183583	0.00362183	177.096	1.51992e-05	3.73053e-05	4.02855e-05	67.824	-2.108334e-11
0.6175	247			5.5969e-05	-3.09201e-05	6.39413e-05	-28.914	-0.00361897	0.000184298	0.00362326	177.084	2.61815e-05	3.7581e-05	4.5799e-05	55.134	-2.196283e-11
0.62	248			5.50973e-05	-3.15832e-05	6.35092e-05	-29.814	-0.00361921	0.000184298	0.00362374	177.084	6.39935e-05	3.43549e-05	7.26362e-05	28.23	-2.108329e-11
0.6225	249			7.52141e-05	-3.33788e-05	8.22847e-05	-23.928	-0.00362064	0.000185252	0.00362493	177.066	0.000111022	3.33267e-05	0.000115917	16.71	-2.070638e-11
0.625	250			0.000151941	-3.76853e-05	0.000156545	-13.926	-0.0036266	0.000187398	0.00363113	177.042	0.000138306	3.2753e-05	0.000142128	13.326	-2.267481e-11
0.6275	251			0.000274511	-4.59554e-05	0.000278326	-9.504	-0.00363447	0.000188828	0.00363924	177.024	0.000145943	3.33714e-05	0.000149713	12.882	-2.305176e-11
0.63	252			0.000366511	-5.04854e-05	0.000369968	-7.842	-0.00364067	0.00018859	0.00364543	177.03	0.00015121	3.36098e-05	0.000154906	12.534	-2.313552e-11
0.6325	253			0.00041795	-5.49557e-05	0.000421556	-7.488	-0.00365354	0.000190259	0.00365831	177.018	0.000166022	3.3431e-05	0.000169353	11.388	-1.869604e-11
0.635	254			0.000460627	-5.68035e-05	0.000464084	-7.026	-0.00368215	0.000191213	0.00368692	177.024	0.000208498	3.13523e-05	0.000210852	8.562	-2.133461e-11
0.6375	255			0.000480535	-5.84128e-05	0.000484051	-6.93	-0.00371577	0.000192643	0.00372054	177.03	0.00024906	3.04879e-05	0.000250908	6.984	-2.037138e-11
0.64	256			0.000479819	-5.883e-05	0.000483455	-6.99	-0.0037768	0.000196219	0.00378157	177.024	0.000260623	2.98918e-05	0.000262322	6.546	-2.263293e-11
0.6425	257			0.00043148	-5.60286e-05	0.000435116	-7.392	-0.00387646	0.000201226	0.00388147	177.024	0.000205518	3.2306e-05	0.000208051	8.94	-2.753308e-11
0.645	258			0.000350358	-5.13198e-05	0.000354053	-8.328	-0.00392845	0.000204087	0.0039337	177.024	0.000115633	3.63293e-05	0.000121207	17.448	-2.099954e-11
0.6475	259			0.00028527	-4.90549e-05	0.000289442	-9.744	-0.00393203	0.000203849	0.00393704	177.03	4.8876e-05	4.0293e-05	6.33602e-05	39.504	-1.656007e-11
0.65	260			0.000254693	-4.66707e-05	0.000258984	-10.38	-0.00392964	0.00020361	0.00393465	177.03	1.67118e-05	4.23568e-05	4.55382e-05	68.466	-2.284234e-11
0.6525	261			0.000250043	-4.64323e-05	0.000254335	-10.512	-0.0039449	0.000205279	0.00394991	177.018	8.49372e-06	4.41002e-05	4.49123e-05	79.092	-1.991058e-11
0.655	262			0.000257554	-4.71475e-05	0.000261845	-10.368	-0.00397971	0.000207187	0.00398472	177.018	1.22935e-05	4.25579e-05	4.42939e-05	73.884	-2.464325e-11
0.6575	263			0.00024456	-4.69091e-05	0.00024897	-10.848	-0.00402382	0.000209094	0.00402907	177.024	3.3811e-05	4.22748e-05	5.41362e-05	51.348	-1.96593e-11
0.66	264			0.000203014	-4.54786e-05	0.000208021	-12.612	-0.00406936	0.000211478	0.0040746	177.024	9.93018e-05	3.77449e-05	0.000106231	20.814	-2.141837e-11
0.6625	265			0.000166	-4.27368e-05	0.000171424	-14.43	-0.00409916	0.00021267	0.00410441	177.03	0.00016293	3.59046e-05	0.000166834	12.426	-2.321928e-11
0.665	266			0.000148178	-4.09486e-05	0.000153721	-15.426	-0.00410798	0.000212432	0.00411323	177.036	0.000174106	3.68508e-05	0.000177973	11.952	-2.09577e-11
0.6675	267			0.000127972	-4.10082e-05	0.00013435	-17.76	-0.00412515	0.000214101	0.00413039	177.03	0.000166149	3.6903e-05	0.000170195	12.522	-2.799378e-11
0.67	268			0.00012064	-4.1187e-05	0.000127436	-18.816	-0.00414589	0.000214578	0.00415114	177.036	0.000159346	3.71563e-05	0.000163623	13.128	-2.422443e-11
0.6725	269			9.21492e-05	-3.84452e-05	9.98382e-05	-22.626	-0.00414255	0.000214101	0.0041478	177.042	0.000129581	3.8937e-05	0.000135303	16.722	-2.141836e-11
0.675	270			8.24635e-05	-3.96671e-05	9.15234e-05	-25.686	-0.00414661	0.000214101	0.00415209	177.042	0.000118308	3.86911e-05	0.000124478	18.114	-2.309365e-11
0.6775	271			6.97975e-05	-3.8028e-05	7.94833e-05	-28.566	-0.00416067	0.000215054	0.00416592	177.042	0.000102073	4.03973e-05	0.000109777	21.594	-2.435011e-11
0.68	272			5.0843e-05	-3.72233e-05	6.30026e-05	-36.198	-0.00417498	0.00021577	0.00418022	177.042	8.22772e-05	4.16415e-05	9.22163e-05	26.844	-1.79003e-11
0.6825	273			3.25071e-05	-3.5465e-05	4.81012e-05	-47.484	-0.00418881	0.00021577	0.00419405	177.048	6.71451e-05	4.2707e-05	7.95801e-05	32.46	-2.179534e-11
0.685	274			1.77698e-05	-3.55768e-05	3.9764e-05	-63.45	-0.00420001	0.000216008	0.00420526	177.054	4.9934e-05	4.28932e-05	6.58263e-05	40.662	-1.840291e-11
0.6875	275			6.14676e-06	-3.35875e-05	3.41388e-05	-79.62	-0.00420907	0.000216247	0.00421432	177.06	3.60387e-05	4.27293e-05	5.59019e-05	49.854	-2.112519e-11
0.69	276			1.75089e-06	-3.35427e-05	3.358e-05	-87.006	-0.00421432	0.000216247	0.00421956	177.06	2.36036e-05	4.27591e-05	4.88388e-05	61.104	-2.141839e-11
0.6925	277			9.76033e-07	-3.35427e-05	3.35502e-05	-88.326	-0.00421742	0.000214816	0.00422266	177.084	1.25766e-05	4.42492e-05	4.60001e-05	74.13	-1.978497e-11
0.695	278			5.91579e-06	-3.44815e-05	3.49807e-05	-80.256	-0.00421932	0.000216485	0.00422457	177.06	7.44316e-06	4.45026e-05	4.51209e-05	80.502	-1.932426e-11
0.6975	279			3.13225e-05	-3.48988e-05	4.68942e-05	-48.09	-0.00421837	0.0002172	0.00422385	177.054	5.47621e-06	4.55605e-05	4.58884e-05	83.142	-2.012003e-11
0.7	280			8.60994e-05	-3.80429e-05	9.41237e-05	-23.832	-0.00421932	0.000217916	0.00422457	177.042	3.57629e-06	4.62087e-05	4.63503e-05	85.572	-2.393128e-11
0.7025	281			0.000138917	-4.10455e-05	0.000144848	-16.458	-0.00421908	0.000216247	0.00422433	177.066	3.78491e-06	4.47335e-05	4.48974e-05	85.164	-2.313556e-11
0.705	282			0.000194282	-4.44653e-05	0.000199319	-12.888	-0.00421932	0.000216485	0.00422457	177.06	3.94884e-06	4.57244e-05	4.58958e-05	85.056	-1.865414e-11
0.7075	283			0.000205756	-4.41673e-05	0.000210435	-12.114	-0.0042198	0.000216247	0.00422505	177.066	4.71625e-06	4.47335e-05	4.49794e-05	83.976	-2.426637e-11
0.71	284			0.000226707	-4.50017e-05	0.000231148	-11.226	-0.00422171	0.000216008	0.00422695	177.066	3.12181e-06	4.55605e-05	4.56648e-05	86.076	-2.20047e-11
0.7125	285			0.00023833	-4.53892e-05	0.000242622	-10.782	-0.00422218	0.000216008	0.00422743	177.072	4.44803e-06	4.40853e-05	4.43163e-05	84.234	-1.974313e-11
0.715	286			0.000249656	-4.66409e-05	0.000253977	-10.578	-0.00422648	0.000216962	0.00423172	177.06	3.53904e-06	4.55456e-05	4.56872e-05	85.554	-2.313555e-11
0.7175	287			0.000256659	-4.69091e-05	0.000260891	-10.35	-0.00422981	0.000218631	0.0042353	177.036	4.50763e-06	4.43461e-05	4.45771e-05	84.192	-2.04551e-11
0.72	288			0.000260325	-4.74455e-05	0.000264617	-10.326	-0.00423411	0.000220061	0.00423935	177.024	5.18563e-06	4.44578e-05	4.47559e-05	83.346	-2.066453e-11
0.7225	289			0.000263097	-4.82204e-05	0.000267478	-10.38	-0.00423816	0.000220538	0.00424364	177.018	4.26176e-06	4.54562e-05	4.56574e-05	84.636	-1.936615e-11
0.725	290			0.000266464	-4.83992e-05	0.000270845	-10.296	-0.00423196	0.000221015	0.00423768	177.006	1.11312e-05	4.54339e-05	4.67824e-05	76.236	-2.715617e-11
0.7275	291			0.000252666	-4.69091e-05	0.000256987	-10.512	-0.0042434	0.000221253	0.00424889	177.012	4.8511e-05	4.28038e-05	6.47013e-05	41.418	-2.083202e-11
0.73	292			0.000244232	-4.69985e-05	0.000248702	-10.89	-0.00425842	0.000222922	0.00426391	177.0	0.000154824	3.79833e-05	0.000159414	13.788	-2.359624e-11
0.7325	293			0.000216545	-4.75051e-05	0.0002217	-12.372	-0.00428441	0.000224591	0.0042899	177.0	0.000274243	3.45709e-05	0.000276418	7.188	-1.982686e-11
0.735	294			0.00018108	-4.55382e-05	0.000186712	-14.112	-0.00429824	0.000225545	0.00430396	176.994	0.000305595	3.2306e-05	0.000307294	6.042	-2.422445e-11
0.7375	295			0.000145615	-4.44057e-05	0.000152231	-16.956	-0.00429896	0.00022626	0.00430468	176.988	0.000329735	3.14119e-05	0.000331255	5.448	-2.070638e-11
0.74	296			0.000129283	-4.35414e-05	0.000136406	-18.6	-0.00430539	0.000226022	0.00431111	176.994	0.000339629	3.11437e-05	0.00034106	5.238	-1.664386e-11
0.7425	297			0.000120908	-4.21705e-05	0.000128032	-19.218	-0.0043073	0.000227929	0.00431302	176.97	0.000332775	3.19781e-05	0.000334324	5.49	-2.053885e-11
0.745	298			0.00012982	-4.38693e-05	0.000137032	-18.66	-0.00432447	0.000228168	0.00433019	176.976	0.000318231	3.36769e-05	0.000319989	6.048	-1.953373e-11
0.7475	299			0.000183732	-4.59554e-05	0.000189365	-14.04	-0.00435928	0.00023079	0.00436524	176.97	0.000306906	3.5614e-05	0.000308992	6.624	-2.074828e-11
0.75	300			0.00027776	-5.24821e-05	0.000282677	-10.698	-0.0044091	0.000234128	0.00441507	176.958	0.000289472	3.65677e-05	0.000291767	7.2	-2.079018e-11
0.7525	301			0.000385316	-5.95453e-05	0.000389876	-8.784	-0.00447896	0.000237466	0.00448492	176.964	0.000243575	3.90711e-05	0.000246705	9.114	-1.647633e-11
0.755	302			0.000399353	-6.09758e-05	0.000403972	-8.682	-0.00453332	0.00023842	0.00453904	176.988	0.000172348	4.30348e-05	0.000177653	14.028	-2.095769e-11
0.7575	303			0.000381174	-5.91578e-05	0.000385733	-8.814	-0.00458148	0.000242234	0.0045872	176.97	9.28645e-05	4.66409e-05	0.000103921	26.67	-2.284235e-11
0.76	304			0.000361832	-5.91876e-05	0.00036663	-9.282	-0.00462058	0.000243188	0.0046263	176.982	4.02632e-05	5.03066e-05	6.44331e-05	51.318	-2.409879e-11
0.7625	305			0.000367077	-5.99923e-05	0.000371935	-9.276	-0.0046573	0.000245573	0.00466302	176.982	1.66e-05	5.09622e-05	5.35848e-05	71.94	-2.397312e-11
0.765	306			0.000383051	-6.16317e-05	0.000387998	-9.138	-0.00469545	0.000247957	0.00470164	176.976	8.2255e-06	5.16477e-05	5.23033e-05	80.928	-1.995255e-11
0.7675	307			0.000398161	-6.15423e-05	0.00040287	-8.778	-0.00472453	0.000247957	0.00473073	176.988	6.0201e-06	5.17371e-05	5.20947e-05	83.334	-2.401499e-11
0.77	308			0.000405105	-6.18105e-05	0.000409784	-8.676	-0.00475791	0.000250341	0.00476411	176.982	4.91741e-06	5.22735e-05	5.25119e-05	84.612	-1.944991e-11
0.7725	309			0.000412913	-6.14827e-05	0.000417473	-8.466	-0.00478986	0.000251295	0.00479606	176.994	3.57629e-06	5.07536e-05	5.08728e-05	85.944	-1.815159e-11
0.775	310			0.000415595	-6.11548e-05	0.000420066	-8.37	-0.00481609	0.000253679	0.00482228	176.982	4.58959e-06	4.99787e-05	5.01873e-05	84.726	-1.924053e-11
0.7775	311			0.000421764	-6.16913e-05	0.000426264	-8.322	-0.00476888	0.000251295	0.00477508	176.982	4.97702e-06	4.97403e-05	4.99787e-05	84.258	-2.070637e-11
0.78	312			0.000421377	-6.0648e-05	0.000425728	-8.19	-0.00484708	0.00025654	0.00485328	176.964	5.21544e-06	5.0396e-05	5.06344e-05	84.072	-1.639254e-11
0.7825	313			0.000414969	-6.06182e-05	0.00041938	-8.31	-0.00487617	0.000258448	0.00488237	176.964	5.54326e-06	5.12602e-05	5.15583e-05	83.826	-2.141838e-11
0.785	314			0.00039533	-5.90088e-05	0.00039974	-8.49	-0.00490907	0.000259878	0.00491574	176.964	1.21296e-05	5.02171e-05	5.16775e-05	76.422	-1.840289e-11
0.7875	315			0.000335785	-5.69227e-05	0.000340583	-9.618	-0.00495389	0.000262262	0.00496057	176.964	3.43027e-05	4.8876e-05	5.97241e-05	54.93	-1.815158e-11
0.79	316			0.000238151	-5.17669e-05	0.000243724	-12.264	-0.00500539	0.00026417	0.00501207	176.976	7.47745e-05	4.72965e-05	8.84836e-05	32.31	-2.028758e-11
0.7925	317			0.000153215	-4.76839e-05	0.000160486	-17.28	-0.00502971	0.000265123	0.00503638	176.982	0.000101239	4.81012e-05	0.000112087	25.428	-1.794221e-11
0.795	318			0.000107706	-4.59852e-05	0.000117094	-23.112	-0.00502351	0.00026417	0.00502971	176.988	0.000105799	4.8131e-05	0.000116259	24.462	-2.024568e-11
0.7975	319			9.26559e-05	-4.53296e-05	0.000103146	-26.058	-0.00501445	0.00026417	0.00502065	176.982	0.00011158	4.77138e-05	0.000121356	23.148	-2.162781e-11
0.8	320			8.33278e-05	-4.53296e-05	9.48315e-05	-28.536	-0.00500491	0.000264646	0.00501159	176.97	0.000111551	4.86376e-05	0.000121713	23.556	-2.058072e-11
0.8025	321			6.97677e-05	-4.61342e-05	8.36258e-05	-33.456	-0.00500873	0.000263216	0.00501493	176.988	9.9421e-05	4.99787e-05	0.000111282	26.694	-2.200475e-11
0.805	322			5.36146e-05	-4.37202e-05	6.91717e-05	-39.186	-0.00501636	0.000264646	0.00502303	176.976	8.43708e-05	5.0992e-05	9.85865e-05	31.146	-2.049696e-11
0.8075	323			4.0591e-05	-4.25579e-05	5.88002e-05	-46.332	-0.00502399	0.000264646	0.00503066	176.982	7.00061e-05	5.23033e-05	8.74107e-05	36.774	-1.907302e-11
0.81	324			2.95938e-05	-4.20811e-05	5.14092e-05	-54.87	-0.00503018	0.0002656	0.00503686	176.976	5.65948e-05	5.4002e-05	7.82614e-05	43.662	-1.986874e-11
0.8125	325			2.08245e-05	-4.2476e-05	4.7304e-05	-63.876	-0.00503781	0.0002656	0.00504401	176.982	4.38991e-05	5.52835e-05	7.06022e-05	51.552	-1.991062e-11
0.815	326			1.24723e-05	-4.15223e-05	4.33477e-05	-73.278	-0.00504449	0.000266077	0.00505117	176.976	3.21569e-05	5.45385e-05	6.33006e-05	59.472	-1.970123e-11
0.8175	327			8.09884e-06	-4.1418e-05	4.21929e-05	-78.93	-0.00504974	0.000265123	0.00505641	176.994	2.46466e-05	5.46875e-05	5.99923e-05	65.73	-1.982686e-11
0.82	328			3.59864e-06	-4.08145e-05	4.0971e-05	-84.96	-0.0050545	0.0002656	0.0050607	176.988	1.8567e-05	5.53133e-05	5.83532e-05	71.436	-2.573219e-11
0.8225	329			-8.19568e-08	-4.07251e-05	4.07177e-05	-90.114	-0.00505832	0.000266554	0.00506499	176.982	1.37091e-05	5.51047e-05	5.68035e-05	76.014	-2.108335e-11
0.825	330			-1.75834e-06	-4.10231e-05	4.10529e-05	-92.448	-0.00505784	0.000265123	0.00506452	177.0	1.02521e-05	5.4002e-05	5.49855e-05	79.242	-2.254917e-11
0.8275	331			-3.09946e-06	-4.09337e-05	4.10455e-05	-94.32	-0.0050607	0.000266077	0.00506738	176.988	8.82155e-06	5.31378e-05	5.38828e-05	80.55	-2.296799e-11
0.83	332			-1.97442e-06	-3.99651e-05	4.00024e-05	-92.826	-0.00506166	0.000264646	0.00506833	177.006	6.82476e-06	5.3853e-05	5.43001e-05	82.758	-2.070638e-11
0.8325	333			-3.48689e-06	-3.96597e-05	3.98087e-05	-95.028	-0.00506118	0.000265123	0.00506786	177.0	5.51346e-06	5.47173e-05	5.49855e-05	84.228	-1.79841e-11
0.835	334			-3.79236e-06	-4.01812e-05	4.03526e-05	-95.382	-0.00506213	0.000264646	0.00506881	177.006	5.9903e-06	5.39424e-05	5.42703e-05	83.652	-1.857041e-11
0.8375	335			1.81795e-06	-3.95107e-05	3.95405e-05	-87.36	-0.00506118	0.00026417	0.00506786	177.012	5.24524e-06	5.38828e-05	5.41213e-05	84.42	-2.053885e-11
0.84	336			4.50166e-05	-4.06953e-05	6.06778e-05	-42.108	-0.00506118	0.000266554	0.00506786	176.982	5.30484e-06	5.45385e-05	5.48067e-05	84.42	-2.472702e-11
0.8425	337			0.000118003	-4.52029e-05	0.000126363	-20.958	-0.00506213	0.000267031	0.00506833	176.976	4.7386e-06	5.67737e-05	5.69823e-05	85.206	-1.689515e-11
0.845	338			0.000200094	-5.00681e-05	0.000206263	-14.04	-0.00506213	0.000266554	0.00506833	176.982	3.36768e-06	5.54922e-05	5.56114e-05	86.514	-2.313547e-11
0.8475	339			0.000308575	-5.70717e-05	0.00031382	-10.476	-0.00506309	0.000267508	0.00506929	176.976	5.63267e-06	5.62372e-05	5.65054e-05	84.264	-2.183712e-11
0.85	340			0.0003697	-6.09758e-05	0.000374677	-9.36	-0.00506547	0.000267508	0.00507215	176.976	5.21544e-06	5.61776e-05	5.64458e-05	84.678	-1.840291e-11
0.8525	341			0.00039372	-6.22575e-05	0.000398608	-8.982	-0.00506929	0.0002656	0.00507596	176.994	4.44058e-06	5.73697e-05	5.75485e-05	85.566	-2.04132e-11
0.855	342			0.000415655	-6.33006e-05	0.000420453	-8.658	-0.00507453	0.000267508	0.00508121	176.982	3.87433e-06	5.63564e-05	5.65054e-05	86.046	-2.19628e-11
0.8575	343			0.000421973	-6.3539e-05	0.000426712	-8.562	-0.00507644	0.000266554	0.00508264	176.988	4.38097e-06	5.57902e-05	5.5969e-05	85.512	-2.250727e-11
0.86	344			0.000430139	-6.39562e-05	0.000434848	-8.454	-0.00508025	0.000267031	0.00508693	176.988	4.50018e-06	5.63862e-05	5.6565e-05	85.422	-2.171156e-11
0.8625	345			0.00042847	-6.53868e-05	0.000433447	-8.676	-0.00508311	0.000267508	0.00508979	176.988	3.84453e-06	5.53729e-05	5.54922e-05	86.022	-2.246539e-11
0.865	346			0.000443907	-6.54464e-05	0.000448706	-8.382	-0.00508884	0.000269892	0.00509503	176.964	3.99354e-06	5.50749e-05	5.52239e-05	85.83	-1.986873e-11
0.8675	347			0.000459196	-6.52676e-05	0.000463786	-8.082	-0.00509503	0.000271799	0.00510171	176.946	3.96374e-06	5.62074e-05	5.63564e-05	85.95	-2.280045e-11
0.87	348			0.000454726	-6.5506e-05	0.000459434	-8.19	-0.00509742	0.000274183	0.00510409	176.922	5.87109e-06	5.61776e-05	5.64756e-05	84.024	-2.221412e-11
0.8725	349			0.000458898	-6.65192e-05	0.000463726	-8.238	-0.00511363	0.000274183	0.00512031	176.928	6.0201e-06	5.74889e-05	5.78167e-05	84.012	-1.848662e-11
0.875	350			0.000455739	-6.5506e-05	0.000460388	-8.172	-0.00513509	0.000276091	0.00514224	176.922	9.71562e-06	5.77273e-05	5.8532e-05	80.448	-1.949181e-11
0.8775	351			0.000451149	-6.62212e-05	0.000455977	-8.346	-0.00516704	0.000277521	0.00517419	176.922	3.02197e-05	5.52537e-05	6.30026e-05	61.314	-2.037131e-11
0.88	352			0.000431659	-6.52676e-05	0.000436606	-8.592	-0.00519803	0.000279428	0.00520566	176.922	0.000103117	5.26311e-05	0.000115782	27.042	-2.041319e-11
0.8825	353			0.000403406	-6.52676e-05	0.000408651	-9.186	-0.00523427	0.000281813	0.00524142	176.916	0.000217319	4.83396e-05	0.000222624	12.546	-2.058076e-11
0.885	354			0.000369253	-6.40159e-05	0.000374736	-9.828	-0.00527242	0.00028515	0.00527957	176.904	0.000313045	4.3601e-05	0.000316055	7.932	-2.108332e-11
0.8875	355			0.000346603	-6.26449e-05	0.000352206	-10.242	-0.00527623	0.00028515	0.00528339	176.904	0.000374855	4.13957e-05	0.00037712	6.306	-2.217221e-11
0.89	356			0.00032437	-6.23469e-05	0.000330271	-10.872	-0.00530007	0.000286104	0.00530723	176.91	0.000393512	3.98459e-05	0.000395538	5.784	-2.44757e-11
0.8925	357			0.000295224	-6.07374e-05	0.000301363	-11.616	-0.00532296	0.000288012	0.00533012	176.898	0.000388565	4.31242e-05	0.000390949	6.336	-2.313552e-11
0.895	358			0.000270071	-6.00817e-05	0.000276627	-12.54	-0.00532821	0.000288965	0.00533536	176.892	0.000382992	4.3452e-05	0.000385435	6.474	-2.229793e-11
0.8975	359			0.000244321	-5.84724e-05	0.000251235	-13.446	-0.00533679	0.000289919	0.00534442	176.892	0.00037262	4.44355e-05	0.000375273	6.804	-2.535525e-11
0.9	360			0.000223518	-5.75187e-05	0.00023079	-14.424	-0.00535348	0.000290873	0.00536063	176.886	0.000359775	4.49719e-05	0.000362577	7.128	-2.351243e-11
0.9025	361			0.00020367	-5.56114e-05	0.000211121	-15.264	-0.00537446	0.000291349	0.00538161	176.892	0.000346364	4.70283e-05	0.000349553	7.734	-2.296797e-11
0.905	362			0.000187577	-5.58498e-05	0.000195683	-16.572	-0.00540307	0.000292303	0.0054107	176.904	0.000325801	4.74157e-05	0.000329228	8.28	-2.351242e-11
0.9075	363			0.000172616	-5.41809e-05	0.000180901	-17.412	-0.00544694	0.000295641	0.00545457	176.892	0.000301214	4.98595e-05	0.000305297	9.402	-1.76909e-11
0.91	364			0.000150681	-5.40616e-05	0.000160099	-19.722	-0.00549796	0.000296595	0.00550559	176.91	0.000266196	4.99191e-05	0.000270845	10.626	-1.488481e-11
0.9125	365			0.000120283	-5.21543e-05	0.000131072	-23.424	-0.00555041	0.000298979	0.00555757	176.916	0.000220926	5.22139e-05	0.000227035	13.302	-2.049699e-11
0.915	366			8.80365e-05	-5.06642e-05	0.000101567	-29.91	-0.00558856	0.000299932	0.00559619	176.922	0.000169904	5.3704e-05	0.000178219	17.55	-2.267479e-11
0.9175	367			5.80552e-05	-4.87866e-05	7.58176e-05	-40.014	-0.00560907	0.000300409	0.00561669	176.934	0.00012371	5.72803e-05	0.000136317	24.846	-2.141835e-11
0.92	368			3.42729e-05	-4.74157e-05	5.85022e-05	-54.132	-0.00561765	0.000300886	0.00562528	176.928	8.63676e-05	5.82042e-05	0.00010416	33.984	-2.032942e-11
0.9225	369			1.83285e-05	-4.75647e-05	5.09622e-05	-68.922	-0.00562003	0.000301363	0.00562766	176.928	5.41213e-05	6.11548e-05	8.16886e-05	48.498	-2.091578e-11
0.925	370			1.15932e-05	-4.62162e-05	4.76392e-05	-75.912	-0.00562146	0.00030184	0.00562909	176.922	2.75375e-05	6.34198e-05	6.91419e-05	66.522	-2.409877e-11
0.9275	371			4.46665e-05	-4.91517e-05	6.64149e-05	-47.736	-0.00562146	0.000302793	0.00562909	176.916	1.26064e-05	6.42841e-05	6.55358e-05	78.9	-2.091576e-11
0.93	372			0.00014297	-5.44342e-05	0.000152984	-20.844	-0.00562146	0.00030327	0.00562957	176.91	6.31812e-06	6.57444e-05	6.60424e-05	84.498	-1.924048e-11
0.9325	373			0.000300797	-6.38966e-05	0.000307502	-11.988	-0.00562194	0.000304224	0.00562957	176.898	7.42081e-06	6.51483e-05	6.55656e-05	83.49	-2.120894e-11
0.935	374			0.000426622	-7.14068e-05	0.000432553	-9.498	-0.00562337	0.000304224	0.005631	176.898	5.93069e-06	6.49993e-05	6.52676e-05	84.786	-1.647631e-11
0.9375	375			0.000531856	-7.71885e-05	0.000537459	-8.256	-0.00563052	0.000303747	0.00563863	176.91	5.27504e-06	6.3688e-05	6.39264e-05	85.248	-1.890543e-11
0.94	376			0.000619475	-8.21357e-05	0.000624899	-7.554	-0.00564626	0.000304224	0.00565389	176.91	5.42405e-06	6.3539e-05	6.37774e-05	85.098	-1.995249e-11
0.9425	377			0.000654045	-8.28509e-05	0.000659291	-7.218	-0.00571111	0.000307562	0.00571921	176.916	6.19891e-06	6.48801e-05	6.51781e-05	84.528	-2.342863e-11
0.945	378			0.000667993	-8.29701e-05	0.000673119	-7.08	-0.00581172	0.000312807	0.00581935	176.916	5.39425e-06	6.45225e-05	6.47609e-05	85.218	-2.569021e-11
0.9475	379			0.000677172	-8.44006e-05	0.000682417	-7.104	-0.00590804	0.000318529	0.00591663	176.91	5.42405e-06	6.40457e-05	6.42543e-05	85.134	-2.104139e-11
0.95	380			0.000679854	-8.38046e-05	0.00068498	-7.026	-0.00602201	0.000324251	0.00603059	176.916	4.94721e-06	6.32112e-05	6.339e-05	85.506	-2.338677e-11
0.9525	381			0.00067896	-8.39834e-05	0.000684146	-7.044	-0.00606778	0.000327589	0.00607637	176.904	5.60287e-06	6.2943e-05	6.31814e-05	84.9	-2.217226e-11
0.955	382			0.000680331	-8.36258e-05	0.000685457	-7.002	-0.00609878	0.000329973	0.00610736	176.904	5.93069e-06	6.53272e-05	6.55954e-05	84.81	-1.991055e-11
0.9575	383			0.000679735	-8.45795e-05	0.00068498	-7.092	-0.00612977	0.000331404	0.00613788	176.904	3.84453e-06	6.50291e-05	6.51185e-05	86.61	-2.254913e-11
0.96	384			0.000683073	-8.35066e-05	0.000688139	-6.972	-0.00615266	0.000331881	0.00616124	176.91	5.54326e-06	6.40457e-05	6.42841e-05	85.05	-2.07482e-11
0.9625	385			0.000687603	-8.31489e-05	0.00069261	-6.894	-0.00616601	0.000336172	0.00617507	176.874	6.10951e-06	6.52079e-05	6.5506e-05	84.63	-2.020377e-11
0.965	386			0.000689272	-8.26721e-05	0.000694219	-6.834	-0.0061827	0.000338556	0.00619128	176.862	6.58634e-06	6.83968e-05	6.87246e-05	84.492	-2.037127e-11
0.9675	387			0.000685457	-8.21357e-05	0.000690345	-6.834	-0.00619271	0.000340464	0.0062013	176.85	5.63267e-06	6.60424e-05	6.6251e-05	85.122	-2.016185e-11
0.97	388			0.000676934	-8.24337e-05	0.00068194	-6.942	-0.00620797	0.00034094	0.00621703	176.85	6.40753e-06	6.61616e-05	6.64894e-05	84.462	-2.313551e-11
0.9725	389			0.000654224	-8.07052e-05	0.000659171	-7.032	-0.00622037	0.000341894	0.00622943	176.85	8.79174e-06	6.57444e-05	6.63106e-05	82.362	-2.342867e-11
0.975	390			0.000606183	-7.95131e-05	0.000611428	-7.47	-0.00624135	0.000341417	0.00625041	176.868	1.4484e-05	6.73239e-05	6.88736e-05	77.844	-2.053882e-11
0.9775	391			0.000495259	-7.40294e-05	0.000500742	-8.502	-0.00626281	0.000342848	0.00627187	176.868	2.8819e-05	6.68769e-05	7.28075e-05	66.678	-2.125082e-11
0.98	392			0.000367107	-6.68769e-05	0.000373127	-10.314	-0.00628999	0.000342848	0.00629857	176.874	5.0843e-05	6.47609e-05	8.23443e-05	51.852	-2.309362e-11
0.9825	393			0.000273528	-6.35986e-05	0.000280799	-13.086	-0.00632289	0.000344755	0.00633195	176.874	8.36556e-05	6.32708e-05	0.000104875	37.104	-1.618313e-11
0.985	394			0.000210286	-6.04989e-05	0.00021881	-16.05	-0.00634244	0.000346186	0.0063515	176.874	0.000118763	6.34198e-05	0.000134648	28.104	-1.982686e-11
0.9875	395			0.000161172	-5.99029e-05	0.00017196	-20.382	-0.00634721	0.000345232	0.00635627	176.88	0.000132085	6.34198e-05	0.000146539	25.656	-2.24654e-11
0.99	396			0.000121534	-5.72207e-05	0.00013435	-25.2	-0.00634339	0.000345232	0.00635198	176.886	0.000121952	6.49397e-05	0.000138164	28.038	-2.208845e-11
0.9925	397			9.18512e-05	-5.56114e-05	0.000107348	-31.176	-0.00633529	0.000344278	0.00634387	176.886	0.000104189	6.64596e-05	0.000123591	32.538	-2.238166e-11
0.995	398			6.69365e-05	-5.41213e-05	8.60696e-05	-38.94	-0.00632671	0.000342848	0.00633529	176.898	8.58908e-05	6.81882e-05	0.000109673	38.442	-2.116706e-11
0.9975	399			5.36444e-05	-5.37338e-05	7.5907e-05	-45.042	-0.00632241	0.000343325	0.006331	176.886	7.31056e-05	7.02743e-05	0.000101418	43.872	-2.125083e-11
1.0	400			4.0442e-05	-5.25417e-05	6.6251e-05	-52.398	-0.00631908	0.000342848	0.00632766	176.892	5.85618e-05	7.14068e-05	9.23579e-05	50.652	-2.217223e-11
