variable x	variable x count			lockin1 x	lockin1 y	lockin1 r	lockin1 phi	lockin2 x	lockin2 y	lockin2 r	lockin2 phi	lockin3 x	lockin3 y	lockin3 r	lockin3 phi	smu1 meas	


1.0	0			0.000575785	-7.56984e-05	0.000580791	-7.482	-0.00505832	0.000282289	0.00506595	176.796	0.0006187	3.2902e-05	0.000619415	3.054	-2.351273e-11
0.9975	1			0.000516895	-7.18837e-05	0.000521783	-7.908	-0.00506023	0.000282289	0.00506786	176.796	0.000585798	3.50478e-05	0.000586752	3.438	-2.091608e-11
0.995	2			0.000442388	-6.74729e-05	0.000447633	-8.658	-0.00505832	0.000280382	0.00506595	176.814	0.000574831	3.52862e-05	0.000576023	3.534	-1.986896e-11
0.9925	3			0.000388624	-6.47311e-05	0.000393989	-9.444	-0.00505832	0.000280382	0.00506595	176.814	0.000569586	3.40941e-05	0.000570778	3.45	-1.957581e-11
0.99	4			0.000332477	-6.02009e-05	0.00033796	-10.248	-0.00505832	0.000280382	0.00506595	176.814	0.000568632	3.43325e-05	0.000569586	3.474	-1.434055e-11
0.9875	5			0.000213386	-5.29292e-05	0.000219823	-13.914	-0.00506023	0.000280382	0.00506786	176.814	0.000569586	3.40941e-05	0.000570778	3.45	-2.104169e-11
0.985	6			0.000193478	-5.12602e-05	0.000200153	-14.814	-0.00506023	0.000280382	0.00506786	176.814	0.000569109	3.50478e-05	0.000570301	3.534	-2.062286e-11
0.9825	7			0.000233413	-5.53133e-05	0.00023985	-13.32	-0.00505832	0.000280382	0.00506595	176.814	0.000570778	3.55246e-05	0.000571731	3.576	-1.911513e-11
0.98	8			0.000312688	-6.28238e-05	0.000318887	-11.34	-0.00505832	0.000282289	0.00506595	176.796	0.000570778	3.64783e-05	0.00057197	3.654	-1.735606e-11
0.9775	9			0.0003742	-6.55656e-05	0.000379803	-9.93	-0.00505832	0.000282289	0.00506595	176.796	0.000571731	3.8624e-05	0.000572924	3.87	-1.806804e-11
0.975	10			0.000430824	-6.91419e-05	0.000436308	-9.114	-0.00505832	0.000284197	0.00506404	176.772	0.000574831	3.79088e-05	0.000576261	3.78	-1.945018e-11
0.9725	11			0.000490431	-7.34334e-05	0.000495914	-8.502	-0.0050526	0.000282289	0.00505832	176.79	0.000583176	3.64783e-05	0.000584368	3.582	-1.664408e-11
0.97	12			0.000579242	-8.02283e-05	0.000584725	-7.878	-0.00503924	0.000282289	0.00504497	176.784	0.000601295	3.64783e-05	0.000602249	3.486	-2.271699e-11
0.9675	13			0.000631336	-8.22549e-05	0.000636581	-7.416	-0.00500873	0.000280382	0.00501636	176.778	0.000634436	3.60014e-05	0.000635389	3.264	-2.204679e-11
0.965	14			0.000669006	-8.35662e-05	0.000674251	-7.116	-0.00497249	0.000281336	0.00498012	176.754	0.000660662	3.33788e-05	0.000661615	2.904	-1.74817e-11
0.9625	15			0.000747446	-8.92882e-05	0.00075281	-6.81	-0.00492671	0.000275614	0.00493434	176.796	0.000683788	3.09946e-05	0.000684503	2.61	-1.865443e-11
0.96	16			0.000788931	-9.07187e-05	0.000794057	-6.558	-0.00488475	0.000271799	0.00489143	176.814	0.000667337	3.38557e-05	0.000668291	2.916	-1.568079e-11
0.9575	17			0.000843648	-9.29837e-05	0.000848774	-6.282	-0.00486091	0.000269892	0.00486758	176.82	0.000664238	3.24252e-05	0.000664953	2.802	-1.836127e-11
0.955	18			0.000863437	-9.4295e-05	0.000868563	-6.228	-0.0048466	0.000268938	0.00485328	176.82	0.000675444	3.24252e-05	0.000676159	2.754	-2.066476e-11
0.9525	19			0.000901464	-9.64408e-05	0.00090659	-6.102	-0.00482848	0.000267031	0.0048342	176.832	0.00070167	3.02793e-05	0.000702385	2.472	-1.865441e-11
0.95	20			0.000838879	-9.32221e-05	0.000844005	-6.342	-0.00478938	0.000265123	0.00479606	176.82	0.000741962	2.9564e-05	0.000742678	2.286	-1.609961e-11
0.9475	21			0.000918631	-9.78713e-05	0.000923876	-6.078	-0.00476173	0.00026417	0.0047684	176.82	0.000779871	2.59877e-05	0.000780348	1.908	-2.03716e-11
0.945	22			0.000806216	-8.96459e-05	0.000811104	-6.336	-0.00474933	0.00026417	0.004756	176.808	0.000802759	2.45572e-05	0.000803236	1.758	-1.9492e-11
0.9425	23			0.000810031	-8.92882e-05	0.000814918	-6.288	-0.0047293	0.000263216	0.00473502	176.814	0.000836853	2.24115e-05	0.000837091	1.542	-2.062286e-11
0.94	24			0.00073624	-8.46391e-05	0.000741128	-6.546	-0.00471023	0.000262262	0.0047169	176.808	0.000869039	1.97889e-05	0.000869278	1.308	-1.802618e-11
0.9375	25			0.000793461	-8.73809e-05	0.000798348	-6.282	-0.00470641	0.000262262	0.00471309	176.808	0.000885252	1.90736e-05	0.00088549	1.242	-1.857064e-11
0.935	26			0.000722174	-8.33278e-05	0.000727061	-6.576	-0.00471309	0.000263216	0.00471976	176.796	0.000896934	1.88352e-05	0.000896934	1.212	-1.861254e-11
0.9325	27			0.000619534	-7.67712e-05	0.000624303	-7.056	-0.00471118	0.000261309	0.0047169	176.814	0.000916246	1.6451e-05	0.000916246	1.044	-2.028781e-11
0.93	28			0.000586037	-7.49831e-05	0.000590805	-7.284	-0.00470451	0.000261309	0.00471118	176.814	0.00093222	1.59742e-05	0.00093222	0.996	-2.045534e-11
0.9275	29			0.000530008	-7.17645e-05	0.000534896	-7.704	-0.00469306	0.000257494	0.00469878	176.85	0.000952009	1.45436e-05	0.000952248	0.882	-1.823559e-11
0.925	30			0.000471832	-6.79498e-05	0.000476601	-8.184	-0.00468448	0.00025654	0.0046902	176.856	0.000972275	1.07289e-05	0.000972275	0.636	-2.301013e-11
0.9225	31			0.000493769	-6.89034e-05	0.000498537	-7.938	-0.00468066	0.000254633	0.00468639	176.874	0.000992067	9.05996e-06	0.000992067	0.528	-1.945016e-11
0.92	32			0.000502709	-6.83074e-05	0.000507358	-7.722	-0.00465968	0.000254633	0.0046654	176.874	0.00100661	9.05996e-06	0.00100661	0.522	-1.978523e-11
0.9175	33			0.000508551	-6.98571e-05	0.000513319	-7.812	-0.00465682	0.000254633	0.00466254	176.868	0.00101019	8.82155e-06	0.00101019	0.51	-2.099982e-11
0.915	34			0.000501398	-6.89034e-05	0.000506166	-7.818	-0.00463775	0.000252726	0.00464347	176.874	0.00100041	1.00136e-05	0.00100041	0.582	-1.861255e-11
0.9125	35			0.000510577	-7.08108e-05	0.000515465	-7.884	-0.00463012	0.000252726	0.00463584	176.868	0.0009811	1.07289e-05	0.0009811	0.63	-1.794244e-11
0.91	36			0.000497822	-6.84266e-05	0.000502471	-7.824	-0.00462249	0.000252726	0.00462821	176.862	0.000942949	1.14442e-05	0.000942949	0.708	-2.175371e-11
0.9075	37			0.000494961	-7.08108e-05	0.000499967	-8.13	-0.00461677	0.000251772	0.00462249	176.868	0.000824455	1.69278e-05	0.000824694	1.194	-2.200496e-11
0.905	38			0.000498418	-7.06916e-05	0.000503425	-8.07	-0.00461009	0.000251772	0.00461581	176.874	0.00068808	2.36036e-05	0.000688318	1.968	-1.790055e-11
0.9025	39			0.000457646	-6.71153e-05	0.000462534	-8.328	-0.00460723	0.000252726	0.00461295	176.85	0.000571731	2.98024e-05	0.000572447	3.0	-1.80262e-11
0.9	40			0.000450255	-6.68769e-05	0.000455262	-8.436	-0.00460628	0.000252726	0.004612	176.85	0.000515465	3.36173e-05	0.000516657	3.756	-1.999464e-11
0.8975	41			0.000537995	-7.23605e-05	0.000542883	-7.656	-0.00460532	0.000254633	0.004612	176.832	0.000484588	3.45709e-05	0.000485899	4.086	-1.731418e-11
0.895	42			0.000512127	-6.93803e-05	0.000516776	-7.71	-0.00460723	0.000252726	0.00461295	176.85	0.000483276	3.43325e-05	0.000484468	4.068	-1.932455e-11
0.8925	43			0.000482084	-6.83074e-05	0.000486853	-8.052	-0.00461391	0.000254633	0.00461963	176.838	0.000499252	3.38557e-05	0.000500444	3.882	-1.764922e-11
0.89	44			0.000525478	-7.03339e-05	0.000530127	-7.614	-0.00461581	0.000254633	0.00462249	176.832	0.000546221	3.11139e-05	0.000547055	3.27	-2.020405e-11
0.8875	45			0.000583295	-7.30758e-05	0.000587825	-7.14	-0.00459769	0.000254633	0.00460437	176.832	0.000628237	2.59877e-05	0.000628714	2.37	-1.710478e-11
0.885	46			0.000657443	-7.82018e-05	0.000662211	-6.78	-0.00452617	0.000249865	0.00453189	176.832	0.000728849	2.1577e-05	0.000729207	1.698	-1.731421e-11
0.8825	47			0.000710491	-8.08244e-05	0.00071514	-6.48	-0.00441077	0.000245096	0.0044165	176.808	0.00080717	1.6451e-05	0.000807408	1.17	-2.129297e-11
0.88	48			0.000762347	-8.44006e-05	0.000766996	-6.312	-0.00431064	0.000239373	0.00431636	176.814	0.000850443	1.38283e-05	0.000850562	0.942	-2.137671e-11
0.8775	49			0.000798587	-8.59504e-05	0.000803236	-6.138	-0.00425532	0.000236512	0.00426105	176.808	0.00086141	1.31131e-05	0.000861529	0.876	-2.200497e-11
0.875	50			0.00075591	-8.38046e-05	0.00076044	-6.318	-0.00423053	0.000235558	0.00423625	176.808	0.00085998	1.40668e-05	0.000860099	0.942	-1.354483e-11
0.8725	51			0.000764016	-8.41622e-05	0.000768546	-6.282	-0.00422195	0.000235558	0.00422767	176.802	0.000851635	1.44244e-05	0.000851873	0.978	-1.915698e-11
0.87	52			0.000728969	-8.09436e-05	0.000733379	-6.336	-0.00421718	0.000234605	0.0042229	176.814	0.000845198	1.46628e-05	0.000845317	0.996	-1.54295e-11
0.8675	53			0.000765327	-8.15396e-05	0.000769619	-6.078	-0.00421813	0.000233651	0.00422385	176.826	0.00083435	1.49012e-05	0.000834469	1.032	-2.497862e-11
0.865	54			0.00081766	-8.53543e-05	0.00082219	-5.958	-0.00421813	0.00023079	0.00422385	176.862	0.000823144	1.54973e-05	0.000823263	1.086	-1.898947e-11
0.8625	55			0.000763778	-8.04667e-05	0.00076795	-6.012	-0.00421813	0.000229836	0.0042229	176.88	0.000808362	1.59742e-05	0.000808481	1.134	-1.735606e-11
0.86	56			0.000775699	-8.21357e-05	0.00077999	-6.042	-0.00421718	0.000228883	0.0042229	176.886	0.000805262	1.66894e-05	0.000805382	1.188	-2.355458e-11
0.8575	57			0.000780467	-8.14204e-05	0.000784639	-5.952	-0.00421718	0.000227929	0.00422195	176.904	0.000810031	1.43052e-05	0.00081015	1.02	-2.062283e-11
0.855	58			0.000753168	-8.02283e-05	0.00075746	-6.072	-0.00421718	0.000227929	0.00422195	176.904	0.000822905	1.43052e-05	0.000823025	1.002	-1.974334e-11
0.8525	59			0.000742678	-7.82018e-05	0.00074685	-6.012	-0.00421718	0.000226975	0.00422195	176.916	0.000835899	1.33515e-05	0.000836018	0.924	-1.98271e-11
0.85	60			0.00071514	-7.76057e-05	0.000719313	-6.192	-0.00421718	0.000227929	0.0042229	176.904	0.00084186	1.31131e-05	0.000841979	0.9	-2.087414e-11
0.8475	61			0.000655178	-7.33142e-05	0.00065935	-6.372	-0.00421718	0.000227929	0.00422195	176.898	0.000840429	1.4186e-05	0.000840548	0.966	-1.861248e-11
0.845	62			0.000601415	-6.98571e-05	0.000605468	-6.618	-0.00421718	0.000227929	0.00422195	176.898	0.000840906	1.33515e-05	0.000841144	0.912	-1.572267e-11
0.8425	63			0.000559095	-6.67577e-05	0.000563029	-6.804	-0.00421813	0.000227929	0.0042229	176.904	0.000847463	1.29939e-05	0.000847582	0.876	-2.087416e-11
0.84	64			0.000518683	-6.54464e-05	0.000522736	-7.176	-0.00421908	0.000226022	0.00422385	176.922	0.000848059	1.13249e-05	0.000848059	0.768	-1.886379e-11
0.8375	65			0.000469448	-6.28238e-05	0.00047362	-7.62	-0.00421718	0.000226975	0.00422195	176.916	0.000849728	1.07289e-05	0.000849847	0.726	-2.183749e-11
0.835	66			0.00041938	-5.93665e-05	0.000423552	-8.04	-0.00421718	0.000225068	0.0042229	176.934	0.000850443	1.01328e-05	0.000850443	0.69	-2.02459e-11
0.8325	67			0.000357391	-5.53133e-05	0.000361683	-8.79	-0.00421718	0.000225068	0.00422195	176.94	0.000850443	9.41759e-06	0.000850443	0.636	-1.88219e-11
0.83	68			0.000281813	-5.20947e-05	0.000286581	-10.452	-0.00421718	0.000225068	0.0042229	176.934	0.000850443	8.58313e-06	0.000850443	0.582	-1.681157e-11
0.8275	69			0.000220419	-4.76839e-05	0.000225545	-12.18	-0.00421813	0.000225068	0.0042229	176.94	0.000849966	9.77522e-06	0.000849966	0.66	-1.547137e-11
0.825	70			0.000200988	-4.76839e-05	0.000206591	-13.338	-0.00421718	0.000225068	0.0042229	176.934	0.0008508	1.04905e-05	0.00085092	0.714	-2.045534e-11
0.8225	71			0.000193954	-4.66111e-05	0.000199498	-13.506	-0.00421718	0.000225068	0.0042229	176.934	0.000849847	1.02521e-05	0.000849847	0.696	-2.23819e-11
0.82	72			0.000177563	-4.70283e-05	0.000183643	-14.82	-0.00421718	0.000225068	0.0042229	176.934	0.000848655	1.21594e-05	0.000848774	0.822	-2.133484e-11
0.8175	73			0.00015849	-4.53594e-05	0.000164867	-15.96	-0.00421718	0.000226975	0.00422195	176.916	0.000845674	1.2517e-05	0.000845794	0.852	-1.806807e-11
0.815	74			0.000137032	-4.54786e-05	0.000144363	-18.348	-0.00421241	0.000226022	0.00421718	176.922	0.000840191	1.29939e-05	0.00084031	0.894	-1.890568e-11
0.8125	75			0.000127138	-4.41077e-05	0.000134588	-19.122	-0.0041981	0.000227929	0.00420287	176.892	0.000807885	1.6451e-05	0.000808123	1.17	-2.108352e-11
0.81	76			0.000165285	-4.5717e-05	0.000171483	-15.438	-0.00416854	0.000225068	0.00417331	176.898	0.000739221	1.84776e-05	0.000739459	1.434	-2.162806e-11
0.8075	77			0.000213266	-4.72667e-05	0.000218452	-12.486	-0.00412658	0.000223161	0.0041323	176.904	0.000613097	2.24115e-05	0.000613455	2.1	-1.965957e-11
0.805	78			0.000299038	-5.17967e-05	0.000303509	-9.822	-0.00407889	0.000221253	0.00408366	176.886	0.000571731	2.47956e-05	0.000572208	2.49	-1.999463e-11
0.8025	79			0.000361206	-5.60882e-05	0.000365557	-8.814	-0.00403598	0.0002203	0.00404075	176.868	0.000591401	2.34843e-05	0.000591878	2.28	-2.141859e-11
0.8	80			0.0004133	-5.84724e-05	0.000417354	-8.046	-0.00400069	0.000218392	0.00400642	176.862	0.000619177	2.30075e-05	0.000619534	2.13	-1.609959e-11
0.7975	81			0.000438156	-6.06182e-05	0.000442328	-7.872	-0.00398543	0.000216485	0.0039902	176.88	0.000638131	2.14578e-05	0.000638489	1.926	-1.597396e-11
0.795	82			0.000518624	-6.53868e-05	0.000522677	-7.182	-0.00396541	0.000216485	0.00397018	176.874	0.000656012	2.06233e-05	0.000656251	1.812	-1.970149e-11
0.7925	83			0.000569347	-6.72941e-05	0.000573341	-6.738	-0.00394347	0.000215531	0.00394824	176.862	0.000676159	1.88352e-05	0.000676397	1.602	-1.978521e-11
0.79	84			0.000585977	-6.8665e-05	0.00059003	-6.678	-0.00393203	0.000213624	0.0039368	176.886	0.000686888	1.82391e-05	0.000687126	1.524	-1.790052e-11
0.7875	85			0.00062174	-7.05724e-05	0.000625733	-6.474	-0.00391868	0.000213624	0.0039244	176.874	0.000697855	1.81199e-05	0.000698213	1.488	-2.007841e-11
0.785	86			0.000601593	-7.04532e-05	0.000605706	-6.678	-0.00391105	0.00021267	0.00391582	176.88	0.000702981	1.66894e-05	0.000703219	1.362	-1.898947e-11
0.7825	87			0.000531618	-6.47907e-05	0.000535551	-6.942	-0.00390245	0.000211717	0.00390819	176.892	0.000707272	1.5855e-05	0.000707511	1.284	-1.739791e-11
0.78	88			0.000532094	-6.59828e-05	0.000536148	-7.068	-0.00389864	0.000211717	0.00390436	176.88	0.000705484	1.63318e-05	0.000705723	1.326	-1.785863e-11
0.7775	89			0.000546221	-6.56252e-05	0.000550155	-6.846	-0.00389768	0.000209809	0.00390245	176.904	0.000675563	1.83583e-05	0.000675801	1.56	-2.087416e-11
0.775	90			0.000571016	-6.88438e-05	0.000575189	-6.87	-0.00389577	0.000207902	0.00389959	176.934	0.000602487	2.05041e-05	0.000602726	1.956	-2.146048e-11
0.7725	91			0.000497524	-6.30026e-05	0.000501458	-7.218	-0.00389577	0.000208856	0.00389959	176.922	0.000529412	2.4438e-05	0.000530008	2.646	-2.09998e-11
0.77	92			0.000477912	-6.23469e-05	0.000481965	-7.428	-0.00389482	0.000207902	0.00389959	176.934	0.000502232	2.46764e-05	0.000502829	2.82	-2.087417e-11
0.7675	93			0.0004285	-5.81744e-05	0.000432434	-7.722	-0.00389577	0.000207902	0.00389959	176.934	0.000496868	2.59877e-05	0.000497464	2.994	-2.510424e-11
0.765	94			0.00032586	-5.18563e-05	0.000329973	-9.03	-0.00389577	0.000207902	0.00390054	176.946	0.000506524	2.59877e-05	0.000507239	2.94	-2.351271e-11
0.7625	95			0.000345828	-5.25119e-05	0.000349762	-8.634	-0.00390054	0.000207902	0.00390531	176.94	0.000515345	2.56301e-05	0.000516061	2.85	-2.095792e-11
0.76	96			0.000364782	-5.44789e-05	0.000368835	-8.484	-0.00390914	0.000208856	0.00391391	176.934	0.000548486	2.24115e-05	0.000548963	2.346	-2.007839e-11
0.7575	97			0.000433864	-5.75783e-05	0.000437679	-7.554	-0.00390914	0.000210763	0.00391391	176.904	0.000622753	1.8716e-05	0.000622991	1.728	-2.485294e-11
0.755	98			0.000550095	-6.41351e-05	0.00055385	-6.648	-0.00386335	0.000209809	0.00386907	176.88	0.00071669	1.46628e-05	0.000716809	1.17	-2.012023e-11
0.7525	99			0.00056893	-6.47311e-05	0.000572626	-6.492	-0.00375558	0.000203134	0.00376035	176.892	0.000768308	1.13249e-05	0.000768308	0.852	-1.777492e-11
0.75	100			0.000510816	-6.15721e-05	0.000514511	-6.87	-0.00366403	0.000199319	0.00366785	176.886	0.000755552	1.20402e-05	0.000755671	0.918	-2.146055e-11
0.7475	101			0.000455024	-5.84128e-05	0.000458719	-7.308	-0.00362493	0.000195504	0.0036297	176.904	0.000696663	1.39475e-05	0.000696782	1.158	-1.672782e-11
0.745	102			0.000401439	-5.51941e-05	0.000405194	-7.824	-0.00361539	0.00019455	0.00361921	176.916	0.000650648	1.6451e-05	0.000650886	1.452	-1.618339e-11
0.7425	103			0.000403823	-5.31676e-05	0.00040734	-7.5	-0.00361349	0.000193597	0.00361826	176.928	0.00063825	1.62126e-05	0.000638489	1.458	-1.547137e-11
0.74	104			0.000410261	-5.42405e-05	0.000413837	-7.53	-0.00361539	0.000193597	0.00361921	176.928	0.000635389	1.46628e-05	0.000635628	1.32	-1.857067e-11
0.7375	105			0.000414731	-5.43001e-05	0.000418248	-7.452	-0.00361539	0.000192643	0.00362016	176.94	0.000627164	1.60934e-05	0.000627402	1.482	-1.325161e-11
0.735	106			0.000427188	-5.53729e-05	0.000430765	-7.38	-0.00361539	0.000192643	0.00362016	176.94	0.000617746	1.51396e-05	0.000617985	1.41	-2.246567e-11
0.7325	107			0.000440897	-5.51345e-05	0.000444354	-7.128	-0.00361539	0.000192643	0.00362016	176.946	0.000610594	1.49012e-05	0.000610832	1.398	-2.07904e-11
0.73	108			0.000452938	-5.56114e-05	0.000456335	-6.996	-0.00361539	0.000191689	0.00362016	176.958	0.000605825	1.54973e-05	0.000605945	1.476	-2.099979e-11
0.7275	109			0.000443818	-5.47173e-05	0.000447156	-7.026	-0.00361539	0.000191689	0.00362016	176.958	0.000602726	1.59742e-05	0.000602964	1.524	-1.999464e-11
0.725	110			0.000426533	-5.38232e-05	0.000429871	-7.188	-0.00361539	0.000190736	0.00362016	176.97	0.000600103	1.60934e-05	0.000600342	1.542	-2.175367e-11
0.7225	111			0.00039679	-5.26311e-05	0.000400307	-7.554	-0.00361539	0.000191689	0.00361921	176.958	0.000595693	1.69278e-05	0.000595931	1.632	-1.982707e-11
0.72	112			0.000380101	-5.02469e-05	0.000383379	-7.524	-0.00361539	0.000190736	0.00362016	176.97	0.000584964	1.50204e-05	0.000585083	1.476	-1.635092e-11
0.7175	113			0.000356497	-4.89356e-05	0.000359835	-7.812	-0.00361635	0.000189782	0.00362016	176.982	0.00055385	1.82391e-05	0.000554208	1.896	-2.468538e-11
0.715	114			0.00035149	-4.98893e-05	0.000355007	-8.064	-0.00361635	0.000187875	0.00362016	177.012	0.000472905	2.1577e-05	0.000473382	2.622	-1.785861e-11
0.7125	115			0.000339629	-4.89356e-05	0.000343146	-8.196	-0.00361539	0.000187875	0.00361921	177.024	0.000457885	2.19346e-05	0.000458362	2.748	-1.949204e-11
0.71	116			0.000285508	-4.62534e-05	0.000289204	-9.192	-0.00361635	0.000187875	0.00362016	177.012	0.000540022	1.89544e-05	0.00054026	2.016	-1.7021e-11
0.7075	117			0.000235201	-4.41077e-05	0.000239314	-10.62	-0.00361539	0.000188828	0.00361921	177.0	0.00056899	1.69278e-05	0.000569347	1.71	-2.388968e-11
0.705	118			0.00018102	-4.07102e-05	0.00018555	-12.66	-0.00361635	0.000189782	0.00362016	176.994	0.000584487	1.72855e-05	0.000584725	1.698	-1.60158e-11
0.7025	119			0.000167252	-3.98161e-05	0.000171901	-13.374	-0.00361635	0.000189782	0.00362016	176.994	0.000591163	1.81199e-05	0.000591401	1.764	-2.053916e-11
0.7	120			0.000155867	-3.96373e-05	0.000160814	-14.25	-0.00361253	0.000188828	0.00361635	177.0	0.000609402	1.6451e-05	0.00060964	1.554	-1.790055e-11
0.6975	121			0.000165225	-3.92797e-05	0.000169815	-13.356	-0.00359251	0.000188828	0.00359632	176.982	0.000641588	1.46628e-05	0.000641827	1.314	-2.221435e-11
0.695	122			0.000173748	-3.98757e-05	0.000178219	-12.924	-0.0035515	0.000186921	0.00355531	176.982	0.000693921	1.34707e-05	0.00069404	1.116	-1.852875e-11
0.6925	123			0.000222505	-4.20215e-05	0.000226439	-10.686	-0.00350381	0.000185967	0.00350763	176.964	0.000742678	1.08481e-05	0.000742797	0.84	-2.405717e-11
0.69	124			0.000261964	-4.54786e-05	0.000265898	-9.846	-0.00346662	0.000183106	0.00347044	176.97	0.00077856	8.58313e-06	0.000778679	0.636	-1.685349e-11
0.6875	125			0.000279369	-4.65515e-05	0.000283243	-9.45	-0.00343515	0.000182153	0.00343896	176.958	0.000804428	7.03338e-06	0.000804428	0.504	-1.597396e-11
0.685	126			0.000279726	-4.55382e-05	0.000283362	-9.246	-0.00341798	0.000181199	0.00342084	176.952	0.000816587	6.19891e-06	0.000816587	0.432	-2.292636e-11
0.6825	127			0.000270547	-4.47037e-05	0.000274183	-9.372	-0.00340368	0.000180245	0.00340749	176.964	0.000817183	5.48366e-06	0.000817183	0.39	-1.756549e-11
0.68	128			0.00027013	-4.51209e-05	0.000273885	-9.474	-0.00339128	0.000179292	0.0033951	176.964	0.000784162	6.19891e-06	0.000784162	0.45	-2.012023e-11
0.6775	129			0.000263097	-4.38096e-05	0.000266733	-9.45	-0.0033827	0.000179292	0.00338556	176.952	0.000684742	1.01328e-05	0.000684742	0.852	-1.584831e-11
0.675	130			0.000265243	-4.40481e-05	0.000268878	-9.426	-0.00337698	0.000178338	0.00338079	176.97	0.000574831	1.4782e-05	0.000575069	1.476	-2.388964e-11
0.6725	131			0.000251951	-4.3452e-05	0.000255646	-9.78	-0.00337698	0.000179292	0.00338079	176.958	0.000510458	1.77623e-05	0.000510816	2.004	-2.12511e-11
0.67	132			0.000273706	-4.40481e-05	0.000277223	-9.138	-0.00337602	0.000179292	0.00337984	176.958	0.000500683	1.9312e-05	0.00050104	2.208	-1.400551e-11
0.6675	133			0.000340344	-4.82204e-05	0.000343742	-8.058	-0.00337793	0.000179292	0.00338174	176.964	0.000508431	1.84776e-05	0.000508789	2.088	-1.970147e-11
0.665	134			0.00036216	-4.96509e-05	0.000365498	-7.8	-0.00338365	0.000178338	0.00338747	176.976	0.000525955	1.84776e-05	0.000526313	2.016	-1.601585e-11
0.6625	135			0.000407698	-5.27503e-05	0.000411095	-7.368	-0.00339319	0.000179292	0.003397	176.964	0.000569347	1.53781e-05	0.000569467	1.554	-2.208875e-11
0.66	136			0.000488164	-5.5969e-05	0.000491325	-6.54	-0.00339796	0.000181199	0.00340177	176.946	0.000658754	1.10865e-05	0.000658754	0.972	-1.878003e-11
0.6575	137			0.000526611	-5.8234e-05	0.000529829	-6.306	-0.00334455	0.000178338	0.00334837	176.94	0.000735287	7.62945e-06	0.000735406	0.6	-2.150238e-11
0.655	138			0.000474395	-5.4002e-05	0.000477435	-6.492	-0.00323679	0.000172616	0.0032406	176.934	0.000730518	6.55654e-06	0.000730518	0.522	-2.418283e-11
0.6525	139			0.000451805	-5.3406e-05	0.000454964	-6.738	-0.00318052	0.000169755	0.00318433	176.94	0.000685815	9.05996e-06	0.000685815	0.762	-1.723037e-11
0.65	140			0.000407996	-5.06642e-05	0.000411155	-7.074	-0.00316526	0.000167848	0.00316907	176.946	0.000613455	1.29939e-05	0.000613693	1.218	-1.693724e-11
0.6475	141			0.000360431	-4.80416e-05	0.00036359	-7.584	-0.00316335	0.00016594	0.00316717	176.982	0.000529055	1.46628e-05	0.000529293	1.584	-1.568079e-11
0.645	142			0.000378253	-4.83396e-05	0.000381352	-7.278	-0.00316335	0.00016594	0.00316621	176.982	0.000452163	1.85968e-05	0.00045252	2.364	-1.639277e-11
0.6425	143			0.000393571	-4.7982e-05	0.000396492	-6.942	-0.00316431	0.000164033	0.00316717	177.018	0.000396254	2.0981e-05	0.00039673	3.042	-1.756545e-11
0.64	144			0.000384094	-4.69091e-05	0.000386896	-6.954	-0.00316335	0.000163079	0.00316621	177.03	0.000377895	2.03849e-05	0.000378491	3.09	-1.907323e-11
0.6375	145			0.000329198	-4.29156e-05	0.000332	-7.416	-0.00316335	0.000163079	0.00316621	177.042	0.000373246	2.0981e-05	0.000373842	3.228	-1.907323e-11
0.635	146			0.000315847	-4.26772e-05	0.000318708	-7.686	-0.00316431	0.000163079	0.00316717	177.048	0.000372769	2.14578e-05	0.000373365	3.294	-1.697915e-11
0.6325	147			0.000316264	-4.16043e-05	0.000319006	-7.488	-0.00316526	0.000163079	0.00316812	177.048	0.000391485	2.0981e-05	0.000391962	3.072	-2.192121e-11
0.63	148			0.000301423	-4.09486e-05	0.000304164	-7.728	-0.00316526	0.000164987	0.00316812	177.012	0.000402452	2.03849e-05	0.000402929	2.91	-1.924074e-11
0.6275	149			0.000234962	-3.85644e-05	0.000238121	-9.312	-0.00316431	0.000164987	0.00316717	177.006	0.000408055	2.00273e-05	0.000408532	2.814	-1.978521e-11
0.625	150			0.000192345	-3.60014e-05	0.000195683	-10.59	-0.00316431	0.000164033	0.00316717	177.018	0.000406506	1.95504e-05	0.000406982	2.76	-2.246567e-11
0.6225	151			0.00014031	-3.31404e-05	0.000144185	-13.266	-0.00316335	0.000163079	0.00316621	177.03	0.000396492	1.99081e-05	0.000396969	2.886	-2.087417e-11
0.62	152			0.000109911	-3.21271e-05	0.000114501	-16.278	-0.00316431	0.000163079	0.00316717	177.03	0.000399115	1.9312e-05	0.000399591	2.772	-1.76911e-11
0.6175	153			9.98382e-05	-3.2604e-05	0.000105024	-18.06	-0.00316526	0.000163079	0.00316812	177.048	0.000373961	2.0981e-05	0.000374557	3.222	-1.890572e-11
0.615	154			9.10764e-05	-3.12629e-05	9.62918e-05	-18.936	-0.00316335	0.000163079	0.00316621	177.03	0.00034857	2.11002e-05	0.000349285	3.468	-2.012026e-11
0.6125	155			0.000117004	-3.36769e-05	0.000121773	-16.05	-0.00315668	0.000162126	0.00315954	177.048	0.000351908	2.13386e-05	0.000352623	3.48	-2.765897e-11
0.61	156			0.000141324	-3.40345e-05	0.000145347	-13.536	-0.00312711	0.000161172	0.00312997	177.048	0.000405671	1.82391e-05	0.000406148	2.58	-1.806803e-11
0.6075	157			0.000179709	-3.72233e-05	0.000183524	-11.7	-0.00307657	0.000159265	0.00308038	177.024	0.00047219	1.4782e-05	0.000472428	1.794	-1.643464e-11
0.605	158			0.000207515	-3.71339e-05	0.000210823	-10.14	-0.00303079	0.000156404	0.00303365	177.042	0.000526432	1.27555e-05	0.000526551	1.398	-1.861252e-11
0.6025	159			0.000190795	-3.64187e-05	0.000194252	-10.806	-0.00300504	0.000156404	0.0030079	177.018	0.000553731	1.14442e-05	0.00055385	1.188	-2.686327e-11
0.6	160			0.000179322	-3.60312e-05	0.000182898	-11.352	-0.00298883	0.00015545	0.00299169	177.012	0.00058401	1.07289e-05	0.00058401	1.05	-1.785862e-11
0.5975	161			0.000158341	-3.48391e-05	0.000162126	-12.402	-0.00298406	0.000154496	0.00298692	177.03	0.000613574	9.65601e-06	0.000613693	0.9	-1.773302e-11
0.595	162			0.000148834	-3.44815e-05	0.000152768	-13.038	-0.00298215	0.000154496	0.00298502	177.03	0.000631932	7.74866e-06	0.000631932	0.708	-1.827751e-11
0.5925	163			0.000158132	-3.54948e-05	0.000162066	-12.642	-0.00298406	0.000154496	0.00298692	177.03	0.000648741	6.79496e-06	0.00064886	0.606	-1.651845e-11
0.59	164			0.000179828	-3.57332e-05	0.000183345	-11.232	-0.00299169	0.00015545	0.00299455	177.012	0.00066698	5.36445e-06	0.00066698	0.462	-2.003651e-11
0.5875	165			0.000266077	-3.97863e-05	0.000269027	-8.502	-0.00300027	0.000156404	0.00300314	177.012	0.000708107	3.93394e-06	0.000708107	0.324	-2.54811e-11
0.585	166			0.000367494	-4.61044e-05	0.000370385	-7.152	-0.00300123	0.000156404	0.00300409	177.0	0.000774387	3.5763e-07	0.000774387	0.036	-2.317768e-11
0.5825	167			0.000424566	-4.92933e-05	0.000427397	-6.618	-0.00293638	0.000152589	0.00293924	177.012	0.000760082	5.9605e-07	0.000760082	0.048	-1.743986e-11
0.58	168			0.000386657	-4.67005e-05	0.000389459	-6.888	-0.00284864	0.00014782	0.00285245	177.024	0.000655178	5.00682e-06	0.000655178	0.444	-2.09998e-11
0.5775	169			0.000396522	-4.7982e-05	0.000399442	-6.9	-0.00281717	0.000145913	0.00282003	177.018	0.000567321	8.10629e-06	0.000567321	0.822	-2.125114e-11
0.575	170			0.000346245	-4.44653e-05	0.000349076	-7.32	-0.0028124	0.000145913	0.00281526	177.012	0.000501875	1.2517e-05	0.000501994	1.44	-2.028782e-11
0.5725	171			0.000308068	-4.1038e-05	0.00031078	-7.584	-0.0028124	0.000146867	0.00281526	177.0	0.000468137	1.38283e-05	0.000468256	1.698	-1.760737e-11
0.57	172			0.000272663	-3.79088e-05	0.000275286	-7.908	-0.0028124	0.000145913	0.00281526	177.03	0.000444176	1.54973e-05	0.000444414	2.004	-2.275882e-11
0.5675	173			0.000270041	-3.80578e-05	0.000272693	-8.016	-0.0028124	0.000145913	0.00281526	177.03	0.000424506	1.50204e-05	0.000424745	2.034	-1.819367e-11
0.565	174			0.000289263	-3.7879e-05	0.000291707	-7.458	-0.0028124	0.000144959	0.00281526	177.042	0.000399353	1.60934e-05	0.000399711	2.31	-1.714669e-11
0.5625	175			0.000334324	-4.05314e-05	0.000336768	-6.912	-0.00281335	0.000144006	0.00281622	177.054	0.00036514	1.69278e-05	0.000365617	2.652	-1.898948e-11
0.56	176			0.000289382	-3.72829e-05	0.000291767	-7.344	-0.00281335	0.000143052	0.00281622	177.072	0.000329735	1.91928e-05	0.000330331	3.33	-2.091605e-11
0.5575	177			0.000233592	-3.5316e-05	0.000236244	-8.592	-0.00281335	0.000144006	0.00281622	177.054	0.000290634	2.03849e-05	0.000291349	4.026	-2.234005e-11
0.555	178			0.000214399	-3.47497e-05	0.0002172	-9.204	-0.0028124	0.000143052	0.00281431	177.084	0.000267984	2.05041e-05	0.0002687	4.392	-2.083224e-11
0.5525	179			0.000171871	-3.18589e-05	0.000174792	-10.494	-0.00281335	0.000142098	0.00281526	177.096	0.000236393	2.30075e-05	0.000237585	5.568	-2.116734e-11
0.55	180			0.000183762	-3.37365e-05	0.000186832	-10.398	-0.00281431	0.000143052	0.00281717	177.072	0.000219346	2.43188e-05	0.000220777	6.342	-2.309395e-11
0.5475	181			0.000156314	-3.17695e-05	0.000159503	-11.478	-0.00281335	0.000142098	0.00281526	177.096	0.000207306	2.34843e-05	0.000208617	6.474	-1.999461e-11
0.545	182			0.000161082	-3.15907e-05	0.000164152	-11.094	-0.00280668	0.000143052	0.00280859	177.078	0.000223757	2.22923e-05	0.000224949	5.694	-1.609961e-11
0.5425	183			0.000154437	-2.98918e-05	0.000157298	-10.95	-0.00277521	0.000142098	0.00277711	177.054	0.000266077	2.18154e-05	0.000267031	4.71	-2.066474e-11
0.54	184			0.000173093	-3.23954e-05	0.000176103	-10.596	-0.00272943	0.000140191	0.00273229	177.048	0.000319244	1.91928e-05	0.00031984	3.444	-1.911509e-11
0.5375	185			0.00016594	-3.13523e-05	0.000168861	-10.698	-0.00269701	0.000139237	0.00269891	177.042	0.000335218	1.81199e-05	0.000335695	3.096	-1.907321e-11
0.535	186			0.000144065	-2.97428e-05	0.000147105	-11.652	-0.0026827	0.00013733	0.00268461	177.054	0.000333311	1.65702e-05	0.000333669	2.85	-2.52299e-11
0.5325	187			0.000133396	-2.98024e-05	0.000136704	-12.582	-0.00267984	0.000136376	0.00268175	177.078	0.00033951	1.65702e-05	0.000339868	2.808	-2.079039e-11
0.53	188			0.000149549	-3.00409e-05	0.000152529	-11.352	-0.00268175	0.000136376	0.00268365	177.084	0.000382187	1.34707e-05	0.000382425	2.028	-1.76911e-11
0.5275	189			0.000191034	-3.32596e-05	0.000193895	-9.87	-0.00268842	0.000136376	0.00269033	177.078	0.000474097	1.00136e-05	0.000474216	1.224	-2.053912e-11
0.525	190			0.000224651	-3.51372e-05	0.000227363	-8.886	-0.00267793	0.000136376	0.00267984	177.066	0.000589732	4.17235e-06	0.000589732	0.408	-1.346104e-11
0.5225	191			0.000199855	-3.28722e-05	0.000202538	-9.336	-0.00260736	0.000133515	0.00261022	177.06	0.00063527	1.54973e-06	0.00063527	0.144	-2.414095e-11
0.52	192			0.000164182	-3.15609e-05	0.000167162	-10.878	-0.00254823	0.000130654	0.00255109	177.048	0.000634912	1.31131e-06	0.000634912	0.126	-2.091603e-11
0.5175	193			0.000156165	-3.15609e-05	0.000159324	-11.418	-0.00253297	0.000129701	0.00253583	177.06	0.000626091	3.6955e-06	0.000626091	0.348	-2.531361e-11
0.515	194			0.000160963	-3.16503e-05	0.000164033	-11.124	-0.00253107	0.000128747	0.00253297	177.072	0.000612859	3.33787e-06	0.000612859	0.318	-1.735605e-11
0.5125	195			0.000182659	-3.17993e-05	0.000185401	-9.876	-0.00253107	0.000128747	0.00253297	177.072	0.000587825	5.24524e-06	0.000587825	0.516	-1.756552e-11
0.51	196			0.000183881	-3.20973e-05	0.000186683	-9.894	-0.00253202	0.000127793	0.00253393	177.09	0.000534061	7.51021e-06	0.000534061	0.816	-2.338702e-11
0.5075	197			0.000179471	-3.04879e-05	0.000182034	-9.636	-0.00253202	0.000127793	0.00253393	177.108	0.000451805	9.77522e-06	0.000451924	1.248	-1.903135e-11
0.505	198			0.000198753	-3.03389e-05	0.000201047	-8.676	-0.00253202	0.000127793	0.00253488	177.108	0.000364901	1.38283e-05	0.00036514	2.184	-1.668594e-11
0.5025	199			0.000211299	-3.18887e-05	0.000213684	-8.58	-0.00253107	0.000127793	0.00253297	177.102	0.000314238	1.63318e-05	0.000314595	2.988	-1.551328e-11
0.5	200			0.000184746	-3.05774e-05	0.000187249	-9.39	-0.00253107	0.000128747	0.00253297	177.072	0.00026715	1.88352e-05	0.000267746	4.05	-1.748173e-11
0.4975	201			0.000163735	-2.92064e-05	0.000166328	-10.11	-0.00253202	0.000129701	0.00253393	177.06	0.0002476	2.01465e-05	0.000248434	4.68	-1.907324e-11
0.495	202			0.000160665	-3.04879e-05	0.000163556	-10.74	-0.00253202	0.000128747	0.00253488	177.078	0.000254037	1.89544e-05	0.000254752	4.278	-1.785863e-11
0.4925	203			0.000148536	-2.92958e-05	0.000151397	-11.154	-0.00253202	0.000128747	0.00253393	177.078	0.000275495	1.74047e-05	0.000275971	3.624	-2.020403e-11
0.49	204			0.000138463	-2.72096e-05	0.000141115	-11.106	-0.00251772	0.000127793	0.00251962	177.072	0.000309469	1.60934e-05	0.000309827	2.982	-1.702102e-11
0.4875	205			0.000172646	-2.97428e-05	0.000175179	-9.768	-0.00248434	0.000125886	0.00248624	177.078	0.000335934	1.44244e-05	0.000336291	2.466	-1.84031e-11
0.485	206			0.000176997	-2.9713e-05	0.000179471	-9.522	-0.00245287	0.000124932	0.00245573	177.072	0.000333669	1.46628e-05	0.000334026	2.514	-2.108356e-11
0.4825	207			0.000200243	-3.06072e-05	0.000202567	-8.682	-0.00244047	0.000123979	0.00244237	177.078	0.000308754	1.54973e-05	0.000309231	2.892	-1.90313e-11
0.48	208			0.000219227	-3.08158e-05	0.000221402	-7.998	-0.00244142	0.000123025	0.00244333	177.108	0.00029874	1.52589e-05	0.000299217	2.922	-2.183741e-11
0.4775	209			0.000265183	-3.33788e-05	0.000267269	-7.17	-0.00243856	0.000122071	0.00244142	177.12	0.000336291	1.39475e-05	0.00033653	2.382	-1.940829e-11
0.475	210			0.000256242	-3.34384e-05	0.000258418	-7.428	-0.00239183	0.000121117	0.00239374	177.096	0.000383617	1.07289e-05	0.000383737	1.602	-1.693724e-11
0.4725	211			0.000205041	-3.04879e-05	0.000207276	-8.454	-0.00232698	0.000118256	0.00232984	177.078	0.000372531	1.22786e-05	0.000372769	1.896	-2.158611e-11
0.47	212			0.000147135	-2.76865e-05	0.000149698	-10.65	-0.002306	0.000117302	0.00230791	177.072	0.000355246	1.21594e-05	0.000355484	1.974	-1.995275e-11
0.4675	213			0.000106156	-2.56599e-05	0.000109226	-13.578	-0.00230218	0.000117302	0.00230505	177.066	0.000364067	1.22786e-05	0.000364305	1.938	-2.00784e-11
0.465	214			8.59504e-05	-2.40506e-05	8.92584e-05	-15.63	-0.00230123	0.000116349	0.00230314	177.096	0.000395061	9.89443e-06	0.0003953	1.44	-1.978523e-11
0.4625	215			6.96187e-05	-2.29777e-05	7.32844e-05	-18.24	-0.00230218	0.000116349	0.00230409	177.102	0.000441195	8.46392e-06	0.000441195	1.098	-2.099982e-11
0.46	216			5.70121e-05	-2.2173e-05	6.11548e-05	-21.222	-0.00230123	0.000114441	0.00230314	177.15	0.00046921	7.03338e-06	0.00046921	0.864	-2.074852e-11
0.4575	217			6.24363e-05	-2.25009e-05	6.63404e-05	-19.8	-0.00230123	0.000114441	0.00230314	177.15	0.000477554	6.19891e-06	0.000477673	0.744	-2.049722e-11
0.455	218			6.82776e-05	-2.31565e-05	7.20923e-05	-18.714	-0.00230218	0.000115395	0.00230409	177.114	0.000456335	7.15259e-06	0.000456454	0.912	-2.120919e-11
0.4525	219			9.19108e-05	-2.41698e-05	9.50401e-05	-14.718	-0.00230123	0.000115395	0.00230314	177.114	0.000387432	9.41759e-06	0.000387551	1.398	-1.735607e-11
0.45	220			0.000104338	-2.43486e-05	0.00010714	-13.134	-0.00230409	0.000115395	0.00230505	177.114	0.000277998	1.53781e-05	0.000278475	3.18	-1.857061e-11
0.4475	221			0.000100315	-2.3842e-05	0.000103117	-13.362	-0.00230123	0.000116349	0.00230314	177.096	0.000248792	1.5855e-05	0.000249268	3.666	-1.953392e-11
0.445	222			0.000130863	-2.63454e-05	0.000133486	-11.376	-0.00228311	0.000115395	0.00228502	177.09	0.000269176	1.4782e-05	0.000269534	3.162	-2.099982e-11
0.4425	223			0.00015238	-2.6107e-05	0.000154615	-9.72	-0.00225545	0.000114441	0.00225736	177.09	0.000314714	1.32323e-05	0.000314953	2.412	-2.368023e-11
0.44	224			0.000182928	-2.75971e-05	0.000184984	-8.574	-0.00223924	0.000114441	0.00224115	177.066	0.000360729	1.03713e-05	0.000360848	1.662	-1.982709e-11
0.4375	225			0.000225813	-3.00409e-05	0.00022778	-7.572	-0.00223638	0.000113488	0.00223829	177.084	0.000414254	7.62945e-06	0.000414373	1.068	-2.49367e-11
0.435	226			0.00022933	-3.02197e-05	0.000231297	-7.506	-0.00220396	0.00011158	0.00220586	177.09	0.000452163	5.72208e-06	0.000452163	0.726	-2.037157e-11
0.4325	227			0.00018865	-2.80739e-05	0.000190736	-8.46	-0.00214006	0.000107766	0.00214197	177.096	0.000399949	7.98708e-06	0.000400068	1.152	-2.120918e-11
0.43	228			0.000152261	-2.6107e-05	0.000154466	-9.726	-0.00211526	0.000104905	0.00211717	177.15	0.000312807	1.14442e-05	0.000313045	2.1	-1.92408e-11
0.4275	229			0.000145347	-2.45274e-05	0.000147403	-9.57	-0.00211145	0.000103951	0.0021124	177.162	0.000247361	1.4186e-05	0.000247719	3.3	-1.869626e-11
0.425	230			0.000104726	-2.2173e-05	0.00010705	-11.94	-0.00210954	0.000104905	0.00211145	177.138	0.000220419	1.39475e-05	0.000220896	3.648	-2.141862e-11
0.4225	231			9.69474e-05	-2.1726e-05	9.93316e-05	-12.612	-0.00210859	0.000104905	0.0021105	177.138	0.000228883	1.43052e-05	0.00022936	3.582	-1.919888e-11
0.42	232			8.29403e-05	-2.11896e-05	8.56225e-05	-14.322	-0.0021105	0.000103951	0.0021124	177.18	0.000259044	1.39475e-05	0.000259401	3.108	-1.756546e-11
0.4175	233			4.39587e-05	-1.92524e-05	4.80118e-05	-23.64	-0.0021105	0.000103951	0.0021124	177.162	0.000305416	1.16826e-05	0.000305535	2.214	-1.878009e-11
0.415	234			3.2291e-05	-1.87532e-05	3.73351e-05	-30.138	-0.0021105	0.000105858	0.0021124	177.126	0.000344874	1.04905e-05	0.000344994	1.758	-2.221438e-11
0.4125	235			4.87047e-05	-1.99975e-05	5.2646e-05	-22.314	-0.0021105	0.000105858	0.0021124	177.126	0.000368835	9.29838e-06	0.000368955	1.452	-1.702102e-11
0.41	236			7.36569e-05	-2.1279e-05	7.66744e-05	-16.104	-0.00210764	0.000104905	0.00210954	177.138	0.000370624	7.62945e-06	0.000370624	1.188	-1.995275e-11
0.4075	237			0.000109852	-2.3611e-05	0.000112355	-12.126	-0.00208856	0.000103951	0.00209047	177.132	0.000349523	9.05996e-06	0.000349643	1.494	-1.961769e-11
0.405	238			0.0001565	-2.49596e-05	0.000158475	-9.06	-0.00206949	0.000102997	0.00207044	177.138	0.000319364	9.89443e-06	0.000319483	1.794	-2.120919e-11
0.4025	239			0.000204653	-2.6852e-05	0.000206382	-7.47	-0.00205328	0.000102997	0.00205518	177.12	0.000355246	7.62945e-06	0.000355365	1.248	-2.016216e-11
0.4	240			0.000195534	-2.62262e-05	0.000197292	-7.632	-0.00200655	0.00010109	0.00200845	177.09	0.00039375	5.48366e-06	0.00039375	0.816	-1.714665e-11
0.3975	241			0.000139357	-2.33055e-05	0.000141264	-9.486	-0.00196029	9.91826e-05	0.0019622	177.102	0.000378372	8.46392e-06	0.000378372	1.284	-1.781675e-11
0.395	242			0.000115574	-2.33651e-05	0.000117898	-11.424	-0.00194932	9.82289e-05	0.00195123	177.114	0.000350954	8.34471e-06	0.000351073	1.368	-1.689537e-11
0.3925	243			9.31327e-05	-2.05041e-05	9.53679e-05	-12.408	-0.00194932	9.72752e-05	0.00195123	177.144	0.000322701	1.01328e-05	0.000322821	1.812	-1.827744e-11
0.39	244			8.67848e-05	-1.95206e-05	8.89604e-05	-12.66	-0.00194789	9.63216e-05	0.00194979	177.156	0.000274779	1.15634e-05	0.000275018	2.43	-2.032969e-11
0.3875	245			6.87246e-05	-1.81795e-05	7.1079e-05	-14.808	-0.00194836	9.48911e-05	0.00195027	177.198	0.000216604	1.32323e-05	0.000217081	3.522	-1.718853e-11
0.385	246			4.69091e-05	-1.73451e-05	5.00085e-05	-20.262	-0.00194932	9.53679e-05	0.00195123	177.192	0.000190378	1.4782e-05	0.000190915	4.452	-2.213064e-11
0.3825	247			5.6118e-05	-1.91332e-05	5.92771e-05	-18.804	-0.00195027	9.58447e-05	0.00195218	177.18	0.00019765	1.45436e-05	0.000198186	4.224	-1.618335e-11
0.38	248			6.05287e-05	-1.8716e-05	6.33602e-05	-17.178	-0.00194884	9.58447e-05	0.00195075	177.18	0.000221671	1.39475e-05	0.000222088	3.612	-1.919887e-11
0.3775	249			8.84836e-05	-2.00273e-05	9.07187e-05	-12.732	-0.00193835	9.53679e-05	0.00193978	177.174	0.00028378	1.07885e-05	0.000283958	2.178	-1.584829e-11
0.375	250			0.000116617	-2.16366e-05	0.000118584	-10.5	-0.00191928	9.53679e-05	0.00192118	177.144	0.000351431	7.68906e-06	0.00035155	1.254	-1.865439e-11
0.3725	251			0.000139297	-2.24413e-05	0.000141085	-9.15	-0.00189734	9.39374e-05	0.00189877	177.156	0.000393691	5.12603e-06	0.00039375	0.75	-1.878005e-11
0.37	252			0.00011623	-2.113e-05	0.000118137	-10.296	-0.00183535	9.15532e-05	0.00183678	177.138	0.000349047	6.67575e-06	0.000349106	1.104	-2.292633e-11
0.3675	253			8.40728e-05	-2.03253e-05	8.64868e-05	-13.584	-0.0018158	9.01227e-05	0.00181771	177.15	0.000304045	7.68906e-06	0.000304105	1.458	-2.012029e-11
0.365	254			6.17509e-05	-1.87458e-05	6.45225e-05	-16.872	-0.0018096	9.01227e-05	0.00181151	177.144	0.00029278	8.94075e-06	0.000292899	1.758	-1.727229e-11
0.3625	255			6.16913e-05	-1.77325e-05	6.41947e-05	-16.032	-0.00181008	8.96459e-05	0.00181199	177.156	0.000292839	9.05996e-06	0.000292959	1.77	-1.898947e-11
0.36	256			5.48067e-05	-1.82391e-05	5.77571e-05	-18.384	-0.00180865	8.82153e-05	0.00181008	177.204	0.00028825	9.11957e-06	0.000288369	1.812	-2.104168e-11
0.3575	257			4.32434e-05	-1.62722e-05	4.61938e-05	-20.604	-0.0018096	8.86922e-05	0.00181151	177.186	0.000267567	1.07289e-05	0.000267806	2.298	-1.806806e-11
0.355	258			5.06195e-05	-1.75686e-05	5.35774e-05	-19.134	-0.00181199	9.01227e-05	0.00181342	177.144	0.000223161	1.22786e-05	0.000223518	3.156	-1.266529e-11
0.3525	259			8.35513e-05	-1.95728e-05	8.58163e-05	-13.182	-0.00181056	8.82153e-05	0.00181199	177.204	0.000195266	1.30535e-05	0.000195743	3.828	-2.334521e-11
0.35	260			0.000119977	-1.96398e-05	0.000121579	-9.294	-0.00179768	8.82153e-05	0.00179959	177.186	0.000222982	1.14442e-05	0.00022328	2.94	-1.970148e-11
0.3475	261			0.000150085	-2.10629e-05	0.000151561	-7.986	-0.00177193	8.72617e-05	0.00177384	177.18	0.00028527	8.2255e-06	0.000285389	1.65	-2.116734e-11
0.345	262			0.000110686	-1.89991e-05	0.000112303	-9.738	-0.00172234	8.48775e-05	0.00172377	177.174	0.000316741	6.91417e-06	0.000316801	1.254	-1.96177e-11
0.3425	263			4.99713e-05	-1.66894e-05	5.26907e-05	-18.462	-0.00169469	8.39238e-05	0.00169612	177.15	0.000302615	8.16589e-06	0.000302674	1.554	-2.041345e-11
0.34	264			3.52638e-05	-1.59742e-05	3.8706e-05	-24.366	-0.00168992	8.3447e-05	0.00169135	177.168	0.000267508	9.05996e-06	0.000267627	1.95	-2.125113e-11
0.3375	265			3.27455e-05	-1.48789e-05	3.59716e-05	-24.42	-0.00168896	8.29701e-05	0.0016904	177.174	0.000246944	9.17917e-06	0.000247123	2.142	-1.945017e-11
0.335	266			2.85805e-05	-1.54228e-05	3.24773e-05	-28.344	-0.00168896	8.29701e-05	0.00169087	177.186	0.000252606	9.89443e-06	0.000252845	2.244	-1.806807e-11
0.3325	267			3.72606e-05	-1.54675e-05	4.03377e-05	-22.542	-0.00168992	8.29701e-05	0.00169183	177.186	0.000257554	9.65601e-06	0.000257732	2.148	-1.463375e-11
0.33	268			6.53197e-05	-1.63318e-05	6.73239e-05	-14.034	-0.00169183	8.29701e-05	0.00169326	177.192	0.000260295	9.59641e-06	0.000260474	2.112	-1.823555e-11
0.3275	269			0.000102111	-1.91779e-05	0.000103899	-10.632	-0.00168467	8.29701e-05	0.0016861	177.168	0.000258388	8.04669e-06	0.000258507	1.788	-1.773303e-11
0.325	270			0.000138597	-2.01241e-05	0.000140049	-8.262	-0.00165845	8.10628e-05	0.00165988	177.192	0.000264527	7.15259e-06	0.000264646	1.56	-1.961772e-11
0.3225	271			0.000102953	-1.76282e-05	0.00010445	-9.714	-0.00160886	7.72481e-05	0.00161029	177.234	0.000262382	7.80827e-06	0.000262501	1.71	-2.171181e-11
0.32	272			4.41524e-05	-1.51098e-05	4.66707e-05	-18.888	-0.00158406	7.67712e-05	0.00158549	177.216	0.00022179	9.4772e-06	0.000221969	2.46	-2.045532e-11
0.3175	273			2.95789e-05	-1.45063e-05	3.29392e-05	-26.106	-0.00158501	7.72481e-05	0.00158644	177.198	0.000214101	1.03117e-05	0.000214339	2.772	-1.815187e-11
0.315	274			1.31354e-05	-1.32695e-05	1.86713e-05	-45.276	-0.00158311	7.72481e-05	0.00158454	177.192	0.000207008	1.00732e-05	0.000207246	2.79	-2.338704e-11
0.3125	275			1.34558e-05	-1.283e-05	1.85893e-05	-43.632	-0.00158358	7.72481e-05	0.00158549	177.204	0.000216545	1.01328e-05	0.000216783	2.688	-1.760737e-11
0.31	276			4.66893e-05	-1.56128e-05	4.92299e-05	-18.486	-0.00158692	7.72481e-05	0.00158835	177.198	0.000239969	7.68906e-06	0.000240088	1.848	-1.597398e-11
0.3075	277			8.34172e-05	-1.71066e-05	8.51532e-05	-11.592	-0.00158168	7.72481e-05	0.00158311	177.198	0.000268461	7.3314e-06	0.00026858	1.566	-1.873819e-11
0.305	278			0.000122742	-1.89022e-05	0.000124195	-8.754	-0.00155021	7.48639e-05	0.00155116	177.216	0.000314476	3.99354e-06	0.000314536	0.732	-1.974334e-11
0.3025	279			8.43112e-05	-1.65553e-05	8.59206e-05	-11.106	-0.00150729	7.39102e-05	0.00150824	177.186	0.000274839	6.67575e-06	0.000274898	1.404	-1.773299e-11
0.3	280			3.69104e-05	-1.42754e-05	3.95777e-05	-21.138	-0.00149155	7.10492e-05	0.00149251	177.264	0.000207127	9.05996e-06	0.000207306	2.508	-2.01203e-11
0.2975	281			1.54824e-05	-1.25617e-05	1.99379e-05	-39.042	-0.0014906	7.1526e-05	0.00149155	177.246	0.000177504	1.07885e-05	0.000177802	3.48	-1.718852e-11
0.295	282			1.47932e-05	-1.18018e-05	1.89246e-05	-38.568	-0.00149012	7.20029e-05	0.00149155	177.222	0.000166536	1.04905e-05	0.000166834	3.606	-1.915696e-11
0.2925	283			2.88562e-05	-1.32658e-05	3.17621e-05	-24.684	-0.00149251	7.24797e-05	0.00149346	177.21	0.000172914	1.00136e-05	0.000173212	3.318	-2.007843e-11
0.29	284			6.62175e-05	-1.55346e-05	6.80131e-05	-13.2	-0.00148917	7.20029e-05	0.00149012	177.216	0.000230492	7.09298e-06	0.000230611	1.764	-1.760737e-11
0.2875	285			8.80924e-05	-1.46963e-05	8.93068e-05	-9.474	-0.00146104	7.1526e-05	0.00146247	177.18	0.000292184	4.82801e-06	0.000292243	0.948	-1.769113e-11
0.285	286			6.02643e-05	-1.5013e-05	6.21048e-05	-13.986	-0.00141955	6.96187e-05	0.00142051	177.192	0.000286283	5.06642e-06	0.000286283	1.02	-2.007841e-11
0.2825	287			3.15907e-05	-1.32658e-05	3.42617e-05	-22.776	-0.00140763	6.8665e-05	0.00140858	177.192	0.000237168	7.09298e-06	0.000237227	1.716	-1.651842e-11
0.28	288			1.65851e-05	-1.13883e-05	2.01167e-05	-34.47	-0.00140858	6.77113e-05	0.00140954	177.234	0.000178338	9.65601e-06	0.000178576	3.102	-1.718856e-11
0.2775	289			2.23072e-05	-1.14665e-05	2.50788e-05	-27.204	-0.00140858	6.77113e-05	0.00140954	177.234	0.00015545	1.10269e-05	0.000155807	4.074	-2.351271e-11
0.275	290			6.60834e-05	-1.37129e-05	6.74878e-05	-11.718	-0.00140954	6.72345e-05	0.00141049	177.252	0.000158668	9.59641e-06	0.000158967	3.462	-2.259133e-11
0.2725	291			7.67303e-05	-1.47932e-05	7.81459e-05	-10.914	-0.00138903	6.72345e-05	0.00138999	177.222	0.000207187	7.92748e-06	0.000207306	2.202	-1.798432e-11
0.27	292			4.52625e-05	-1.24835e-05	4.69501e-05	-15.42	-0.00134803	6.53272e-05	0.00134898	177.222	0.000254156	4.64919e-06	0.000254216	1.05	-2.372212e-11
0.2675	293			1.60859e-05	-1.11685e-05	1.95802e-05	-34.77	-0.00133467	6.43735e-05	0.00133563	177.228	0.000241161	5.96049e-06	0.000241281	1.422	-2.01203e-11
0.265	294			1.54414e-05	-1.13436e-05	1.91556e-05	-36.3	-0.00133324	6.43735e-05	0.0013342	177.222	0.0002203	6.49694e-06	0.000220419	1.698	-1.794244e-11
0.2625	295			2.83421e-05	-1.28262e-05	3.11064e-05	-24.348	-0.00133563	6.38966e-05	0.00133706	177.258	0.000167788	8.88115e-06	0.000167967	3.048	-2.26332e-11
0.26	296			6.97826e-05	-1.32211e-05	7.10231e-05	-10.728	-0.00133324	6.34198e-05	0.0013342	177.264	0.000167192	6.91417e-06	0.000167311	2.376	-1.970146e-11
0.2575	297			7.3832e-05	-1.34111e-05	7.5039e-05	-10.296	-0.00129939	6.19893e-05	0.00129987	177.252	0.000186623	7.2718e-06	0.000186742	2.238	-1.806807e-11
0.255	298			2.47323e-05	-1.11685e-05	2.71351e-05	-24.3	-0.00127078	6.19893e-05	0.00127221	177.192	0.00018257	7.62945e-06	0.000182749	2.394	-1.974335e-11
0.2525	299			7.3016e-06	-1.10977e-05	1.32807e-05	-56.652	-0.00126744	6.05586e-05	0.00126839	177.258	0.000204802	7.3314e-06	0.000204922	2.058	-2.045534e-11
0.25	300			1.44058e-05	-1.09934e-05	1.81199e-05	-37.338	-0.00126744	6.05586e-05	0.00126839	177.246	0.000210703	6.97377e-06	0.000210823	1.908	-1.794244e-11
0.2475	301			5.75187e-05	-1.33105e-05	5.90386e-05	-13.026	-0.00126935	6.05586e-05	0.00126982	177.264	0.000202716	7.39101e-06	0.000202836	2.088	-1.861255e-11
0.245	302			7.05202e-05	-1.31131e-05	7.17272e-05	-10.53	-0.00124026	5.86512e-05	0.00124121	177.276	0.000188828	6.61614e-06	0.000188948	2.022	-2.137678e-11
0.2425	303			2.82713e-05	-1.01664e-05	3.00409e-05	-19.77	-0.00120974	5.86512e-05	0.0012107	177.222	0.000147463	8.16589e-06	0.000147701	3.18	-1.350293e-11
0.24	304			9.13074e-06	-9.72307e-06	1.33366e-05	-46.794	-0.00120736	5.86512e-05	0.00120784	177.204	0.000140489	8.2255e-06	0.000140668	3.366	-1.526195e-11
0.2375	305			1.94573e-05	-1.04532e-05	2.20836e-05	-28.236	-0.00120831	5.67439e-05	0.00120879	177.3	0.000187577	6.61614e-06	0.000187696	2.022	-2.351273e-11
0.235	306			5.93106e-05	-1.24537e-05	6.06033e-05	-11.856	-0.00120402	5.86512e-05	0.00120497	177.21	0.000227929	4.41077e-06	0.000227929	1.122	-2.275887e-11
0.2325	307			4.59964e-05	-1.12579e-05	4.73524e-05	-13.752	-0.0011654	5.53133e-05	0.00116587	177.264	0.000194074	4.82801e-06	0.000194133	1.434	-1.978527e-11
0.23	308			1.58959e-05	-8.97801e-06	1.8254e-05	-29.454	-0.00115252	5.38828e-05	0.00115348	177.3	0.000129581	7.80827e-06	0.00012982	3.474	-2.150238e-11
0.2275	309			1.43685e-05	-9.1978e-06	1.70582e-05	-32.616	-0.00115252	5.43597e-05	0.00115348	177.282	0.000118137	8.2255e-06	0.000118435	3.984	-2.267509e-11
0.225	310			4.80416e-05	-1.20253e-05	4.95242e-05	-14.046	-0.00115252	5.53133e-05	0.00115348	177.234	0.0001781	6.55654e-06	0.000178278	2.112	-2.007835e-11
0.2225	311			4.09635e-05	-1.17086e-05	4.26027e-05	-15.948	-0.00111771	5.29292e-05	0.00111867	177.27	0.000221849	4.41077e-06	0.000221909	1.152	-1.865444e-11
0.22	312			9.22015e-06	-9.11584e-06	1.29641e-05	-44.658	-0.00110198	5.24523e-05	0.00110293	177.264	0.000149132	7.51021e-06	0.00014937	2.904	-2.016211e-11
0.2175	313			1.74792e-05	-8.34098e-06	1.93642e-05	-25.506	-0.00110341	5.24523e-05	0.00110389	177.264	0.000112832	9.05996e-06	0.00011319	4.59	-2.259134e-11
0.215	314			5.37897e-05	-1.1474e-05	5.50004e-05	-12.042	-0.00109864	5.24523e-05	0.00109959	177.258	0.000145973	7.39101e-06	0.000146152	2.904	-1.819369e-11
0.2125	315			3.07376e-05	-9.64483e-06	3.22128e-05	-17.418	-0.00106526	5.10218e-05	0.00106622	177.24	0.000183702	5.06642e-06	0.000183762	1.59	-1.945019e-11
0.21	316			8.30373e-06	-8.58685e-06	1.19433e-05	-45.948	-0.00105572	4.95913e-05	0.00105668	177.306	0.000163735	5.90089e-06	0.000163854	2.076	-2.024593e-11
0.2075	317			2.87817e-05	-9.34681e-06	3.02644e-05	-17.988	-0.00105763	5.0545e-05	0.00105859	177.258	0.000119865	8.2255e-06	0.000120163	3.942	-1.429869e-11
0.205	318			5.0422e-05	-1.05538e-05	5.15173e-05	-11.82	-0.00103808	4.86376e-05	0.00103856	177.318	0.000144244	5.72208e-06	0.000144363	2.274	-2.007841e-11
0.2025	319			1.34409e-05	-8.43412e-06	1.58661e-05	-32.1	-0.00101567	4.76839e-05	0.00101615	177.294	0.000144542	7.15259e-06	0.000144721	2.85	-2.024594e-11
0.2	320			1.3534e-05	-8.45647e-06	1.59593e-05	-31.992	-0.00101472	4.81608e-05	0.00101519	177.27	0.000149489	6.25852e-06	0.000149609	2.4	-2.016216e-11
0.1975	321			4.77212e-05	-1.07177e-05	4.89096e-05	-12.654	-0.00100709	4.86376e-05	0.00100804	177.234	0.000141622	6.37773e-06	0.000141741	2.598	-1.710478e-11
0.195	322			2.15323e-05	-8.98546e-06	2.33316e-05	-22.644	-0.000978	4.62534e-05	0.000978954	177.288	0.00012374	7.45061e-06	0.000123979	3.468	-1.408928e-11
0.1925	323			1.27853e-05	-8.41549e-06	1.53036e-05	-33.342	-0.000975613	4.62534e-05	0.00097657	177.282	0.000128211	6.49694e-06	0.000128389	2.916	-1.723044e-11
0.19	324			3.86315e-05	-8.84017e-06	3.96336e-05	-12.888	-0.00096846	4.57766e-05	0.000969414	177.288	0.000156225	5.42405e-06	0.000156344	1.992	-2.627692e-11
0.1875	325			1.82391e-05	-8.41921e-06	2.00832e-05	-24.774	-0.000941042	4.45845e-05	0.000941757	177.282	0.000115335	6.55654e-06	0.000115514	3.258	-2.15024e-11
0.185	326			1.89693e-05	-8.01316e-06	2.05898e-05	-22.89	-0.000939611	4.45845e-05	0.000940565	177.276	0.000111759	6.61614e-06	0.000111938	3.396	-1.484313e-11
0.1825	327			3.28871e-05	-9.04879e-06	3.41053e-05	-15.378	-0.000923876	4.26772e-05	0.000924591	177.348	0.000146688	5.12603e-06	0.000146748	2.004	-2.196307e-11
0.18	328			1.06246e-05	-7.83434e-06	1.32025e-05	-36.396	-0.000905756	4.29156e-05	0.000906471	177.282	0.000105441	6.67575e-06	0.00010568	3.654	-2.016218e-11
0.1775	329			3.28796e-05	-8.30373e-06	3.39153e-05	-14.172	-0.000906233	4.3154e-05	0.000906948	177.264	0.000116528	6.19891e-06	0.000116706	3.048	-1.911518e-11
0.175	330			1.41487e-05	-7.58845e-06	1.60524e-05	-28.2	-0.000875954	4.14851e-05	0.000876907	177.276	0.000123323	6.25852e-06	0.000123442	2.922	-1.723044e-11
0.1725	331			1.47559e-05	-6.72045e-06	1.62163e-05	-24.474	-0.000874046	4.14851e-05	0.000874761	177.282	9.9719e-05	5.84128e-06	9.98382e-05	3.366	-2.196309e-11
0.17	332			3.12368e-05	-8.18825e-06	3.2291e-05	-14.682	-0.00085998	3.98161e-05	0.000860695	177.348	0.000123859	5.72208e-06	0.000123979	2.652	-1.785867e-11
0.1675	333			1.05873e-05	-8.01316e-06	1.32733e-05	-37.104	-0.000845913	4.05314e-05	0.000846628	177.246	9.81693e-05	6.19891e-06	9.83481e-05	3.63	-2.409904e-11
0.165	334			3.06221e-05	-8.25158e-06	3.17136e-05	-15.078	-0.000840429	3.91009e-05	0.000840906	177.33	0.000114382	5.84128e-06	0.000114501	2.952	-1.614148e-11
0.1625	335			1.2856e-05	-6.78378e-06	1.45361e-05	-27.81	-0.000820164	3.81472e-05	0.00082064	177.336	0.000100017	6.31812e-06	0.000100255	3.642	-1.668596e-11
0.16	336			2.65763e-05	-7.68533e-06	2.76641e-05	-16.122	-0.000816349	3.91009e-05	0.000817064	177.24	0.000103951	5.84128e-06	0.00010413	3.246	-1.898949e-11
0.1575	337			1.33068e-05	-7.16004e-06	1.51098e-05	-28.278	-0.00079513	3.64783e-05	0.000795845	177.372	9.90038e-05	4.94721e-06	9.91826e-05	2.892	-2.104172e-11
0.155	338			3.02979e-05	-7.94983e-06	3.13225e-05	-14.7	-0.000789646	3.74319e-05	0.000790361	177.27	0.000100166	6.67575e-06	0.000100375	3.828	-1.865444e-11
0.1525	339			9.01899e-06	-7.30532e-06	1.16043e-05	-39.0	-0.000768188	3.5763e-05	0.000768665	177.318	8.89902e-05	4.47038e-06	8.91094e-05	2.886	-1.819373e-11
0.15	340			2.86588e-05	-7.27552e-06	2.95715e-05	-14.238	-0.000763182	3.62399e-05	0.000763897	177.276	0.000101775	5.72208e-06	0.000101924	3.222	-1.882194e-11
0.1475	341			1.35527e-05	-6.3144e-06	1.49459e-05	-24.978	-0.000746969	3.48093e-05	0.000747446	177.33	8.38046e-05	5.81148e-06	8.39834e-05	3.978	-1.873819e-11
0.145	342			2.14056e-05	-6.9775e-06	2.2512e-05	-18.054	-0.000733618	3.48093e-05	0.000734095	177.27	9.34009e-05	6.10951e-06	9.36096e-05	3.744	-2.016217e-11
0.1425	343			1.86117e-05	-7.23827e-06	1.99677e-05	-21.246	-0.000725273	3.26636e-05	0.00072575	177.408	8.19569e-05	5.30484e-06	8.21357e-05	3.72	-1.907325e-11
0.14	344			1.39177e-05	-5.7109e-06	1.50428e-05	-22.302	-0.00070763	3.24252e-05	0.000708107	177.372	8.00495e-05	6.10951e-06	8.02879e-05	4.368	-1.769112e-11
0.1375	345			2.01763e-05	-6.03127e-06	2.10555e-05	-16.638	-0.000698809	3.19483e-05	0.000699285	177.378	8.68146e-05	4.82801e-06	8.69338e-05	3.198	-1.819371e-11
0.135	346			1.78368e-05	-6.08343e-06	1.88464e-05	-18.828	-0.000685934	3.17099e-05	0.000686411	177.342	7.21221e-05	6.0201e-06	7.23605e-05	4.794	-2.041345e-11
0.1325	347			1.4186e-05	-5.53954e-06	1.5229e-05	-21.318	-0.000671152	3.12331e-05	0.000671629	177.324	7.49831e-05	4.91741e-06	7.51619e-05	3.762	-2.225624e-11
0.13	348			1.87309e-05	-5.83756e-06	1.96175e-05	-17.304	-0.000658516	3.09946e-05	0.000658993	177.306	7.46851e-05	5.45385e-06	7.48937e-05	4.188	-1.647655e-11
0.1275	349			2.28659e-05	-6.22871e-06	2.37004e-05	-15.228	-0.000650648	2.98024e-05	0.000651125	177.372	7.46553e-05	4.50018e-06	7.48043e-05	3.462	-1.794238e-11
0.125	350			1.64026e-05	-6.05363e-06	1.74829e-05	-20.25	-0.000637058	3.00409e-05	0.000637535	177.288	6.69961e-05	5.30484e-06	6.72047e-05	4.536	-1.572269e-11
0.1225	351			1.46591e-05	-5.97167e-06	1.58289e-05	-22.158	-0.000621561	2.86103e-05	0.000622038	177.342	6.41053e-05	5.93069e-06	6.43735e-05	5.286	-2.007842e-11
0.12	352			1.43052e-05	-5.6662e-06	1.53856e-05	-21.594	-0.000607971	2.74183e-05	0.000608448	177.408	6.46119e-05	5.69227e-06	6.48503e-05	5.058	-2.125109e-11
0.1175	353			1.49459e-05	-4.92114e-06	1.57357e-05	-18.222	-0.000595812	2.81335e-05	0.000596289	177.294	6.30026e-05	5.12603e-06	6.3241e-05	4.656	-1.932454e-11
0.115	354			1.63169e-05	-4.44058e-06	1.69092e-05	-15.222	-0.000583891	2.74183e-05	0.000584368	177.306	6.39562e-05	5.15583e-06	6.41649e-05	4.614	-2.284262e-11
0.1125	355			1.66894e-05	-5.05897e-06	1.74419e-05	-16.854	-0.000572447	2.64646e-05	0.000572924	177.33	6.06778e-05	4.55978e-06	6.08268e-05	4.32	-1.785867e-11
0.11	356			1.65516e-05	-4.38097e-06	1.71216e-05	-14.82	-0.000559811	2.59877e-05	0.000560287	177.342	5.71015e-05	4.58959e-06	5.72803e-05	4.62	-2.150239e-11
0.1075	357			1.51583e-05	-4.1351e-06	1.57097e-05	-15.252	-0.000547413	2.59877e-05	0.00054789	177.282	5.53729e-05	4.67899e-06	5.55816e-05	4.848	-1.878007e-11
0.105	358			1.47857e-05	-5.07015e-06	1.56314e-05	-18.924	-0.000533585	2.50341e-05	0.000534061	177.3	5.23033e-05	4.61939e-06	5.25119e-05	5.058	-1.764924e-11
0.1025	359			1.51657e-05	-4.58586e-06	1.58438e-05	-16.812	-0.000521187	2.40804e-05	0.000521425	177.348	5.01873e-05	5.51346e-06	5.04854e-05	6.27	-1.936642e-11
0.1	360			1.73227e-05	-4.55233e-06	1.79113e-05	-14.712	-0.000506882	2.33651e-05	0.00050712	177.348	4.66632e-05	4.52253e-06	4.68793e-05	5.538	-2.330335e-11
0.0975	361			1.83583e-05	-5.22661e-06	1.90885e-05	-15.894	-0.000497106	2.16962e-05	0.000497464	177.492	4.71997e-05	5.34955e-06	4.74977e-05	6.468	-2.049723e-11
0.095	362			1.59593e-05	-3.61727e-06	1.63616e-05	-12.768	-0.000482323	2.28883e-05	0.00048268	177.27	4.66334e-05	4.04569e-06	4.68048e-05	4.962	-1.743982e-11
0.0925	363			1.77213e-05	-3.89668e-06	1.81423e-05	-12.39	-0.000470044	2.22923e-05	0.000470521	177.27	4.41375e-05	4.57469e-06	4.43759e-05	5.922	-1.76493e-11
0.09	364			1.72035e-05	-5.43523e-06	1.80417e-05	-17.526	-0.000459315	2.05041e-05	0.000459673	177.438	4.40779e-05	4.7982e-06	4.43386e-05	6.21	-2.012029e-11
0.0875	365			1.72557e-05	-4.38842e-06	1.7807e-05	-14.262	-0.000446441	1.97889e-05	0.000446798	177.45	4.18427e-05	3.74021e-06	4.20066e-05	5.118	-1.986899e-11
0.085	366			1.61269e-05	-3.8408e-06	1.65777e-05	-13.392	-0.000432136	1.9312e-05	0.000432374	177.438	4.112e-05	3.89668e-06	4.13063e-05	5.418	-2.26332e-11
0.0825	367			1.74941e-05	-4.44803e-06	1.80491e-05	-14.262	-0.000421645	1.83583e-05	0.000422003	177.504	3.96075e-05	4.1798e-06	3.9831e-05	6.024	-2.01203e-11
0.08	368			1.78666e-05	-3.77373e-06	1.82615e-05	-11.922	-0.00040889	1.89544e-05	0.000409128	177.33	4.00471e-05	3.92649e-06	4.02408e-05	5.598	-1.77749e-11
0.0775	369			1.84105e-05	-3.60237e-06	1.87607e-05	-11.064	-0.000397922	1.80007e-05	0.00039828	177.402	3.79609e-05	4.02334e-06	3.8177e-05	6.054	-1.656033e-11
0.075	370			1.89171e-05	-4.04942e-06	1.93455e-05	-12.072	-0.000383975	1.71663e-05	0.000384213	177.426	3.76927e-05	4.24686e-06	3.79311e-05	6.438	-2.275885e-11
0.0725	371			1.84813e-05	-3.83708e-06	1.88724e-05	-11.73	-0.00037265	1.72855e-05	0.000372889	177.336	3.60089e-05	4.29156e-06	3.62622e-05	6.798	-1.752358e-11
0.07	372			1.98373e-05	-3.42728e-06	2.01316e-05	-9.798	-0.000359418	1.7047e-05	0.000359656	177.282	3.60834e-05	3.73276e-06	3.62771e-05	5.916	-1.630903e-11
0.0675	373			1.92077e-05	-3.54649e-06	1.95318e-05	-10.452	-0.000347616	1.57357e-05	0.000347855	177.396	3.33788e-05	2.95044e-06	3.35129e-05	5.058	-2.183741e-11
0.065	374			1.88799e-05	-3.56139e-06	1.92152e-05	-10.674	-0.000334384	1.52589e-05	0.000334622	177.372	3.30585e-05	3.81473e-06	3.32745e-05	6.594	-2.581618e-11
0.0625	375			1.97404e-05	-3.05475e-06	1.99751e-05	-8.79	-0.000322582	1.54973e-05	0.00032294	177.246	3.2224e-05	4.05314e-06	3.24773e-05	7.182	-1.936641e-11
0.06	376			2.00347e-05	-3.40493e-06	2.03216e-05	-9.642	-0.000309231	1.39475e-05	0.00030935	177.408	3.14864e-05	2.91319e-06	3.16205e-05	5.286	-1.890572e-11
0.0575	377			2.03216e-05	-3.59864e-06	2.06382e-05	-10.038	-0.000295999	1.32323e-05	0.000296237	177.42	3.06743e-05	2.91319e-06	3.08158e-05	5.436	-1.924073e-11
0.055	378			2.06867e-05	-3.2969e-06	2.09474e-05	-9.042	-0.000284554	1.33515e-05	0.000284793	177.306	2.9795e-05	2.59282e-06	2.99067e-05	4.974	-1.886383e-11
0.0525	379			2.14839e-05	-2.57046e-06	2.16366e-05	-6.822	-0.000272157	1.21594e-05	0.000272276	177.432	2.89158e-05	3.50179e-06	2.91319e-05	6.912	-2.087418e-11
0.05	380			2.10517e-05	-2.91319e-06	2.12492e-05	-7.872	-0.000259759	1.10865e-05	0.000259878	177.546	2.83272e-05	3.42728e-06	2.85358e-05	6.906	-1.76911e-11
0.0475	381			2.22587e-05	-3.42356e-06	2.25158e-05	-8.736	-0.000246527	1.09673e-05	0.000246765	177.432	2.74183e-05	2.21284e-06	2.75002e-05	4.626	-1.919883e-11
0.045	382			2.1834e-05	-3.36395e-06	2.20911e-05	-8.754	-0.000232459	9.89443e-06	0.000232578	177.54	2.71128e-05	3.88178e-06	2.73959e-05	8.154	-2.146048e-11
0.0425	383			2.21358e-05	-2.86476e-06	2.23221e-05	-7.368	-0.000222565	1.01328e-05	0.000222684	177.378	2.70532e-05	3.18886e-06	2.72394e-05	6.732	-1.739797e-11
0.04	384			2.24487e-05	-2.13461e-06	2.25456e-05	-5.43	-0.000209809	9.77522e-06	0.000209809	177.324	2.58611e-05	3.08455e-06	2.60473e-05	6.804	-2.125108e-11
0.0375	385			2.26946e-05	-1.8105e-06	2.27691e-05	-4.56	-0.000195027	7.98708e-06	0.000195147	177.642	2.53395e-05	3.35278e-06	2.55631e-05	7.554	-1.986899e-11
0.035	386			2.31379e-05	-2.20539e-06	2.32422e-05	-5.442	-0.000185133	8.58313e-06	0.000185312	177.342	2.5265e-05	3.12926e-06	2.54588e-05	7.068	-1.735607e-11
0.0325	387			2.37265e-05	-2.55929e-06	2.38643e-05	-6.15	-0.000170291	7.09298e-06	0.000170411	177.6	2.52576e-05	2.03402e-06	2.53321e-05	4.614	-2.099982e-11
0.03	388			2.30969e-05	-1.57581e-06	2.31491e-05	-3.894	-0.000159324	6.79496e-06	0.000159443	177.558	2.43114e-05	2.24264e-06	2.44157e-05	5.28	-2.288446e-11
0.0275	389			2.33577e-05	-2.97652e-06	2.35477e-05	-7.254	-0.000144661	6.79496e-06	0.000144781	177.294	2.40729e-05	1.98187e-06	2.41549e-05	4.716	-1.710476e-11
0.025	390			2.38308e-05	-2.05265e-06	2.39165e-05	-4.914	-0.000133694	5.90089e-06	0.000133813	177.462	2.40804e-05	2.71948e-06	2.42369e-05	6.462	-1.75236e-11
0.0225	391			2.38122e-05	-1.60933e-06	2.38681e-05	-3.858	-0.000121475	5.36445e-06	0.000121534	177.468	2.4058e-05	2.13088e-06	2.41474e-05	5.07	-2.858037e-11
0.02	392			2.35589e-05	-2.06755e-06	2.36483e-05	-5.016	-0.000110567	4.64919e-06	0.000110627	177.582	2.29703e-05	2.23519e-06	2.30746e-05	5.568	-2.464353e-11
0.0175	393			2.49447e-05	-1.12877e-06	2.49707e-05	-2.586	-9.73945e-05	3.48689e-06	9.74243e-05	177.93	2.41251e-05	1.8105e-06	2.41922e-05	4.296	-2.1628e-11
0.015	394			2.38979e-05	-1.59816e-06	2.395e-05	-3.822	-8.53543e-05	4.14255e-06	8.54437e-05	177.216	2.33577e-05	3.15161e-06	2.35663e-05	7.686	-2.296826e-11
0.0125	395			2.43337e-05	-1.18092e-06	2.43635e-05	-2.778	-7.33142e-05	3.24847e-06	7.33738e-05	177.45	2.41251e-05	1.59443e-06	2.41847e-05	3.792	-1.93664e-11
0.01	396			2.54811e-05	-1.36719e-06	2.55184e-05	-3.072	-6.00221e-05	2.17558e-06	6.00221e-05	177.918	2.43486e-05	1.64659e-06	2.44008e-05	3.87	-1.974338e-11
0.0075	397			2.6446e-05	-1.7807e-06	2.65056e-05	-3.852	-4.70879e-05	1.2517e-06	4.71028e-05	178.476	2.44008e-05	2.51831e-06	2.45274e-05	5.898	-1.714669e-11
0.005	398			2.61703e-05	-1.5013e-06	2.6215e-05	-3.282	-3.40494e-05	1.1921e-06	3.40643e-05	177.996	2.55333e-05	1.16975e-06	2.55631e-05	2.628	-1.727231e-11
0.0025	399			2.52762e-05	-6.03501e-07	2.52837e-05	-1.368	-1.98559e-05	3.94883e-07	1.98559e-05	178.848	2.69116e-05	1.02819e-06	2.6934e-05	2.196	-1.894757e-11
0.0	400			2.78765e-05	-9.83484e-07	2.78951e-05	-2.01	-2.23146e-06	-1.06172e-06	2.46988e-06	-154.578	2.78876e-05	1.2517e-06	2.79174e-05	2.574	-2.083226e-11
