variable x	variable x count			lockin1 x	lockin1 y	lockin1 r	lockin1 phi	lockin2 x	lockin2 y	lockin2 r	lockin2 phi	lockin3 x	lockin3 y	lockin3 r	lockin3 phi	lockin4 x	lockin4 y	lockin4 r	lockin4 phi	smu1 meas	


0.2	0			2.66322e-05	-7.22337e-06	2.75896e-05	-15.168	4.05388e-05	6.92162e-06	4.11274e-05	9.696	0.00125409	-4.74455e-05	0.00125492	-2.166	0.0012312	-6.34198e-05	0.00123275	-2.946	-1.739773e-11
0.198	1			1.84105e-05	-6.47831e-06	1.95169e-05	-19.38	3.45113e-05	7.12278e-06	3.5234e-05	11.67	0.00123871	-4.67303e-05	0.00123955	-2.16	0.00123001	-6.3539e-05	0.00123168	-2.958	-2.296802e-11
0.196	2			4.31019e-06	-6.21009e-06	7.55864e-06	-55.224	1.32584e-05	8.85507e-06	1.59444e-05	33.738	0.00121916	-4.6015e-05	0.00122	-2.16	0.00121189	-6.33006e-05	0.00121356	-2.982	-2.028753e-11
0.194	3			6.35165e-06	-5.84315e-06	8.62783e-06	-42.594	9.8013e-06	8.87742e-06	1.32248e-05	42.168	0.00121356	-4.58958e-05	0.00121439	-2.166	0.00121141	-6.37774e-05	0.00121308	-3.006	-2.175338e-11
0.192	4			2.28324e-05	-6.41684e-06	2.3719e-05	-15.696	2.63528e-05	7.78591e-06	2.74816e-05	16.458	0.00121272	-4.66111e-05	0.00121356	-2.196	0.00121022	-6.24661e-05	0.00121177	-2.952	-1.693704e-11
0.19	5			3.25742e-05	-6.374e-06	3.31926e-05	-11.07	4.8198e-05	6.713e-06	4.866e-05	7.932	0.00119019	-4.52998e-05	0.00119103	-2.178	0.00118054	-6.15125e-05	0.00118209	-2.982	-2.271673e-11
0.188	6			1.00528e-05	-5.05711e-06	1.12542e-05	-26.7	2.07872e-05	7.41336e-06	2.20725e-05	19.632	0.00116742	-4.47037e-05	0.00116826	-2.184	0.00116027	-6.00817e-05	0.00116182	-2.964	-1.693697e-11
0.186	7			4.96025e-06	-5.22661e-06	7.20288e-06	-46.482	9.92051e-06	7.13769e-06	1.22227e-05	35.736	0.00115991	-4.36308e-05	0.00116075	-2.148	0.00115753	-5.90088e-05	0.00115896	-2.916	-2.041317e-11
0.184	8			1.37389e-05	-5.70904e-06	1.4877e-05	-22.56	1.77698e-05	8.03923e-06	1.95057e-05	24.342	0.00115813	-4.375e-05	0.00115896	-2.16	0.00115598	-5.94857e-05	0.00115753	-2.94	-1.848666e-11
0.182	9			3.79684e-05	-7.05014e-06	3.86166e-05	-10.518	4.87233e-05	6.28459e-06	4.91256e-05	7.35	0.0011443	-4.26772e-05	0.00114513	-2.136	0.00113822	-5.90088e-05	0.00113977	-2.964	-2.414069e-11
0.18	10			1.32658e-05	-5.39611e-06	1.43201e-05	-22.128	2.32757e-05	7.62197e-06	2.44902e-05	18.132	0.00111843	-4.19619e-05	0.00111926	-2.142	0.00111211	-5.69823e-05	0.00111366	-2.928	-1.647633e-11
0.178	11			6.45968e-06	-4.74605e-06	8.01502e-06	-36.288	1.04309e-05	8.29255e-06	1.33254e-05	38.484	0.00110925	-4.22003e-05	0.00111008	-2.172	0.00110639	-5.79359e-05	0.00110782	-2.994	-1.735582e-11
0.176	12			1.42735e-05	-5.45944e-06	1.52813e-05	-20.928	1.80864e-05	7.73749e-06	1.96734e-05	23.166	0.00110722	-4.16043e-05	0.00110806	-2.148	0.00110555	-5.73399e-05	0.0011071	-2.964	-2.254912e-11
0.174	13			3.51483e-05	-6.15048e-06	3.56811e-05	-9.924	4.41934e-05	6.15048e-06	4.4618e-05	7.926	0.00108982	-4.05314e-05	0.00109065	-2.13	0.00108708	-5.6267e-05	0.00108851	-2.964	-1.614126e-11
0.172	14			1.0863e-05	-5.00496e-06	1.19601e-05	-24.732	1.7427e-05	7.14886e-06	1.88389e-05	22.302	0.00106872	-4.00546e-05	0.00106943	-2.142	0.00106431	-5.55518e-05	0.00106574	-2.982	-2.066451e-11
0.17	15			8.15472e-06	-4.54302e-06	9.33564e-06	-29.112	1.16416e-05	7.71886e-06	1.39662e-05	33.546	0.00106204	-3.99353e-05	0.00106276	-2.148	0.00106049	-5.49557e-05	0.00106192	-2.964	-1.769088e-11
0.168	16			2.48385e-05	-5.2322e-06	2.53824e-05	-11.892	3.08605e-05	6.39635e-06	3.15162e-05	11.712	0.0010593	-3.99353e-05	0.00106014	-2.154	0.00105716	-5.50749e-05	0.00105859	-2.976	-2.497834e-11
0.166	17			2.12734e-05	-5.5414e-06	2.19831e-05	-14.598	2.95156e-05	6.14676e-06	3.01489e-05	11.766	0.0010326	-3.96969e-05	0.00103331	-2.196	0.00102926	-5.36444e-05	0.00103069	-2.982	-2.213034e-11
0.164	18			8.35961e-06	-4.62498e-06	9.55357e-06	-28.938	1.21706e-05	6.95515e-06	1.40183e-05	29.748	0.00102092	-3.77896e-05	0.00102163	-2.118	0.00101865	-5.25715e-05	0.00101996	-2.952	-2.116706e-11
0.162	19			1.6451e-05	-5.47062e-06	1.73376e-05	-18.39	1.87272e-05	6.71673e-06	1.98969e-05	19.734	0.00101817	-3.75512e-05	0.00101889	-2.106	0.00101817	-5.30484e-05	0.0010196	-2.976	-2.16697e-11
0.16	20			2.87351e-05	-5.71462e-06	2.92958e-05	-11.244	3.51893e-05	5.53581e-06	3.56252e-05	8.94	0.000998147	-3.75512e-05	0.000998862	-2.148	0.000996836	-5.20947e-05	0.000998147	-2.988	-2.5062e-11
0.158	21			1.01645e-05	-5.0776e-06	1.13622e-05	-26.532	1.44132e-05	7.0669e-06	1.60524e-05	26.124	0.000982888	-3.63591e-05	0.000983603	-2.118	0.000980265	-5.04258e-05	0.000981458	-2.94	-2.409882e-11
0.156	22			1.40444e-05	-4.88016e-06	1.48677e-05	-19.158	1.69204e-05	6.96632e-06	1.83025e-05	22.386	0.000978716	-3.64783e-05	0.000979312	-2.136	0.000977643	-5.0545e-05	0.000979073	-2.958	-2.012003e-11
0.154	23			2.82341e-05	-5.47434e-06	2.87594e-05	-10.968	3.44219e-05	5.33837e-06	3.48354e-05	8.814	0.000962261	-3.58822e-05	0.000962857	-2.13	0.000961188	-4.98297e-05	0.00096238	-2.964	-2.108329e-11
0.152	24			1.14423e-05	-4.46479e-06	1.22823e-05	-21.306	1.43238e-05	7.12278e-06	1.59965e-05	26.436	0.000945572	-3.49286e-05	0.000946287	-2.112	0.000944737	-4.91145e-05	0.000946049	-2.97	-2.129275e-11
0.15	25			1.70228e-05	-5.90648e-06	1.80175e-05	-19.128	2.06457e-05	6.70555e-06	2.17111e-05	17.994	0.000942592	-3.37365e-05	0.000943188	-2.046	0.000940684	-4.92337e-05	0.000941996	-2.994	-2.108331e-11
0.148	26			2.23612e-05	-5.46876e-06	2.30205e-05	-13.74	2.78169e-05	5.15956e-06	2.82937e-05	10.512	0.000920895	-3.44517e-05	0.000921611	-2.136	0.000921253	-4.828e-05	0.000922445	-2.994	-2.280044e-11
0.146	27			9.43249e-06	-5.07201e-06	1.07084e-05	-28.266	1.21669e-05	6.15793e-06	1.36383e-05	26.844	0.000910524	-3.39749e-05	0.00091112	-2.13	0.000908259	-4.69687e-05	0.000909451	-2.958	-2.309362e-11
0.144	28			2.59691e-05	-4.94349e-06	2.64366e-05	-10.776	2.9795e-05	5.72953e-06	3.03389e-05	10.884	0.000904445	-3.36173e-05	0.000905041	-2.124	0.000904325	-4.75647e-05	0.000905637	-3.006	-1.98269e-11
0.142	29			1.65981e-05	-4.71438e-06	1.72557e-05	-15.852	1.90997e-05	6.71673e-06	2.02471e-05	19.38	0.000883583	-3.27828e-05	0.000884179	-2.118	0.000883464	-4.62534e-05	0.000884656	-2.994	-1.831907e-11
0.14	30			1.49292e-05	-3.98423e-06	1.54508e-05	-14.94	1.63057e-05	6.42243e-06	1.75276e-05	21.498	0.000877026	-3.24252e-05	0.000877623	-2.118	0.000876073	-4.58958e-05	0.000877265	-2.994	-1.492667e-11
0.138	31			2.35831e-05	-5.15211e-06	2.414e-05	-12.324	2.61256e-05	6.48948e-06	2.69191e-05	13.95	0.000859026	-3.13523e-05	0.000859622	-2.088	0.000860337	-4.45845e-05	0.00086141	-2.964	-1.777464e-11
0.136	32			1.19936e-05	-4.12206e-06	1.26828e-05	-18.966	1.36868e-05	6.13186e-06	1.49981e-05	24.132	0.000849012	-3.13523e-05	0.000849608	-2.112	0.000848297	-4.43461e-05	0.000849489	-2.988	-2.263292e-11
0.134	33			2.65316e-05	-5.47248e-06	2.70904e-05	-11.652	3.0868e-05	5.4464e-06	3.13448e-05	10.008	0.000838403	-3.19483e-05	0.000838999	-2.178	0.000838641	-4.42269e-05	0.000839833	-3.012	-2.18791e-11
0.132	34			1.38805e-05	-4.29715e-06	1.45306e-05	-17.196	1.58251e-05	6.40753e-06	1.70731e-05	22.05	0.000823025	-3.09946e-05	0.000823621	-2.154	0.000823382	-4.24387e-05	0.000824455	-2.94	-2.108332e-11
0.13	35			2.49745e-05	-4.29156e-06	2.53395e-05	-9.744	2.75524e-05	6.0052e-06	2.82006e-05	12.294	0.000815038	-3.05178e-05	0.000815634	-2.142	0.000815634	-4.22003e-05	0.000816707	-2.958	-2.083202e-11
0.128	36			1.49608e-05	-4.22078e-06	1.55439e-05	-15.75	1.7468e-05	5.42778e-06	1.82913e-05	17.268	0.000798348	-2.96832e-05	0.000798944	-2.13	0.000798229	-4.13659e-05	0.000799302	-2.958	-2.116707e-11
0.126	37			2.51794e-05	-4.71811e-06	2.56189e-05	-10.608	2.69898e-05	6.09833e-06	2.76716e-05	12.732	0.000789646	-2.8968e-05	0.000790242	-2.1	0.000790481	-4.12466e-05	0.000791553	-2.976	-2.330304e-11
0.124	38			1.57525e-05	-3.36768e-06	1.61064e-05	-12.066	1.75276e-05	5.3421e-06	1.83248e-05	16.95	0.000772838	-2.81335e-05	0.000773314	-2.082	0.00077391	-3.94585e-05	0.000774864	-2.916	-2.049695e-11
0.122	39			2.48944e-05	-5.48552e-06	2.54923e-05	-12.426	2.66955e-05	6.33302e-06	2.74369e-05	13.344	0.000763062	-2.82527e-05	0.000763539	-2.118	0.000764612	-4.0293e-05	0.000765685	-3.012	-1.93243e-11
0.12	40			1.59481e-05	-4.05687e-06	1.64566e-05	-14.268	1.68533e-05	6.53046e-06	1.8079e-05	21.186	0.000749473	-2.74183e-05	0.000749949	-2.088	0.00074983	-3.96969e-05	0.000750903	-3.03	-1.877982e-11
0.118	41			2.24934e-05	-4.27107e-06	2.28958e-05	-10.746	2.55146e-05	5.08505e-06	2.60175e-05	11.274	0.000736121	-2.68222e-05	0.000736598	-2.082	0.000737313	-3.8624e-05	0.000738386	-2.988	-1.995247e-11
0.116	42			1.75779e-05	-4.47038e-06	1.81386e-05	-14.268	2.00757e-05	5.09623e-06	2.07127e-05	14.25	0.000726823	-2.65838e-05	0.00072718	-2.088	0.00072575	-3.77896e-05	0.000726823	-2.976	-2.447569e-11
0.114	43			1.89246e-05	-3.43659e-06	1.92357e-05	-10.284	2.12417e-05	5.98285e-06	2.20687e-05	15.738	0.000709537	-2.6107e-05	0.000710014	-2.1	0.00070918	-3.68359e-05	0.000710133	-2.964	-2.024566e-11
0.112	44			2.34005e-05	-3.9507e-06	2.37321e-05	-9.582	2.39426e-05	4.57096e-06	2.43784e-05	10.812	0.000700597	-2.52725e-05	0.000701074	-2.064	0.000701789	-3.67167e-05	0.000702742	-2.982	-1.258132e-11
0.11	45			1.8377e-05	-3.59864e-06	1.87253e-05	-11.076	1.93791e-05	5.51718e-06	2.01465e-05	15.9	0.000688557	-2.45572e-05	0.000688914	-2.04	0.00068951	-3.54054e-05	0.000690464	-2.94	-2.032941e-11
0.108	46			2.00832e-05	-3.17396e-06	2.03309e-05	-8.976	2.19458e-05	3.53532e-06	2.22289e-05	9.156	0.000673179	-2.56301e-05	0.000673655	-2.172	0.000672344	-3.42133e-05	0.000673179	-2.91	-2.032944e-11
0.106	47			2.29926e-05	-4.38842e-06	2.3408e-05	-10.806	2.39202e-05	4.32509e-06	2.43076e-05	10.254	0.000663999	-2.37228e-05	0.000664357	-2.04	0.000663642	-3.45709e-05	0.000664476	-2.97	-2.108328e-11
0.104	48			1.79244e-05	-4.06805e-06	1.83826e-05	-12.78	1.96138e-05	4.67527e-06	2.01651e-05	13.41	0.000651721	-2.40804e-05	0.000652198	-2.112	0.000650767	-3.3498e-05	0.000651602	-2.946	-2.146024e-11
0.102	49			1.83677e-05	-2.86663e-06	1.85893e-05	-8.862	1.87272e-05	5.05897e-06	1.93977e-05	15.12	0.000635866	-2.28883e-05	0.000636343	-2.058	0.000637177	-3.36173e-05	0.000638012	-3.012	-2.31355e-11
0.1	50			2.05339e-05	-3.11063e-06	2.07686e-05	-8.61	2.21358e-05	4.83546e-06	2.26573e-05	12.324	0.00062466	-2.26499e-05	0.000625018	-2.07	0.00062621	-3.33788e-05	0.000627045	-3.042	-2.376377e-11
0.098	51			2.28361e-05	-3.13671e-06	2.30504e-05	-7.818	2.41325e-05	4.31019e-06	2.45163e-05	10.134	0.000613216	-2.26499e-05	0.000613693	-2.106	0.000611786	-3.13523e-05	0.00061262	-2.928	-1.861227e-11
0.096	52			2.27113e-05	-2.2743e-06	2.2825e-05	-5.718	2.20911e-05	4.55978e-06	2.25567e-05	11.664	0.000600819	-2.13386e-05	0.000601295	-2.028	0.000603084	-3.12331e-05	0.000603799	-2.964	-2.099955e-11
0.094	53			2.07779e-05	-3.66384e-06	2.10983e-05	-9.996	2.01837e-05	4.03452e-06	2.05823e-05	11.31	0.000587348	-2.16962e-05	0.000587706	-2.112	0.000589017	-3.0637e-05	0.000589851	-2.976	-1.802593e-11
0.092	54			2.06066e-05	-3.60796e-06	2.09195e-05	-9.924	2.20725e-05	4.22823e-06	2.24748e-05	10.848	0.000576381	-2.0981e-05	0.000576857	-2.07	0.00057793	-3.0637e-05	0.000578765	-3.024	-2.028755e-11
0.09	55			2.01763e-05	-3.86502e-06	2.05432e-05	-10.842	2.09102e-05	4.68644e-06	2.14317e-05	12.642	0.000563744	-2.07425e-05	0.000564102	-2.106	0.000563148	-3.00409e-05	0.000563864	-3.048	-1.798406e-11
0.088	56			2.04445e-05	-4.28039e-06	2.08878e-05	-11.82	2.15658e-05	4.3996e-06	2.20091e-05	11.532	0.000550631	-1.90736e-05	0.00055087	-1.974	0.000552181	-2.94448e-05	0.000553016	-3.042	-1.798404e-11
0.086	57			2.09754e-05	-3.51296e-06	2.12659e-05	-9.504	2.13088e-05	4.03824e-06	2.16888e-05	10.734	0.000538472	-1.99081e-05	0.00053883	-2.112	0.000540737	-2.86103e-05	0.000541452	-3.03	-1.584811e-11
0.084	58			2.08189e-05	-2.81075e-06	2.1007e-05	-7.686	2.1346e-05	4.58959e-06	2.18378e-05	12.144	0.000527147	-1.83583e-05	0.000527505	-1.986	0.000528816	-2.75375e-05	0.000529531	-2.97	-2.296795e-11
0.082	59			2.0722e-05	-2.87594e-06	2.09195e-05	-7.896	2.14131e-05	4.51508e-06	2.18825e-05	11.91	0.000513677	-1.88352e-05	0.000514034	-2.094	0.000515822	-2.77759e-05	0.000516538	-3.078	-2.300985e-11
0.08	60			2.0329e-05	-2.24264e-06	2.04538e-05	-6.294	1.97702e-05	3.72158e-06	2.01167e-05	10.662	0.000500444	-1.85968e-05	0.000500802	-2.118	0.000503186	-2.71798e-05	0.000504021	-3.084	-1.898923e-11
0.078	61			2.11598e-05	-3.61168e-06	2.14671e-05	-9.684	2.0072e-05	4.21706e-06	2.05116e-05	11.874	0.000488762	-1.6451e-05	0.000489	-1.92	0.000490669	-2.6107e-05	0.000491265	-3.03	-2.330301e-11
0.076	62			2.06177e-05	-2.99329e-06	2.08357e-05	-8.256	2.07127e-05	4.60076e-06	2.12194e-05	12.528	0.000475885	-1.68086e-05	0.000476124	-2.022	0.000478031	-2.50341e-05	0.000478627	-2.988	-1.752335e-11
0.074	63			2.05563e-05	-2.17186e-06	2.06718e-05	-6.03	2.05451e-05	4.0606e-06	2.094e-05	11.184	0.000463488	-1.60934e-05	0.000463726	-1.974	0.000466349	-2.41996e-05	0.000466945	-2.97	-2.296799e-11
0.072	64			2.02433e-05	-2.47733e-06	2.03942e-05	-6.972	2.0478e-05	3.22984e-06	2.07314e-05	8.97	0.000451686	-1.62126e-05	0.000451924	-2.052	0.000453474	-2.41996e-05	0.000454189	-3.048	-1.53455e-11
0.07	65			2.07965e-05	-3.52414e-06	2.10927e-05	-9.618	2.04557e-05	4.3847e-06	2.09213e-05	12.102	0.00043893	-1.53781e-05	0.000439288	-1.992	0.000441434	-2.37228e-05	0.000442149	-3.066	-2.032943e-11
0.068	66			2.02396e-05	-2.45684e-06	2.03886e-05	-6.918	2.03104e-05	3.13298e-06	2.05488e-05	8.778	0.000426652	-1.51396e-05	0.00042689	-2.022	0.000428559	-2.19346e-05	0.000429155	-2.922	-2.150211e-11
0.066	67			2.10014e-05	-3.3267e-06	2.12641e-05	-9.0	2.00422e-05	3.13298e-06	2.0288e-05	8.88	0.000413897	-1.4782e-05	0.000414135	-2.028	0.000415327	-2.26499e-05	0.000415923	-3.114	-2.7198e-11
0.064	68			2.01074e-05	-2.39165e-06	2.02489e-05	-6.78	2.04445e-05	3.32297e-06	2.0709e-05	9.234	0.000401976	-1.51396e-05	0.000402214	-2.148	0.000402572	-2.18154e-05	0.000403168	-3.102	-2.087392e-11
0.062	69			1.9515e-05	-3.04544e-06	1.97516e-05	-8.868	2.02769e-05	4.17608e-06	2.07053e-05	11.64	0.00039077	-1.28747e-05	0.000390889	-1.884	0.000389697	-2.1577e-05	0.000390293	-3.162	-1.861223e-11
0.06	70			1.90717e-05	-2.84986e-06	1.92841e-05	-8.496	2.07686e-05	3.63962e-06	2.10853e-05	9.948	0.000377061	-1.27555e-05	0.000377299	-1.932	0.000379326	-2.05041e-05	0.000379803	-3.078	-1.857035e-11
0.058	71			1.93288e-05	-3.26523e-06	1.96007e-05	-9.588	2.03812e-05	3.34533e-06	2.06531e-05	9.324	0.000366451	-1.21594e-05	0.00036669	-1.884	0.00036514	-1.94312e-05	0.000365617	-3.042	-2.012006e-11
0.056	72			1.99397e-05	-2.31715e-06	2.00738e-05	-6.624	1.9245e-05	3.90413e-06	1.96361e-05	11.472	0.000352265	-1.20402e-05	0.000352504	-1.938	0.000354888	-1.85968e-05	0.000355365	-2.988	-1.777465e-11
0.054	73			1.9679e-05	-1.82354e-06	1.97628e-05	-5.292	1.88836e-05	3.40493e-06	1.91891e-05	10.224	0.000339152	-1.15634e-05	0.000339272	-1.944	0.000340225	-1.78815e-05	0.000340702	-3.006	-1.773274e-11
0.052	74			1.98764e-05	-2.40469e-06	2.00217e-05	-6.894	1.85558e-05	2.83124e-06	1.87719e-05	8.682	0.000326874	-1.15634e-05	0.000327112	-2.01	0.000330331	-1.88352e-05	0.000330927	-3.258	-2.049694e-11
0.05	75			1.91872e-05	-1.93344e-06	1.92841e-05	-5.748	1.91034e-05	3.57629e-06	1.94387e-05	10.602	0.00031531	-1.04905e-05	0.00031543	-1.89	0.000316026	-1.7047e-05	0.000316503	-3.078	-1.815157e-11
0.048	76			2.02489e-05	-1.53669e-06	2.03067e-05	-4.338	1.96585e-05	3.18514e-06	1.99155e-05	9.21	0.000302555	-9.89443e-06	0.000302674	-1.866	0.000305416	-1.68086e-05	0.000305893	-3.138	-1.915674e-11
0.046	77			1.90587e-05	-2.22029e-06	1.91872e-05	-6.642	1.92859e-05	3.22239e-06	1.95542e-05	9.486	0.000290873	-9.89443e-06	0.000291111	-1.944	0.000291111	-1.54973e-05	0.000291469	-3.03	-2.116709e-11
0.044	78			1.93549e-05	-1.3914e-06	1.94052e-05	-4.104	1.88203e-05	3.83335e-06	1.92077e-05	11.52	0.000277879	-9.17917e-06	0.000277998	-1.866	0.000280501	-1.54973e-05	0.000280859	-3.144	-1.626693e-11
0.042	79			1.99602e-05	-2.69899e-06	2.01409e-05	-7.698	1.8485e-05	2.71203e-06	1.86824e-05	8.352	0.000266196	-8.94075e-06	0.000266315	-1.92	0.000268819	-1.51396e-05	0.000269296	-3.21	-1.898922e-11
0.04	80			1.88259e-05	-1.67639e-06	1.89004e-05	-5.088	1.87122e-05	2.9877e-06	1.89469e-05	9.078	0.000252845	-8.94075e-06	0.000252964	-2.022	0.000255944	-1.39475e-05	0.000256302	-3.114	-2.35962e-11
0.038	81			1.85875e-05	-1.50502e-06	1.86489e-05	-4.626	1.88277e-05	3.24474e-06	1.91034e-05	9.786	0.0002414	-7.51021e-06	0.000241519	-1.752	0.000243426	-1.33515e-05	0.000243784	-3.12	-1.735583e-11
0.036	82			1.81441e-05	-1.34297e-06	1.81944e-05	-4.23	1.8038e-05	2.49223e-06	1.82056e-05	7.872	0.00022936	-7.15259e-06	0.000229479	-1.764	0.00023234	-1.27555e-05	0.000232697	-3.138	-1.944992e-11
0.034	83			1.84366e-05	-1.87383e-06	1.85316e-05	-5.802	1.97181e-05	2.58537e-06	1.98857e-05	7.476	0.000217439	-7.15259e-06	0.000217558	-1.86	0.000218631	-1.27555e-05	0.000218988	-3.312	-2.594154e-11
0.032	84			1.89153e-05	-7.78589e-07	1.8932e-05	-2.358	1.84515e-05	3.08455e-06	1.87085e-05	9.498	0.000203372	-6.19891e-06	0.000203372	-1.728	0.000206471	-1.16826e-05	0.000206829	-3.234	-2.527146e-11
0.03	85			1.87644e-05	-1.47895e-06	1.8824e-05	-4.506	1.81423e-05	2.73065e-06	1.83434e-05	8.568	0.000191511	-5.84128e-06	0.00019157	-1.746	0.000191987	-1.10865e-05	0.000192286	-3.3	-2.259109e-11
0.028	86			1.84217e-05	-1.32062e-06	1.84682e-05	-4.098	1.7211e-05	2.59654e-06	1.74084e-05	8.592	0.000178934	-4.7684e-06	0.000179053	-1.512	0.00018263	-1.04905e-05	0.000182987	-3.282	-2.208846e-11
0.026	87			1.87327e-05	-1.18092e-06	1.877e-05	-3.606	1.79411e-05	2.83496e-06	1.81646e-05	8.982	0.000166954	-4.7088e-06	0.000167013	-1.614	0.000169874	-1.03117e-05	0.000170172	-3.456	-2.120895e-11
0.024	88			1.93381e-05	-1.41189e-06	1.93903e-05	-4.176	1.73339e-05	3.29317e-06	1.76431e-05	10.758	0.000154377	-4.58959e-06	0.000154437	-1.692	0.000157596	-9.71562e-06	0.000157894	-3.51	-2.1544e-11
0.022	89			1.88482e-05	-8.92211e-07	1.88706e-05	-2.706	1.77064e-05	3.22239e-06	1.7997e-05	10.314	0.000142933	-4.7684e-06	0.000143052	-1.908	0.000145377	-9.05996e-06	0.000145615	-3.558	-2.313548e-11
0.02	90			1.74084e-05	-8.73584e-07	1.74307e-05	-2.874	1.80529e-05	2.0601e-06	1.81721e-05	6.522	0.000131489	-3.6359e-06	0.000131489	-1.566	0.000133813	-8.04669e-06	0.000134052	-3.438	-2.397312e-11
0.018	91			1.8092e-05	-7.76727e-07	1.81088e-05	-2.454	1.82913e-05	2.45871e-06	1.84552e-05	7.662	0.000119985	-3.33787e-06	0.000120044	-1.59	0.000122429	-7.21219e-06	0.000122608	-3.366	-2.351248e-11
0.016	92			1.83081e-05	-2.98025e-07	1.83099e-05	-0.93	1.87644e-05	2.45126e-06	1.89246e-05	7.446	0.000108183	-3.6955e-06	0.000108243	-1.938	0.000108123	-6.73535e-06	0.000108302	-3.546	-1.907293e-11
0.014	93			1.77195e-05	-4.82429e-07	1.77269e-05	-1.554	1.86899e-05	2.13833e-06	1.88128e-05	6.534	9.63812e-05	-2.74183e-06	9.64408e-05	-1.614	9.69474e-05	-6.58634e-06	9.7156e-05	-3.882	-2.221405e-11
0.012	94			1.81125e-05	-3.74393e-07	1.81162e-05	-1.182	1.91816e-05	1.8105e-06	1.92673e-05	5.4	8.42516e-05	-2.02657e-06	8.42814e-05	-1.368	8.39536e-05	-4.7386e-06	8.40728e-05	-3.228	-2.66954e-11
0.01	95			1.8133e-05	-8.94074e-08	1.8133e-05	-0.276	1.86824e-05	1.76579e-06	1.87644e-05	5.4	7.19135e-05	-1.66894e-06	7.19433e-05	-1.314	7.14068e-05	-5.27504e-06	7.16154e-05	-4.218	-1.974309e-11
0.008	96			1.8105e-05	-3.83707e-07	1.81088e-05	-1.212	1.88315e-05	2.40655e-06	1.89842e-05	7.29	5.93665e-05	-1.72854e-06	5.93963e-05	-1.638	6.09758e-05	-4.44058e-06	6.11548e-05	-4.158	-2.09996e-11
0.006	97			1.91369e-05	-1.1772e-06	1.91742e-05	-3.516	1.92599e-05	1.70992e-06	1.93381e-05	5.076	4.56574e-05	-8.41919e-07	4.56648e-05	-1.056	4.81906e-05	-4.26176e-06	4.83694e-05	-5.04	-2.250727e-11
0.004	98			1.8593e-05	6.18402e-07	1.86042e-05	1.908	1.97181e-05	1.42307e-06	1.97665e-05	4.14	3.41313e-05	-5.14094e-07	3.41388e-05	-0.852	3.36247e-05	-2.13088e-06	3.36918e-05	-3.618	-2.02038e-11
0.002	99			1.92208e-05	-4.86154e-07	1.92282e-05	-1.446	1.98522e-05	2.43635e-06	2.00012e-05	7.008	2.03328e-05	4.09784e-07	2.03402e-05	1.164	2.18154e-05	-2.70458e-06	2.19793e-05	-7.056	-2.284233e-11
0.0	100			1.89432e-05	-4.76841e-07	1.89507e-05	-1.44	2.07165e-05	1.60933e-06	2.07798e-05	4.44	7.60335e-06	-1.43425e-07	7.60521e-06	-1.068	6.57889e-06	-2.0154e-06	6.88064e-06	-17.028	-1.714641e-11
