variable x	variable x count			lockin1 x	lockin1 y	lockin1 r	lockin1 phi	lockin2 x	lockin2 y	lockin2 r	lockin2 phi	lockin3 x	lockin3 y	lockin3 r	lockin3 phi	smu1 meas	


0.0	0			2.9348e-05	-9.79759e-07	2.93629e-05	-1.908	-5.03196e-06	-7.25504e-07	5.08319e-06	-171.798	2.93852e-05	2.16813e-06	2.94597e-05	4.23	-2.342863e-11
0.0025	1			2.72879e-05	-8.75447e-07	2.7299e-05	-1.83	-1.90373e-05	3.35278e-07	1.90391e-05	178.986	2.75673e-05	8.5682e-07	2.75822e-05	1.788	-2.288417e-11
0.005	2			2.65056e-05	-1.96324e-06	2.65801e-05	-4.23	-3.42468e-05	9.35052e-07	3.4258e-05	178.434	2.65093e-05	6.03501e-07	2.65167e-05	1.314	-2.158585e-11
0.0075	3			2.60064e-05	-1.24053e-06	2.60362e-05	-2.73	-4.74902e-05	2.7232e-06	4.75647e-05	176.718	2.62932e-05	2.01167e-06	2.63752e-05	4.38	-2.225594e-11
0.01	4			2.54737e-05	-1.35974e-06	2.55109e-05	-3.048	-6.1736e-05	2.43635e-06	6.17807e-05	177.738	2.51682e-05	1.8552e-06	2.52352e-05	4.224	-2.271667e-11
0.0125	5			2.55333e-05	-1.19583e-06	2.55593e-05	-2.676	-7.5337e-05	3.24102e-06	7.54003e-05	177.534	2.44976e-05	1.64659e-06	2.45498e-05	3.864	-2.233969e-11
0.015	6			2.39426e-05	-2.14951e-06	2.40394e-05	-5.124	-8.82898e-05	3.69923e-06	8.83606e-05	177.6	2.40655e-05	1.51248e-06	2.41102e-05	3.6	-2.028751e-11
0.0175	7			2.45721e-05	-2.43263e-06	2.46913e-05	-5.646	-0.000100852	4.00844e-06	0.000100926	177.72	2.46317e-05	1.60933e-06	2.46839e-05	3.75	-1.509417e-11
0.02	8			2.34024e-05	-2.44008e-06	2.3529e-05	-5.946	-0.000115447	5.14093e-06	0.000115552	177.45	2.40804e-05	1.75834e-06	2.41474e-05	4.182	-2.380558e-11
0.0225	9			2.471e-05	-1.75462e-06	2.47733e-05	-4.056	-0.000128807	5.65502e-06	0.000128926	177.486	2.41847e-05	2.84614e-06	2.43486e-05	6.726	-2.514575e-11
0.025	10			2.41623e-05	-2.09363e-06	2.42555e-05	-4.944	-0.000139699	5.13348e-06	0.000139781	177.894	2.36483e-05	1.60188e-06	2.37004e-05	3.888	-1.790024e-11
0.0275	11			2.43821e-05	-1.99304e-06	2.44641e-05	-4.662	-0.000152291	7.60707e-06	0.000152477	177.138	2.37675e-05	2.4289e-06	2.38941e-05	5.844	-2.393125e-11
0.03	12			2.33689e-05	-2.71575e-06	2.3529e-05	-6.624	-0.000166372	7.02593e-06	0.000166507	177.582	2.29405e-05	2.3842e-06	2.30671e-05	5.94	-1.861225e-11
0.0325	13			2.34247e-05	-2.75673e-06	2.35849e-05	-6.702	-0.000180931	7.98708e-06	0.00018108	177.468	2.47733e-05	3.61355e-06	2.50341e-05	8.31	-2.401497e-11
0.035	14			2.36892e-05	-2.7381e-06	2.38457e-05	-6.588	-0.000192375	8.40431e-06	0.000192554	177.492	2.49e-05	2.08618e-06	2.49894e-05	4.806	-2.037127e-11
0.0375	15			2.39686e-05	-3.36023e-06	2.41996e-05	-7.98	-0.000209392	9.80502e-06	0.000209601	177.312	2.5116e-05	2.89829e-06	2.52799e-05	6.588	-1.635064e-11
0.04	16			2.30559e-05	-2.30597e-06	2.31714e-05	-5.706	-0.000219793	9.65601e-06	0.000220002	177.48	2.45721e-05	1.86265e-06	2.46392e-05	4.344	-2.003622e-11
0.0425	17			2.28846e-05	-1.69501e-06	2.29479e-05	-4.23	-0.000233949	9.77522e-06	0.000234128	177.6	2.4289e-05	3.90413e-06	2.46019e-05	9.138	-1.991057e-11
0.045	18			2.26424e-05	-2.7381e-06	2.28026e-05	-6.894	-0.000246676	1.12057e-05	0.000246884	177.396	2.52725e-05	3.0026e-06	2.54588e-05	6.78	-2.070631e-11
0.0475	19			2.27058e-05	-2.40283e-06	2.28324e-05	-6.036	-0.000260266	1.09375e-05	0.000260474	177.594	2.58834e-05	3.59119e-06	2.61293e-05	7.902	-2.04969e-11
0.05	20			2.26089e-05	-3.15534e-06	2.28287e-05	-7.938	-0.000273051	1.19806e-05	0.000273289	177.486	2.65242e-05	2.80888e-06	2.66657e-05	6.054	-2.347052e-11
0.0525	21			2.28063e-05	-3.7104e-06	2.31081e-05	-9.24	-0.000287356	1.33813e-05	0.000287624	177.33	2.61293e-05	3.19631e-06	2.6323e-05	6.984	-1.58062e-11
0.055	22			2.23854e-05	-2.61517e-06	2.25381e-05	-6.66	-0.000300439	1.29641e-05	0.000300707	177.528	2.63081e-05	3.28572e-06	2.65167e-05	7.122	-2.36799e-11
0.0575	23			2.26313e-05	-3.46826e-06	2.28958e-05	-8.706	-0.000314267	1.4037e-05	0.000314536	177.438	2.73586e-05	3.35278e-06	2.75598e-05	7.002	-1.986868e-11
0.06	24			2.15323e-05	-3.26709e-06	2.17782e-05	-8.628	-0.000326695	1.43648e-05	0.000326993	177.48	2.73214e-05	3.46453e-06	2.75449e-05	7.23	-1.743957e-11
0.0625	25			2.15844e-05	-3.67315e-06	2.18936e-05	-9.648	-0.000339897	1.51396e-05	0.000340195	177.45	2.79249e-05	3.36023e-06	2.81186e-05	6.876	-1.98687e-11
0.065	26			2.13013e-05	-3.64335e-06	2.16105e-05	-9.708	-0.000353249	1.62126e-05	0.000353606	177.372	2.76716e-05	4.33627e-06	2.80143e-05	8.91	-2.225591e-11
0.0675	27			2.09325e-05	-4.08667e-06	2.13274e-05	-11.034	-0.000366839	1.6451e-05	0.000367166	177.432	2.9415e-05	4.27666e-06	2.97205e-05	8.28	-2.192087e-11
0.07	28			2.08804e-05	-4.24686e-06	2.13088e-05	-11.496	-0.000380011	1.73451e-05	0.000380399	177.384	2.93331e-05	4.08295e-06	2.96162e-05	7.926	-1.685319e-11
0.0725	29			2.15956e-05	-4.45548e-06	2.20501e-05	-11.652	-0.000395538	1.84478e-05	0.000395956	177.33	2.95342e-05	4.36607e-06	2.98546e-05	8.412	-2.007811e-11
0.075	30			2.08543e-05	-4.14255e-06	2.12603e-05	-11.226	-0.00040588	1.84776e-05	0.000406267	177.39	3.0324e-05	4.20961e-06	3.06147e-05	7.908	-2.468506e-11
0.0775	31			1.90736e-05	-3.95629e-06	1.94797e-05	-11.706	-0.000420185	1.90736e-05	0.000420572	177.402	3.05253e-05	3.44963e-06	3.07115e-05	6.456	-1.676946e-11
0.08	32			2.03924e-05	-4.46293e-06	2.08729e-05	-12.336	-0.000436218	1.89246e-05	0.000436606	177.516	3.27381e-05	3.33042e-06	3.29094e-05	5.814	-2.217218e-11
0.0825	33			1.90811e-05	-4.47783e-06	1.95989e-05	-13.2	-0.000444742	1.99379e-05	0.000445159	177.432	3.30659e-05	4.65664e-06	3.33937e-05	8.022	-2.158585e-11
0.085	34			1.78852e-05	-4.27666e-06	1.83881e-05	-13.434	-0.000458898	2.12194e-05	0.000459315	177.348	3.27604e-05	4.61194e-06	3.30808e-05	8.016	-2.200465e-11
0.0875	35			1.95132e-05	-4.7088e-06	2.00757e-05	-13.56	-0.000473859	2.25307e-05	0.000474336	177.276	3.4027e-05	5.45385e-06	3.44592e-05	9.114	-2.095759e-11
0.09	36			1.91816e-05	-4.24686e-06	1.96436e-05	-12.48	-0.000486793	2.1875e-05	0.00048727	177.42	3.46678e-05	5.3421e-06	3.50776e-05	8.766	-2.280044e-11
0.0925	37			1.82913e-05	-4.73487e-06	1.88948e-05	-14.508	-0.000499669	2.30671e-05	0.000500146	177.354	3.6672e-05	4.84291e-06	3.69924e-05	7.53	-2.146019e-11
0.095	38			1.95504e-05	-4.79075e-06	2.01279e-05	-13.764	-0.00051314	2.3842e-05	0.000513617	177.336	3.51446e-05	5.3719e-06	3.5547e-05	8.694	-2.016185e-11
0.0975	39			1.79337e-05	-4.4741e-06	1.8485e-05	-14.004	-0.000526551	2.43784e-05	0.000527028	177.342	3.45858e-05	4.45548e-06	3.48764e-05	7.344	-1.991056e-11
0.1	40			1.65963e-05	-4.69017e-06	1.72482e-05	-15.774	-0.000537518	2.42592e-05	0.000537995	177.414	3.69179e-05	5.90834e-06	3.73947e-05	9.096	-2.045502e-11
0.1025	41			1.75686e-05	-5.0329e-06	1.82727e-05	-15.978	-0.000550512	2.49745e-05	0.000551049	177.396	3.91977e-05	5.58051e-06	3.95926e-05	8.106	-2.430814e-11
0.105	42			1.71737e-05	-5.04407e-06	1.79001e-05	-16.362	-0.000565056	2.61666e-05	0.000565592	177.348	4.14776e-05	5.55816e-06	4.18576e-05	7.632	-2.451756e-11
0.1075	43			1.79821e-05	-5.3421e-06	1.8757e-05	-16.536	-0.000578348	2.68222e-05	0.000578944	177.342	4.27293e-05	5.69972e-06	4.31093e-05	7.596	-2.443379e-11
0.11	44			1.70694e-05	-5.0478e-06	1.77996e-05	-16.47	-0.000591878	2.70606e-05	0.000592474	177.378	4.35116e-05	5.69227e-06	4.38916e-05	7.452	-2.070631e-11
0.1125	45			1.63392e-05	-5.62894e-06	1.72817e-05	-18.996	-0.000604276	2.85507e-05	0.000604872	177.288	4.50837e-05	5.10368e-06	4.53668e-05	6.462	-2.347052e-11
0.115	46			1.49496e-05	-5.16328e-06	1.58177e-05	-19.038	-0.000617746	2.90872e-05	0.000618342	177.3	4.64695e-05	5.77423e-06	4.68271e-05	7.092	-1.723014e-11
0.1175	47			1.58289e-05	-5.88599e-06	1.68831e-05	-20.388	-0.000632528	2.9564e-05	0.000633184	177.318	4.26623e-05	5.60287e-06	4.30273e-05	7.488	-2.187901e-11
0.12	48			1.87607e-05	-6.40008e-06	1.98224e-05	-18.822	-0.000650231	3.02793e-05	0.000650886	177.33	3.75437e-05	6.82476e-06	3.81547e-05	10.308	-2.09995e-11
0.1225	49			2.09698e-05	-6.21009e-06	2.18713e-05	-16.494	-0.000661317	3.05178e-05	0.000661973	177.354	5.29143e-05	5.09623e-06	5.31601e-05	5.502	-1.781645e-11
0.125	50			1.78741e-05	-6.40753e-06	1.89879e-05	-19.716	-0.000670735	3.11735e-05	0.00067145	177.336	5.32495e-05	5.89344e-06	5.35774e-05	6.324	-2.380558e-11
0.1275	51			1.46889e-05	-6.79868e-06	1.61828e-05	-24.828	-0.000683967	3.15311e-05	0.000684682	177.36	4.55829e-05	6.53419e-06	4.60448e-05	8.166	-2.221405e-11
0.13	52			2.05488e-05	-7.29787e-06	2.18042e-05	-19.548	-0.000700835	3.20079e-05	0.00070155	177.384	5.35625e-05	6.25852e-06	5.39275e-05	6.666	-1.991056e-11
0.1325	53			1.96398e-05	-6.0946e-06	2.05637e-05	-17.232	-0.000711981	3.2306e-05	0.000712637	177.396	5.73399e-05	5.72953e-06	5.76305e-05	5.706	-1.894729e-11
0.135	54			1.3873e-05	-6.10951e-06	1.51583e-05	-23.754	-0.000723783	3.33192e-05	0.000724498	177.36	5.33613e-05	6.54164e-06	5.37636e-05	6.996	-2.401502e-11
0.1375	55			2.22997e-05	-7.48786e-06	2.35253e-05	-18.558	-0.000741664	3.42133e-05	0.000742439	177.36	5.57976e-05	7.13769e-06	5.62521e-05	7.29	-2.192086e-11
0.14	56			1.69912e-05	-6.40008e-06	1.81572e-05	-20.64	-0.000748042	3.47497e-05	0.000748757	177.336	6.38743e-05	5.65502e-06	6.41276e-05	5.064	-1.911481e-11
0.1425	57			1.51136e-05	-6.78751e-06	1.65665e-05	-24.18	-0.000766758	3.64783e-05	0.000767533	177.27	5.39052e-05	5.90834e-06	5.42256e-05	6.258	-2.070632e-11
0.145	58			2.41959e-05	-7.48041e-06	2.53284e-05	-17.178	-0.000778262	3.65975e-05	0.000779036	177.306	7.15633e-05	5.4464e-06	7.17719e-05	4.35	-2.455943e-11
0.1475	59			1.3616e-05	-6.84339e-06	1.52328e-05	-26.67	-0.000790957	3.76108e-05	0.000791851	177.276	5.60957e-05	6.97377e-06	5.65278e-05	7.092	-1.815155e-11
0.15	60			3.11548e-05	-7.14514e-06	3.19632e-05	-12.912	-0.000807289	3.82068e-05	0.000808123	177.288	7.63764e-05	7.01103e-06	7.66967e-05	5.244	-2.443379e-11
0.1525	61			1.32286e-05	-7.26062e-06	1.50875e-05	-28.758	-0.000817124	3.81472e-05	0.000817958	177.324	5.97464e-05	6.83966e-06	6.01413e-05	6.528	-2.19209e-11
0.155	62			3.16428e-05	-8.00571e-06	3.26412e-05	-14.19	-0.000835005	3.89221e-05	0.00083584	177.33	8.27541e-05	7.02593e-06	8.30521e-05	4.854	-2.162771e-11
0.1575	63			1.33925e-05	-7.43571e-06	1.53148e-05	-29.028	-0.000844423	3.99353e-05	0.000845317	177.288	5.65725e-05	7.27925e-06	5.70419e-05	7.338	-2.363804e-11
0.16	64			3.64261e-05	-8.70606e-06	3.74543e-05	-13.434	-0.000862304	4.14851e-05	0.000863198	177.246	9.62694e-05	5.50601e-06	9.64259e-05	3.276	-1.898918e-11
0.1625	65			1.64734e-05	-7.37238e-06	1.80491e-05	-24.096	-0.000873093	4.0293e-05	0.000873987	177.36	5.99253e-05	8.14354e-06	6.0484e-05	7.74	-2.158583e-11
0.165	66			2.07165e-05	-7.56982e-06	2.20576e-05	-20.07	-0.000879291	4.17235e-05	0.000880245	177.282	8.97055e-05	6.16911e-06	8.9929e-05	3.936	-1.488477e-11
0.1675	67			2.37563e-05	-8.25903e-06	2.51496e-05	-19.164	-0.000904206	4.0889e-05	0.000905041	177.408	7.44243e-05	7.65926e-06	7.48192e-05	5.874	-2.259099e-11
0.17	68			1.33254e-05	-7.65553e-06	1.53632e-05	-29.868	-0.000906233	4.27964e-05	0.000907186	177.294	6.70333e-05	8.88115e-06	6.76219e-05	7.554	-1.756519e-11
0.1725	69			3.67055e-05	-7.93865e-06	3.75549e-05	-12.198	-0.000930909	4.35116e-05	0.000931744	177.318	0.000105046	6.07225e-06	0.000105218	3.312	-1.819341e-11
0.175	70			1.18949e-05	-8.19197e-06	1.44393e-05	-34.548	-0.000938777	4.39885e-05	0.000939731	177.312	7.2055e-05	8.18825e-06	7.2517e-05	6.486	-1.601557e-11
0.1775	71			2.74332e-05	-9.09349e-06	2.89009e-05	-18.336	-0.000943903	4.39885e-05	0.000944857	177.33	8.51159e-05	6.57889e-06	8.53692e-05	4.422	-2.677911e-11
0.18	72			3.20415e-05	-9.77149e-06	3.3498e-05	-16.956	-0.00097299	4.57766e-05	0.000973944	177.3	9.86536e-05	7.65926e-06	9.89516e-05	4.44	-1.73977e-11
0.1825	73			9.26858e-06	-7.57727e-06	1.19694e-05	-39.258	-0.000975374	4.62534e-05	0.000976328	177.282	8.44528e-05	8.8588e-06	8.49222e-05	5.988	-2.5774e-11
0.185	74			3.80578e-05	-1.05315e-05	3.94883e-05	-15.468	-0.00098706	4.70879e-05	0.000988133	177.264	9.38629e-05	7.78591e-06	9.41758e-05	4.746	-2.73236e-11
0.1875	75			3.16391e-05	-9.33191e-06	3.29877e-05	-16.428	-0.00101269	4.72071e-05	0.00101364	177.33	8.76789e-05	7.2718e-06	8.79769e-05	4.74	-2.372177e-11
0.19	76			7.27925e-06	-8.45274e-06	1.11499e-05	-49.254	-0.00101436	4.76839e-05	0.00101531	177.3	0.000102208	8.3e-06	0.000102543	4.644	-2.221404e-11
0.1925	77			3.90077e-05	-9.34309e-06	4.01104e-05	-13.47	-0.00102402	4.828e-05	0.00102509	177.3	0.000108131	7.59217e-06	0.000108399	4.014	-2.200464e-11
0.195	78			4.06543e-05	-9.66346e-06	4.17868e-05	-13.368	-0.00105334	4.99489e-05	0.00105453	177.282	8.03252e-05	8.75449e-06	8.0802e-05	6.222	-1.777462e-11
0.1975	79			8.25903e-06	-9.42504e-06	1.25282e-05	-48.762	-0.0010562	5.01873e-05	0.00105727	177.276	9.65898e-05	8.14354e-06	9.69325e-05	4.824	-2.133455e-11
0.2	80			2.34992e-05	-9.99874e-06	2.5537e-05	-23.04	-0.00106037	5.03066e-05	0.00106145	177.282	0.000132867	6.96632e-06	0.000133046	3.0	-2.426626e-11
0.2025	81			5.3067e-05	-1.15187e-05	5.43038e-05	-12.246	-0.00109566	5.26907e-05	0.00109685	177.24	0.000100993	7.99453e-06	0.000101306	4.53	-1.924045e-11
0.205	82			1.79262e-05	-8.9184e-06	2.00198e-05	-26.442	-0.00110305	5.29292e-05	0.00110424	177.252	7.20476e-05	9.49955e-06	7.26734e-05	7.512	-2.007811e-11
0.2075	83			1.37315e-05	-8.73586e-06	1.62722e-05	-32.454	-0.00110198	5.22139e-05	0.00110305	177.288	0.000108168	8.75449e-06	0.000108518	4.632	-2.016183e-11
0.21	84			4.28858e-05	-1.1649e-05	4.44392e-05	-15.192	-0.00112069	5.32868e-05	0.00112177	177.276	0.000159279	6.11696e-06	0.000159399	2.202	-2.393118e-11
0.2125	85			4.14925e-05	-1.06954e-05	4.28485e-05	-14.448	-0.00115062	5.47173e-05	0.00115193	177.276	9.9354e-05	8.27765e-06	9.96967e-05	4.764	-2.401498e-11
0.215	86			1.03862e-05	-9.54798e-06	1.41077e-05	-42.576	-0.001153	5.3406e-05	0.00115419	177.348	7.20103e-05	1.05277e-05	7.27777e-05	8.322	-2.120893e-11
0.2175	87			1.91556e-05	-9.91306e-06	2.15695e-05	-27.36	-0.0011524	5.48365e-05	0.00115371	177.27	0.000103504	8.52352e-06	0.000103862	4.71	-2.150206e-11
0.22	88			5.84575e-05	-1.30796e-05	5.98992e-05	-12.606	-0.00117625	5.59094e-05	0.00117744	177.276	0.000164525	5.98285e-06	0.000164629	2.082	-1.702074e-11
0.2225	89			4.41077e-05	-1.14218e-05	4.55605e-05	-14.514	-0.00120617	5.75783e-05	0.00120736	177.264	0.000138261	7.98708e-06	0.0001385	3.312	-2.07063e-11
0.225	90			1.10195e-05	-9.61876e-06	1.46255e-05	-41.112	-0.00120664	5.73399e-05	0.00120784	177.276	8.31415e-05	9.81247e-06	8.37226e-05	6.732	-1.53036e-11
0.2275	91			1.31988e-05	-1.0632e-05	1.69427e-05	-38.844	-0.00120676	5.67439e-05	0.00120796	177.306	9.17618e-05	9.87208e-06	9.22834e-05	6.138	-2.288419e-11
0.23	92			5.31825e-05	-1.26437e-05	5.46651e-05	-13.374	-0.0012188	5.82936e-05	0.00122011	177.258	0.000138008	8.18825e-06	0.000138246	3.396	-1.915671e-11
0.2325	93			7.38171e-05	-1.37985e-05	7.50949e-05	-10.584	-0.00126184	6.06778e-05	0.00126315	177.24	0.000155182	7.48786e-06	0.00015536	2.766	-1.877978e-11
0.235	94			2.35924e-05	-1.12951e-05	2.61554e-05	-25.578	-0.00126768	6.13932e-05	0.00126911	177.222	0.000135773	9.31328e-06	0.000136093	3.924	-2.087387e-11
0.2375	95			5.4464e-06	-1.1243e-05	1.24872e-05	-64.146	-0.00126768	6.00817e-05	0.00126899	177.282	0.000104152	1.01999e-05	0.000104651	5.598	-2.326111e-11
0.24	96			2.18452e-05	-1.06991e-05	2.43188e-05	-26.088	-0.00126816	5.98433e-05	0.00126947	177.3	0.000108973	1.0714e-05	0.000109502	5.616	-2.070634e-11
0.2425	97			7.43908e-05	-1.40481e-05	7.57058e-05	-10.692	-0.00129176	6.21085e-05	0.00129307	177.246	0.000150532	8.37451e-06	0.000150763	3.186	-2.208839e-11
0.245	98			7.5337e-05	-1.44989e-05	7.67191e-05	-10.89	-0.00133146	6.30622e-05	0.00133277	177.288	0.000131824	9.87953e-06	0.000132189	4.284	-2.24235e-11
0.2475	99			2.42555e-05	-1.1988e-05	2.70532e-05	-26.298	-0.00133515	6.44927e-05	0.00133658	177.234	0.000135318	1.07885e-05	0.000135743	4.56	-1.635065e-11
0.25	100			6.97005e-06	-1.11871e-05	1.31801e-05	-58.062	-0.0013336	6.50887e-05	0.00133503	177.204	0.00014069	1.05575e-05	0.000141085	4.29	-2.254913e-11
0.2525	101			1.23159e-05	-1.26809e-05	1.76729e-05	-45.834	-0.00133444	6.43735e-05	0.00133575	177.234	0.00013286	1.07065e-05	0.000133292	4.608	-2.225593e-11
0.255	102			5.32048e-05	-1.26549e-05	5.46875e-05	-13.374	-0.00134874	6.54464e-05	0.00135017	177.216	0.000155293	8.50862e-06	0.000155524	3.138	-2.175334e-11
0.2575	103			9.03686e-05	-1.51769e-05	9.16352e-05	-9.534	-0.00139535	6.72345e-05	0.00139678	177.24	0.000143477	9.36544e-06	0.000143782	3.738	-2.120889e-11
0.26	104			4.92337e-05	-1.38209e-05	5.11336e-05	-15.678	-0.00140918	6.8069e-05	0.00141073	177.234	0.00010869	1.1988e-05	0.000109353	6.294	-2.108324e-11
0.2625	105			1.47299e-05	-1.23755e-05	1.92375e-05	-40.026	-0.00140847	6.75921e-05	0.00141001	177.252	0.000127175	1.14292e-05	0.000127682	5.136	-1.769083e-11
0.265	106			1.18428e-05	-1.24127e-05	1.71514e-05	-46.338	-0.00140787	6.78306e-05	0.00140942	177.24	0.000156567	9.65601e-06	0.000156873	3.528	-2.058068e-11
0.2675	107			2.13721e-05	-1.23494e-05	2.46802e-05	-30.012	-0.00140978	6.75921e-05	0.00141121	177.252	0.000168727	9.19407e-06	0.00016898	3.12	-1.991057e-11
0.27	108			6.67279e-05	-1.48342e-05	6.83595e-05	-12.534	-0.00143958	6.98571e-05	0.00144101	177.216	0.000190438	7.77846e-06	0.000190617	2.34	-2.062255e-11
0.2725	109			8.65166e-05	-1.58512e-05	8.79583e-05	-10.38	-0.00147665	7.1526e-05	0.00147832	177.222	0.000155688	9.89443e-06	0.000155986	3.642	-2.079006e-11
0.275	110			4.81496e-05	-1.31317e-05	4.99079e-05	-15.252	-0.00149167	7.093e-05	0.00149322	177.276	0.000115246	1.26958e-05	0.000115931	6.288	-2.694665e-11
0.2775	111			1.84776e-05	-1.26176e-05	2.23742e-05	-34.32	-0.00149155	7.17645e-05	0.0014931	177.24	0.000104815	1.21892e-05	0.000105501	6.636	-2.125079e-11
0.28	112			1.6451e-05	-1.28076e-05	2.08468e-05	-37.896	-0.00149036	7.21221e-05	0.00149203	177.228	0.000126691	1.15932e-05	0.000127197	5.232	-2.200467e-11
0.2825	113			2.9754e-05	-1.37091e-05	3.27604e-05	-24.732	-0.00149108	7.22413e-05	0.00149275	177.228	0.000173123	1.03415e-05	0.00017345	3.42	-1.944988e-11
0.285	114			5.68146e-05	-1.61828e-05	5.90759e-05	-15.894	-0.00150014	7.27181e-05	0.00150169	177.222	0.000203968	7.74866e-06	0.000204117	2.178	-1.723017e-11
0.2875	115			9.10838e-05	-1.71178e-05	9.26782e-05	-10.644	-0.00154448	7.49831e-05	0.00154615	177.216	0.000202716	9.35799e-06	0.000202925	2.646	-2.288419e-11
0.29	116			7.40034e-05	-1.54787e-05	7.56015e-05	-11.814	-0.00158037	7.70097e-05	0.00158215	177.21	0.000169099	1.12057e-05	0.000169487	3.798	-1.794212e-11
0.2925	117			3.86538e-05	-1.46106e-05	4.13249e-05	-20.706	-0.00158489	7.64136e-05	0.00158668	177.234	0.000136913	1.23978e-05	0.000137479	5.178	-2.00781e-11
0.295	118			1.28262e-05	-1.31839e-05	1.83956e-05	-45.78	-0.00158394	7.68905e-05	0.00158573	177.222	0.000116349	1.33217e-05	0.000117124	6.546	-2.129267e-11
0.2975	119			1.54116e-05	-1.35452e-05	2.0519e-05	-41.298	-0.00158358	7.64136e-05	0.00158525	177.234	0.00011614	1.23978e-05	0.000116826	6.102	-2.288417e-11
0.3	120			4.10939e-05	-1.47373e-05	4.36606e-05	-19.728	-0.0015837	7.68905e-05	0.00158549	177.216	0.000136943	1.26064e-05	0.000137539	5.262	-2.146021e-11
0.3025	121			6.57109e-05	-1.67043e-05	6.78007e-05	-14.262	-0.00158764	7.77249e-05	0.00158942	177.198	0.000196547	1.0103e-05	0.000196815	2.952	-1.957548e-11
0.305	122			0.00010743	-1.8865e-05	0.00010907	-9.954	-0.00162364	7.97515e-05	0.00162555	177.186	0.0002383	8.64273e-06	0.000238449	2.076	-2.380555e-11
0.3075	123			0.000114948	-1.94536e-05	0.000116587	-9.606	-0.00167251	8.13012e-05	0.00167442	177.216	0.000195415	1.04905e-05	0.000195683	3.078	-1.949176e-11
0.31	124			7.02818e-05	-1.7576e-05	7.24499e-05	-14.04	-0.00169123	8.16588e-05	0.00169314	177.234	0.00014484	1.25766e-05	0.000145377	4.968	-1.605744e-11
0.3125	125			2.74853e-05	-1.52067e-05	3.14119e-05	-28.938	-0.00169123	8.22549e-05	0.00169314	177.216	0.000167967	1.32919e-05	0.000168503	4.53	-2.263287e-11
0.315	126			1.00062e-05	-1.43424e-05	1.74829e-05	-55.092	-0.00168885	8.23741e-05	0.00169075	177.204	0.000175775	1.29343e-05	0.000176252	4.212	-2.305168e-11
0.3175	127			1.57804e-05	-1.42418e-05	2.12529e-05	-42.06	-0.00168873	8.1778e-05	0.00169051	177.228	0.00014341	1.35303e-05	0.000144036	5.394	-2.259099e-11
0.32	128			4.24536e-05	-1.51769e-05	4.50837e-05	-19.668	-0.00168908	8.20165e-05	0.00169099	177.216	0.000136645	1.4037e-05	0.00013736	5.874	-2.041313e-11
0.3225	129			6.48354e-05	-1.72519e-05	6.70929e-05	-14.898	-0.0016904	8.18972e-05	0.00169218	177.222	0.00015843	1.30535e-05	0.000158967	4.722	-1.723014e-11
0.325	130			0.000115179	-2.04892e-05	0.000116982	-10.086	-0.00171281	8.28509e-05	0.00171471	177.228	0.000213803	1.06395e-05	0.000214071	2.856	-2.313545e-11
0.3275	131			0.000145421	-2.14727e-05	0.000147001	-8.394	-0.00176991	8.71425e-05	0.00177193	177.18	0.000234545	9.41759e-06	0.000234724	2.304	-1.57224e-11
0.33	132			0.000122392	-2.07425e-05	0.000124135	-9.618	-0.00180078	8.84538e-05	0.00180281	177.186	0.000196011	1.1772e-05	0.000196368	3.444	-1.71464e-11
0.3325	133			7.3046e-05	-1.76133e-05	7.51396e-05	-13.554	-0.00181342	8.82153e-05	0.00181533	177.21	0.00014782	1.42754e-05	0.000148506	5.52	-2.23397e-11
0.335	134			3.58077e-05	-1.66969e-05	3.95107e-05	-24.99	-0.00181151	8.86922e-05	0.00181342	177.192	0.000126422	1.55569e-05	0.000127376	7.026	-2.355433e-11
0.3375	135			1.56389e-05	-1.59295e-05	2.23221e-05	-45.51	-0.00180913	8.84538e-05	0.00181103	177.198	0.000184269	1.33515e-05	0.000184746	4.152	-2.150206e-11
0.34	136			9.82365e-06	-1.4484e-05	1.75015e-05	-55.842	-0.0018096	8.84538e-05	0.00181151	177.198	0.000232191	1.16528e-05	0.000232489	2.874	-2.02875e-11
0.3425	137			1.8336e-05	-1.58848e-05	2.42592e-05	-40.896	-0.00180913	8.89306e-05	0.00181103	177.18	0.000214727	1.15634e-05	0.000215025	3.09	-2.129266e-11
0.345	138			4.90437e-05	-1.70433e-05	5.19196e-05	-19.164	-0.00181032	9.01227e-05	0.00181223	177.15	0.000190438	1.33217e-05	0.000190885	4.002	-1.764894e-11
0.3475	139			0.000117302	-2.11747e-05	0.000119195	-10.23	-0.0018189	8.84538e-05	0.00182081	177.21	0.000203879	1.18316e-05	0.000204236	3.324	-2.619281e-11
0.35	140			0.000154049	-2.24636e-05	0.000155673	-8.292	-0.00186277	9.10764e-05	0.00186468	177.198	0.000220777	1.28449e-05	0.000221164	3.33	-1.73139e-11
0.3525	141			0.00016448	-2.39463e-05	0.000166208	-8.28	-0.00191284	9.34605e-05	0.00191499	177.198	0.000199229	1.34111e-05	0.000199676	3.852	-2.37218e-11
0.355	142			0.000133947	-2.3611e-05	0.000136011	-9.996	-0.00193477	9.51295e-05	0.00193668	177.18	0.000184626	1.32323e-05	0.000185103	4.104	-2.125078e-11
0.3575	143			8.54884e-05	-2.03328e-05	8.78726e-05	-13.38	-0.0019486	9.56063e-05	0.00195051	177.186	0.000171871	1.55867e-05	0.000172556	5.184	-2.045501e-11
0.36	144			4.17905e-05	-1.74121e-05	4.527e-05	-22.608	-0.00195099	9.67984e-05	0.00195314	177.156	0.000152112	1.60338e-05	0.000152946	6.024	-2.1879e-11
0.3625	145			3.61877e-05	-1.76282e-05	4.02557e-05	-25.968	-0.00194979	9.63216e-05	0.00195194	177.174	0.000135035	1.71365e-05	0.000136108	7.242	-2.284229e-11
0.365	146			3.80802e-05	-1.72557e-05	4.18054e-05	-24.372	-0.00194979	9.53679e-05	0.00195194	177.198	0.000145257	1.51098e-05	0.000146032	5.946	-1.752329e-11
0.3675	147			3.60312e-05	-1.78517e-05	4.0211e-05	-26.346	-0.00194979	9.60832e-05	0.00195194	177.174	0.000211717	1.22488e-05	0.000212074	3.318	-1.857036e-11
0.37	148			4.2327e-05	-1.85893e-05	4.62311e-05	-23.706	-0.00194765	9.656e-05	0.00194979	177.156	0.000290664	9.5368e-06	0.000290813	1.884	-2.16277e-11
0.3725	149			4.94497e-05	-1.89395e-05	5.29441e-05	-20.952	-0.00194884	9.72752e-05	0.00195099	177.138	0.000310631	9.89443e-06	0.00031078	1.83	-2.095757e-11
0.375	150			7.46478e-05	-2.00645e-05	7.72928e-05	-15.042	-0.00195743	9.77521e-05	0.00195958	177.138	0.000297518	9.32819e-06	0.000297667	1.794	-2.150206e-11
0.3775	151			0.000146301	-2.3462e-05	0.000148163	-9.108	-0.00200535	9.96594e-05	0.0020075	177.156	0.000283899	1.07587e-05	0.000284078	2.172	-2.175334e-11
0.38	152			0.000174024	-2.51235e-05	0.000175827	-8.214	-0.0020528	0.000101805	0.00205518	177.162	0.000223608	1.31429e-05	0.000223995	3.372	-2.003619e-11
0.3825	153			0.000148044	-2.42294e-05	0.000150011	-9.294	-0.00207426	0.000101567	0.0020764	177.192	0.000164867	1.54079e-05	0.000165583	5.34	-2.037126e-11
0.385	154			0.000133307	-2.35961e-05	0.000135378	-10.038	-0.00209476	0.00010252	0.00209714	177.192	0.000138433	1.74941e-05	0.000139535	7.212	-2.104137e-11
0.3875	155			0.000111074	-2.31789e-05	0.000113465	-11.784	-0.00211073	0.000103951	0.00211288	177.174	0.000132264	1.75239e-05	0.000133426	7.56	-3.146991e-11
0.39	156			7.40965e-05	-2.09511e-05	7.70022e-05	-15.786	-0.00211288	0.000104666	0.0021155	177.162	0.000152857	1.7047e-05	0.000153811	6.372	-1.93661e-11
0.3925	157			5.43373e-05	-2.02135e-05	5.79807e-05	-20.4	-0.00211121	0.000104666	0.00211383	177.156	0.000170858	1.67788e-05	0.000171662	5.61	-1.769082e-11
0.395	158			6.56028e-05	-1.97814e-05	6.85235e-05	-16.776	-0.00211073	0.000103713	0.00211312	177.186	0.000170679	1.71961e-05	0.000171543	5.754	-1.949176e-11
0.3975	159			8.7068e-05	-2.13535e-05	8.96459e-05	-13.782	-0.00211073	0.000103951	0.00211312	177.18	0.000162275	1.64808e-05	0.000163109	5.796	-2.066444e-11
0.4	160			9.29614e-05	-2.14205e-05	9.53902e-05	-12.972	-0.00211193	0.000104428	0.00211431	177.168	0.00018403	1.64808e-05	0.000184746	5.118	-2.422437e-11
0.4025	161			8.25827e-05	-2.22997e-05	8.55406e-05	-15.108	-0.00211121	0.000104666	0.0021136	177.156	0.000243307	1.4335e-05	0.000243724	3.378	-2.120885e-11
0.405	162			0.000104852	-2.30895e-05	0.000107363	-12.414	-0.00211121	0.00010562	0.0021136	177.132	0.000332447	1.07289e-05	0.000332596	1.848	-1.551297e-11
0.4075	163			0.000111528	-2.41996e-05	0.000114121	-12.24	-0.00212623	0.000106097	0.00212862	177.138	0.000412973	7.2718e-06	0.000413032	1.014	-1.844471e-11
0.41	164			0.000138045	-2.63752e-05	0.000140541	-10.818	-0.00219013	0.000109911	0.00219275	177.126	0.000441106	5.18563e-06	0.000441136	0.678	-2.162771e-11
0.4125	165			0.000139014	-2.50639e-05	0.000141249	-10.218	-0.00222851	0.000111819	0.00223114	177.126	0.000364067	9.71562e-06	0.000364186	1.53	-1.911479e-11
0.415	166			0.000110761	-2.34545e-05	0.000113212	-11.958	-0.00223638	0.000111104	0.002239	177.156	0.000270994	1.29641e-05	0.000271292	2.742	-1.898919e-11
0.4175	167			9.06666e-05	-2.34545e-05	9.36543e-05	-14.502	-0.00225402	0.000113011	0.00225665	177.126	0.000208379	1.63616e-05	0.000209034	4.494	-2.388934e-11
0.42	168			0.0001053	-2.37898e-05	0.000107952	-12.726	-0.0022824	0.000112772	0.00228502	177.168	0.000151516	1.8567e-05	0.000152648	6.99	-2.09576e-11
0.4225	169			0.000108913	-2.46541e-05	0.000111662	-12.756	-0.00230004	0.000113965	0.00230266	177.162	0.00010866	2.04743e-05	0.000110567	10.68	-1.743957e-11
0.425	170			0.000108324	-2.50639e-05	0.000111185	-13.026	-0.00230242	0.000113488	0.00230481	177.174	0.000104517	2.04445e-05	0.000106514	11.07	-2.129267e-11
0.4275	171			8.2538e-05	-2.20836e-05	8.54363e-05	-14.976	-0.00230409	0.000113726	0.00230671	177.174	0.000122041	2.1428e-05	0.000123889	9.96	-1.965927e-11
0.43	172			0.000110366	-2.41623e-05	0.000112981	-12.348	-0.00230338	0.000113488	0.002306	177.18	0.000141622	1.98783e-05	0.000142992	7.998	-2.233969e-11
0.4325	173			0.000107788	-2.32981e-05	0.000110269	-12.192	-0.0023029	0.000114203	0.00230552	177.156	0.000173272	1.8418e-05	0.000174255	6.072	-2.204653e-11
0.435	174			0.000140504	-2.52427e-05	0.000142754	-10.182	-0.00230338	0.000114203	0.002306	177.156	0.000192852	1.6898e-05	0.000193597	5.01	-2.225593e-11
0.4375	175			0.00015203	-2.70606e-05	0.000154414	-10.092	-0.00230266	0.000115633	0.00230528	177.12	0.000186355	1.84478e-05	0.000187279	5.658	-2.217217e-11
0.44	176			0.000170165	-2.80516e-05	0.00017246	-9.36	-0.0023029	0.000115633	0.00230552	177.126	0.000202716	1.82689e-05	0.000203521	5.154	-1.681132e-11
0.4425	177			0.000173316	-2.87594e-05	0.000175686	-9.42	-0.00230385	0.000116587	0.00230648	177.102	0.000253649	1.54079e-05	0.000254126	3.48	-2.372177e-11
0.445	178			0.000172907	-2.91989e-05	0.000175358	-9.588	-0.0023153	0.000116587	0.00231816	177.114	0.000321688	1.20104e-05	0.000321927	2.142	-2.317731e-11
0.4475	179			0.000216336	-3.15907e-05	0.000218601	-8.304	-0.00238039	0.000120402	0.00238301	177.102	0.0003953	9.17917e-06	0.000395419	1.332	-2.154394e-11
0.45	180			0.000219286	-3.12629e-05	0.000221492	-8.106	-0.00243808	0.000123979	0.00244118	177.09	0.000425698	9.20898e-06	0.000425817	1.242	-2.476883e-11
0.4525	181			0.000165553	-2.91766e-05	0.000168116	-9.984	-0.00243951	0.000122786	0.00244237	177.12	0.000416102	9.5666e-06	0.000416221	1.32	-2.020371e-11
0.455	182			0.000125737	-2.84017e-05	0.000128896	-12.726	-0.0024419	0.000122786	0.00244476	177.12	0.000407519	9.92423e-06	0.000407638	1.398	-2.137643e-11
0.4575	183			0.000101448	-2.62858e-05	0.000104785	-14.52	-0.00246002	0.000123025	0.00246264	177.132	0.000381233	1.01925e-05	0.000381382	1.536	-2.016185e-11
0.46	184			8.36556e-05	-2.51533e-05	8.73511e-05	-16.716	-0.0024922	0.000124455	0.00249507	177.138	0.000320705	1.42754e-05	0.000321032	2.55	-2.028749e-11
0.4625	185			7.51023e-05	-2.44678e-05	7.90064e-05	-18.036	-0.00251986	0.000126601	0.00252272	177.12	0.000250878	1.79411e-05	0.000251533	4.098	-2.196276e-11
0.465	186			6.3241e-05	-2.47956e-05	6.792e-05	-21.396	-0.00253059	0.000126363	0.00253345	177.138	0.000202239	1.99081e-05	0.000203223	5.628	-1.73977e-11
0.4675	187			6.33006e-05	-2.3991e-05	6.76815e-05	-20.736	-0.00253202	0.000126363	0.00253512	177.138	0.0001705	2.1279e-05	0.000171811	7.122	-2.091574e-11
0.47	188			8.98545e-05	-2.50341e-05	9.32519e-05	-15.564	-0.0025325	0.000126601	0.00253536	177.132	0.000149966	2.10108e-05	0.000151427	7.98	-2.05807e-11
0.4725	189			0.000124336	-2.68818e-05	0.000127197	-12.192	-0.0025325	0.000126601	0.00253536	177.138	0.000144632	2.32459e-05	0.000146509	9.138	-1.982679e-11
0.475	190			0.000147701	-2.70606e-05	0.000150145	-10.374	-0.00253297	0.000126124	0.00253583	177.15	0.000166238	2.12194e-05	0.000167579	7.284	-2.099948e-11
0.4775	191			0.000178249	-2.91468e-05	0.000180633	-9.282	-0.00253321	0.000126363	0.00253631	177.144	0.000179411	2.11896e-05	0.000180663	6.738	-2.200463e-11
0.48	192			0.000198365	-3.02197e-05	0.00020066	-8.658	-0.00253297	0.000125171	0.00253583	177.168	0.000175954	2.10704e-05	0.000177235	6.834	-2.154395e-11
0.4825	193			0.00021276	-3.11735e-05	0.000215025	-8.328	-0.00253274	0.00012684	0.0025356	177.132	0.00017655	2.08021e-05	0.000177772	6.726	-2.162772e-11
0.485	194			0.000232697	-3.3051e-05	0.000235052	-8.082	-0.00253202	0.000128032	0.00253512	177.102	0.000191511	2.1428e-05	0.000192733	6.384	-2.233965e-11
0.4875	195			0.000243575	-3.42431e-05	0.00024596	-7.998	-0.00253274	0.000127793	0.00253583	177.108	0.00022772	1.95802e-05	0.000228585	4.92	-2.32611e-11
0.49	196			0.000272663	-3.63889e-05	0.000275077	-7.602	-0.00253989	0.000129939	0.00254299	177.066	0.000290753	1.66894e-05	0.00029126	3.288	-2.288411e-11
0.4925	197			0.000294419	-3.78194e-05	0.000296833	-7.32	-0.00258996	0.0001328	0.00259306	177.06	0.00035012	1.44244e-05	0.000350418	2.364	-1.609933e-11
0.495	198			0.000302108	-3.88327e-05	0.000304582	-7.326	-0.00267674	0.000137568	0.00268008	177.054	0.000364127	1.42456e-05	0.000364425	2.238	-2.083194e-11
0.4975	199			0.000233294	-3.5465e-05	0.000235976	-8.64	-0.00269319	0.000137092	0.00269629	177.084	0.00031087	1.70768e-05	0.000311347	3.144	-1.819341e-11
0.5	200			0.000190855	-3.19781e-05	0.000193507	-9.51	-0.00268604	0.00013733	0.00268914	177.072	0.000289025	1.81199e-05	0.000289591	3.594	-2.06644e-11
0.5025	201			0.00017056	-3.18589e-05	0.00017351	-10.572	-0.00268604	0.000137092	0.00268938	177.078	0.000314387	1.66298e-05	0.000314863	3.03	-1.739764e-11
0.505	202			0.00017345	-3.20079e-05	0.000176401	-10.452	-0.00270416	0.000138284	0.0027075	177.072	0.000377806	1.50204e-05	0.000378104	2.28	-2.527139e-11
0.5075	203			0.00016147	-3.21569e-05	0.000164629	-11.256	-0.00273873	0.000139476	0.00274183	177.078	0.000422152	1.33217e-05	0.00042239	1.812	-1.877972e-11
0.51	204			0.000141055	-3.03091e-05	0.000144274	-12.126	-0.00277735	0.000141622	0.00278069	177.078	0.000426413	1.38581e-05	0.000426652	1.86	-2.531327e-11
0.5125	205			0.000109405	-2.91766e-05	0.000113219	-14.928	-0.00280167	0.000142098	0.00280501	177.096	0.000400456	1.39773e-05	0.000400694	1.998	-1.978487e-11
0.515	206			7.60858e-05	-2.75375e-05	8.09138e-05	-19.89	-0.00281169	0.000142814	0.00281526	177.09	0.000371875	1.55867e-05	0.000372203	2.4	-2.233966e-11
0.5175	207			6.03797e-05	-2.69116e-05	6.6102e-05	-24.006	-0.00281455	0.000142814	0.00281812	177.096	0.000348391	1.66596e-05	0.000348778	2.736	-2.179524e-11
0.52	208			7.3493e-05	-2.74481e-05	7.84402e-05	-20.466	-0.00281359	0.000142814	0.00281693	177.096	0.000329586	1.74047e-05	0.000330063	3.024	-2.095761e-11
0.5225	209			9.7156e-05	-2.78057e-05	0.00010106	-15.954	-0.00281502	0.000142098	0.00281836	177.108	0.000301721	1.83285e-05	0.000302287	3.474	-1.781647e-11
0.525	210			0.00012529	-2.9117e-05	0.000128598	-13.074	-0.00281431	0.000142098	0.00281765	177.108	0.000287833	1.9461e-05	0.000288488	3.87	-2.351236e-11
0.5275	211			0.000133635	-2.97428e-05	0.000136883	-12.534	-0.00281431	0.000140668	0.00281765	177.132	0.000262024	1.97889e-05	0.000262769	4.326	-2.049689e-11
0.53	212			0.00013283	-2.95342e-05	0.000136078	-12.534	-0.00281455	0.000140668	0.00281765	177.138	0.000245096	1.94312e-05	0.000245841	4.536	-2.187899e-11
0.5325	213			0.000121117	-2.86998e-05	0.000124485	-13.32	-0.00281407	0.000141622	0.00281741	177.12	0.000266822	1.87756e-05	0.000267508	4.032	-2.250725e-11
0.535	214			0.000138433	-2.9713e-05	0.000141562	-12.108	-0.00281359	0.000142098	0.00281693	177.102	0.000281962	1.9461e-05	0.000282647	3.954	-2.037125e-11
0.5375	215			0.000195921	-3.33192e-05	0.000198723	-9.654	-0.00281383	0.000144244	0.00281717	177.066	0.00028521	2.10406e-05	0.000286015	4.218	-2.233968e-11
0.54	216			0.000240893	-3.63591e-05	0.000243605	-8.58	-0.00281288	0.000144959	0.00281645	177.048	0.000280054	2.10704e-05	0.000280859	4.302	-1.995244e-11
0.5425	217			0.000272932	-3.85048e-05	0.000275644	-8.022	-0.0028124	0.000144959	0.00281598	177.048	0.000286849	2.04743e-05	0.000287594	4.086	-2.032934e-11
0.545	218			0.000314387	-4.16043e-05	0.000317128	-7.536	-0.0028155	0.000143767	0.00281908	177.072	0.000308366	2.01465e-05	0.000309022	3.744	-2.03712e-11
0.5475	219			0.000375273	-4.48229e-05	0.000377925	-6.81	-0.00284506	0.000145198	0.0028484	177.078	0.000330539	1.89544e-05	0.000331106	3.288	-2.037126e-11
0.55	220			0.000396701	-4.58362e-05	0.000399323	-6.588	-0.00293519	0.000150443	0.00293876	177.06	0.000336858	1.86564e-05	0.000337394	3.174	-2.355422e-11
0.5525	221			0.000356944	-4.3452e-05	0.000359567	-6.936	-0.0030048	0.000153542	0.00300862	177.072	0.00027314	2.19644e-05	0.000274034	4.602	-1.936609e-11
0.555	222			0.000285806	-4.02632e-05	0.000288608	-8.016	-0.00299813	0.000153542	0.00300194	177.066	0.000248374	2.34843e-05	0.000249477	5.406	-2.25491e-11
0.5575	223			0.000249924	-3.93691e-05	0.000252994	-8.946	-0.00298955	0.000153781	0.00299312	177.054	0.000277193	2.15174e-05	0.000278028	4.44	-2.309354e-11
0.56	224			0.000227333	-3.88029e-05	0.000230611	-9.684	-0.00298931	0.000153304	0.00299312	177.06	0.00032449	2.113e-05	0.000325175	3.726	-1.965927e-11
0.5625	225			0.000216217	-3.69551e-05	0.000219346	-9.696	-0.00300099	0.000154735	0.0030048	177.048	0.00034851	1.96995e-05	0.000349076	3.24	-2.242344e-11
0.565	226			0.000217468	-3.7879e-05	0.000220747	-9.876	-0.00301839	0.000155688	0.00302221	177.048	0.000353279	1.98783e-05	0.000353845	3.222	-2.288415e-11
0.5675	227			0.000210882	-3.71637e-05	0.000214131	-9.99	-0.003047	0.000157596	0.00305082	177.036	0.000343861	1.96696e-05	0.000344427	3.282	-2.158585e-11
0.57	228			0.000214429	-3.7879e-05	0.000217737	-10.014	-0.00308348	0.000159741	0.0030873	177.03	0.000322552	2.15472e-05	0.000323268	3.822	-2.166963e-11
0.5725	229			0.00020215	-3.68955e-05	0.000205488	-10.338	-0.00312497	0.000161649	0.00312878	177.036	0.000290843	2.27691e-05	0.000291737	4.482	-2.058067e-11
0.575	230			0.000172467	-3.58524e-05	0.000176133	-11.736	-0.0031562	0.000162602	0.00316025	177.048	0.000297757	2.25903e-05	0.000298621	4.338	-1.815154e-11
0.5775	231			0.000166685	-3.49584e-05	0.000170321	-11.838	-0.00316979	0.000161649	0.0031736	177.078	0.000386389	1.90736e-05	0.000386866	2.826	-2.16696e-11
0.58	232			0.000170887	-3.7581e-05	0.00017497	-12.396	-0.00316907	0.000162602	0.00317313	177.06	0.000435265	1.6898e-05	0.000435622	2.22	-1.903106e-11
0.5825	233			0.000190259	-3.69551e-05	0.000193835	-10.986	-0.00316621	0.000162602	0.00317027	177.06	0.000453534	1.51396e-05	0.000453832	1.914	-2.288416e-11
0.585	234			0.000186236	-3.77002e-05	0.000190021	-11.442	-0.00316598	0.000162364	0.00316979	177.06	0.000455858	1.62722e-05	0.000456156	2.046	-2.074819e-11
0.5875	235			0.000178219	-3.70743e-05	0.000182034	-11.748	-0.00316454	0.000160457	0.00316836	177.096	0.000456812	1.48416e-05	0.00045705	1.866	-2.275848e-11
0.59	236			0.000170649	-3.47199e-05	0.000174166	-11.496	-0.00316478	0.000161649	0.0031686	177.078	0.000455381	1.59146e-05	0.000455679	2.004	-2.393118e-11
0.5925	237			0.000166387	-3.5316e-05	0.000170083	-11.982	-0.00316645	0.000160933	0.00317027	177.084	0.00045109	1.57953e-05	0.000451388	2.004	-2.037127e-11
0.595	238			0.000195147	-3.60312e-05	0.000198455	-10.464	-0.00316526	0.00016141	0.00316907	177.078	0.000444533	1.62126e-05	0.000444831	2.094	-2.200464e-11
0.5975	239			0.000213296	-3.64187e-05	0.000216366	-9.684	-0.00316502	0.000162126	0.00316884	177.066	0.000434937	1.79411e-05	0.000435295	2.364	-2.208842e-11
0.6	240			0.000267418	-3.97267e-05	0.000270339	-8.442	-0.00316526	0.000160933	0.00316907	177.084	0.000414493	1.78815e-05	0.00041485	2.472	-1.944987e-11
0.6025	241			0.000289561	-4.19917e-05	0.000292601	-8.25	-0.0031655	0.000161649	0.00316931	177.078	0.000402929	1.8716e-05	0.000403406	2.664	-2.326111e-11
0.605	242			0.000296207	-4.24089e-05	0.000299217	-8.148	-0.00316431	0.000162364	0.00316812	177.06	0.000378968	1.89544e-05	0.000379445	2.868	-2.221406e-11
0.6075	243			0.000311228	-4.39587e-05	0.000314327	-8.034	-0.00316335	0.000163079	0.00316717	177.048	0.000367941	2.03253e-05	0.000368537	3.162	-2.066442e-11
0.61	244			0.00032136	-4.47037e-05	0.00032446	-7.92	-0.00316168	0.000163318	0.0031655	177.042	0.000366034	2.00869e-05	0.00036657	3.144	-1.974304e-11
0.6125	245			0.00032449	-4.56574e-05	0.000327708	-8.004	-0.00316145	0.000164271	0.0031655	177.024	0.000399353	1.99081e-05	0.00039983	2.856	-2.07063e-11
0.615	246			0.000326337	-4.67005e-05	0.000329645	-8.142	-0.00316788	0.000164748	0.00317194	177.024	0.000449421	1.69874e-05	0.000449719	2.166	-2.33867e-11
0.6175	247			0.000317933	-4.56574e-05	0.000321211	-8.172	-0.00319792	0.000166417	0.00320198	177.018	0.000486078	1.508e-05	0.000486316	1.782	-2.020373e-11
0.62	248			0.000293227	-4.41077e-05	0.000296535	-8.55	-0.00328423	0.000171424	0.00328852	177.012	0.000491146	1.53781e-05	0.000491384	1.8	-2.6486e-11
0.6225	249			0.000283064	-4.30348e-05	0.000286313	-8.646	-0.00336935	0.000175954	0.00337364	177.006	0.000426056	1.95504e-05	0.000426533	2.634	-2.05388e-11
0.625	250			0.000253322	-4.1187e-05	0.000256659	-9.234	-0.0033889	0.000177623	0.00339343	177.0	0.000324728	2.54513e-05	0.000325741	4.488	-2.083193e-11
0.6275	251			0.000257673	-4.18427e-05	0.00026104	-9.216	-0.00338437	0.000176908	0.0033889	177.006	0.000263037	2.91468e-05	0.000264646	6.324	-1.873787e-11
0.63	252			0.000278564	-4.32136e-05	0.000281902	-8.814	-0.00338103	0.000177146	0.00338532	177.0	0.000255229	2.94448e-05	0.000256898	6.594	-1.961736e-11
0.6325	253			0.000307562	-4.42865e-05	0.000310721	-8.19	-0.0033827	0.000176669	0.00338723	177.006	0.000273945	2.86103e-05	0.000275435	5.976	-2.041314e-11
0.635	254			0.000310989	-4.56574e-05	0.000314327	-8.346	-0.00339223	0.000176431	0.00339676	177.024	0.000297131	2.79547e-05	0.000298442	5.382	-2.338674e-11
0.6375	255			0.00033644	-4.73263e-05	0.000339778	-8.004	-0.00340749	0.000177623	0.00341178	177.012	0.000314834	2.67626e-05	0.000315966	4.86	-1.764894e-11
0.64	256			0.000342758	-4.8429e-05	0.000346156	-8.04	-0.00342514	0.000178576	0.00342967	177.012	0.000327112	2.58089e-05	0.000328125	4.518	-2.003619e-11
0.6425	257			0.000297697	-4.50017e-05	0.000301065	-8.598	-0.00345589	0.000179769	0.00346042	177.024	0.00031537	2.68222e-05	0.000316503	4.872	-2.166962e-11
0.645	258			0.000291022	-4.57766e-05	0.000294598	-8.934	-0.00349165	0.00018263	0.00349642	177.006	0.000303807	2.77163e-05	0.000305058	5.22	-2.058067e-11
0.6475	259			0.000245066	-4.2707e-05	0.000248762	-9.882	-0.00351597	0.000184537	0.0035205	176.994	0.000331344	2.7299e-05	0.000332477	4.716	-2.455946e-11
0.65	260			0.000247033	-4.33924e-05	0.000250818	-9.954	-0.00354125	0.000185252	0.00354578	177.0	0.000355007	2.64646e-05	0.00035602	4.266	-2.242345e-11
0.6525	261			0.000214399	-4.07698e-05	0.000218243	-10.758	-0.003567	0.000186921	0.00357153	176.994	0.000351192	2.62262e-05	0.000352206	4.278	-2.02875e-11
0.655	262			0.000187845	-4.02036e-05	0.000192077	-12.072	-0.00359394	0.00018859	0.0035987	176.994	0.000325205	2.74779e-05	0.000326337	4.842	-2.16277e-11
0.6575	263			0.000173242	-3.96373e-05	0.000177712	-12.882	-0.00361182	0.00018859	0.00361659	177.006	0.000299515	2.9564e-05	0.000300946	5.634	-1.907292e-11
0.66	264			0.000158847	-3.8475e-05	0.000163437	-13.608	-0.0036173	0.00018859	0.00362207	177.012	0.000282528	2.89084e-05	0.000283958	5.85	-2.288416e-11
0.6625	265			0.000203312	-4.20513e-05	0.000207634	-11.682	-0.00361921	0.000189305	0.00362398	177.006	0.00027311	2.89084e-05	0.00027466	6.048	-2.309359e-11
0.665	266			0.000243516	-4.45547e-05	0.00024754	-10.368	-0.00361682	0.000188352	0.00362135	177.018	0.000268104	2.99216e-05	0.000269772	6.378	-2.062255e-11
0.6675	267			0.00027615	-4.69687e-05	0.000280114	-9.648	-0.00361659	0.000188352	0.00362112	177.018	0.000276925	2.81335e-05	0.000278356	5.808	-2.032939e-11
0.67	268			0.000295671	-4.7982e-05	0.000299545	-9.216	-0.00361706	0.000187636	0.00362159	177.03	0.000329496	2.48553e-05	0.00033039	4.314	-2.041312e-11
0.6725	269			0.000313999	-4.7833e-05	0.000317605	-8.658	-0.00361659	0.000186921	0.00362112	177.036	0.000430705	2.12194e-05	0.000431182	2.826	-2.125074e-11
0.675	270			0.000339033	-4.89654e-05	0.00034255	-8.214	-0.00361587	0.000187636	0.0036204	177.024	0.000546221	1.56761e-05	0.000546459	1.65	-2.179522e-11
0.6775	271			0.000340195	-4.84588e-05	0.000343623	-8.1	-0.00361659	0.000187875	0.00362112	177.024	0.000595335	1.34111e-05	0.000595514	1.29	-2.351236e-11
0.68	272			0.000383617	-5.129e-05	0.000387045	-7.614	-0.00361682	0.000188113	0.00362135	177.018	0.000604335	1.30535e-05	0.000604454	1.242	-1.949175e-11
0.6825	273			0.000394674	-5.23033e-05	0.000398101	-7.548	-0.00361635	0.000188113	0.00362088	177.018	0.000607852	1.21594e-05	0.000608031	1.146	-1.903103e-11
0.685	274			0.000409963	-5.36742e-05	0.000413479	-7.458	-0.00361635	0.000187875	0.00362088	177.024	0.000607494	1.27555e-05	0.000607613	1.206	-1.861223e-11
0.6875	275			0.0003998	-5.3257e-05	0.000403317	-7.584	-0.00361611	0.00018859	0.00362088	177.012	0.000608329	1.36495e-05	0.000608448	1.29	-1.877973e-11
0.69	276			0.000378968	-5.19457e-05	0.000382485	-7.8	-0.00361539	0.00018859	0.00362016	177.012	0.000607494	1.41264e-05	0.000607673	1.332	-2.351242e-11
0.6925	277			0.000360491	-5.11708e-05	0.000364097	-8.076	-0.0036173	0.000188113	0.00362207	177.018	0.000606719	1.40668e-05	0.000606898	1.332	-2.23816e-11
0.695	278			0.000371428	-5.14092e-05	0.000374975	-7.878	-0.00361635	0.000189782	0.00362088	176.994	0.000603739	1.43648e-05	0.000603918	1.368	-2.171148e-11
0.6975	279			0.000407102	-5.36742e-05	0.000410618	-7.512	-0.00361516	0.000190021	0.00361992	176.988	0.000599805	1.62126e-05	0.000600044	1.548	-2.250723e-11
0.7	280			0.000453861	-5.73995e-05	0.000457497	-7.206	-0.00361396	0.000190974	0.00361873	176.97	0.000593785	1.63318e-05	0.000594024	1.578	-1.693697e-11
0.7025	281			0.000471534	-5.87108e-05	0.00047517	-7.098	-0.00361849	0.000191689	0.00362326	176.964	0.000586275	1.69278e-05	0.000586513	1.656	-2.146019e-11
0.705	282			0.00050414	-6.10952e-05	0.000507835	-6.906	-0.00362755	0.000191928	0.00363232	176.97	0.000581983	1.76431e-05	0.000582222	1.74	-1.50942e-11
0.7075	283			0.000528697	-6.3241e-05	0.000532452	-6.822	-0.0036533	0.000193597	0.00365831	176.964	0.000578884	1.84776e-05	0.000579182	1.836	-1.957548e-11
0.71	284			0.000534121	-6.34794e-05	0.000537876	-6.774	-0.0037172	0.000195981	0.00372221	176.982	0.000566427	1.81199e-05	0.000566725	1.836	-2.393123e-11
0.7125	285			0.000492219	-6.04393e-05	0.000495914	-6.996	-0.00382043	0.00020218	0.00382568	176.97	0.000517849	2.13982e-05	0.000518266	2.364	-2.25491e-11
0.715	286			0.000441851	-5.78763e-05	0.000445606	-7.464	-0.0038953	0.000205279	0.00390054	176.982	0.000447037	2.45572e-05	0.000447692	3.144	-2.095761e-11
0.7175	287			0.000362458	-5.3704e-05	0.000366451	-8.424	-0.00391033	0.000206471	0.00391558	176.976	0.000383081	2.83123e-05	0.000384094	4.23	-1.953361e-11
0.72	288			0.000308516	-5.02469e-05	0.000312569	-9.246	-0.0039046	0.000207664	0.00391009	176.952	0.000347914	3.01005e-05	0.000349225	4.95	-2.154395e-11
0.7225	289			0.000278892	-4.86376e-05	0.000283064	-9.888	-0.00389911	0.000206948	0.00390436	176.958	0.000334265	3.2306e-05	0.000335874	5.526	-1.752331e-11
0.725	290			0.00028825	-4.82204e-05	0.000292243	-9.486	-0.00390436	0.000207187	0.00390962	176.958	0.000327172	3.24848e-05	0.000328721	5.676	-1.626689e-11
0.7275	291			0.000281813	-4.92337e-05	0.000286045	-9.9	-0.00391558	0.000207902	0.00392082	176.958	0.000326099	3.08158e-05	0.000327529	5.4	-2.175338e-11
0.73	292			0.000291707	-4.90549e-05	0.00029582	-9.534	-0.00392511	0.000208379	0.0039306	176.958	0.000323774	3.17099e-05	0.000325324	5.598	-1.840281e-11
0.7325	293			0.000301005	-5.02469e-05	0.000305178	-9.468	-0.00393847	0.000208379	0.00394371	176.97	0.000317337	3.14119e-05	0.000318887	5.664	-2.204651e-11
0.735	294			0.000297906	-4.92933e-05	0.000301959	-9.39	-0.00393131	0.00020814	0.00393656	176.964	0.000322523	3.15907e-05	0.000324072	5.592	-2.422438e-11
0.7375	295			0.000291528	-4.92337e-05	0.000295641	-9.576	-0.00393465	0.000207902	0.0039399	176.976	0.000327947	2.93852e-05	0.000329258	5.13	-1.919856e-11
0.74	296			0.000281634	-4.88164e-05	0.000285866	-9.822	-0.00395969	0.000208856	0.00396493	176.976	0.000359954	2.81931e-05	0.000361027	4.482	-2.363805e-11
0.7425	297			0.000287773	-4.98297e-05	0.000292005	-9.816	-0.0039728	0.000209809	0.00397804	176.976	0.000439169	2.51533e-05	0.000439884	3.282	-2.020372e-11
0.745	298			0.000261249	-4.89356e-05	0.000265779	-10.602	-0.00400642	0.000211955	0.0040119	176.97	0.000504855	2.39016e-05	0.000505392	2.712	-2.028749e-11
0.7475	299			0.000250401	-4.90549e-05	0.000255169	-11.07	-0.00404814	0.000215531	0.00405362	176.952	0.000521246	2.53917e-05	0.000521902	2.79	-1.635062e-11
0.75	300			0.000249626	-4.8578e-05	0.000254275	-11.01	-0.00408915	0.000220061	0.00409487	176.916	0.000488702	2.76567e-05	0.000489477	3.246	-1.815153e-11
0.7525	301			0.000254871	-4.80416e-05	0.000259342	-10.674	-0.00411108	0.000220777	0.0041168	176.928	0.000463488	2.93852e-05	0.000464441	3.63	-1.995242e-11
0.755	302			0.00025058	-4.78628e-05	0.00025511	-10.806	-0.00412944	0.000221969	0.00413516	176.922	0.00042701	3.15311e-05	0.000428202	4.224	-2.154392e-11
0.7575	303			0.000229479	-4.76839e-05	0.000234366	-11.73	-0.00415447	0.000222445	0.0041602	176.934	0.000376822	3.23656e-05	0.000378253	4.914	-1.714638e-11
0.76	304			0.000221253	-4.64919e-05	0.000226081	-11.856	-0.00418165	0.000221969	0.00418714	176.958	0.000337066	3.66571e-05	0.000339093	6.21	-1.932419e-11
0.7625	305			0.000184954	-4.49421e-05	0.000190319	-13.656	-0.004195	0.00022173	0.00420073	176.976	0.000309469	3.66571e-05	0.000311615	6.756	-2.317735e-11
0.765	306			0.000218512	-4.70879e-05	0.000223518	-12.156	-0.00420764	0.000221969	0.00421336	176.982	0.000285449	3.773e-05	0.000287892	7.536	-2.351242e-11
0.7675	307			0.000243784	-4.828e-05	0.000248494	-11.196	-0.00421527	0.000222445	0.00422099	176.976	0.000267746	3.75512e-05	0.000270369	7.986	-2.204653e-11
0.77	308			0.000223638	-4.7982e-05	0.000228704	-12.096	-0.00421765	0.000222922	0.00422338	176.976	0.00025958	3.81472e-05	0.000262382	8.37	-2.066442e-11
0.7725	309			0.000200511	-4.64919e-05	0.000205816	-13.044	-0.00421837	0.000222445	0.00422385	176.982	0.000265064	3.65975e-05	0.000267567	7.86	-2.213031e-11
0.775	310			0.000219406	-4.70879e-05	0.000224412	-12.108	-0.00421742	0.000223161	0.0042229	176.97	0.000313284	3.49286e-05	0.000315191	6.36	-2.23397e-11
0.7775	311			0.000247361	-4.88164e-05	0.00025213	-11.154	-0.00421765	0.000223638	0.00422338	176.964	0.000364127	3.22463e-05	0.000365557	5.07	-2.330297e-11
0.78	312			0.000277938	-5.13794e-05	0.000282647	-10.47	-0.00421789	0.000224353	0.00422361	176.952	0.000383975	3.03389e-05	0.000385167	4.524	-1.769083e-11
0.7825	313			0.000362458	-5.43001e-05	0.000366511	-8.514	-0.00421837	0.000226022	0.00422409	176.928	0.0003863	3.17695e-05	0.000387611	4.704	-1.513608e-11
0.785	314			0.000411632	-5.73399e-05	0.000415625	-7.92	-0.00421861	0.00022483	0.00422433	176.946	0.000387074	3.0935e-05	0.000388326	4.572	-2.112513e-11
0.7875	315			0.000438096	-5.93069e-05	0.00044209	-7.704	-0.00421789	0.000224114	0.00422361	176.958	0.000387253	3.14119e-05	0.000388565	4.638	-2.011996e-11
0.79	316			0.000486793	-6.15721e-05	0.000490669	-7.206	-0.00421765	0.000226022	0.00422338	176.928	0.000384511	3.17099e-05	0.000385823	4.716	-2.07901e-11
0.7925	317			0.00055391	-6.53868e-05	0.000557724	-6.732	-0.00421765	0.00022483	0.00422338	176.946	0.000382366	3.15311e-05	0.000383617	4.716	-1.869599e-11
0.795	318			0.000610057	-6.96783e-05	0.000613991	-6.516	-0.00421861	0.00022483	0.00422433	176.946	0.000383975	3.04581e-05	0.000385167	4.536	-2.037127e-11
0.7975	319			0.000589017	-6.77709e-05	0.000592891	-6.564	-0.00421789	0.000224591	0.00422361	176.952	0.0003922	3.04581e-05	0.000393393	4.446	-2.20465e-11
0.8	320			0.000604156	-6.92611e-05	0.00060815	-6.534	-0.00421694	0.00022483	0.0042229	176.946	0.000420691	2.90872e-05	0.000421705	3.96	-2.246535e-11
0.8025	321			0.000627641	-7.15856e-05	0.000631694	-6.504	-0.00421861	0.000224114	0.00422457	176.958	0.000476958	2.71798e-05	0.000477733	3.264	-2.133455e-11
0.805	322			0.000650052	-7.28373e-05	0.000654105	-6.39	-0.00421908	0.00022626	0.00422481	176.928	0.000630382	2.06829e-05	0.00063074	1.884	-1.706261e-11
0.8075	323			0.000646833	-7.36122e-05	0.000651006	-6.486	-0.0042198	0.000225545	0.00422552	176.94	0.000784699	1.27555e-05	0.000784818	0.93	-2.02875e-11
0.81	324			0.00065786	-7.41486e-05	0.000662033	-6.426	-0.00422242	0.000226499	0.00422814	176.928	0.000831608	1.12653e-05	0.000831667	0.774	-1.898919e-11
0.8125	325			0.00067145	-7.58772e-05	0.000675742	-6.444	-0.00422576	0.000227929	0.00423172	176.91	0.000842039	1.13845e-05	0.000842098	0.78	-1.844472e-11
0.815	326			0.000676636	-7.67116e-05	0.000680987	-6.468	-0.00423124	0.000229121	0.0042372	176.898	0.000844304	1.1623e-05	0.000844363	0.792	-2.363803e-11
0.8175	327			0.000668649	-7.62944e-05	0.000673	-6.504	-0.00423911	0.000228883	0.00424507	176.91	0.000843052	1.18018e-05	0.000843111	0.804	-2.623469e-11
0.82	328			0.000664357	-7.71289e-05	0.000668768	-6.624	-0.00425485	0.000229121	0.00426081	176.916	0.000837509	1.08481e-05	0.000837568	0.744	-2.439188e-11
0.8225	329			0.000668768	-7.71885e-05	0.000673238	-6.582	-0.00426796	0.000231505	0.00427392	176.892	0.000833396	1.25766e-05	0.000833515	0.87	-1.77746e-11
0.825	330			0.000659291	-7.76057e-05	0.000663821	-6.708	-0.00428179	0.000232221	0.00428775	176.892	0.000825766	1.25766e-05	0.000825826	0.876	-2.024561e-11
0.8275	331			0.000647489	-7.58772e-05	0.000651959	-6.684	-0.00429443	0.000232459	0.00430039	176.898	0.000821594	1.38283e-05	0.000821773	0.966	-2.246535e-11
0.83	332			0.000625137	-7.54003e-05	0.000629667	-6.876	-0.00431827	0.00023389	0.00432423	176.898	0.000813011	1.38879e-05	0.00081313	0.984	-1.693694e-11
0.8325	333			0.000595395	-7.43871e-05	0.000599984	-7.116	-0.00437215	0.000236035	0.00437811	176.91	0.000787202	1.5855e-05	0.000787381	1.158	-2.309354e-11
0.835	334			0.000562254	-7.15856e-05	0.000566784	-7.248	-0.00445822	0.000240327	0.00446442	176.91	0.000734929	1.85372e-05	0.000735167	1.446	-1.844472e-11
0.8375	335			0.000511948	-6.94399e-05	0.000516657	-7.722	-0.00455001	0.000243188	0.00455621	176.94	0.000655655	2.31267e-05	0.000656012	2.022	-2.439186e-11
0.84	336			0.000460925	-6.6102e-05	0.000465633	-8.154	-0.00460485	0.000248911	0.00461105	176.904	0.000567559	2.89084e-05	0.000568274	2.922	-1.785837e-11
0.8425	337			0.000430705	-6.47907e-05	0.000435533	-8.55	-0.00462011	0.000248911	0.0046263	176.91	0.000509445	3.21271e-05	0.000510458	3.606	-1.848657e-11
0.845	338			0.000407459	-6.31814e-05	0.000412347	-8.808	-0.00462535	0.000250341	0.00463155	176.898	0.000479462	3.59418e-05	0.000480773	4.296	-2.54389e-11
0.8475	339			0.000447335	-6.55656e-05	0.000452103	-8.334	-0.00462916	0.000249865	0.00463536	176.904	0.000466468	3.59418e-05	0.000467898	4.41	-2.091572e-11
0.85	340			0.000494245	-6.93803e-05	0.000499133	-7.986	-0.00463489	0.000250341	0.00464109	176.904	0.00046158	3.58822e-05	0.000462951	4.446	-2.053879e-11
0.8525	341			0.000557248	-7.17049e-05	0.000561897	-7.326	-0.00464109	0.000248911	0.00464728	176.922	0.000457885	3.40345e-05	0.000459136	4.254	-1.760704e-11
0.855	342			0.000607256	-7.52215e-05	0.000611845	-7.056	-0.00464824	0.000248434	0.00465444	176.94	0.000454606	3.35576e-05	0.000455858	4.224	-1.949176e-11
0.8575	343			0.000602309	-7.45063e-05	0.000606958	-7.05	-0.00465873	0.000247957	0.00466493	176.946	0.000455858	3.48093e-05	0.000457169	4.374	-2.083196e-11
0.86	344			0.000562254	-7.13472e-05	0.000566725	-7.224	-0.00466779	0.000249388	0.00467399	176.94	0.000453295	3.50478e-05	0.000454666	4.422	-2.146015e-11
0.8625	345			0.000504021	-6.8069e-05	0.00050861	-7.686	-0.00467113	0.000248911	0.00467733	176.946	0.000450971	3.24848e-05	0.000452163	4.128	-2.045502e-11
0.865	346			0.000512961	-6.78306e-05	0.000517432	-7.536	-0.00467017	0.000250341	0.00467637	176.928	0.00045109	3.47497e-05	0.000452401	4.41	-2.053877e-11
0.8675	347			0.000495795	-6.62212e-05	0.000500146	-7.602	-0.00471786	0.000254633	0.00472453	176.91	0.000426175	3.37961e-05	0.000427486	4.536	-1.978492e-11
0.87	348			0.000484647	-6.49099e-05	0.000489	-7.626	-0.00472406	0.00025654	0.00473025	176.892	0.000404658	3.56438e-05	0.000406267	5.04	-1.928231e-11
0.8725	349			0.000454905	-6.48503e-05	0.000459494	-8.112	-0.00472167	0.000256063	0.00472835	176.892	0.000385107	3.82068e-05	0.000387015	5.676	-1.559676e-11
0.875	350			0.000445725	-6.3837e-05	0.000450255	-8.148	-0.00472978	0.000257017	0.00473645	176.886	0.000374021	3.67167e-05	0.000375869	5.61	-2.133455e-11
0.8775	351			0.000454606	-6.39562e-05	0.000459077	-8.004	-0.00474074	0.000257971	0.00474694	176.886	0.000367226	3.85048e-05	0.000369253	5.994	-1.794212e-11
0.88	352			0.000391426	-6.04989e-05	0.000396075	-8.778	-0.0047498	0.000259401	0.00475648	176.868	0.00035453	3.8326e-05	0.000356557	6.168	-1.676946e-11
0.8825	353			0.000367464	-5.87704e-05	0.000372114	-9.078	-0.00474313	0.000258924	0.0047498	176.874	0.000360729	3.91605e-05	0.000362875	6.198	-1.982679e-11
0.885	354			0.000367643	-6.01413e-05	0.000372471	-9.282	-0.00475124	0.000258924	0.00475791	176.88	0.000345709	3.95777e-05	0.000347974	6.54	-2.053877e-11
0.8875	355			0.000337901	-5.84724e-05	0.000342907	-9.81	-0.00476411	0.000258924	0.00477031	176.886	0.000336112	4.15447e-05	0.000338675	7.05	-2.21303e-11
0.89	356			0.000336291	-5.85916e-05	0.000341358	-9.876	-0.00476983	0.000259878	0.00477603	176.874	0.000343801	3.98757e-05	0.000346066	6.618	-2.150207e-11
0.8925	357			0.000325324	-5.81148e-05	0.00033051	-10.122	-0.00479749	0.000261309	0.00480369	176.88	0.000354292	4.04122e-05	0.000356616	6.51	-1.84028e-11
0.895	358			0.00028378	-5.66843e-05	0.000289382	-11.292	-0.00484899	0.000264646	0.00485566	176.874	0.000387432	4.13063e-05	0.000389637	6.096	-1.995244e-11
0.8975	359			0.000258984	-5.64458e-05	0.000265004	-12.282	-0.00489619	0.000267508	0.00490335	176.868	0.000494663	3.58226e-05	0.000495974	4.146	-2.292605e-11
0.9	360			0.000256898	-5.66246e-05	0.000263037	-12.426	-0.00493148	0.000269892	0.00493816	176.868	0.000600222	3.12331e-05	0.000601057	2.982	-1.903109e-11
0.9025	361			0.000237466	-5.58498e-05	0.000243903	-13.23	-0.00495723	0.000271322	0.0049639	176.862	0.000643972	3.08158e-05	0.000644747	2.742	-2.087382e-11
0.905	362			0.000239612	-5.6267e-05	0.000246109	-13.206	-0.00497773	0.000272276	0.00498441	176.862	0.000654045	2.99813e-05	0.000654761	2.628	-2.166961e-11
0.9075	363			0.000208498	-5.52537e-05	0.000215651	-14.826	-0.00500157	0.000272753	0.00500825	176.874	0.000640277	3.03389e-05	0.000640992	2.712	-1.773271e-11
0.91	364			0.000181139	-5.42405e-05	0.000189067	-16.668	-0.00502542	0.00027323	0.00503209	176.886	0.000615958	3.12927e-05	0.000616793	2.91	-2.233972e-11
0.9125	365			0.000140549	-5.19159e-05	0.000149787	-20.262	-0.00504163	0.00027323	0.0050483	176.892	0.000597004	3.22463e-05	0.000597898	3.096	-2.21303e-11
0.915	366			0.00013274	-5.06642e-05	0.000142039	-20.886	-0.00505117	0.000274183	0.00505784	176.892	0.0005855	3.27828e-05	0.000586454	3.204	-2.602528e-11
0.9175	367			0.000106335	-5.00085e-05	0.000117541	-25.17	-0.00505641	0.00027323	0.00506356	176.904	0.000577334	3.31404e-05	0.000578288	3.288	-2.334484e-11
0.92	368			9.6858e-05	-4.98893e-05	0.000108958	-27.234	-0.00506023	0.000274183	0.0050669	176.898	0.00057197	3.21867e-05	0.000572864	3.228	-2.217219e-11
0.9225	369			9.50103e-05	-5.01873e-05	0.000107408	-27.828	-0.00506166	0.000273706	0.00506833	176.898	0.00056899	3.2604e-05	0.000569943	3.282	-2.108324e-11
0.925	370			0.000108541	-4.90549e-05	0.000119091	-24.294	-0.00506213	0.000274183	0.00506881	176.898	0.000566784	3.35576e-05	0.000567798	3.39	-2.095754e-11
0.9275	371			0.000124098	-4.98297e-05	0.000133754	-21.858	-0.00506213	0.000274183	0.00506929	176.892	0.000563089	3.43325e-05	0.000564162	3.492	-2.489447e-11
0.93	372			0.000159741	-5.12006e-05	0.000167728	-17.76	-0.00506213	0.000276567	0.00506929	176.868	0.000559513	3.49882e-05	0.000560585	3.576	-2.045502e-11
0.9325	373			0.000246348	-5.48365e-05	0.000252368	-12.546	-0.00506166	0.000277044	0.00506881	176.862	0.00055683	3.61206e-05	0.000558022	3.714	-1.777459e-11
0.935	374			0.000320079	-5.85916e-05	0.000325324	-10.368	-0.0050607	0.000277521	0.00506786	176.856	0.000551824	3.5465e-05	0.000552956	3.678	-2.166958e-11
0.9375	375			0.000419857	-6.5506e-05	0.000424923	-8.868	-0.0050607	0.000277521	0.00506833	176.862	0.000544075	3.61206e-05	0.000545267	3.798	-2.263285e-11
0.94	376			0.000498895	-6.97975e-05	0.000503723	-7.962	-0.00506023	0.000276091	0.00506738	176.874	0.000538889	3.5763e-05	0.000540081	3.798	-2.409875e-11
0.9425	377			0.00055236	-7.39698e-05	0.000557307	-7.626	-0.0050607	0.000275614	0.00506786	176.88	0.000535849	3.61206e-05	0.000537101	3.864	-1.697885e-11
0.945	378			0.000653926	-7.92746e-05	0.000658695	-6.906	-0.00506213	0.000275614	0.00506929	176.88	0.00053281	3.58822e-05	0.000534002	3.852	-1.78165e-11
0.9475	379			0.000727121	-8.29701e-05	0.00073177	-6.504	-0.0050607	0.000275137	0.00506738	176.886	0.000523094	3.79088e-05	0.000524465	4.152	-1.777454e-11
0.95	380			0.000786308	-8.72021e-05	0.000791136	-6.33	-0.00506309	0.00027466	0.00507024	176.892	0.00051767	3.68359e-05	0.000518981	4.074	-2.12089e-11
0.9525	381			0.000809196	-8.8871e-05	0.000814084	-6.264	-0.00506309	0.000274183	0.00506976	176.898	0.000518087	3.69551e-05	0.000519399	4.08	-2.313547e-11
0.955	382			0.000824515	-9.08379e-05	0.000829462	-6.282	-0.00506404	0.00027466	0.00507072	176.892	0.000519518	3.71935e-05	0.000520829	4.092	-1.982679e-11
0.9575	383			0.000843946	-9.18512e-05	0.000848893	-6.204	-0.00506404	0.000275137	0.00507072	176.886	0.000521723	3.75512e-05	0.000523094	4.116	-2.305171e-11
0.96	384			0.000873212	-9.41162e-05	0.000878278	-6.15	-0.00506404	0.000276567	0.00507167	176.874	0.000532214	3.75512e-05	0.000533525	4.038	-2.455942e-11
0.9625	385			0.00092626	-9.75137e-05	0.000931386	-6.006	-0.00506356	0.000278952	0.00507072	176.844	0.000551645	3.69551e-05	0.000552896	3.834	-2.284226e-11
0.965	386			0.000983126	-0.000100017	0.000988252	-5.808	-0.00506404	0.000278952	0.00507119	176.844	0.000559632	3.52862e-05	0.000560705	3.612	-2.280039e-11
0.9675	387			0.00101126	-0.000103474	0.00101651	-5.838	-0.00506309	0.000280859	0.00507024	176.826	0.000566605	3.49882e-05	0.000567678	3.54	-1.924045e-11
0.97	388			0.00101186	-0.000102878	0.0010171	-5.802	-0.00506404	0.000281336	0.00507119	176.814	0.000567798	3.58822e-05	0.00056893	3.618	-1.651814e-11
0.9725	389			0.00102759	-0.000104309	0.00103284	-5.79	-0.00506166	0.000281813	0.00506929	176.814	0.000567917	3.48093e-05	0.00056899	3.51	-1.861219e-11
0.975	390			0.00105811	-0.000106097	0.00106335	-5.724	-0.00506023	0.000282289	0.00506786	176.808	0.000567619	3.40941e-05	0.000568632	3.444	-2.37218e-11
0.9775	391			0.00107516	-0.000106931	0.00108052	-5.676	-0.00506213	0.000282766	0.00506976	176.802	0.000566188	3.5763e-05	0.000567321	3.618	-2.108326e-11
0.98	392			0.00107516	-0.000107646	0.00108052	-5.712	-0.00506547	0.00028372	0.0050731	176.79	0.000566367	3.56438e-05	0.0005675	3.606	-2.196279e-11
0.9825	393			0.00109196	-0.000109554	0.00109745	-5.724	-0.00507501	0.000283243	0.00508264	176.802	0.00056142	3.61206e-05	0.000562612	3.684	-1.848658e-11
0.985	394			0.00110293	-0.000110507	0.00110842	-5.718	-0.00509503	0.000284674	0.00510266	176.796	0.000558022	3.8326e-05	0.000559334	3.93	-1.844472e-11
0.9875	395			0.00109447	-0.000110031	0.00109995	-5.736	-0.00511792	0.000286581	0.00512555	176.796	0.000552956	3.70743e-05	0.000554148	3.84	-2.259099e-11
0.99	396			0.00108624	-0.000110627	0.00109185	-5.808	-0.00514749	0.000289919	0.00515559	176.772	0.000555757	3.96969e-05	0.000557128	4.086	-2.137641e-11
0.9925	397			0.00106931	-0.00011015	0.00107492	-5.874	-0.00517371	0.000291826	0.00518134	176.772	0.000564698	3.76108e-05	0.00056595	3.81	-2.401497e-11
0.995	398			0.00105847	-0.000110269	0.00106419	-5.946	-0.00520042	0.00029278	0.00520852	176.778	0.000623826	3.55246e-05	0.000624839	3.264	-1.450782e-11
0.9975	399			0.00105382	-0.00011158	0.00105966	-6.042	-0.00521949	0.000293734	0.00522712	176.778	0.000737671	3.02197e-05	0.000738326	2.346	-2.079007e-11
1.0	400			0.0010444	-0.0001117	0.00105024	-6.096	-0.00522903	0.000294687	0.00523666	176.772	0.000901405	2.28287e-05	0.000901703	1.452	-2.020374e-11
