variable x	variable x count			lockin1 x	lockin1 y	lockin1 r	lockin1 phi	lockin2 x	lockin2 y	lockin2 r	lockin2 phi	lockin3 x	lockin3 y	lockin3 r	lockin3 phi	lockin4 x	lockin4 y	lockin4 r	lockin4 phi	smu1 meas	


1.0	0			-2.57046e-06	-2.6934e-05	2.70457e-05	-95.442	5.76678e-06	3.87134e-05	3.91381e-05	81.516	0.00634578	-0.000282289	0.0063515	-2.544	0.00634959	-0.000362398	0.00635913	-3.258	-1.953391e-11
0.998	1			-3.08455e-06	-2.68669e-05	2.70383e-05	-96.54	4.45548e-06	3.95107e-05	3.9764e-05	83.562	0.00634578	-0.000282289	0.0063515	-2.544	0.00634959	-0.000362398	0.00636104	-3.258	-1.995274e-11
0.996	2			-2.34695e-06	-2.68818e-05	2.69787e-05	-94.974	4.73115e-06	4.00397e-05	4.03228e-05	83.262	0.00634578	-0.000282289	0.0063515	-2.544	0.00634959	-0.000362398	0.00636104	-3.258	-1.974329e-11
0.994	3			-3.0026e-06	-2.68818e-05	2.70383e-05	-96.366	5.69972e-06	4.0971e-05	4.13659e-05	82.08	0.00634578	-0.000282289	0.0063515	-2.544	0.00634959	-0.000362398	0.00635913	-3.258	-2.137673e-11
0.992	4			-1.92971e-06	-2.71798e-05	2.72394e-05	-94.056	4.58214e-06	4.20811e-05	4.2327e-05	83.778	0.00634578	-0.000280382	0.0063515	-2.526	0.00634959	-0.000364305	0.00635913	-3.276	-1.857064e-11
0.99	5			-2.39165e-06	-2.62932e-05	2.63975e-05	-95.19	4.61194e-06	4.07177e-05	4.09784e-05	83.538	0.00634578	-0.000282289	0.0063515	-2.544	0.00634959	-0.000362398	0.00635913	-3.258	-2.070662e-11
0.988	6			-2.76418e-06	-2.7679e-05	2.78131e-05	-95.694	5.54326e-06	3.93989e-05	3.97863e-05	81.99	0.00634578	-0.000282289	0.0063515	-2.544	0.00634959	-0.000362398	0.00635913	-3.258	-2.099975e-11
0.986	7			-2.92064e-06	-2.69712e-05	2.71202e-05	-96.168	6.37773e-06	4.04047e-05	4.09114e-05	81.03	0.00634578	-0.000280382	0.0063515	-2.526	0.00634959	-0.000362398	0.00635913	-3.258	-1.991084e-11
0.984	8			-3.6806e-06	-2.67775e-05	2.70234e-05	-97.824	5.75933e-06	4.11423e-05	4.15447e-05	82.032	0.00634578	-0.000282289	0.0063515	-2.544	0.00634959	-0.000362398	0.00635913	-3.258	-2.146047e-11
0.982	9			-2.96535e-06	-2.70383e-05	2.71873e-05	-96.246	6.78751e-06	4.05314e-05	4.10976e-05	80.484	0.00634387	-0.000282289	0.00634959	-2.544	0.00634769	-0.000362398	0.00635722	-3.264	-1.810995e-11
0.98	10			-2.83124e-06	-2.70308e-05	2.71649e-05	-95.97	7.68161e-06	4.16117e-05	4.23195e-05	79.536	0.00634578	-0.000282289	0.0063515	-2.544	0.00634769	-0.000364305	0.00635722	-3.276	-2.066474e-11
0.978	11			-2.85359e-06	-2.73288e-05	2.74704e-05	-95.964	6.56399e-06	4.09859e-05	4.15074e-05	80.898	0.00634578	-0.000282289	0.0063515	-2.544	0.00634769	-0.000364305	0.00635722	-3.276	-1.91989e-11
0.976	12			-2.84614e-06	-2.69638e-05	2.71053e-05	-96.012	8.30746e-06	3.93915e-05	4.02632e-05	78.084	0.00634578	-0.000282289	0.0063515	-2.544	0.00634769	-0.000362398	0.00635722	-3.264	-2.280073e-11
0.974	13			-1.98932e-06	-2.76045e-05	2.76716e-05	-94.116	8.30746e-06	4.20811e-05	4.28932e-05	78.828	0.00634578	-0.000280382	0.0063515	-2.526	0.00634769	-0.000364305	0.00635722	-3.276	-1.924078e-11
0.972	14			-2.81633e-06	-2.7463e-05	2.76045e-05	-95.85	6.55654e-06	4.17905e-05	4.23046e-05	81.078	0.00634578	-0.000282289	0.0063515	-2.544	0.00634769	-0.000364305	0.00635722	-3.276	-1.785865e-11
0.97	15			-2.59282e-06	-2.81782e-05	2.829e-05	-95.244	6.97377e-06	4.25505e-05	4.31167e-05	80.688	0.00634387	-0.000282289	0.00634959	-2.544	0.00634769	-0.000366213	0.00635722	-3.294	-1.53876e-11
0.968	16			-2.45871e-06	-2.70904e-05	2.71947e-05	-95.178	6.17656e-06	4.14776e-05	4.19396e-05	81.528	0.00634387	-0.000284197	0.00634959	-2.556	0.00634578	-0.000366213	0.00635532	-3.294	-1.781673e-11
0.966	17			-2.25009e-06	-2.80516e-05	2.81261e-05	-94.578	5.84873e-06	4.24164e-05	4.28113e-05	82.146	0.00634196	-0.000286104	0.00634959	-2.574	0.00634578	-0.000370027	0.00635532	-3.324	-1.940827e-11
0.964	18			-1.55718e-06	-2.84762e-05	2.8506e-05	-93.12	5.90834e-06	4.04867e-05	4.09114e-05	81.69	0.00634196	-0.000288012	0.00634959	-2.586	0.00634578	-0.000370027	0.00635532	-3.324	-2.08741e-11
0.962	19			-1.7807e-06	-2.74853e-05	2.75375e-05	-93.708	6.91417e-06	4.15745e-05	4.21482e-05	80.55	0.00634387	-0.000289919	0.00634959	-2.604	0.00634578	-0.000370027	0.00635532	-3.324	-2.259128e-11
0.96	20			-1.98932e-06	-2.67924e-05	2.68595e-05	-94.242	5.21544e-06	4.0673e-05	4.10082e-05	82.686	0.00634196	-0.000289919	0.00634959	-2.604	0.00634769	-0.000370027	0.00635722	-3.336	-1.932451e-11
0.958	21			-1.51993e-06	-2.82006e-05	2.82378e-05	-93.072	5.72953e-06	4.08518e-05	4.12541e-05	82.014	0.00634196	-0.000289919	0.00634959	-2.604	0.00634578	-0.000370027	0.00635532	-3.336	-2.636064e-11
0.956	22			-8.12117e-07	-2.68222e-05	2.68297e-05	-91.722	6.26597e-06	4.10976e-05	4.1567e-05	81.324	0.00634006	-0.000289919	0.00634769	-2.604	0.00634578	-0.000371935	0.00635722	-3.354	-1.974333e-11
0.954	23			-1.49013e-08	-2.7299e-05	2.72916e-05	-90.03	6.66085e-06	3.9831e-05	4.03898e-05	80.502	0.00634006	-0.000289919	0.00634769	-2.604	0.00634387	-0.000370027	0.00635341	-3.336	-1.66441e-11
0.952	24			-8.12117e-07	-2.73363e-05	2.73437e-05	-91.692	7.38355e-06	4.13435e-05	4.19917e-05	79.872	0.00634006	-0.000289919	0.00634769	-2.604	0.00634196	-0.000370027	0.0063515	-3.342	-2.254942e-11
0.95	25			-1.71364e-07	-2.70681e-05	2.70606e-05	-90.354	9.37289e-06	4.05686e-05	4.16415e-05	76.98	0.00633815	-0.000288012	0.00634578	-2.586	0.00634006	-0.000370027	0.00634959	-3.324	-2.095792e-11
0.948	26			1.70619e-06	-2.72618e-05	2.73065e-05	-86.406	1.02521e-05	3.92946e-05	4.06059e-05	75.378	0.00633433	-0.000288012	0.00634006	-2.592	0.00633624	-0.00036812	0.00634769	-3.312	-1.819373e-11
0.946	27			1.61678e-06	-2.70457e-05	2.7083e-05	-86.574	1.11238e-05	3.94362e-05	4.0971e-05	74.244	0.00632671	-0.000288012	0.00633433	-2.592	0.00633052	-0.00036812	0.00634006	-3.312	-2.074846e-11
0.944	28			6.31812e-06	-2.86029e-05	2.92809e-05	-77.538	1.06991e-05	3.87582e-05	4.0211e-05	74.556	0.00631145	-0.000286104	0.00631908	-2.586	0.00632098	-0.000366213	0.00633052	-3.306	-1.961766e-11
0.942	29			8.829e-06	-2.82974e-05	2.96385e-05	-72.66	1.01701e-05	3.67614e-05	3.81398e-05	74.532	0.00629619	-0.000286104	0.00630191	-2.592	0.00630763	-0.000364305	0.00631717	-3.3	-2.129297e-11
0.94	30			9.07487e-06	-2.87147e-05	3.01079e-05	-72.45	1.12728e-05	3.64634e-05	3.81696e-05	72.81	0.00625995	-0.000284197	0.00626758	-2.592	0.0062733	-0.000362398	0.00628474	-3.3	-1.986899e-11
0.938	31			3.18291e-05	-2.89456e-05	4.30124e-05	-42.276	1.41562e-05	3.53607e-05	3.80876e-05	68.178	0.00615504	-0.000278475	0.00616267	-2.586	0.0061951	-0.000356676	0.00620463	-3.294	-2.380584e-11
0.936	32			3.38482e-05	-2.95938e-05	4.49645e-05	-41.16	9.75287e-06	3.51521e-05	3.64783e-05	74.496	0.00602725	-0.000272753	0.00603297	-2.58	0.00607875	-0.000350954	0.00608829	-3.294	-1.643463e-11
0.934	33			4.40481e-05	-3.01154e-05	5.33538e-05	-34.356	7.16749e-06	3.57928e-05	3.65081e-05	78.672	0.00590137	-0.000265123	0.005909	-2.568	0.00596431	-0.000343325	0.00597385	-3.294	-1.911511e-11
0.932	34			4.93678e-05	-3.03836e-05	5.79657e-05	-31.608	5.4613e-06	3.49584e-05	3.5383e-05	81.114	0.00578693	-0.000257494	0.00579265	-2.538	0.00585368	-0.000337603	0.00586322	-3.294	-2.108361e-11
0.93	35			2.81708e-05	-2.85954e-05	4.01365e-05	-45.426	6.20636e-06	3.55172e-05	3.60536e-05	80.076	0.005703	-0.000251772	0.00570682	-2.508	0.00574496	-0.000329973	0.00575641	-3.27	-1.945017e-11
0.928	36			1.88054e-05	-2.70234e-05	3.29169e-05	-55.158	4.30646e-06	3.7201e-05	3.74469e-05	83.388	0.00566295	-0.000247957	0.00566676	-2.496	0.00569156	-0.000324251	0.005703	-3.252	-1.970146e-11
0.926	37			5.19308e-06	-2.62932e-05	2.67924e-05	-78.816	4.34372e-06	3.60759e-05	3.63367e-05	83.13	0.00564578	-0.000247957	0.0056496	-2.502	0.00565913	-0.000320436	0.00566676	-3.234	-2.041345e-11
0.924	38			-1.36346e-06	-2.60846e-05	2.6107e-05	-92.988	4.15745e-06	3.55022e-05	3.57407e-05	83.316	0.00564197	-0.00024605	0.00564769	-2.484	0.00564769	-0.000318529	0.00565532	-3.228	-1.949204e-11
0.922	39			-2.40655e-06	-2.64944e-05	2.65987e-05	-95.178	4.61194e-06	3.52564e-05	3.55544e-05	82.548	0.00564197	-0.00024605	0.00564769	-2.484	0.00564578	-0.000318529	0.00565341	-3.228	-1.924078e-11
0.92	40			-3.12181e-06	-2.49149e-05	2.51011e-05	-97.14	4.74605e-06	3.59344e-05	3.62473e-05	82.464	0.00564197	-0.00024605	0.00564769	-2.484	0.00564387	-0.000318529	0.0056515	-3.21	-1.836121e-11
0.918	41			-1.48267e-06	-2.46913e-05	2.47286e-05	-93.432	4.61939e-06	3.47423e-05	3.50478e-05	82.428	0.00564006	-0.000247957	0.00564578	-2.502	0.00564387	-0.000318529	0.0056515	-3.21	-1.735607e-11
0.916	42			-2.80888e-06	-2.53619e-05	2.55109e-05	-96.312	5.20798e-06	3.4705e-05	3.50925e-05	81.456	0.00564197	-0.00024605	0.00564769	-2.484	0.00564387	-0.000318529	0.0056515	-3.21	-1.689529e-11
0.914	43			-2.42145e-06	-2.43933e-05	2.45051e-05	-95.664	5.81893e-06	3.51297e-05	3.56066e-05	80.592	0.00564197	-0.00024605	0.00564769	-2.484	0.00564387	-0.000318529	0.0056515	-3.21	-2.271696e-11
0.912	44			-1.43797e-06	-2.49298e-05	2.49596e-05	-93.294	4.88016e-06	3.5763e-05	3.60983e-05	82.218	0.00564197	-0.000247957	0.00564769	-2.502	0.00564387	-0.000318529	0.0056515	-3.228	-1.752359e-11
0.91	45			-2.99515e-06	-2.48404e-05	2.50117e-05	-96.87	5.11858e-06	3.62771e-05	3.66347e-05	81.966	0.00564197	-0.00024605	0.00564769	-2.484	0.00564387	-0.000318529	0.0056515	-3.228	-1.84031e-11
0.908	46			-2.52576e-06	-2.44678e-05	2.4587e-05	-95.88	4.1202e-06	3.66422e-05	3.68732e-05	83.574	0.00564197	-0.00024605	0.00564769	-2.484	0.00564387	-0.000318529	0.0056515	-3.228	-1.89476e-11
0.906	47			-2.84614e-06	-2.41773e-05	2.43337e-05	-96.702	5.3421e-06	3.65826e-05	3.697e-05	81.684	0.00564197	-0.00024605	0.00564769	-2.484	0.00564387	-0.000318529	0.0056515	-3.21	-2.129294e-11
0.904	48			-1.92226e-06	-2.54289e-05	2.5496e-05	-94.32	5.69972e-06	3.56513e-05	3.61057e-05	80.916	0.00564197	-0.00024605	0.00564769	-2.484	0.00564387	-0.000318529	0.0056515	-3.228	-2.095787e-11
0.902	49			-2.10108e-06	-2.49447e-05	2.50192e-05	-94.812	5.08878e-06	3.70222e-05	3.73649e-05	82.17	0.00564197	-0.00024605	0.00564769	-2.484	0.00564387	-0.000318529	0.0056515	-3.228	-1.815184e-11
0.9	50			-2.414e-06	-2.49223e-05	2.50266e-05	-95.532	5.4166e-06	3.7648e-05	3.80354e-05	81.81	0.00564197	-0.00024605	0.00564769	-2.484	0.00564387	-0.000320436	0.0056515	-3.246	-2.020408e-11
0.898	51			-2.10108e-06	-2.47882e-05	2.48702e-05	-94.842	5.19308e-06	3.68136e-05	3.71786e-05	81.96	0.00564006	-0.000247957	0.00564578	-2.502	0.00564387	-0.000320436	0.0056515	-3.246	-1.911511e-11
0.896	52			-2.24264e-06	-2.49894e-05	2.50788e-05	-95.124	5.08878e-06	3.85644e-05	3.88923e-05	82.476	0.00564197	-0.00024605	0.00564769	-2.484	0.00564387	-0.000320436	0.0056515	-3.246	-1.220458e-11
0.894	53			-1.39327e-06	-2.50713e-05	2.51011e-05	-93.168	5.49111e-06	3.79833e-05	3.83782e-05	81.774	0.00564197	-0.00024605	0.00564769	-2.484	0.00564387	-0.000320436	0.0056515	-3.246	-2.309391e-11
0.892	54			-7.45062e-07	-2.52129e-05	2.52203e-05	-91.68	6.18401e-06	3.67316e-05	3.72457e-05	80.436	0.00564197	-0.000247957	0.00564769	-2.502	0.00564578	-0.000320436	0.00565341	-3.246	-2.275881e-11
0.89	55			8.4937e-07	-2.51831e-05	2.51905e-05	-88.062	8.79919e-06	3.81323e-05	3.91381e-05	76.998	0.00564197	-0.00024605	0.00564769	-2.484	0.00564387	-0.000322344	0.0056515	-3.264	-2.091605e-11
0.888	56			6.28832e-06	-2.58611e-05	2.66061e-05	-76.32	1.41934e-05	3.73053e-05	3.99204e-05	69.162	0.00564197	-0.000247957	0.00564769	-2.502	0.00564387	-0.000322344	0.0056515	-3.264	-1.806804e-11
0.886	57			1.48789e-05	-2.6785e-05	3.06296e-05	-60.942	2.36334e-05	3.70743e-05	4.39661e-05	57.48	0.00564197	-0.00024605	0.00564769	-2.484	0.00564387	-0.000322344	0.0056515	-3.264	-2.125106e-11
0.884	58			2.59654e-05	-2.59058e-05	3.66645e-05	-44.928	3.86389e-05	3.65975e-05	5.32197e-05	43.44	0.00564387	-0.000247957	0.0056496	-2.502	0.00564197	-0.000320436	0.0056496	-3.246	-1.773301e-11
0.882	59			4.489e-05	-2.87445e-05	5.33017e-05	-32.628	6.3308e-05	3.55544e-05	7.26064e-05	29.322	0.00564578	-0.000247957	0.0056496	-2.502	0.00563815	-0.000322344	0.00564769	-3.264	-1.991086e-11
0.88	60			6.86427e-05	-2.90499e-05	7.45361e-05	-22.932	9.90261e-05	3.32596e-05	0.000104465	18.564	0.00564769	-0.000247957	0.0056515	-2.502	0.00562862	-0.000322344	0.00563815	-3.27	-2.05391e-11
0.878	61			9.18438e-05	-3.06892e-05	9.68357e-05	-18.474	0.000143983	3.11362e-05	0.000147314	12.204	0.00564578	-0.000247957	0.0056496	-2.502	0.00560573	-0.000322344	0.00561526	-3.282	-2.309387e-11
0.876	62			0.000106931	-3.14417e-05	0.000111461	-16.38	0.000187279	2.84017e-05	0.000189417	8.622	0.00564006	-0.000247957	0.00564578	-2.502	0.0055733	-0.000320436	0.00558475	-3.288	-2.112539e-11
0.874	63			0.000110098	-3.26859e-05	0.000114844	-16.536	0.000213237	2.68222e-05	0.000214905	7.176	0.00563052	-0.000247957	0.00563625	-2.508	0.00554088	-0.000318529	0.00554851	-3.288	-1.576451e-11
0.872	64			0.000103467	-3.18589e-05	0.000108257	-17.112	0.000222654	2.69712e-05	0.000224293	6.912	0.00561526	-0.000247957	0.00562099	-2.514	0.00550845	-0.000316622	0.00551799	-3.27	-2.02878e-11
0.87	65			9.74094e-05	-3.12703e-05	0.000102297	-17.796	0.0002158	2.57195e-05	0.000217319	6.798	0.00559619	-0.00024605	0.00560001	-2.508	0.00548747	-0.000316622	0.0054951	-3.288	-2.430844e-11
0.868	66			9.25292e-05	-2.98844e-05	9.72305e-05	-17.898	0.00020221	2.74481e-05	0.000204057	7.728	0.00557521	-0.00024605	0.00558093	-2.514	0.00547603	-0.000314714	0.00548366	-3.276	-2.099979e-11
0.866	67			8.68891e-05	-3.03687e-05	9.20375e-05	-19.26	0.000186116	2.67924e-05	0.000188024	8.196	0.00555614	-0.000244142	0.00555995	-2.508	0.00546649	-0.000314714	0.00547603	-3.282	-2.070656e-11
0.864	68			8.50563e-05	-3.00334e-05	9.02046e-05	-19.446	0.000169904	2.76865e-05	0.000172169	9.264	0.00553706	-0.000244142	0.00554278	-2.514	0.00546458	-0.000314714	0.00547221	-3.282	-2.079041e-11
0.862	69			8.41101e-05	-2.95864e-05	8.9169e-05	-19.38	0.000157566	2.78057e-05	0.00016001	10.014	0.00552371	-0.000244142	0.00552943	-2.52	0.00546077	-0.000314714	0.0054684	-3.282	-2.589997e-11
0.86	70			8.23219e-05	-2.9713e-05	8.75224e-05	-19.848	0.000149638	2.86401e-05	0.00015235	10.842	0.00551417	-0.000242234	0.00551799	-2.508	0.00545695	-0.000314714	0.00546458	-3.288	-1.974334e-11
0.858	71			8.07201e-05	-2.97205e-05	8.60174e-05	-20.214	0.000141502	2.867e-05	0.000144363	11.466	0.00550655	-0.000242234	0.00551227	-2.514	0.00545505	-0.000312807	0.00546458	-3.27	-2.183742e-11
0.856	72			7.82539e-05	-2.86029e-05	8.33129e-05	-20.076	0.000127346	2.87296e-05	0.000130565	12.708	0.00549129	-0.000240327	0.0054951	-2.502	0.00545314	-0.0003109	0.00546077	-3.252	-1.840306e-11
0.854	73			7.79261e-05	-2.83272e-05	8.29105e-05	-19.974	0.000111998	2.9862e-05	0.000115931	14.934	0.00546649	-0.000240327	0.00547221	-2.514	0.0054436	-0.0003109	0.00545314	-3.258	-2.112541e-11
0.852	74			7.96993e-05	-2.77759e-05	8.44006e-05	-19.212	8.84538e-05	2.97428e-05	9.33413e-05	18.594	0.00543216	-0.00023842	0.00543788	-2.496	0.00543597	-0.000308992	0.0054436	-3.246	-2.250754e-11
0.85	75			8.50041e-05	-2.9266e-05	8.98992e-05	-18.996	6.14827e-05	3.23954e-05	6.94995e-05	27.792	0.00538257	-0.000236512	0.00538638	-2.502	0.00541881	-0.000308992	0.00542644	-3.258	-2.104169e-11
0.848	76			8.80514e-05	-2.81559e-05	9.24473e-05	-17.73	4.02632e-05	3.14417e-05	5.11112e-05	37.992	0.00532344	-0.000234605	0.00532916	-2.508	0.00538638	-0.000305178	0.00539592	-3.24	-1.756549e-11
0.846	77			8.23368e-05	-2.87221e-05	8.72095e-05	-19.224	2.29405e-05	3.28498e-05	4.00695e-05	55.068	0.00526813	-0.00023079	0.00527194	-2.502	0.00534251	-0.00030327	0.00535014	-3.234	-2.116731e-11
0.844	78			6.92909e-05	-2.82304e-05	7.48192e-05	-22.164	1.01999e-05	3.19781e-05	3.35651e-05	72.3	0.00521854	-0.000226975	0.00522426	-2.484	0.00529292	-0.000299456	0.00530055	-3.228	-2.032969e-11
0.842	79			4.6164e-05	-2.69265e-05	5.34432e-05	-30.252	5.87854e-06	3.02271e-05	3.07935e-05	78.996	0.00516132	-0.000225068	0.00516704	-2.478	0.00522044	-0.000291826	0.00522807	-3.198	-1.869631e-11
0.84	80			2.25083e-05	-2.53693e-05	3.39078e-05	-48.414	4.35117e-06	3.14119e-05	3.17174e-05	82.11	0.00510982	-0.000219346	0.00511554	-2.448	0.00514415	-0.000288012	0.00515178	-3.192	-1.697912e-11
0.838	81			3.68805e-06	-2.39314e-05	2.42071e-05	-81.228	4.41822e-06	3.13076e-05	3.16205e-05	81.966	0.00508311	-0.000217439	0.00508884	-2.442	0.00509647	-0.000284197	0.00510409	-3.18	-1.86544e-11
0.836	82			-1.207e-06	-2.29405e-05	2.29703e-05	-93.012	4.54488e-06	3.05178e-05	3.08531e-05	81.528	0.00508121	-0.000217439	0.00508502	-2.442	0.00508311	-0.000282289	0.00509265	-3.168	-2.003653e-11
0.834	83			-1.7807e-06	-2.30597e-05	2.31193e-05	-94.398	4.99937e-06	3.2224e-05	3.26114e-05	81.168	0.0050793	-0.000217439	0.00508311	-2.442	0.00508311	-0.000282289	0.00509074	-3.174	-2.351267e-11
0.832	84			-1.53483e-06	-2.25828e-05	2.26275e-05	-93.882	4.54488e-06	3.12107e-05	3.15385e-05	81.714	0.0050793	-0.000217439	0.00508311	-2.442	0.00508311	-0.000282289	0.00509074	-3.174	-2.041344e-11
0.83	85			-2.00422e-06	-2.27914e-05	2.28659e-05	-95.016	3.91158e-06	3.13076e-05	3.15534e-05	82.878	0.0050793	-0.000217439	0.00508311	-2.442	0.00508311	-0.000282289	0.00509074	-3.174	-2.032968e-11
0.828	86			-1.70619e-06	-2.28287e-05	2.28808e-05	-94.26	3.53904e-06	3.08829e-05	3.10841e-05	83.46	0.0050793	-0.000217439	0.00508311	-2.442	0.00508311	-0.000282289	0.00509074	-3.174	-2.141861e-11
0.826	87			-2.00422e-06	-2.23146e-05	2.23966e-05	-95.124	5.22289e-06	3.16354e-05	3.20601e-05	80.622	0.0050793	-0.000217439	0.00508311	-2.442	0.00508121	-0.000282289	0.00508884	-3.174	-1.819372e-11
0.824	88			-1.8254e-06	-2.20762e-05	2.21432e-05	-94.716	4.85036e-06	3.19185e-05	3.2291e-05	81.354	0.0050793	-0.000217439	0.00508311	-2.442	0.00508121	-0.000282289	0.00508884	-3.174	-2.016213e-11
0.822	89			-1.78815e-06	-2.2024e-05	2.20911e-05	-94.638	4.14255e-06	3.20377e-05	3.22985e-05	82.626	0.0050793	-0.000217439	0.00508311	-2.442	0.00508121	-0.000282289	0.00508884	-3.174	-1.815181e-11
0.82	90			-2.37675e-06	-2.17931e-05	2.19123e-05	-96.216	3.91158e-06	3.21495e-05	3.23879e-05	83.064	0.0050793	-0.000219346	0.00508311	-2.46	0.00508311	-0.000282289	0.00509074	-3.174	-2.02878e-11
0.818	91			-2.07873e-06	-2.22625e-05	2.23519e-05	-95.322	3.61355e-06	3.20228e-05	3.22314e-05	83.55	0.0050793	-0.000217439	0.00508311	-2.442	0.00508311	-0.000282289	0.00509074	-3.174	-2.418279e-11
0.816	92			-1.8701e-06	-2.16664e-05	2.17409e-05	-94.926	3.50924e-06	3.13821e-05	3.15758e-05	83.61	0.00507739	-0.000217439	0.00508311	-2.442	0.00508311	-0.000282289	0.00509074	-3.174	-2.48529e-11
0.814	93			-2.02657e-06	-2.21432e-05	2.22252e-05	-95.214	3.82963e-06	3.10095e-05	3.12405e-05	82.956	0.0050793	-0.000219346	0.00508311	-2.46	0.00508121	-0.000282289	0.00508884	-3.174	-1.93664e-11
0.812	94			-1.43052e-06	-2.25605e-05	2.26052e-05	-93.618	4.27666e-06	3.14044e-05	3.1695e-05	82.242	0.00507739	-0.000217439	0.00508311	-2.442	0.00508121	-0.000282289	0.00508884	-3.174	-1.911507e-11
0.81	95			-9.98385e-07	-2.20538e-05	2.20687e-05	-92.58	5.06642e-06	3.24773e-05	3.28647e-05	81.132	0.0050793	-0.000217439	0.00508311	-2.442	0.00508311	-0.000282289	0.00509074	-3.174	-2.037154e-11
0.808	96			-2.09363e-06	-2.18378e-05	2.19272e-05	-95.46	4.44803e-06	3.17174e-05	3.20303e-05	82.008	0.0050793	-0.000217439	0.00508311	-2.442	0.00508311	-0.000282289	0.00509074	-3.174	-1.802614e-11
0.806	97			-1.74344e-06	-2.21879e-05	2.22476e-05	-94.482	4.65664e-06	3.18887e-05	3.22314e-05	81.684	0.0050793	-0.000217439	0.00508311	-2.442	0.00508121	-0.000282289	0.00508884	-3.174	-2.053909e-11
0.804	98			-2.20539e-06	-2.24636e-05	2.25605e-05	-95.592	4.69389e-06	3.1926e-05	3.22761e-05	81.624	0.0050793	-0.000217439	0.00508311	-2.442	0.00508121	-0.000284197	0.00508884	-3.192	-1.714665e-11
0.802	99			-1.39327e-06	-2.22476e-05	2.22848e-05	-93.564	5.31974e-06	3.22314e-05	3.26636e-05	80.628	0.0050793	-0.000217439	0.00508311	-2.442	0.0050793	-0.000284197	0.00508693	-3.192	-1.869626e-11
0.8	100			-1.65404e-06	-2.18229e-05	2.1875e-05	-94.332	5.74443e-06	3.30436e-05	3.35353e-05	80.136	0.00507739	-0.000219346	0.00508311	-2.46	0.0050793	-0.000284197	0.00508693	-3.192	-1.991084e-11
0.798	101			-2.16068e-06	-2.14578e-05	2.15546e-05	-95.73	5.45385e-06	3.40717e-05	3.45113e-05	80.898	0.0050793	-0.000217439	0.00508311	-2.442	0.0050793	-0.000284197	0.00508693	-3.192	-2.175362e-11
0.796	102			-1.66894e-06	-2.21805e-05	2.22326e-05	-94.296	7.40591e-06	3.33863e-05	3.41984e-05	77.484	0.0050793	-0.000219346	0.00508311	-2.46	0.0050793	-0.000286104	0.00508693	-3.21	-1.727227e-11
0.794	103			-2.04892e-06	-2.3231e-05	2.33055e-05	-95.034	6.55654e-06	3.36843e-05	3.43176e-05	78.978	0.0050793	-0.000217439	0.00508311	-2.442	0.0050793	-0.000286104	0.00508693	-3.21	-1.848689e-11
0.792	104			-2.16068e-06	-2.25456e-05	2.2635e-05	-95.46	6.39263e-06	3.35725e-05	3.4176e-05	79.218	0.0050793	-0.000219346	0.00508311	-2.46	0.0050793	-0.000286104	0.00508693	-3.21	-1.639278e-11
0.79	105			-1.98932e-06	-2.31565e-05	2.32385e-05	-94.902	7.53257e-06	3.45784e-05	3.53905e-05	77.7	0.0050793	-0.000219346	0.00508311	-2.46	0.0050793	-0.000288012	0.00508693	-3.228	-1.831934e-11
0.788	106			-1.8403e-06	-2.32832e-05	2.33502e-05	-94.5	6.75026e-06	3.23656e-05	3.30659e-05	78.216	0.00507739	-0.000219346	0.00508311	-2.46	0.0050793	-0.000286104	0.00508693	-3.21	-1.785862e-11
0.786	107			-9.38777e-07	-2.3164e-05	2.31789e-05	-92.31	6.94397e-06	3.40047e-05	3.4705e-05	78.456	0.0050793	-0.000219346	0.00508311	-2.46	0.0050793	-0.000286104	0.00508693	-3.21	-2.04553e-11
0.784	108			-1.8701e-06	-2.27989e-05	2.28585e-05	-94.68	7.2718e-06	3.35651e-05	3.43474e-05	77.778	0.0050793	-0.000217439	0.00508311	-2.442	0.0050793	-0.000286104	0.00508693	-3.21	-2.079037e-11
0.782	109			-1.29641e-06	-2.23966e-05	2.24264e-05	-93.306	7.72631e-06	3.32447e-05	3.41313e-05	76.914	0.0050793	-0.000217439	0.00508311	-2.442	0.00507739	-0.000286104	0.00508502	-3.21	-2.070659e-11
0.78	110			-1.1325e-06	-2.20389e-05	2.20538e-05	-92.928	8.50862e-06	3.34831e-05	3.45486e-05	75.738	0.0050793	-0.000219346	0.00508311	-2.46	0.0050793	-0.000286104	0.00508693	-3.21	-1.940825e-11
0.778	111			-8.5682e-07	-2.22997e-05	2.23072e-05	-92.19	7.44316e-06	3.39525e-05	3.47646e-05	77.634	0.00507548	-0.000217439	0.00508121	-2.442	0.00507739	-0.000286104	0.00508502	-3.21	-1.819366e-11
0.776	112			-4.02333e-07	-2.29181e-05	2.29181e-05	-91.002	8.23295e-06	3.30659e-05	3.40717e-05	76.02	0.00507548	-0.000219346	0.00508121	-2.46	0.00507739	-0.000286104	0.00508502	-3.21	-2.141861e-11
0.774	113			-9.6858e-08	-2.22401e-05	2.22326e-05	-90.24	8.35961e-06	3.28275e-05	3.3878e-05	75.714	0.00507167	-0.000221253	0.00507739	-2.484	0.00507358	-0.000286104	0.00508311	-3.216	-1.643465e-11
0.772	114			1.45287e-06	-2.2404e-05	2.24413e-05	-86.286	8.51607e-06	3.27753e-05	3.38631e-05	75.432	0.00506976	-0.000223161	0.00507358	-2.502	0.00506976	-0.000288012	0.0050793	-3.234	-2.02878e-11
0.77	115			4.17235e-06	-2.23221e-05	2.2702e-05	-79.41	7.21964e-06	3.23358e-05	3.3133e-05	77.406	0.00506213	-0.000223161	0.00506786	-2.508	0.00506786	-0.000288012	0.00507548	-3.24	-2.481104e-11
0.768	116			4.15e-06	-2.3015e-05	2.338e-05	-79.77	7.53257e-06	3.16727e-05	3.25593e-05	76.626	0.00506213	-0.000223161	0.00506786	-2.508	0.00506786	-0.000288012	0.00507548	-3.24	-2.36802e-11
0.766	117			3.82218e-06	-2.25828e-05	2.28958e-05	-80.382	9.17917e-06	3.05476e-05	3.19036e-05	73.266	0.00505832	-0.000223161	0.00506404	-2.508	0.00506404	-0.000288012	0.00507167	-3.24	-1.886381e-11
0.764	118			4.64174e-06	-2.18452e-05	2.23221e-05	-77.988	1.10046e-05	3.14119e-05	3.3282e-05	70.692	0.00505832	-0.000225068	0.00506404	-2.526	0.00506023	-0.000288012	0.00506976	-3.24	-2.028776e-11
0.762	119			4.37352e-06	-2.23891e-05	2.28063e-05	-78.93	1.12653e-05	3.19111e-05	3.38408e-05	70.554	0.0050545	-0.000225068	0.00505832	-2.526	0.00505641	-0.000288012	0.00506595	-3.246	-2.099976e-11
0.76	120			3.49434e-06	-2.2486e-05	2.27542e-05	-81.156	1.47075e-05	2.83719e-05	3.19632e-05	62.598	0.00504306	-0.000225068	0.00504687	-2.538	0.00504306	-0.000286104	0.00505069	-3.234	-2.162796e-11
0.758	121			5.69227e-06	-2.2024e-05	2.27393e-05	-75.504	1.24425e-05	2.79547e-05	3.05998e-05	66.0	0.00499156	-0.000221253	0.00499728	-2.52	0.0050011	-0.000284197	0.00500873	-3.24	-2.074846e-11
0.756	122			6.7279e-06	-2.26573e-05	2.36259e-05	-73.446	9.05251e-06	2.75971e-05	2.90425e-05	71.826	0.00492194	-0.000217439	0.00492671	-2.526	0.0049229	-0.000277521	0.00493148	-3.216	-2.313577e-11
0.754	123			6.82476e-06	-2.27989e-05	2.37898e-05	-73.326	7.2718e-06	2.81782e-05	2.91021e-05	75.528	0.0048342	-0.00021267	0.00483897	-2.508	0.00485423	-0.00027466	0.00486186	-3.228	-2.183739e-11
0.752	124			6.54909e-06	-2.23519e-05	2.32832e-05	-73.656	6.48948e-06	2.83049e-05	2.9035e-05	77.082	0.00474265	-0.000205995	0.00474742	-2.484	0.00476268	-0.000267984	0.00477031	-3.21	-2.003648e-11
0.75	125			5.57306e-06	-2.30969e-05	2.37526e-05	-76.416	4.14255e-06	2.91244e-05	2.9415e-05	81.9	0.00466636	-0.000201226	0.00467017	-2.46	0.00468352	-0.00026417	0.00469115	-3.216	-1.785863e-11
0.748	126			2.9877e-06	-2.23519e-05	2.25456e-05	-82.368	4.29156e-06	2.90797e-05	2.93927e-05	81.606	0.00463298	-0.000198365	0.00463679	-2.448	0.00464347	-0.000259401	0.00465015	-3.186	-2.03297e-11
0.746	127			9.98385e-07	-2.10778e-05	2.10927e-05	-87.282	4.0606e-06	2.96087e-05	2.98918e-05	82.182	0.00462154	-0.000196458	0.00462535	-2.43	0.0046263	-0.000257494	0.00463393	-3.186	-1.702102e-11
0.744	128			-8.12117e-07	-2.15472e-05	2.15546e-05	-92.142	3.97119e-06	2.9415e-05	2.96832e-05	82.308	0.00461772	-0.000195504	0.00462154	-2.424	0.00462154	-0.000257494	0.00462821	-3.18	-2.263317e-11
0.742	129			-2.60772e-07	-2.10555e-05	2.1048e-05	-90.69	5.07387e-06	2.96162e-05	3.00483e-05	80.268	0.00461772	-0.000196458	0.00462154	-2.43	0.00462154	-0.00025654	0.00462821	-3.168	-1.702101e-11
0.74	130			1.08779e-06	-2.22326e-05	2.22476e-05	-87.186	7.77846e-06	2.86103e-05	2.9646e-05	74.79	0.00461772	-0.000195504	0.00462154	-2.424	0.00462154	-0.00025654	0.00462821	-3.168	-1.836123e-11
0.738	131			5.24524e-06	-2.08617e-05	2.15025e-05	-75.882	1.21594e-05	2.87519e-05	3.12182e-05	67.062	0.00461772	-0.000197412	0.00462154	-2.436	0.00461867	-0.00025654	0.0046263	-3.174	-1.605772e-11
0.736	132			1.22339e-05	-2.17037e-05	2.49074e-05	-60.576	2.08766e-05	2.92809e-05	3.59642e-05	54.51	0.00461772	-0.000195504	0.00462154	-2.424	0.00461867	-0.000257494	0.0046263	-3.18	-1.748173e-11
0.734	133			2.57717e-05	-2.2106e-05	3.39451e-05	-40.62	3.47274e-05	2.79547e-05	4.45845e-05	38.832	0.00461772	-0.000195504	0.00462154	-2.424	0.00461772	-0.00025654	0.00462535	-3.174	-1.785866e-11
0.732	134			4.54339e-05	-2.29628e-05	5.09101e-05	-26.808	5.65948e-05	2.77163e-05	6.30175e-05	26.094	0.00461867	-0.000197412	0.00462249	-2.436	0.00461581	-0.000257494	0.00462344	-3.18	-2.141861e-11
0.73	135			7.69426e-05	-2.46094e-05	8.07797e-05	-17.736	9.16873e-05	2.56376e-05	9.5204e-05	15.624	0.00461772	-0.000197412	0.00462154	-2.436	0.00461295	-0.000257494	0.00461963	-3.186	-1.727232e-11
0.728	136			0.000114695	-2.64497e-05	0.000117705	-12.984	0.000144378	2.30224e-05	0.000146204	9.06	0.00461295	-0.000197412	0.00461772	-2.442	0.00459483	-0.000257494	0.00460151	-3.198	-1.836126e-11
0.726	137			0.000135497	-2.73065e-05	0.000138224	-11.394	0.000192405	2.0981e-05	0.000193537	6.228	0.00459102	-0.000196458	0.00459483	-2.442	0.00454906	-0.000255587	0.00455573	-3.204	-2.162803e-11
0.724	138			0.000121393	-2.68222e-05	0.000124321	-12.456	0.000198544	1.91332e-05	0.000199468	5.508	0.00454238	-0.00019455	0.0045462	-2.448	0.00448039	-0.000250818	0.00448707	-3.204	-1.98271e-11
0.722	139			9.47793e-05	-2.45796e-05	9.7916e-05	-14.538	0.000173987	2.04743e-05	0.000175179	6.714	0.00448993	-0.000191689	0.00449374	-2.442	0.00442222	-0.000247957	0.00442889	-3.198	-1.840312e-11
0.72	140			7.88723e-05	-2.50639e-05	8.27615e-05	-17.628	0.000147493	2.19942e-05	0.000149132	8.484	0.00445083	-0.000189782	0.0044556	-2.436	0.00439265	-0.00024605	0.00439933	-3.204	-2.19212e-11
0.718	141			7.11908e-05	-2.40729e-05	7.51545e-05	-18.678	0.000127227	2.24115e-05	0.000129194	9.996	0.00442603	-0.000188828	0.00442985	-2.442	0.00437835	-0.000245096	0.00438502	-3.198	-2.42247e-11
0.716	142			6.82627e-05	-2.45945e-05	7.25542e-05	-19.812	0.000117064	2.20538e-05	0.00011915	10.68	0.00441173	-0.000187875	0.00441554	-2.43	0.00437167	-0.000245096	0.00437835	-3.204	-2.372208e-11
0.714	143			6.81882e-05	-2.44902e-05	7.24499e-05	-19.752	0.000110269	2.25903e-05	0.000112564	11.592	0.00440219	-0.000186921	0.00440601	-2.43	0.0043669	-0.000244142	0.00437358	-3.186	-1.924076e-11
0.712	144			6.63479e-05	-2.41325e-05	7.06022e-05	-19.98	0.000106931	2.24711e-05	0.000109256	11.88	0.00439361	-0.000187875	0.00439742	-2.442	0.00436023	-0.000244142	0.0043669	-3.204	-2.326137e-11
0.71	145			6.33602e-05	-2.38792e-05	6.77113e-05	-20.652	9.56659e-05	2.30075e-05	9.84077e-05	13.536	0.00437549	-0.000185967	0.00438026	-2.424	0.00435165	-0.000242234	0.00435832	-3.174	-1.773297e-11
0.708	146			5.89269e-05	-2.3544e-05	6.34571e-05	-21.774	7.92746e-05	2.24711e-05	8.24039e-05	15.84	0.0043526	-0.00018406	0.00435641	-2.418	0.00434116	-0.000241281	0.00434783	-3.174	-1.67697e-11
0.706	147			5.21468e-05	-2.25679e-05	5.68184e-05	-23.4	5.85022e-05	2.42294e-05	6.33304e-05	22.512	0.00432304	-0.00018406	0.00432685	-2.43	0.00432685	-0.00023842	0.00433353	-3.15	-2.016216e-11
0.704	148			4.60076e-05	-2.13311e-05	5.07089e-05	-24.87	4.17086e-05	2.42816e-05	4.82576e-05	30.21	0.00429347	-0.000182153	0.00429824	-2.418	0.00430873	-0.000237466	0.00431541	-3.144	-2.058096e-11
0.702	149			3.69775e-05	-2.06904e-05	4.23642e-05	-29.22	2.28361e-05	2.51458e-05	3.39674e-05	47.76	0.00426677	-0.000180245	0.00427058	-2.406	0.00428966	-0.000235558	0.00429633	-3.138	-1.861251e-11
0.7	150			2.65391e-05	-2.07798e-05	3.36992e-05	-38.046	1.22637e-05	2.5727e-05	2.84986e-05	64.512	0.0042496	-0.000178338	0.00425342	-2.4	0.00427344	-0.000235558	0.00428012	-3.144	-1.928264e-11
0.698	151			1.38656e-05	-1.97665e-05	2.414e-05	-54.948	5.99775e-06	2.58611e-05	2.65465e-05	76.938	0.00424007	-0.000177384	0.00424388	-2.394	0.00425723	-0.000232697	0.00426295	-3.12	-2.292636e-11
0.696	152			4.24686e-06	-1.97516e-05	2.01986e-05	-77.844	3.35278e-06	2.60101e-05	2.62187e-05	82.638	0.00423434	-0.000177384	0.00423816	-2.388	0.00424483	-0.000231744	0.00425056	-3.12	-2.028779e-11
0.694	153			-1.63914e-07	-1.93642e-05	1.93605e-05	-90.48	3.57629e-06	2.51533e-05	2.54066e-05	81.9	0.00423339	-0.000177384	0.0042372	-2.388	0.0042372	-0.00023079	0.00424293	-3.114	-2.037156e-11
0.692	154			-1.75462e-06	-1.80044e-05	1.80864e-05	-95.562	2.9579e-06	2.5645e-05	2.58164e-05	83.418	0.00423339	-0.000176431	0.00423625	-2.382	0.0042353	-0.000229836	0.00424102	-3.102	-1.995272e-11
0.69	155			-1.57581e-06	-1.90811e-05	1.91407e-05	-94.716	3.03985e-06	2.62783e-05	2.64571e-05	83.388	0.00423434	-0.000176431	0.0042372	-2.382	0.00423625	-0.00023079	0.00424293	-3.108	-2.200495e-11
0.688	156			-8.82897e-07	-1.84962e-05	1.85111e-05	-92.724	3.83708e-06	2.53395e-05	2.56301e-05	81.384	0.00423339	-0.000176431	0.00423625	-2.382	0.00423625	-0.000229836	0.00424197	-3.102	-2.007838e-11
0.686	157			-1.5609e-06	-1.8228e-05	1.82913e-05	-94.89	3.93394e-06	2.69042e-05	2.71873e-05	81.666	0.00423434	-0.000177384	0.00423816	-2.388	0.0042353	-0.00023079	0.00424102	-3.12	-2.225621e-11
0.684	158			-9.64857e-07	-1.77884e-05	1.78107e-05	-93.102	4.20961e-06	2.55482e-05	2.58983e-05	80.64	0.00423339	-0.000177384	0.0042372	-2.388	0.00423625	-0.00023079	0.00424197	-3.108	-2.007838e-11
0.682	159			-1.38209e-06	-1.82727e-05	1.83248e-05	-94.32	3.85198e-06	2.46168e-05	2.49149e-05	81.108	0.00423434	-0.000178338	0.00423816	-2.406	0.0042353	-0.00023079	0.00424102	-3.108	-1.869632e-11
0.68	160			-2.10108e-06	-1.88911e-05	1.90028e-05	-96.342	3.44963e-06	2.52203e-05	2.54588e-05	82.206	0.00423434	-0.000177384	0.00423816	-2.4	0.0042353	-0.00023079	0.00424102	-3.108	-2.296825e-11
0.678	161			-1.48267e-06	-1.81162e-05	1.81758e-05	-94.668	4.71625e-06	2.64795e-05	2.69042e-05	79.896	0.00423244	-0.000176431	0.00423625	-2.382	0.0042353	-0.00023079	0.00424102	-3.108	-2.372214e-11
0.676	162			-1.37836e-06	-1.89283e-05	1.8973e-05	-94.158	3.74021e-06	2.67999e-05	2.70606e-05	82.044	0.00423339	-0.000176431	0.00423625	-2.382	0.00423625	-0.00023079	0.00424197	-3.114	-2.481102e-11
0.674	163			-2.56301e-06	-1.86675e-05	1.88389e-05	-97.812	5.61032e-06	2.62858e-05	2.68818e-05	77.946	0.00423434	-0.000177384	0.00423816	-2.4	0.00423434	-0.00023079	0.00424102	-3.12	-1.995271e-11
0.672	164			-2.35812e-06	-1.83956e-05	1.85409e-05	-97.302	3.84453e-06	2.69638e-05	2.7232e-05	81.882	0.00423434	-0.000177384	0.00423816	-2.4	0.0042353	-0.000231744	0.00424102	-3.126	-1.995277e-11
0.67	165			-5.73698e-07	-1.85707e-05	1.85781e-05	-91.758	4.56724e-06	2.83868e-05	2.87519e-05	80.85	0.00423339	-0.000177384	0.0042372	-2.388	0.0042353	-0.000232697	0.00424197	-3.144	-1.898941e-11
0.668	166			-1.03936e-06	-1.8377e-05	1.84031e-05	-93.228	3.92649e-06	2.79696e-05	2.82453e-05	81.996	0.00423244	-0.000177384	0.00423625	-2.388	0.00423625	-0.000233651	0.00424293	-3.15	-2.079035e-11
0.666	167			-5.02918e-07	-1.86228e-05	1.86266e-05	-91.536	5.69972e-06	2.89307e-05	2.94821e-05	78.852	0.00423434	-0.000177384	0.00423816	-2.4	0.00423434	-0.000233651	0.00424102	-3.156	-2.037156e-11
0.664	168			-2.53322e-07	-1.87234e-05	1.87234e-05	-90.768	7.29415e-06	2.79919e-05	2.89307e-05	75.39	0.00423434	-0.000177384	0.00423816	-2.4	0.00423434	-0.000232697	0.00424102	-3.144	-2.372212e-11
0.662	169			9.16425e-07	-1.88128e-05	1.88315e-05	-87.21	9.13447e-06	2.72916e-05	2.87817e-05	71.49	0.00423434	-0.000177384	0.00423816	-2.4	0.00423244	-0.000232697	0.00423911	-3.144	-2.506231e-11
0.66	170			1.61306e-06	-2.01577e-05	2.02173e-05	-85.416	1.27256e-05	2.76418e-05	3.04357e-05	65.268	0.00423339	-0.000177384	0.0042372	-2.4	0.00423053	-0.000233651	0.0042372	-3.156	-1.840308e-11
0.658	171			3.18141e-06	-1.98038e-05	2.00534e-05	-80.868	1.73451e-05	2.73586e-05	3.23954e-05	57.63	0.00423434	-0.000177384	0.00423816	-2.388	0.00422767	-0.000233651	0.00423434	-3.156	-1.878005e-11
0.656	172			4.36234e-06	-1.89395e-05	1.9435e-05	-77.028	2.02135e-05	2.71575e-05	3.38557e-05	53.334	0.00423434	-0.000178338	0.00423816	-2.406	0.00422481	-0.000232697	0.00423148	-3.15	-1.367046e-11
0.654	173			5.76305e-06	-1.93008e-05	2.0139e-05	-73.374	2.5414e-05	2.6256e-05	3.65379e-05	45.93	0.00423244	-0.000177384	0.00423625	-2.4	0.00422195	-0.000233651	0.00422862	-3.162	-1.7021e-11
0.652	174			6.0052e-06	-1.9312e-05	2.0221e-05	-72.72	2.88786e-05	2.67924e-05	3.93915e-05	42.858	0.00423339	-0.000177384	0.0042372	-2.388	0.00421813	-0.000232697	0.00422481	-3.156	-1.656031e-11
0.65	175			6.91044e-06	-2.04073e-05	2.15435e-05	-71.286	3.22761e-05	2.70457e-05	4.21109e-05	39.966	0.00423339	-0.000177384	0.0042372	-2.4	0.00421527	-0.000232697	0.00422195	-3.15	-2.363832e-11
0.648	176			7.22337e-06	-1.96622e-05	2.09437e-05	-69.816	3.35651e-05	2.48851e-05	4.17905e-05	36.552	0.00423053	-0.000177384	0.00423434	-2.4	0.0042105	-0.000231744	0.00421718	-3.144	-2.074852e-11
0.646	177			9.48465e-06	-1.96771e-05	2.18415e-05	-64.26	3.50627e-05	2.47733e-05	4.29379e-05	35.25	0.0042229	-0.000178338	0.00422767	-2.412	0.00420669	-0.000231744	0.00421336	-3.15	-2.129294e-11
0.644	178			1.62983e-05	-2.0221e-05	2.59691e-05	-51.126	3.49435e-05	2.52799e-05	4.31242e-05	35.886	0.0042105	-0.000177384	0.00421432	-2.4	0.00420097	-0.000231744	0.00420764	-3.15	-2.049721e-11
0.642	179			2.21619e-05	-1.98559e-05	2.9754e-05	-41.856	3.04655e-05	2.47807e-05	3.92722e-05	39.126	0.00419238	-0.000177384	0.0041962	-2.418	0.00419334	-0.000231744	0.00420001	-3.156	-2.024591e-11
0.64	180			2.96721e-05	-2.11374e-05	3.64261e-05	-35.46	2.6405e-05	2.63454e-05	3.73053e-05	44.934	0.00417426	-0.000177384	0.00417903	-2.424	0.00418761	-0.000232697	0.00419429	-3.18	-2.175369e-11
0.638	181			3.8855e-05	-2.13125e-05	4.43163e-05	-28.74	2.29181e-05	2.45125e-05	3.35651e-05	46.932	0.00415042	-0.000177384	0.00415424	-2.436	0.00417617	-0.000231744	0.00418285	-3.168	-1.919891e-11
0.636	182			4.67936e-05	-2.12343e-05	5.13869e-05	-24.408	2.0668e-05	2.46243e-05	3.21495e-05	49.986	0.00411513	-0.000175477	0.00411895	-2.43	0.00415233	-0.000231744	0.004159	-3.186	-1.676973e-11
0.634	183			5.70456e-05	-2.15248e-05	6.09721e-05	-20.67	1.9014e-05	2.42816e-05	3.08382e-05	51.936	0.00406554	-0.00017357	0.00406936	-2.43	0.00411704	-0.000228883	0.00412276	-3.168	-1.88638e-11
0.632	184			5.85767e-05	-2.19346e-05	6.25444e-05	-20.526	1.70023e-05	2.53395e-05	3.05253e-05	56.142	0.00402358	-0.000170709	0.00402644	-2.418	0.00407794	-0.000226975	0.00408366	-3.18	-1.915695e-11
0.63	185			4.55717e-05	-2.12007e-05	5.02618e-05	-24.948	2.17484e-05	2.47807e-05	3.29765e-05	48.726	0.00400165	-0.000168801	0.00400451	-2.412	0.00403598	-0.000224114	0.0040417	-3.168	-2.14605e-11
0.628	186			4.15633e-05	-2.02173e-05	4.62199e-05	-25.938	3.20452e-05	2.40506e-05	4.0062e-05	36.888	0.0039883	-0.000167848	0.00399211	-2.4	0.00400832	-0.000221253	0.00401405	-3.15	-2.162804e-11
0.626	187			4.26846e-05	-2.08133e-05	4.74865e-05	-25.992	5.26684e-05	2.29256e-05	5.74442e-05	23.52	0.00397208	-0.000166894	0.00397494	-2.394	0.00397304	-0.000219346	0.00397876	-3.15	-2.229811e-11
0.624	188			6.00072e-05	-2.13647e-05	6.36992e-05	-19.596	9.01748e-05	2.04296e-05	9.24622e-05	12.768	0.00395492	-0.000166894	0.00395778	-2.4	0.00393584	-0.000216485	0.00394157	-3.138	-2.359643e-11
0.622	189			9.46564e-05	-2.22923e-05	9.72492e-05	-13.248	0.000143484	1.91854e-05	0.000144766	7.62	0.00393298	-0.000164033	0.00393584	-2.388	0.00389673	-0.000215531	0.00390245	-3.156	-1.769108e-11
0.62	190			0.00011877	-2.31416e-05	0.000121005	-11.022	0.000184671	1.44765e-05	0.000185237	4.482	0.00387765	-0.000163079	0.00388147	-2.4	0.00382902	-0.000210763	0.00383474	-3.15	-1.982708e-11
0.618	191			9.86983e-05	-2.29107e-05	0.000101321	-13.068	0.000156575	1.65255e-05	0.000157447	6.024	0.00379373	-0.000159265	0.00379755	-2.394	0.00375177	-0.000205995	0.00375749	-3.144	-2.225626e-11
0.616	192			6.13709e-05	-2.03402e-05	6.46492e-05	-18.336	9.90559e-05	1.83062e-05	0.000100732	10.476	0.00372602	-0.00015545	0.00372888	-2.388	0.00369836	-0.000203134	0.00370409	-3.138	-1.932449e-11
0.614	193			3.46827e-05	-1.88203e-05	3.94585e-05	-28.482	6.07523e-05	2.0899e-05	6.42468e-05	18.984	0.00368978	-0.000154496	0.0036936	-2.388	0.00367357	-0.000201226	0.00367834	-3.126	-2.941805e-11
0.612	194			2.00869e-05	-1.74941e-05	2.66359e-05	-41.046	3.97863e-05	2.13386e-05	4.51582e-05	28.212	0.00367166	-0.000153542	0.00367452	-2.382	0.00365926	-0.000200273	0.00366499	-3.12	-2.058096e-11
0.61	195			1.29119e-05	-1.69129e-05	2.12715e-05	-52.626	3.08978e-05	2.25009e-05	3.82217e-05	36.066	0.00366117	-0.000152589	0.00366499	-2.376	0.00365163	-0.000199319	0.0036564	-3.114	-1.743981e-11
0.608	196			8.98918e-06	-1.66149e-05	1.88873e-05	-61.584	2.56674e-05	2.17186e-05	3.36247e-05	40.242	0.00365449	-0.000151635	0.00365831	-2.37	0.00364591	-0.000199319	0.00365163	-3.12	-1.810995e-11
0.606	197			7.28297e-06	-1.7278e-05	1.87458e-05	-67.134	2.10182e-05	2.19942e-05	3.04208e-05	46.308	0.00364973	-0.000150681	0.00365259	-2.364	0.00364305	-0.000199319	0.00364877	-3.12	-1.836127e-11
0.604	198			5.28622e-06	-1.66224e-05	1.74382e-05	-72.354	1.50055e-05	2.22103e-05	2.67999e-05	55.956	0.0036421	-0.000150681	0.00364496	-2.37	0.00364019	-0.000197412	0.00364496	-3.09	-2.104168e-11
0.602	199			3.54277e-06	-1.6343e-05	1.67192e-05	-77.766	9.65601e-06	2.27095e-05	2.46764e-05	66.96	0.00363638	-0.000149728	0.00364019	-2.352	0.00363828	-0.000197412	0.00364305	-3.096	-1.72304e-11
0.6	200			2.27989e-06	-1.57618e-05	1.5922e-05	-81.768	7.17494e-06	2.18154e-05	2.29703e-05	71.784	0.00363351	-0.000149728	0.00363733	-2.352	0.00363542	-0.000195504	0.00364019	-3.078	-1.739796e-11
0.598	201			4.80566e-07	-1.54414e-05	1.54452e-05	-88.206	5.77423e-06	2.20911e-05	2.28361e-05	75.336	0.00363161	-0.000148774	0.00363542	-2.334	0.00363351	-0.000195504	0.00363924	-3.066	-1.986897e-11
0.596	202			-9.76033e-07	-1.65404e-05	1.65665e-05	-93.366	4.44803e-06	2.23519e-05	2.27914e-05	78.732	0.00363065	-0.000150681	0.00363351	-2.364	0.00363256	-0.000195504	0.00363828	-3.066	-2.079036e-11
0.594	203			-5.17819e-07	-1.57842e-05	1.57916e-05	-91.872	4.17235e-06	2.19272e-05	2.23221e-05	79.224	0.0036297	-0.000148774	0.00363351	-2.346	0.00363161	-0.000193597	0.00363638	-3.048	-1.995272e-11
0.592	204			-1.94462e-06	-1.53334e-05	1.54526e-05	-97.224	2.93554e-06	2.19123e-05	2.2106e-05	82.362	0.0036297	-0.000149728	0.00363256	-2.358	0.00363065	-0.00019455	0.00363638	-3.06	-2.024591e-11
0.59	205			-8.41919e-07	-1.65181e-05	1.6533e-05	-92.91	2.59282e-06	2.07723e-05	2.09362e-05	82.866	0.00362875	-0.000148774	0.00363161	-2.346	0.00363161	-0.00019455	0.00363733	-3.06	-1.689536e-11
0.588	206			-1.66521e-06	-1.58922e-05	1.59742e-05	-95.976	4.28411e-06	2.14801e-05	2.19123e-05	78.72	0.0036297	-0.000148774	0.00363351	-2.346	0.00363161	-0.000195504	0.00363638	-3.066	-1.689536e-11
0.586	207			-1.83285e-06	-1.56091e-05	1.57097e-05	-96.69	3.0622e-06	2.23221e-05	2.25307e-05	82.176	0.0036297	-0.000148774	0.00363256	-2.346	0.00363161	-0.000195504	0.00363638	-3.066	-2.18793e-11
0.584	208			-1.49012e-06	-1.61418e-05	1.62051e-05	-95.262	2.45871e-06	2.26201e-05	2.27542e-05	83.796	0.0036297	-0.000148774	0.00363256	-2.346	0.00363161	-0.000195504	0.00363638	-3.078	-1.936639e-11
0.582	209			-1.89245e-06	-1.6071e-05	1.61791e-05	-96.708	3.18886e-06	2.20017e-05	2.22326e-05	81.744	0.0036297	-0.000149728	0.00363351	-2.358	0.00363065	-0.000195504	0.00363638	-3.066	-1.681157e-11
0.58	210			-1.68384e-06	-1.60077e-05	1.60896e-05	-96.006	4.0755e-06	2.3842e-05	2.41922e-05	80.292	0.0036297	-0.000148774	0.00363256	-2.334	0.0036297	-0.000196458	0.00363542	-3.09	-2.112539e-11
0.578	211			-9.38777e-07	-1.60971e-05	1.61194e-05	-93.33	2.48106e-06	2.30969e-05	2.3231e-05	83.856	0.00362875	-0.000148774	0.00363161	-2.346	0.00363161	-0.000196458	0.00363638	-3.09	-2.112539e-11
0.576	212			-3.79981e-07	-1.55346e-05	1.55346e-05	-91.386	3.68805e-06	2.41847e-05	2.44604e-05	81.318	0.00362875	-0.000148774	0.00363161	-2.346	0.00363065	-0.000197412	0.00363638	-3.102	-1.69791e-11
0.574	213			-2.79399e-07	-1.63057e-05	1.63057e-05	-90.972	4.32882e-06	2.43933e-05	2.47733e-05	79.932	0.0036297	-0.000148774	0.00363256	-2.346	0.00363065	-0.000197412	0.00363638	-3.108	-1.74398e-11
0.572	214			2.48106e-06	-1.57581e-05	1.59481e-05	-81.042	7.70396e-06	2.35589e-05	2.47807e-05	71.886	0.0036297	-0.000148774	0.00363256	-2.346	0.00363161	-0.000196458	0.00363638	-3.09	-2.00365e-11
0.57	215			6.38145e-06	-1.66596e-05	1.78331e-05	-69.03	1.32323e-05	2.30969e-05	2.66136e-05	60.192	0.00363065	-0.000150681	0.00363351	-2.364	0.00363065	-0.000197412	0.00363638	-3.108	-2.204684e-11
0.568	216			1.16677e-05	-1.63653e-05	2.00981e-05	-54.504	2.32534e-05	2.42741e-05	3.36247e-05	46.23	0.00363065	-0.000150681	0.00363351	-2.364	0.00362493	-0.000197412	0.00363065	-3.114	-2.208875e-11
0.566	217			1.80566e-05	-1.72184e-05	2.49484e-05	-43.632	3.5912e-05	2.18676e-05	4.20513e-05	31.338	0.0036297	-0.000149728	0.00363256	-2.358	0.00361921	-0.000197412	0.00362493	-3.108	-1.861254e-11
0.564	218			2.26387e-05	-1.75649e-05	2.86513e-05	-37.806	5.12826e-05	2.1279e-05	5.5522e-05	22.536	0.0036297	-0.000148774	0.00363351	-2.334	0.00360872	-0.000196458	0.00361444	-3.108	-2.091599e-11
0.562	219			2.48851e-05	-1.68906e-05	3.00744e-05	-34.164	6.44182e-05	2.01837e-05	6.75102e-05	17.394	0.00362875	-0.000150681	0.00363161	-2.364	0.00359632	-0.000195504	0.00360204	-3.108	-2.259127e-11
0.56	220			2.66993e-05	-1.7658e-05	3.20117e-05	-33.474	7.59815e-05	1.99081e-05	7.85445e-05	14.688	0.00362493	-0.000148774	0.00362875	-2.334	0.00358392	-0.000193597	0.00358965	-3.09	-2.225624e-11
0.558	221			2.5578e-05	-1.79523e-05	3.1248e-05	-35.058	8.11522e-05	1.88501e-05	8.33129e-05	13.08	0.00362207	-0.000148774	0.00362493	-2.352	0.00357439	-0.00019455	0.00357915	-3.108	-1.961766e-11
0.556	222			2.50415e-05	-1.74755e-05	3.05327e-05	-34.902	8.58014e-05	2.00645e-05	8.8111e-05	13.164	0.00361635	-0.000149728	0.00361921	-2.364	0.00356294	-0.000195504	0.00356866	-3.126	-2.083225e-11
0.554	223			3.13523e-05	-1.75202e-05	3.59158e-05	-29.19	8.86698e-05	1.88352e-05	9.06517e-05	11.994	0.00360681	-0.000149728	0.00360967	-2.37	0.00355627	-0.000193597	0.00356103	-3.114	-2.062285e-11
0.552	224			3.89817e-05	-1.82391e-05	4.30348e-05	-25.068	9.13371e-05	1.82913e-05	9.31551e-05	11.322	0.00359155	-0.000148774	0.00359537	-2.358	0.00354768	-0.000193597	0.00355341	-3.12	-1.794242e-11
0.55	225			5.02842e-05	-1.74643e-05	5.32309e-05	-19.152	9.2343e-05	1.78368e-05	9.40491e-05	10.932	0.00357153	-0.00014782	0.00357534	-2.364	0.00353719	-0.000192643	0.00354291	-3.108	-2.012024e-11
0.548	226			5.94223e-05	-1.95951e-05	6.25704e-05	-18.246	8.61366e-05	1.8105e-05	8.80216e-05	11.868	0.00354578	-0.000146867	0.00354864	-2.358	0.0035267	-0.000192643	0.00353242	-3.114	-2.032962e-11
0.546	227			7.06059e-05	-2.01726e-05	7.34334e-05	-15.948	8.46316e-05	1.73153e-05	8.63825e-05	11.568	0.00351907	-0.000145913	0.00352098	-2.364	0.0035124	-0.000191689	0.00351812	-3.12	-2.041345e-11
0.544	228			8.37785e-05	-2.02247e-05	8.61851e-05	-13.572	0.000101008	1.69576e-05	0.000102416	9.534	0.0035	-0.000145913	0.00350286	-2.376	0.00349142	-0.000190736	0.00349618	-3.114	-1.593209e-11
0.542	229			9.4742e-05	-2.15323e-05	9.7156e-05	-12.798	0.000124522	1.45659e-05	0.000125372	6.672	0.00347044	-0.000144006	0.0034733	-2.376	0.00345422	-0.000188828	0.00345899	-3.126	-2.435036e-11
0.54	230			9.44664e-05	-2.04222e-05	9.66494e-05	-12.198	0.000121914	1.55346e-05	0.000122898	7.266	0.00339891	-0.000140191	0.00340177	-2.358	0.00338747	-0.00018406	0.00339223	-3.108	-1.656032e-11
0.538	231			7.5147e-05	-1.97814e-05	7.771e-05	-14.748	8.22027e-05	1.77772e-05	8.41026e-05	12.204	0.00330354	-0.000135423	0.0033064	-2.346	0.00331308	-0.000181199	0.00331689	-3.12	-2.372216e-11
0.536	232			4.97999e-05	-1.72929e-05	5.27131e-05	-19.14	4.51806e-05	1.74121e-05	4.84216e-05	21.084	0.00323869	-0.000133515	0.00324155	-2.358	0.00325491	-0.000176431	0.00325967	-3.096	-2.292633e-11
0.534	233			2.95193e-05	-1.72631e-05	3.41984e-05	-30.306	2.4222e-05	1.85893e-05	3.05327e-05	37.506	0.00320341	-0.000131608	0.00320627	-2.334	0.00321867	-0.000174523	0.00322343	-3.096	-2.041344e-11
0.532	234			1.37985e-05	-1.50577e-05	2.04147e-05	-47.49	1.37091e-05	1.9841e-05	2.41251e-05	55.356	0.0031891	-0.000131608	0.00319101	-2.346	0.00319578	-0.00017357	0.00320055	-3.09	-2.062283e-11
0.53	235			4.90251e-06	-1.48528e-05	1.56426e-05	-71.73	9.55915e-06	1.98336e-05	2.2024e-05	64.254	0.00318243	-0.000130654	0.00318529	-2.34	0.00318433	-0.000171662	0.0031891	-3.078	-1.718854e-11
0.528	236			1.99304e-06	-1.42344e-05	1.43722e-05	-82.014	6.56399e-06	1.94536e-05	2.05339e-05	71.352	0.00317861	-0.000128747	0.00318147	-2.316	0.00317957	-0.000170709	0.00318433	-3.072	-1.794244e-11
0.526	237			2.79399e-07	-1.38879e-05	1.38879e-05	-88.848	4.39587e-06	1.95057e-05	1.99975e-05	77.292	0.00317766	-0.000129701	0.00317957	-2.328	0.00317861	-0.000169755	0.00318338	-3.048	-2.552308e-11
0.524	238			-6.78006e-07	-1.36644e-05	1.36793e-05	-92.838	3.90413e-06	1.94834e-05	1.98708e-05	78.666	0.00317766	-0.000128747	0.00317957	-2.316	0.00317766	-0.000168801	0.00318243	-3.036	-1.827747e-11
0.522	239			-1.04681e-06	-1.38656e-05	1.38991e-05	-94.32	3.73276e-06	1.99937e-05	2.03402e-05	79.422	0.0031767	-0.000128747	0.00317957	-2.316	0.00317766	-0.000169755	0.00318243	-3.048	-1.823559e-11
0.52	240			-5.40171e-07	-1.3765e-05	1.37725e-05	-92.232	3.15161e-06	1.92114e-05	1.94685e-05	80.682	0.00317575	-0.000128747	0.00317861	-2.316	0.00317766	-0.000168801	0.00318243	-3.036	-2.016216e-11
0.518	241			-7.8604e-07	-1.42269e-05	1.42456e-05	-93.15	2.85731e-06	1.97628e-05	1.99714e-05	81.768	0.00317575	-0.000128747	0.00317861	-2.316	0.00317766	-0.000168801	0.00318243	-3.036	-1.802619e-11
0.516	242			-9.72308e-07	-1.41264e-05	1.41562e-05	-93.93	2.87221e-06	1.94573e-05	1.96659e-05	81.6	0.00317575	-0.000128747	0.00317861	-2.31	0.00317766	-0.000168801	0.00318243	-3.036	-1.869628e-11
0.514	243			-6.78006e-07	-1.34707e-05	1.34856e-05	-92.874	2.38048e-06	1.92114e-05	1.93567e-05	82.932	0.00317575	-0.000128747	0.00317861	-2.31	0.00317766	-0.000168801	0.00318243	-3.036	-2.26332e-11
0.512	244			-1.78442e-06	-1.33589e-05	1.34744e-05	-97.608	3.12181e-06	1.98596e-05	2.01055e-05	81.066	0.00317575	-0.000129701	0.00317766	-2.334	0.0031767	-0.000168801	0.00318147	-3.036	-2.275881e-11
0.51	245			-1.70992e-06	-1.49161e-05	1.50093e-05	-96.528	3.89668e-06	1.92859e-05	1.96771e-05	78.57	0.0031767	-0.000128747	0.00317957	-2.304	0.00317766	-0.000169755	0.00318243	-3.048	-1.953396e-11
0.508	246			-1.17347e-06	-1.37427e-05	1.37874e-05	-94.866	3.27082e-06	1.94126e-05	1.96883e-05	80.43	0.00317575	-0.000129701	0.00317861	-2.328	0.00317766	-0.000169755	0.00318243	-3.048	-1.865438e-11
0.506	247			-9.42502e-07	-1.46889e-05	1.4715e-05	-93.66	3.33042e-06	2.10257e-05	2.12864e-05	80.994	0.00317575	-0.000128747	0.00317861	-2.31	0.00317766	-0.000170709	0.00318243	-3.072	-1.945015e-11
0.504	248			7.59963e-07	-1.41226e-05	1.41375e-05	-86.922	4.28039e-06	1.96734e-05	2.01353e-05	77.718	0.00317575	-0.000128747	0.00317861	-2.316	0.00317766	-0.000169755	0.00318243	-3.048	-2.150235e-11
0.502	249			5.0329e-06	-1.45659e-05	1.54079e-05	-70.932	9.04506e-06	1.95728e-05	2.15621e-05	65.196	0.00317575	-0.000128747	0.00317861	-2.31	0.00317766	-0.000170709	0.00318243	-3.06	-1.735605e-11
0.5	250			1.19545e-05	-1.36905e-05	1.81758e-05	-48.864	1.73823e-05	1.9651e-05	2.62336e-05	48.504	0.00317766	-0.000129701	0.00317957	-2.328	0.00317766	-0.000170709	0.00318243	-3.06	-1.568073e-11
0.498	251			2.19346e-05	-1.56054e-05	2.69153e-05	-35.424	3.23879e-05	1.90587e-05	3.7581e-05	30.474	0.00317766	-0.000128747	0.00318052	-2.316	0.00317575	-0.000170709	0.00317957	-3.078	-2.192117e-11
0.496	252			3.56848e-05	-1.59444e-05	3.90823e-05	-24.072	5.17706e-05	1.85856e-05	5.50041e-05	19.746	0.00317766	-0.000129701	0.00317957	-2.328	0.00316812	-0.000170709	0.00317289	-3.072	-2.321956e-11
0.494	253			4.54301e-05	-1.641e-05	4.83023e-05	-19.86	7.21184e-05	1.74866e-05	7.42082e-05	13.632	0.00317575	-0.000130654	0.00317766	-2.346	0.00315572	-0.000169755	0.00316049	-3.072	-1.890572e-11
0.492	254			4.9975e-05	-1.67825e-05	5.27168e-05	-18.558	8.89045e-05	1.68645e-05	9.04915e-05	10.74	0.00317289	-0.000128747	0.00317575	-2.31	0.00314142	-0.000169755	0.00314619	-3.084	-1.932451e-11
0.49	255			5.16067e-05	-1.70098e-05	5.43373e-05	-18.24	0.000103221	1.54973e-05	0.000104376	8.538	0.00317098	-0.000129701	0.00317289	-2.334	0.00312616	-0.000168801	0.00313093	-3.078	-2.539738e-11
0.488	256			5.29478e-05	-1.77399e-05	5.58386e-05	-18.522	0.000110761	1.52664e-05	0.000111804	7.854	0.0031624	-0.000128747	0.00316526	-2.328	0.0031109	-0.000167848	0.00311567	-3.078	-1.706285e-11
0.486	257			5.76342e-05	-1.68086e-05	6.0037e-05	-16.254	0.000119359	1.46106e-05	0.000120253	6.978	0.00315572	-0.000128747	0.00315858	-2.334	0.00310041	-0.000166894	0.00310422	-3.078	-1.760736e-11
0.484	258			6.51223e-05	-1.7427e-05	6.74133e-05	-14.982	0.000130915	1.33589e-05	0.000131601	5.826	0.00314428	-0.000128747	0.00314714	-2.328	0.00308515	-0.000166894	0.00308992	-3.078	-1.940826e-11
0.482	259			7.47857e-05	-1.75053e-05	7.68048e-05	-13.17	0.00014154	1.28523e-05	0.000142121	5.19	0.00312425	-0.000128747	0.00312711	-2.358	0.00306512	-0.00016594	0.00306989	-3.084	-1.823555e-11
0.48	260			7.88537e-05	-1.68012e-05	8.06232e-05	-12.03	0.000143276	1.38507e-05	0.000143946	5.52	0.00308515	-0.000125886	0.00308801	-2.328	0.00303175	-0.000164033	0.00303556	-3.096	-1.936639e-11
0.478	261			7.34259e-05	-1.7889e-05	7.55717e-05	-13.692	0.000126795	1.33589e-05	0.000127488	6.018	0.00302507	-0.000123025	0.00302793	-2.322	0.00298311	-0.000161172	0.00298692	-3.084	-1.643466e-11
0.476	262			6.26077e-05	-1.70247e-05	6.48838e-05	-15.21	9.44589e-05	1.37315e-05	9.54499e-05	8.274	0.00296022	-0.000122071	0.00296308	-2.346	0.00293829	-0.000159265	0.0029421	-3.09	-2.037156e-11
0.474	263			5.15396e-05	-1.6071e-05	5.39871e-05	-17.316	5.82638e-05	1.52439e-05	6.02307e-05	14.664	0.00290109	-0.000118256	0.00290395	-2.316	0.002903	-0.000156404	0.00290777	-3.078	-2.087415e-11
0.472	264			3.72643e-05	-1.55346e-05	4.03712e-05	-22.626	3.03314e-05	1.66149e-05	3.45858e-05	28.71	0.00286295	-0.000115395	0.00286581	-2.304	0.00287916	-0.00015545	0.00288297	-3.072	-1.706288e-11
0.47	265			1.98857e-05	-1.50726e-05	2.49484e-05	-37.152	1.39401e-05	1.78368e-05	2.26424e-05	51.984	0.0028391	-0.000113488	0.00284101	-2.286	0.00285436	-0.000154496	0.00285818	-3.09	-2.020403e-11
0.468	266			8.34843e-06	-1.37427e-05	1.60747e-05	-58.71	7.16749e-06	1.87458e-05	2.0072e-05	69.072	0.00282861	-0.000113488	0.00283052	-2.292	0.00283624	-0.000152589	0.00284101	-3.066	-2.158609e-11
0.466	267			2.3246e-06	-1.37911e-05	1.39811e-05	-80.424	4.4443e-06	1.68459e-05	1.74196e-05	75.216	0.0028248	-0.000114441	0.00282671	-2.31	0.00282766	-0.000150681	0.00283147	-3.048	-2.037156e-11
0.464	268			-2.60771e-08	-1.22525e-05	1.22488e-05	-90.108	4.50763e-06	1.75462e-05	1.81162e-05	75.588	0.0028248	-0.000113488	0.00282671	-2.28	0.00282575	-0.000149728	0.00282957	-3.024	-1.810991e-11
0.462	269			-1.27778e-06	-1.17943e-05	1.18614e-05	-96.18	3.06965e-06	1.7699e-05	1.79635e-05	80.154	0.00282289	-0.000113488	0.00282575	-2.298	0.0028248	-0.000148774	0.00282861	-3.012	-1.752358e-11
0.46	270			-5.99775e-07	-1.28896e-05	1.2897e-05	-92.652	3.14788e-06	1.85074e-05	1.87756e-05	80.34	0.00282289	-0.000112534	0.00282575	-2.268	0.0028248	-0.000149728	0.00282861	-3.024	-1.840308e-11
0.458	271			-1.93344e-06	-1.19284e-05	1.20812e-05	-99.21	3.25219e-06	1.74196e-05	1.77213e-05	79.422	0.00282289	-0.000113488	0.00282575	-2.298	0.00282289	-0.000148774	0.00282766	-3.012	-2.301013e-11
0.456	272			-1.1474e-06	-1.15783e-05	1.16304e-05	-95.658	2.71203e-06	1.70396e-05	1.72557e-05	80.952	0.00282289	-0.000113488	0.00282575	-2.286	0.0028248	-0.000148774	0.00282861	-3.012	-1.890567e-11
0.454	273			-1.62051e-06	-1.19992e-05	1.21035e-05	-97.692	2.78281e-06	1.77474e-05	1.79635e-05	81.09	0.00282289	-0.000113488	0.00282575	-2.298	0.00282384	-0.000149728	0.00282766	-3.024	-2.04972e-11
0.452	274			-7.00358e-07	-1.25059e-05	1.25208e-05	-93.192	2.09735e-06	1.78517e-05	1.79746e-05	83.292	0.00282289	-0.000113488	0.00282575	-2.298	0.0028248	-0.000150681	0.00282861	-3.036	-1.798425e-11
0.45	275			-6.33304e-08	-1.25766e-05	1.25729e-05	-90.276	3.64707e-06	1.78294e-05	1.82019e-05	78.432	0.00282289	-0.000113488	0.00282575	-2.298	0.0028248	-0.000150681	0.00282861	-3.054	-2.598369e-11
0.448	276			3.6657e-06	-1.30907e-05	1.35899e-05	-74.352	8.16962e-06	1.72296e-05	1.90699e-05	64.626	0.00282289	-0.000113488	0.0028248	-2.298	0.00282289	-0.000150681	0.00282766	-3.042	-1.756545e-11
0.446	277			1.12914e-05	-1.32621e-05	1.74158e-05	-49.578	1.69465e-05	1.76058e-05	2.4438e-05	46.086	0.0028248	-0.000113488	0.00282671	-2.298	0.0028248	-0.000150681	0.00282861	-3.054	-1.685348e-11
0.444	278			2.452e-05	-1.39252e-05	2.81968e-05	-29.586	3.00483e-05	1.67639e-05	3.4407e-05	29.16	0.0028248	-0.000113488	0.00282671	-2.298	0.00282384	-0.000150681	0.00282766	-3.042	-2.451787e-11
0.442	279			4.13882e-05	-1.49608e-05	4.40071e-05	-19.872	5.19941e-05	1.58102e-05	5.4341e-05	16.914	0.00282384	-0.000114441	0.00282575	-2.31	0.00281908	-0.000150681	0.00282289	-3.06	-1.961768e-11
0.44	280			5.7094e-05	-1.50949e-05	5.90573e-05	-14.808	7.39289e-05	1.44244e-05	7.53221e-05	11.04	0.00282194	-0.000113488	0.00282384	-2.286	0.00281145	-0.000149728	0.00281526	-3.042	-2.26332e-11
0.438	281			6.77039e-05	-1.54675e-05	6.94473e-05	-12.87	9.91453e-05	1.39624e-05	0.000100129	8.016	0.00281908	-0.000114441	0.00282098	-2.316	0.00279428	-0.000149728	0.00279905	-3.06	-1.65603e-11
0.436	282			7.51507e-05	-1.63541e-05	7.69128e-05	-12.276	0.000120484	1.2666e-05	0.000121154	6.0	0.0028124	-0.000113488	0.00281431	-2.304	0.00277425	-0.000148774	0.00277807	-3.066	-1.945012e-11
0.434	283			7.39773e-05	-1.508e-05	7.54972e-05	-11.52	0.000140638	1.17198e-05	0.000141122	4.764	0.00280382	-0.000113488	0.00280572	-2.298	0.00274564	-0.000146867	0.00274946	-3.06	-2.091601e-11
0.432	284			6.67986e-05	-1.56687e-05	6.86129e-05	-13.2	0.000157603	1.13324e-05	0.000158013	4.116	0.0027857	-0.000112534	0.0027876	-2.304	0.00270464	-0.000146867	0.00270845	-3.09	-1.651838e-11
0.43	285			5.35476e-05	-1.57097e-05	5.58014e-05	-16.344	0.000164763	1.03415e-05	0.000165091	3.594	0.00275709	-0.000110627	0.00275899	-2.286	0.00265504	-0.000142098	0.00265981	-3.06	-2.447598e-11
0.428	286			3.69886e-05	-1.41897e-05	3.9615e-05	-20.988	0.000140258	1.06842e-05	0.000140668	4.356	0.00270845	-0.000109673	0.00271036	-2.31	0.00261404	-0.000141145	0.00261785	-3.078	-2.342898e-11
0.426	287			2.54588e-05	-1.32807e-05	2.87147e-05	-27.54	0.000102073	1.20774e-05	0.000102789	6.75	0.00266077	-0.000106812	0.00266267	-2.292	0.00259019	-0.000140191	0.00259401	-3.078	-1.714661e-11
0.424	288			1.91816e-05	-1.32397e-05	2.33055e-05	-34.608	6.6102e-05	1.27107e-05	6.73165e-05	10.884	0.0026169	-0.000106812	0.00261976	-2.316	0.00257684	-0.00013733	0.0025797	-3.048	-1.831934e-11
0.422	289			1.47224e-05	-1.22563e-05	1.91556e-05	-39.768	3.43847e-05	1.52813e-05	3.76257e-05	23.97	0.0025778	-0.000103951	0.0025797	-2.292	0.00256445	-0.00013733	0.00256826	-3.048	-2.317764e-11
0.42	290			8.24785e-06	-1.25319e-05	1.50018e-05	-56.64	1.46181e-05	1.50055e-05	2.09511e-05	45.75	0.00255395	-0.000103951	0.00255586	-2.316	0.00255491	-0.000136376	0.00255777	-3.048	-1.982709e-11
0.418	291			2.79771e-06	-1.25468e-05	1.2856e-05	-77.418	6.00892e-06	1.47038e-05	1.58848e-05	67.77	0.00254442	-0.00010109	0.00254633	-2.262	0.00254633	-0.000134469	0.00255014	-3.012	-2.070661e-11
0.416	292			-2.49596e-07	-1.17906e-05	1.17906e-05	-91.2	2.94299e-06	1.55681e-05	1.58438e-05	79.284	0.00254251	-0.00010109	0.00254442	-2.268	0.00254346	-0.000133515	0.00254633	-3.0	-1.798429e-11
0.414	293			-9.23876e-07	-1.11759e-05	1.12095e-05	-94.722	1.65776e-06	1.53632e-05	1.54526e-05	83.832	0.0025406	-0.000102044	0.00254251	-2.28	0.00254251	-0.000133515	0.00254537	-3.0	-2.443414e-11
0.412	294			-1.74344e-06	-1.18912e-05	1.20141e-05	-98.34	2.30969e-06	1.6343e-05	1.65069e-05	81.96	0.00254156	-0.000102044	0.00254346	-2.28	0.00254156	-0.000134469	0.00254442	-3.018	-2.058093e-11
0.41	295			-9.27601e-07	-1.15298e-05	1.15634e-05	-94.596	3.16279e-06	1.68235e-05	1.71178e-05	79.35	0.0025406	-0.00010109	0.00254251	-2.268	0.00254251	-0.000135423	0.00254537	-3.03	-2.514607e-11
0.408	296			-8.5682e-07	-1.1623e-05	1.1649e-05	-94.2	3.15534e-06	1.5691e-05	1.6004e-05	78.63	0.00254156	-0.000100136	0.00254346	-2.25	0.00254156	-0.000133515	0.00254442	-3.0	-1.970144e-11
0.406	297			3.20377e-07	-1.19396e-05	1.19359e-05	-88.446	3.72903e-06	1.56426e-05	1.60822e-05	76.59	0.00254251	-0.000102044	0.00254442	-2.28	0.00254251	-0.000133515	0.00254537	-3.0	-2.020402e-11
0.404	298			4.79075e-06	-1.15745e-05	1.25245e-05	-67.5	9.24623e-06	1.6749e-05	1.91295e-05	61.098	0.00254251	-0.00010109	0.00254442	-2.268	0.00254156	-0.000133515	0.00254442	-3.0	-1.551326e-11
0.402	299			1.43797e-05	-1.14069e-05	1.83546e-05	-38.418	1.92189e-05	1.54116e-05	2.46355e-05	38.724	0.00254251	-0.000102997	0.00254442	-2.31	0.00254251	-0.000135423	0.00254537	-3.03	-2.045533e-11
0.4	300			2.94001e-05	-1.29119e-05	3.21085e-05	-23.706	3.56028e-05	1.38395e-05	3.81994e-05	21.246	0.00254251	-0.00010109	0.00254442	-2.268	0.00254156	-0.000134469	0.00254442	-3.018	-2.355455e-11
0.398	301			5.11745e-05	-1.33925e-05	5.28956e-05	-14.664	5.98805e-05	1.37836e-05	6.14491e-05	12.966	0.00253965	-0.000102044	0.00254156	-2.286	0.00253679	-0.000134469	0.00253965	-3.024	-2.451788e-11
0.396	302			7.24983e-05	-1.57208e-05	7.41822e-05	-12.234	9.35686e-05	1.23717e-05	9.43807e-05	7.536	0.00253679	-0.000102044	0.0025387	-2.286	0.00252248	-0.000135423	0.0025263	-3.054	-2.225625e-11
0.394	303			8.34507e-05	-1.508e-05	8.4803e-05	-10.242	0.000123137	1.07885e-05	0.000123614	5.01	0.00252916	-0.00010109	0.00253107	-2.28	0.00249673	-0.000133515	0.0024996	-3.042	-1.643467e-11
0.392	304			7.99936e-05	-1.48938e-05	8.13683e-05	-10.548	0.000147411	9.35054e-06	0.000147701	3.63	0.00251295	-0.000100136	0.00251581	-2.28	0.00245477	-0.000130654	0.00245763	-3.03	-1.777488e-11
0.39	305			5.77236e-05	-1.42493e-05	5.94559e-05	-13.866	0.000154407	8.69489e-06	0.00015466	3.222	0.0024891	-0.000100136	0.00249101	-2.298	0.00240232	-0.000128747	0.00240518	-3.048	-1.986898e-11
0.388	306			3.18924e-05	-1.26586e-05	3.43139e-05	-21.642	0.000135095	9.02271e-06	0.000135393	3.822	0.00245382	-9.82289e-05	0.00245573	-2.286	0.0023575	-0.000125886	0.00236036	-3.042	-1.886378e-11
0.386	307			1.44542e-05	-1.13808e-05	1.83956e-05	-38.208	0.000101105	1.12951e-05	0.000101731	6.378	0.00241376	-9.63216e-05	0.00241567	-2.274	0.00233366	-0.000123979	0.00233652	-3.024	-2.162803e-11
0.384	308			6.21754e-06	-1.05426e-05	1.22376e-05	-59.454	6.58338e-05	1.25841e-05	6.70259e-05	10.824	0.00237562	-9.53679e-05	0.00237752	-2.28	0.00232221	-0.000123979	0.00232507	-3.042	-2.832912e-11
0.382	309			4.44058e-06	-1.04532e-05	1.13585e-05	-66.972	3.43102e-05	1.36495e-05	3.69179e-05	21.696	0.00234224	-9.34605e-05	0.00234415	-2.262	0.0023184	-0.000123025	0.00232126	-3.03	-2.058095e-11
0.38	310			1.5311e-06	-1.02446e-05	1.03526e-05	-81.486	1.21594e-05	1.43424e-05	1.88054e-05	49.698	0.0023203	-9.34605e-05	0.00232221	-2.286	0.00231458	-0.000123025	0.0023184	-3.03	-1.727231e-11
0.378	311			-2.12342e-07	-1.08258e-05	1.08258e-05	-91.11	4.91369e-06	1.39289e-05	1.47708e-05	70.56	0.00231172	-9.25069e-05	0.00231363	-2.28	0.00231172	-0.000122071	0.00231458	-3.006	-1.790054e-11
0.376	312			-3.16651e-07	-1.07997e-05	1.07997e-05	-91.662	3.73648e-06	1.5121e-05	1.55756e-05	76.122	0.00231077	-9.15532e-05	0.00231268	-2.262	0.00231077	-0.000122071	0.00231363	-3.024	-1.735605e-11
0.374	313			2.75673e-07	-1.01664e-05	1.01627e-05	-88.44	2.82006e-06	1.55048e-05	1.57581e-05	79.68	0.00231077	-9.15532e-05	0.00231268	-2.244	0.00231172	-0.000122071	0.00231458	-3.018	-1.911512e-11
0.372	314			-1.21445e-06	-1.03489e-05	1.0416e-05	-96.69	2.51086e-06	1.48975e-05	1.51061e-05	80.424	0.00231077	-9.15532e-05	0.00231268	-2.262	0.00231077	-0.000122071	0.00231363	-3.024	-2.213064e-11
0.37	315			7.26435e-07	-1.0375e-05	1.03973e-05	-85.992	4.1053e-06	1.46069e-05	1.51732e-05	74.298	0.00231172	-9.15532e-05	0.00231363	-2.262	0.00231077	-0.000122071	0.00231363	-3.024	-1.785861e-11
0.368	316			4.57096e-06	-1.08369e-05	1.17608e-05	-67.122	9.60758e-06	1.45026e-05	1.73972e-05	56.478	0.00231172	-9.15532e-05	0.00231363	-2.244	0.00231077	-0.000122071	0.00231363	-3.024	-2.14186e-11
0.366	317			1.5352e-05	-1.08332e-05	1.87868e-05	-35.202	2.03514e-05	1.41971e-05	2.48143e-05	34.902	0.00231077	-9.15532e-05	0.00231268	-2.244	0.00231077	-0.000122071	0.00231363	-3.006	-1.924074e-11
0.364	318			3.25779e-05	-1.13585e-05	3.45001e-05	-19.218	4.05537e-05	1.29752e-05	4.25803e-05	17.742	0.00231077	-9.15532e-05	0.00231268	-2.262	0.00230791	-0.000121117	0.00231172	-2.994	-2.162801e-11
0.362	319			5.87853e-05	-1.2897e-05	6.01823e-05	-12.372	7.09076e-05	1.17645e-05	7.18799e-05	9.42	0.00230886	-9.15532e-05	0.00231077	-2.262	0.00230218	-0.000122071	0.00230505	-3.018	-2.10835e-11
0.36	320			8.23964e-05	-1.53036e-05	8.38046e-05	-10.524	0.000111312	9.62621e-06	0.000111722	4.944	0.00230218	-9.15532e-05	0.00230409	-2.256	0.0022793	-0.000121117	0.00228311	-3.03	-1.953388e-11
0.358	321			8.18227e-05	-1.43238e-05	8.30633e-05	-9.93	0.000140862	8.76194e-06	0.000141137	3.558	0.00228406	-9.05995e-05	0.00228597	-2.256	0.00223447	-0.00011921	0.00223733	-3.042	-2.397339e-11
0.356	322			4.93492e-05	-1.16863e-05	5.07126e-05	-13.32	0.000137107	7.71141e-06	0.000137323	3.222	0.00225641	-9.05995e-05	0.00225832	-2.28	0.00217916	-0.000115395	0.00218202	-3.012	-1.844501e-11
0.354	323			2.13498e-05	-1.11983e-05	2.41065e-05	-27.672	0.000113987	9.19407e-06	0.000114359	4.614	0.0022278	-8.86922e-05	0.00222971	-2.262	0.00214292	-0.000113488	0.00214578	-3.024	-2.418284e-11
0.352	324			6.51556e-06	-1.00136e-05	1.19433e-05	-56.946	8.49669e-05	1.09003e-05	8.56672e-05	7.314	0.00220014	-8.67848e-05	0.00220205	-2.256	0.00212575	-0.000113488	0.00212862	-3.03	-1.760736e-11
0.35	325			1.91481e-06	-9.57405e-06	9.76032e-06	-78.678	5.17073e-05	1.17794e-05	5.30335e-05	12.84	0.00216581	-8.67848e-05	0.00216772	-2.292	0.00212194	-0.000113488	0.0021248	-3.036	-2.091602e-11
0.348	326			9.90934e-07	-1.05873e-05	1.0632e-05	-84.642	2.26946e-05	1.34856e-05	2.6405e-05	30.726	0.0021372	-8.48775e-05	0.00213911	-2.25	0.00212003	-0.000112534	0.00212289	-3.024	-2.171175e-11
0.346	327			-4.47037e-07	-1.0185e-05	1.01925e-05	-92.49	7.88277e-06	1.29827e-05	1.51918e-05	58.728	0.00212194	-8.48775e-05	0.00212385	-2.268	0.00211908	-0.00011158	0.00212099	-3.006	-2.204681e-11
0.344	328			-6.3144e-07	-9.16241e-06	9.1829e-06	-93.936	2.47361e-06	1.41301e-05	1.43462e-05	80.064	0.00211908	-8.29701e-05	0.00212099	-2.232	0.00211908	-0.00011158	0.00212099	-3.006	-1.794241e-11
0.342	329			-3.42729e-07	-9.88698e-06	9.89257e-06	-91.98	2.85359e-06	1.38842e-05	1.41748e-05	78.378	0.00211908	-8.20165e-05	0.00212003	-2.214	0.00211908	-0.00011158	0.00212194	-3.006	-2.192114e-11
0.34	330			2.03029e-07	-9.98384e-06	9.98384e-06	-88.83	4.53371e-06	1.28151e-05	1.35936e-05	70.506	0.00211813	-8.39238e-05	0.00211908	-2.25	0.00211813	-0.00011158	0.00212099	-2.988	-1.781675e-11
0.338	331			4.53184e-06	-9.39338e-06	1.0429e-05	-64.236	8.72469e-06	1.33776e-05	1.59704e-05	56.886	0.00211813	-8.29701e-05	0.00211908	-2.232	0.00211717	-0.00011158	0.00212003	-3.012	-2.129298e-11
0.336	332			1.47913e-05	-1.03247e-05	1.8038e-05	-34.914	2.02061e-05	1.34558e-05	2.42778e-05	33.66	0.00211813	-8.29701e-05	0.00211908	-2.232	0.00211717	-0.00011158	0.00211908	-2.994	-1.731418e-11
0.334	333			3.57742e-05	-1.0917e-05	3.74021e-05	-16.968	4.36197e-05	1.21967e-05	4.52923e-05	15.624	0.00211908	-8.20165e-05	0.00212099	-2.214	0.00211526	-0.00011158	0.00211813	-2.994	-1.764924e-11
0.332	334			6.63218e-05	-1.24649e-05	6.74841e-05	-10.644	8.32235e-05	1.09152e-05	8.39387e-05	7.476	0.00211526	-8.39238e-05	0.00211717	-2.256	0.00210477	-0.00011158	0.00210764	-3.012	-2.376402e-11
0.33	335			8.42256e-05	-1.2707e-05	8.51792e-05	-8.58	0.000121676	8.62038e-06	0.000121981	4.056	0.00210001	-8.20165e-05	0.00210096	-2.214	0.0020714	-0.000108719	0.00207426	-3.0	-2.171182e-11
0.328	336			5.63303e-05	-1.18651e-05	5.75671e-05	-11.892	0.000124724	7.57727e-06	0.000124955	3.48	0.0020714	-8.20165e-05	0.00207235	-2.25	0.00201322	-0.000106812	0.00201608	-3.03	-2.02878e-11
0.326	337			1.77139e-05	-1.04644e-05	2.05749e-05	-30.564	9.37735e-05	9.24623e-06	9.4228e-05	5.634	0.00204183	-8.01091e-05	0.00204374	-2.226	0.00196983	-0.000102997	0.00197221	-2.982	-1.915696e-11
0.324	338			4.70507e-06	-8.92958e-06	1.00881e-05	-62.202	6.66236e-05	1.03862e-05	6.74282e-05	8.868	0.00201799	-8.01091e-05	0.00201894	-2.25	0.00196077	-0.000102997	0.00196315	-3.006	-1.898946e-11
0.322	339			1.45473e-06	-8.829e-06	8.94448e-06	-80.64	4.22003e-05	1.08556e-05	4.35712e-05	14.43	0.00199462	-8.01091e-05	0.00199653	-2.286	0.00195695	-0.000102997	0.00195982	-3.012	-2.016216e-11
0.32	340			-2.1048e-07	-8.69675e-06	8.69861e-06	-91.386	2.00422e-05	1.1988e-05	2.33577e-05	30.894	0.00197317	-7.72481e-05	0.00197507	-2.232	0.00195552	-0.000102044	0.00195839	-2.976	-1.668594e-11
0.318	341			-1.20886e-06	-9.23133e-06	9.30956e-06	-97.458	5.41288e-06	1.18055e-05	1.29864e-05	65.37	0.00195934	-7.72481e-05	0.00196077	-2.25	0.00195552	-0.000102044	0.00195791	-2.976	-1.664408e-11
0.316	342			-5.15956e-07	-8.84017e-06	8.85321e-06	-93.336	3.08083e-06	1.20327e-05	1.24239e-05	75.63	0.00195648	-7.62944e-05	0.00195791	-2.226	0.001956	-0.00010252	0.00195886	-2.994	-2.18374e-11
0.314	343			1.56277e-06	-9.28534e-06	9.41387e-06	-80.442	4.7684e-06	1.26996e-05	1.35676e-05	69.42	0.00195695	-7.62944e-05	0.00195839	-2.226	0.00195648	-0.000102044	0.00195886	-2.982	-2.087412e-11
0.312	344			6.26969e-06	-8.37079e-06	1.04569e-05	-53.154	1.10828e-05	1.26437e-05	1.68124e-05	48.762	0.00195648	-7.58176e-05	0.00195791	-2.214	0.00195552	-0.000101567	0.00195791	-2.964	-1.731417e-11
0.31	345			1.92543e-05	-9.99874e-06	2.16962e-05	-27.438	2.68334e-05	1.16677e-05	2.92585e-05	23.502	0.00195839	-7.67712e-05	0.00195982	-2.232	0.00195218	-0.000102997	0.00195505	-3.012	-1.823559e-11
0.308	346			4.96416e-05	-1.04756e-05	5.0735e-05	-11.916	6.01972e-05	1.09673e-05	6.11884e-05	10.326	0.00195457	-7.67712e-05	0.001956	-2.238	0.00194884	-0.00010109	0.0019517	-2.964	-2.405712e-11
0.306	347			7.60634e-05	-1.1731e-05	7.6965e-05	-8.766	0.000106186	8.44157e-06	0.000106521	4.548	0.0019455	-7.58176e-05	0.00194693	-2.226	0.00192405	-0.00010109	0.00192643	-3.006	-2.384773e-11
0.304	348			5.75746e-05	-1.12765e-05	5.86698e-05	-11.082	0.000112638	7.47296e-06	0.000112884	3.798	0.0019188	-7.53407e-05	0.00192023	-2.244	0.00187159	-9.87058e-05	0.00187445	-3.018	-2.317764e-11
0.302	349			2.0601e-05	-9.40642e-06	2.26462e-05	-24.54	8.01762e-05	8.9333e-06	8.06754e-05	6.36	0.00188733	-7.34334e-05	0.00188876	-2.226	0.00183249	-9.67984e-05	0.00183488	-3.012	-1.844498e-11
0.3	350			4.48528e-06	-8.86252e-06	9.92796e-06	-63.144	5.27503e-05	1.02446e-05	5.37338e-05	10.992	0.00186396	-7.20029e-05	0.00186539	-2.214	0.00181962	-9.63216e-05	0.00182248	-3.018	-1.903134e-11
0.298	351			4.26548e-07	-8.97056e-06	8.97801e-06	-87.264	3.06817e-05	1.08109e-05	3.25295e-05	19.41	0.00184394	-7.20029e-05	0.00184537	-2.226	0.0018158	-9.53679e-05	0.00181819	-2.994	-2.003656e-11
0.296	352			5.19682e-07	-7.98522e-06	8.00012e-06	-86.274	1.19061e-05	1.1351e-05	1.6451e-05	43.638	0.00182582	-7.1526e-05	0.00182725	-2.238	0.0018158	-9.48911e-05	0.00181819	-2.982	-1.945017e-11
0.294	353			1.30386e-08	-8.43225e-06	8.43039e-06	-89.91	4.97702e-06	1.14292e-05	1.24686e-05	66.462	0.00181866	-7.05724e-05	0.00182009	-2.214	0.0018158	-9.48911e-05	0.00181819	-2.982	-1.995274e-11
0.292	354			1.39327e-06	-8.88301e-06	8.98918e-06	-81.072	5.4166e-06	1.18912e-05	1.30684e-05	65.502	0.00181723	-7.00955e-05	0.00181866	-2.208	0.0018158	-9.44142e-05	0.00181819	-2.976	-1.806803e-11
0.29	355			5.44268e-06	-8.64087e-06	1.02111e-05	-57.786	1.07177e-05	1.14516e-05	1.56836e-05	46.896	0.00181819	-7.05724e-05	0.00181962	-2.214	0.0018158	-9.53679e-05	0.00181819	-2.994	-1.7733e-11
0.288	356			2.19924e-05	-9.64483e-06	2.40133e-05	-23.682	3.01265e-05	1.08667e-05	3.20266e-05	19.836	0.00181819	-7.05724e-05	0.00181914	-2.214	0.00181247	-9.48911e-05	0.00181485	-2.988	-1.73142e-11
0.286	357			5.46093e-05	-1.05724e-05	5.46093e-05	-10.542	6.93765e-05	9.45484e-06	7.00173e-05	7.764	0.00181533	-7.10492e-05	0.00181676	-2.238	0.00180531	-9.53679e-05	0.0018077	-3.012	-1.739791e-11
0.284	358			7.29081e-05	-1.12095e-05	7.37649e-05	-8.736	0.000110902	5.93814e-06	0.000111066	3.066	0.00179768	-7.00955e-05	0.00179911	-2.226	0.00176049	-9.29837e-05	0.00176287	-3.012	-1.714665e-11
0.282	359			3.0432e-05	-9.04134e-06	3.17434e-05	-16.542	8.09957e-05	8.67998e-06	8.14577e-05	6.12	0.00176383	-6.8665e-05	0.00176526	-2.22	0.00171948	-9.01227e-05	0.00172187	-2.994	-1.463371e-11
0.28	360			7.3463e-06	-8.66136e-06	1.13585e-05	-49.68	5.00905e-05	9.49955e-06	5.09846e-05	10.74	0.00173856	-6.77113e-05	0.00173999	-2.22	0.00169946	-9.01227e-05	0.00170184	-3.018	-1.974333e-11
0.278	361			1.59257e-06	-8.18452e-06	8.3354e-06	-78.984	3.1464e-05	1.03862e-05	3.31255e-05	18.264	0.00172282	-6.67577e-05	0.00172377	-2.202	0.00169612	-8.86922e-05	0.0016985	-2.994	-1.576453e-11
0.276	362			2.84987e-07	-7.44875e-06	7.45247e-06	-87.81	1.56612e-05	1.10195e-05	1.91481e-05	35.124	0.00170804	-6.5804e-05	0.00170947	-2.202	0.00169516	-8.86922e-05	0.00169755	-2.982	-1.810991e-11
0.274	363			1.5609e-06	-7.31091e-06	7.47296e-06	-77.94	5.82266e-06	1.13696e-05	1.27741e-05	62.886	0.0016985	-6.62808e-05	0.00169946	-2.226	0.00169564	-8.77385e-05	0.00169802	-2.946	-2.171174e-11
0.272	364			2.92064e-06	-8.70047e-06	9.17545e-06	-71.436	7.40963e-06	9.8162e-06	1.22972e-05	52.956	0.00169707	-6.5804e-05	0.0016985	-2.202	0.00169516	-8.86922e-05	0.00169755	-2.982	-2.615125e-11
0.27	365			1.14274e-05	-8.08953e-06	1.39997e-05	-35.292	1.78815e-05	1.06805e-05	2.08282e-05	30.852	0.00169707	-6.53272e-05	0.0016985	-2.19	0.00169326	-8.82153e-05	0.00169564	-2.976	-1.936644e-11
0.268	366			3.86278e-05	-9.20525e-06	3.971e-05	-13.404	5.17445e-05	8.68371e-06	5.24709e-05	9.528	0.00169612	-6.53272e-05	0.00169755	-2.196	0.00168706	-8.86922e-05	0.00168944	-2.994	-1.928261e-11
0.266	367			6.71488e-05	-9.31328e-06	6.77933e-05	-7.896	9.72641e-05	7.64435e-06	9.75658e-05	4.494	0.00168277	-6.62808e-05	0.0016842	-2.244	0.00165988	-8.6308e-05	0.00166178	-2.964	-1.898948e-11
0.264	368			3.25406e-05	-9.06741e-06	3.37812e-05	-15.57	7.32322e-05	7.62197e-06	7.36271e-05	5.946	0.00164796	-6.43735e-05	0.00164939	-2.226	0.00161315	-8.44006e-05	0.00161553	-2.994	-2.133486e-11
0.262	369			7.6257e-06	-7.35375e-06	1.05911e-05	-43.956	3.98161e-05	9.52935e-06	4.09449e-05	13.464	0.00162268	-6.2943e-05	0.00162411	-2.208	0.00159407	-8.39238e-05	0.00159646	-3.006	-1.911508e-11
0.26	370			1.7155e-06	-7.22709e-06	7.4264e-06	-76.638	2.38904e-05	9.02644e-06	2.55407e-05	20.706	0.00160981	-6.2943e-05	0.00161076	-2.226	0.00158978	-8.29701e-05	0.00159217	-2.976	-2.108356e-11
0.258	371			1.68943e-06	-7.08181e-06	7.27925e-06	-76.578	1.27815e-05	1.01589e-05	1.63243e-05	38.484	0.00159884	-6.15125e-05	0.0015998	-2.196	0.00158978	-8.24933e-05	0.00159217	-2.964	-1.873816e-11
0.256	372			2.80516e-06	-6.94956e-06	7.49159e-06	-68.004	7.74866e-06	1.07773e-05	1.32733e-05	54.288	0.00159312	-6.19893e-05	0.00159455	-2.214	0.00158978	-8.3447e-05	0.00159217	-3.0	-1.945018e-11
0.254	373			7.1321e-06	-7.29228e-06	1.0198e-05	-45.63	1.24127e-05	1.09971e-05	1.65888e-05	41.538	0.00159217	-6.15125e-05	0.00159312	-2.208	0.00158883	-8.24933e-05	0.00159121	-2.964	-2.363831e-11
0.252	374			2.61125e-05	-8.40804e-06	2.74332e-05	-17.844	3.85756e-05	9.79757e-06	3.9805e-05	14.25	0.00159169	-6.10356e-05	0.00159312	-2.196	0.00158311	-8.3447e-05	0.00158549	-3.0	-2.058096e-11
0.25	375			6.06331e-05	-1.00323e-05	6.14566e-05	-9.39	8.82191e-05	7.16004e-06	8.85096e-05	4.644	0.0015812	-6.00817e-05	0.00158215	-2.172	0.00155974	-8.20165e-05	0.00156165	-3.012	-2.422471e-11
0.248	376			3.05327e-05	-8.45274e-06	3.16764e-05	-15.468	6.74021e-05	7.52139e-06	6.78231e-05	6.372	0.00154877	-6.00817e-05	0.00155021	-2.208	0.0015173	-7.96323e-05	0.00151921	-2.994	-2.028779e-11
0.246	377			7.30532e-06	-7.47296e-06	1.04495e-05	-45.636	3.05849e-05	9.2425e-06	3.1952e-05	16.812	0.00152064	-5.86512e-05	0.00152159	-2.196	0.00150014	-7.82018e-05	0.00150204	-2.976	-1.945015e-11
0.244	378			2.63379e-06	-5.87295e-06	6.43361e-06	-65.832	1.63504e-05	9.76032e-06	1.90438e-05	30.84	0.0015092	-5.81744e-05	0.00151015	-2.202	0.0014968	-7.67712e-05	0.00149918	-2.934	-2.661205e-11
0.242	379			1.93717e-06	-7.59776e-06	7.83807e-06	-75.684	8.63156e-06	1.06097e-05	1.36793e-05	50.874	0.00150157	-5.72207e-05	0.00150252	-2.172	0.0014968	-7.72481e-05	0.00149871	-2.946	-1.873813e-11
0.24	380			5.26759e-06	-7.56982e-06	9.22015e-06	-55.158	8.44529e-06	1.0442e-05	1.3426e-05	51.036	0.00149823	-5.67439e-05	0.00149918	-2.166	0.0014968	-7.77249e-05	0.00149871	-2.97	-2.158612e-11
0.238	381			1.71663e-05	-7.05573e-06	1.85595e-05	-22.338	2.6282e-05	8.59803e-06	2.76492e-05	18.12	0.00149871	-5.86512e-05	0.00149966	-2.226	0.00149251	-7.77249e-05	0.00149489	-2.964	-1.924074e-11
0.236	382			5.08076e-05	-9.12143e-06	5.16179e-05	-10.176	7.34222e-05	7.30532e-06	7.37836e-05	5.682	0.00149155	-5.76975e-05	0.00149251	-2.214	0.00147534	-7.72481e-05	0.00147725	-2.988	-2.196308e-11
0.234	383			3.26822e-05	-7.78591e-06	3.35986e-05	-13.392	6.59828e-05	7.09671e-06	6.63628e-05	6.144	0.00146247	-5.6267e-05	0.0014639	-2.19	0.00143624	-7.43871e-05	0.00143815	-2.946	-2.0204e-11
0.232	384			7.29787e-06	-6.44851e-06	9.73797e-06	-41.448	2.77014e-05	9.75287e-06	2.93666e-05	19.398	0.00143433	-5.48365e-05	0.00143529	-2.184	0.00141621	-7.43871e-05	0.00141812	-2.988	-1.664409e-11
0.23	385			2.0452e-06	-7.04083e-06	7.32954e-06	-73.788	1.42977e-05	9.29093e-06	1.70508e-05	33.018	0.00142241	-5.43597e-05	0.00142337	-2.184	0.00141335	-7.39102e-05	0.00141526	-2.982	-2.397344e-11
0.228	386			2.47174e-06	-5.70531e-06	6.21754e-06	-66.558	8.78057e-06	1.00472e-05	1.3344e-05	48.846	0.00141717	-5.43597e-05	0.00141812	-2.184	0.00141335	-7.34334e-05	0.00141526	-2.958	-1.92408e-11
0.226	387			9.16986e-06	-6.5137e-06	1.12467e-05	-35.382	1.29678e-05	8.50117e-06	1.55085e-05	33.246	0.00141478	-5.43597e-05	0.00141621	-2.184	0.00141383	-7.34334e-05	0.00141574	-2.952	-2.250757e-11
0.224	388			3.17378e-05	-7.74866e-06	3.26692e-05	-13.716	4.53445e-05	7.5959e-06	4.59778e-05	9.51	0.00141431	-5.38828e-05	0.00141526	-2.172	0.00140477	-7.34334e-05	0.00140668	-2.976	-1.70629e-11
0.222	389			4.23531e-05	-9.09722e-06	4.33179e-05	-12.12	7.16341e-05	6.95887e-06	7.19731e-05	5.55	0.00139285	-5.3406e-05	0.0013938	-2.178	0.00136948	-7.10492e-05	0.00137187	-2.964	-1.852877e-11
0.22	390			1.12206e-05	-7.11906e-06	1.32882e-05	-32.376	3.24065e-05	8.77312e-06	3.35725e-05	15.15	0.00136185	-5.10218e-05	0.00136281	-2.142	0.00134421	-7.00955e-05	0.00134564	-2.982	-2.426657e-11
0.218	391			3.83522e-06	-6.78006e-06	7.78964e-06	-60.498	1.42083e-05	9.168e-06	1.69092e-05	32.838	0.0013485	-5.14986e-05	0.00134946	-2.178	0.00133992	-7.00955e-05	0.00134135	-2.988	-2.376402e-11
0.216	392			3.75138e-06	-5.67737e-06	6.80427e-06	-56.526	8.64646e-06	9.41387e-06	1.27853e-05	47.43	0.00134183	-5.24523e-05	0.00134278	-2.22	0.00133944	-6.96187e-05	0.00134087	-2.964	-1.928263e-11
0.214	393			1.02483e-05	-6.66271e-06	1.22227e-05	-33.018	1.46442e-05	8.99291e-06	1.71886e-05	31.56	0.00134135	-5.10218e-05	0.0013423	-2.16	0.00133849	-7.00955e-05	0.0013404	-2.976	-1.919885e-11
0.212	394			3.8231e-05	-8.14168e-06	3.90878e-05	-12.024	5.19084e-05	7.56237e-06	5.24598e-05	8.286	0.00133706	-5.14986e-05	0.00133801	-2.196	0.001328	-7.00955e-05	0.00132991	-3.0	-1.727231e-11
0.21	395			2.86066e-05	-7.34071e-06	2.95305e-05	-14.388	5.24039e-05	7.15631e-06	5.28882e-05	7.782	0.00130893	-4.95913e-05	0.00130988	-2.16	0.00129081	-6.77113e-05	0.00129224	-2.988	-1.915698e-11
0.208	396			7.32581e-06	-7.07994e-06	1.0185e-05	-44.028	2.2255e-05	8.44902e-06	2.38047e-05	20.79	0.00128556	-4.91145e-05	0.00128651	-2.166	0.00127412	-6.67577e-05	0.00127602	-2.976	-2.053909e-11
0.206	397			3.53345e-06	-5.96981e-06	6.93466e-06	-59.364	1.02968e-05	9.53308e-06	1.40332e-05	42.798	0.00127745	-4.81608e-05	0.00127841	-2.148	0.00127221	-6.67577e-05	0.00127412	-2.982	-1.618339e-11
0.204	398			8.2553e-06	-6.2641e-06	1.0362e-05	-37.182	1.12951e-05	8.76567e-06	1.42977e-05	37.812	0.00127364	-4.86376e-05	0.00127459	-2.172	0.00127173	-6.72345e-05	0.00127316	-3.018	-1.865439e-11
0.202	399			2.98695e-05	-6.73908e-06	3.06203e-05	-12.708	3.85346e-05	6.64595e-06	3.91046e-05	9.786	0.00127221	-4.81608e-05	0.00127316	-2.16	0.00126649	-6.43735e-05	0.00126792	-2.91	-2.020405e-11
0.2	400			3.1369e-05	-7.17308e-06	3.21793e-05	-12.882	5.21692e-05	6.75026e-06	5.26051e-05	7.374	0.00124837	-4.86376e-05	0.00124932	-2.214	0.00123359	-6.43735e-05	0.00123549	-2.97	-2.08323e-11
0.198	401			7.82503e-06	-5.61032e-06	9.62807e-06	-35.634	1.88203e-05	8.14727e-06	2.05116e-05	23.412	0.00122309	-4.62534e-05	0.00122405	-2.154	0.0012126	-6.34198e-05	0.00121451	-2.976	-1.718856e-11
0.196	402			5.27877e-06	-6.01451e-06	8.00012e-06	-48.714	1.00174e-05	8.64273e-06	1.3236e-05	40.794	0.00121547	-4.67303e-05	0.0012169	-2.184	0.00121213	-6.2943e-05	0.00121356	-2.958	-2.317765e-11
0.194	403			9.20898e-06	-5.42778e-06	1.06879e-05	-30.51	1.33291e-05	8.32981e-06	1.57171e-05	32.01	0.00121403	-4.57766e-05	0.00121499	-2.136	0.00121117	-6.2943e-05	0.00121308	-2.958	-2.049722e-11
0.192	404			3.74711e-05	-7.56423e-06	3.82254e-05	-11.412	4.66781e-05	6.80613e-06	4.71736e-05	8.298	0.00120688	-4.57766e-05	0.00120784	-2.148	0.00120164	-6.19893e-05	0.00120354	-2.934	-1.890573e-11
0.19	405			2.04799e-05	-6.43919e-06	2.1469e-05	-17.448	3.54501e-05	7.54747e-06	3.62436e-05	12.024	0.00117827	-4.57766e-05	0.00117923	-2.202	0.00116826	-6.19893e-05	0.00116969	-3.024	-1.86544e-11
0.188	406			4.92673e-06	-5.1074e-06	7.09484e-06	-46.02	1.41748e-05	8.10629e-06	1.63281e-05	29.76	0.00116444	-4.38693e-05	0.00116492	-2.148	0.00115634	-6.00817e-05	0.00115824	-2.952	-2.016218e-11
0.186	407			6.66085e-06	-4.64733e-06	8.12119e-06	-34.896	9.7864e-06	7.82317e-06	1.25319e-05	38.64	0.00115824	-4.43461e-05	0.0011592	-2.19	0.00115681	-5.96049e-05	0.00115872	-2.934	-1.886379e-11
0.184	408			2.5049e-05	-6.08157e-06	2.57773e-05	-13.644	3.11474e-05	6.0946e-06	3.1736e-05	11.076	0.00115681	-4.38693e-05	0.00115729	-2.16	0.00115443	-5.96049e-05	0.00115586	-2.94	-1.852874e-11
0.182	409			2.81316e-05	-6.29391e-06	2.88264e-05	-12.606	3.98981e-05	6.48203e-06	4.04196e-05	9.228	0.00113059	-4.24387e-05	0.00113107	-2.142	0.00112296	-5.81744e-05	0.00112439	-2.958	-2.837106e-11
0.18	410			7.67788e-06	-4.8783e-06	9.09722e-06	-32.424	1.54526e-05	8.38569e-06	1.75835e-05	28.482	0.0011139	-4.24387e-05	0.00111438	-2.16	0.00110818	-5.76975e-05	0.00110913	-2.964	-2.058099e-11
0.178	411			7.12465e-06	-5.58983e-06	9.05624e-06	-38.118	9.16427e-06	7.42453e-06	1.17943e-05	39.012	0.00110722	-4.19619e-05	0.00110818	-2.154	0.00110627	-5.67439e-05	0.0011077	-2.934	-1.982709e-11
0.176	412			2.72935e-05	-5.38866e-06	2.78187e-05	-11.166	3.301e-05	7.24199e-06	3.37961e-05	12.372	0.00110532	-4.24387e-05	0.00110579	-2.172	0.00110293	-5.76975e-05	0.00110436	-2.994	-2.158613e-11
0.174	413			2.38476e-05	-5.71276e-06	2.45237e-05	-13.47	3.40084e-05	6.10951e-06	3.45523e-05	10.188	0.00107957	-4.10082e-05	0.00108004	-2.154	0.0010748	-5.67439e-05	0.00107623	-3.0	-1.928264e-11
0.172	414			6.82476e-06	-5.08878e-06	8.51421e-06	-36.702	1.30721e-05	6.67947e-06	1.46777e-05	27.066	0.00106526	-4.00546e-05	0.00106574	-2.13	0.00106049	-5.53133e-05	0.00106192	-2.97	-1.94083e-11
0.17	415			1.07922e-05	-5.05152e-06	1.19154e-05	-25.08	1.48565e-05	7.53629e-06	1.66596e-05	26.904	0.00106049	-3.91009e-05	0.00106145	-2.106	0.00105859	-5.43597e-05	0.00106002	-2.922	-1.668596e-11
0.168	416			3.53719e-05	-7.09671e-06	3.60759e-05	-11.346	4.16378e-05	5.33092e-06	4.19768e-05	7.302	0.00105048	-3.91009e-05	0.00105143	-2.124	0.00104905	-5.43597e-05	0.00105048	-2.946	-1.815183e-11
0.166	417			1.36681e-05	-6.21754e-06	1.50148e-05	-24.456	2.0139e-05	7.42081e-06	2.14615e-05	20.232	0.00102759	-3.8624e-05	0.00102807	-2.136	0.00102282	-5.38828e-05	0.00102425	-3.0	-1.999466e-11
0.164	418			6.7279e-06	-5.41474e-06	8.63528e-06	-38.814	1.17496e-05	7.23827e-06	1.38023e-05	31.632	0.00102092	-3.81472e-05	0.00102187	-2.13	0.00101758	-5.3406e-05	0.00101901	-2.982	-1.936641e-11
0.162	419			2.70755e-05	-5.2769e-06	2.7584e-05	-11.028	3.13374e-05	5.88599e-06	3.1885e-05	10.638	0.00101519	-3.91009e-05	0.00101567	-2.178	0.00101424	-5.29292e-05	0.00101567	-2.97	-2.238193e-11
0.16	420			1.62573e-05	-4.7386e-06	1.69334e-05	-16.248	2.42257e-05	6.08715e-06	2.49819e-05	14.1	0.000988729	-3.71935e-05	0.000989445	-2.154	0.000982054	-5.07834e-05	0.000983484	-2.952	-1.982712e-11
0.158	421			8.99291e-06	-4.26549e-06	9.95217e-06	-25.374	1.20327e-05	8.02806e-06	1.44654e-05	33.714	0.000980861	-3.71935e-05	0.000981577	-2.172	0.000979669	-5.14986e-05	0.0009811	-3.0	-1.572267e-11
0.156	422			2.34136e-05	-5.15583e-06	2.39724e-05	-12.414	2.74294e-05	6.61614e-06	2.82155e-05	13.566	0.000977047	-3.69551e-05	0.000977762	-2.16	0.00097657	-5.0545e-05	0.000977762	-2.958	-2.368026e-11
0.154	423			1.93791e-05	-5.54885e-06	2.01558e-05	-15.978	2.51384e-05	6.13186e-06	2.58723e-05	13.71	0.000953916	-3.55246e-05	0.000954393	-2.13	0.000952248	-5.00681e-05	0.000953678	-2.994	-1.781678e-11
0.152	424			7.64622e-06	-4.24313e-06	8.74331e-06	-29.016	1.17086e-05	7.20847e-06	1.37464e-05	31.62	0.000944141	-3.5763e-05	0.000944857	-2.16	0.000942234	-4.8876e-05	0.000943664	-2.964	-1.982712e-11
0.15	425			2.66285e-05	-5.5712e-06	2.7204e-05	-11.814	3.06221e-05	6.15793e-06	3.12331e-05	11.376	0.000938419	-3.52862e-05	0.000939135	-2.142	0.000938181	-4.8876e-05	0.000939373	-2.97	-2.045532e-11
0.148	426			1.61269e-05	-4.86526e-06	1.68459e-05	-16.782	1.99826e-05	6.36655e-06	2.09735e-05	17.676	0.000915054	-3.40941e-05	0.000915769	-2.124	0.000915054	-4.76839e-05	0.000916246	-2.97	-2.326144e-11
0.146	427			1.16341e-05	-4.68644e-06	1.25412e-05	-21.93	1.42642e-05	6.76888e-06	1.57879e-05	25.386	0.000910286	-3.38557e-05	0.000911001	-2.118	0.000909094	-4.74455e-05	0.000910286	-2.982	-2.070661e-11
0.144	428			3.30473e-05	-5.93814e-06	3.35763e-05	-10.182	3.69886e-05	4.33627e-06	3.7242e-05	6.69	0.000897888	-3.33788e-05	0.000898603	-2.118	0.000894312	-4.55382e-05	0.000895504	-2.91	-2.020402e-11
0.142	429			1.23978e-05	-4.75536e-06	1.3277e-05	-20.982	1.49198e-05	6.35537e-06	1.62163e-05	23.07	0.000881437	-3.17099e-05	0.000881914	-2.058	0.000880722	-4.55382e-05	0.000881914	-2.958	-1.995275e-11
0.14	430			2.22364e-05	-4.37166e-06	2.26611e-05	-11.124	2.46913e-05	6.08343e-06	2.54289e-05	13.848	0.000874761	-3.2902e-05	0.000875238	-2.136	0.000875238	-4.52998e-05	0.00087643	-2.952	-2.079037e-11
0.138	431			1.80976e-05	-4.12579e-06	1.85595e-05	-12.84	2.1238e-05	5.76305e-06	2.20091e-05	15.192	0.000854734	-3.21867e-05	0.000855211	-2.154	0.000855211	-4.38693e-05	0.000856403	-2.934	-2.175366e-11
0.136	432			1.32807e-05	-4.32509e-06	1.39662e-05	-18.036	1.56687e-05	6.73908e-06	1.70545e-05	23.274	0.000848535	-3.05178e-05	0.000849012	-2.058	0.000848297	-4.48229e-05	0.000849489	-3.012	-1.668595e-11
0.134	433			2.25623e-05	-5.14466e-06	2.31398e-05	-12.84	2.63342e-05	5.27877e-06	2.68557e-05	11.334	0.000832561	-3.09946e-05	0.000833038	-2.118	0.000832561	-4.3154e-05	0.000833753	-2.958	-2.146052e-11
0.132	434			1.23513e-05	-3.84639e-06	1.29361e-05	-17.286	1.53818e-05	5.86364e-06	1.64622e-05	20.874	0.000822548	-3.12331e-05	0.000823263	-2.166	0.000821117	-4.29156e-05	0.000822309	-2.988	-2.171181e-11
0.13	435			2.57009e-05	-4.94163e-06	2.61721e-05	-10.884	2.76976e-05	6.035e-06	2.83459e-05	12.294	0.000809435	-2.9564e-05	0.000809912	-2.088	0.000810627	-4.19619e-05	0.000811581	-2.952	-2.288446e-11
0.128	436			1.41543e-05	-3.72903e-06	1.46386e-05	-14.754	1.61269e-05	5.93814e-06	1.71886e-05	20.214	0.000796799	-2.9564e-05	0.000797275	-2.106	0.00079656	-4.00546e-05	0.000797752	-2.874	-1.978524e-11
0.126	437			2.46112e-05	-4.88016e-06	2.50899e-05	-11.214	2.7422e-05	4.79075e-06	2.78355e-05	9.912	0.000783686	-2.9564e-05	0.000784162	-2.142	0.000785116	-4.05314e-05	0.00078607	-2.952	-2.405716e-11
0.124	438			1.47094e-05	-3.69364e-06	1.51676e-05	-14.094	1.71625e-05	6.24734e-06	1.82689e-05	20.004	0.000771526	-2.86103e-05	0.000772003	-2.112	0.000771526	-3.93393e-05	0.00077248	-2.904	-1.911511e-11
0.122	439			2.30001e-05	-4.45361e-06	2.34266e-05	-10.956	2.4587e-05	5.09995e-06	2.51123e-05	11.724	0.00075746	-2.74183e-05	0.000757936	-2.064	0.000759844	-3.91009e-05	0.000760797	-2.94	-2.166991e-11
0.12	440			1.61958e-05	-4.10902e-06	1.6708e-05	-14.232	1.87309e-05	5.94187e-06	1.9651e-05	17.604	0.000748876	-2.6703e-05	0.000749353	-2.04	0.0007484	-3.93393e-05	0.000749592	-2.994	-2.560681e-11
0.118	441			1.9543e-05	-3.02122e-06	1.97758e-05	-8.784	2.11411e-05	5.28622e-06	2.17931e-05	14.046	0.00073171	-2.71798e-05	0.000732187	-2.112	0.000733618	-3.74319e-05	0.000734571	-2.916	-1.978517e-11
0.116	442			2.16925e-05	-4.35117e-06	2.21246e-05	-11.34	2.33577e-05	6.09833e-06	2.414e-05	14.634	0.000723604	-2.6703e-05	0.000724081	-2.112	0.000724081	-3.8624e-05	0.000725035	-3.042	-2.129297e-11
0.114	443			1.55309e-05	-5.06829e-06	1.63374e-05	-18.072	1.69576e-05	5.15956e-06	1.77325e-05	16.932	0.000707153	-2.62262e-05	0.00070763	-2.106	0.00070763	-3.76704e-05	0.000708584	-3.048	-2.17118e-11
0.112	444			2.45572e-05	-4.20961e-06	2.49167e-05	-9.726	2.56189e-05	5.0329e-06	2.6107e-05	11.118	0.00069714	-2.55109e-05	0.000697616	-2.082	0.000696186	-3.62399e-05	0.00069714	-2.976	-1.928261e-11
0.11	445			2.02303e-05	-4.05314e-06	2.06308e-05	-11.322	2.20203e-05	5.78168e-06	2.27691e-05	14.712	0.000685457	-2.52725e-05	0.000685934	-2.1	0.000687364	-3.67167e-05	0.000688318	-3.054	-1.70629e-11
0.108	446			1.79821e-05	-3.59678e-06	1.83379e-05	-11.31	1.8254e-05	5.00309e-06	1.89283e-05	15.324	0.000671152	-2.47956e-05	0.000671629	-2.106	0.000673298	-3.50478e-05	0.000674251	-2.976	-2.137676e-11
0.106	447			2.11151e-05	-4.12206e-06	2.15137e-05	-11.046	2.25456e-05	4.57469e-06	2.30075e-05	11.472	0.000659231	-2.33651e-05	0.000659708	-2.028	0.0006609	-3.45709e-05	0.000661854	-2.988	-2.049722e-11
0.104	448			1.99192e-05	-3.64149e-06	2.02508e-05	-10.356	2.19421e-05	4.92486e-06	2.2486e-05	12.654	0.000648741	-2.36036e-05	0.000649456	-2.076	0.000647787	-3.43325e-05	0.000648741	-3.018	-2.141861e-11
0.102	449			1.93772e-05	-3.54649e-06	1.96976e-05	-10.368	2.04892e-05	5.20798e-06	2.11449e-05	14.262	0.000636104	-2.28883e-05	0.000636343	-2.052	0.000637058	-3.40941e-05	0.000637773	-3.054	-2.095789e-11
0.1	450			1.7563e-05	-3.10132e-06	1.78349e-05	-10.008	1.92599e-05	4.90624e-06	1.98783e-05	14.292	0.000620607	-2.28883e-05	0.000620846	-2.088	0.000621084	-3.21867e-05	0.000621799	-2.964	-2.125105e-11
0.098	451			2.05656e-05	-3.43659e-06	2.08506e-05	-9.486	2.10145e-05	4.12765e-06	2.14168e-05	11.118	0.000608925	-2.2173e-05	0.000609163	-2.082	0.000611309	-3.17099e-05	0.000612263	-2.964	-2.024591e-11
0.096	452			2.15882e-05	-3.3714e-06	2.18508e-05	-8.874	2.20501e-05	4.66409e-06	2.25418e-05	11.946	0.000597242	-2.2173e-05	0.000597481	-2.124	0.000599865	-3.21867e-05	0.00060058	-3.054	-1.936635e-11
0.094	453			2.1618e-05	-3.14788e-06	2.18471e-05	-8.28	2.11337e-05	4.25059e-06	2.15584e-05	11.376	0.000585321	-2.12194e-05	0.000585798	-2.052	0.000588898	-3.02793e-05	0.000589613	-2.934	-1.903132e-11
0.092	454			2.11709e-05	-3.52228e-06	2.14634e-05	-9.444	2.1685e-05	4.48155e-06	2.21432e-05	11.682	0.000574116	-2.0981e-05	0.000574593	-2.076	0.000576023	-3.02793e-05	0.000576738	-2.994	-2.28007e-11
0.09	455			2.0886e-05	-3.92835e-06	2.12529e-05	-10.65	2.12603e-05	4.80938e-06	2.17968e-05	12.744	0.000561479	-2.07425e-05	0.000561956	-2.106	0.000563625	-3.00409e-05	0.000564341	-3.048	-2.301013e-11
0.088	456			1.99118e-05	-3.4012e-06	2.02005e-05	-9.69	2.15956e-05	5.40543e-06	2.22625e-05	14.052	0.000549797	-2.00273e-05	0.000550035	-2.064	0.000550035	-2.90872e-05	0.000550751	-3.018	-1.785862e-11
0.086	457			2.02508e-05	-2.85545e-06	2.0452e-05	-8.028	2.07202e-05	4.35489e-06	2.11747e-05	11.874	0.000535969	-1.9312e-05	0.000536446	-2.046	0.000537876	-2.86103e-05	0.000538591	-3.03	-2.162801e-11
0.084	458			2.05954e-05	-3.17955e-06	2.08375e-05	-8.772	2.08357e-05	4.4145e-06	2.13013e-05	11.964	0.000523571	-1.88352e-05	0.000524048	-2.04	0.000525955	-2.78951e-05	0.00052667	-3.012	-1.82356e-11
0.082	459			1.98205e-05	-3.23543e-06	2.00813e-05	-9.27	2.02508e-05	4.86153e-06	2.08282e-05	13.5	0.000510935	-1.90736e-05	0.000511173	-2.13	0.000513319	-2.78951e-05	0.000514273	-3.102	-2.024592e-11
0.08	460			1.96957e-05	-2.86663e-06	1.99025e-05	-8.28	2.06121e-05	3.41983e-06	2.08953e-05	9.42	0.000499252	-1.83583e-05	0.000499729	-2.082	0.000500921	-2.64646e-05	0.000501636	-3.012	-1.873817e-11
0.078	461			2.00012e-05	-2.46057e-06	2.01521e-05	-7.014	2.02396e-05	3.85943e-06	2.06047e-05	10.794	0.000487091	-1.91928e-05	0.000487568	-2.25	0.00048721	-2.62262e-05	0.000487925	-3.072	-1.82356e-11
0.076	462			2.08003e-05	-3.20563e-06	2.10443e-05	-8.76	2.11523e-05	4.69389e-06	2.16664e-05	12.516	0.00047362	-1.72855e-05	0.000473859	-2.082	0.000474216	-2.51533e-05	0.000474932	-3.036	-2.292637e-11
0.074	463			2.02582e-05	-1.95579e-06	2.03514e-05	-5.514	1.98447e-05	3.61355e-06	2.01688e-05	10.326	0.000461819	-1.68086e-05	0.000462057	-2.076	0.000464799	-2.46764e-05	0.000465395	-3.03	-1.848686e-11
0.072	464			2.00291e-05	-2.78281e-06	2.0221e-05	-7.908	2.04892e-05	4.11275e-06	2.0899e-05	11.346	0.000450017	-1.60934e-05	0.000450255	-2.034	0.000450494	-2.43188e-05	0.00045109	-3.084	-2.141856e-11
0.07	465			1.96175e-05	-1.84216e-06	1.9705e-05	-5.364	2.05302e-05	3.97119e-06	2.09102e-05	10.95	0.000437023	-1.56165e-05	0.000437262	-2.046	0.000437738	-2.32459e-05	0.000438334	-3.024	-2.17118e-11
0.068	466			1.97106e-05	-1.72295e-06	1.97851e-05	-4.992	1.97665e-05	4.28411e-06	2.02284e-05	12.234	0.000425102	-1.51396e-05	0.000425341	-2.028	0.000425817	-2.19346e-05	0.000426413	-2.946	-2.091602e-11
0.066	467			2.0573e-05	-2.57605e-06	2.07332e-05	-7.134	2.00571e-05	3.51296e-06	2.03626e-05	9.936	0.000413658	-1.45436e-05	0.000413897	-2.01	0.000413539	-2.20538e-05	0.000414135	-3.042	-2.087409e-11
0.064	468			1.93623e-05	-2.57792e-06	1.95318e-05	-7.578	1.98187e-05	2.56301e-06	1.99826e-05	7.368	0.000401141	-1.4782e-05	0.00040138	-2.094	0.000400307	-2.13386e-05	0.000400903	-3.042	-1.756548e-11
0.062	469			1.93977e-05	-2.25195e-06	1.95281e-05	-6.618	2.00273e-05	3.50551e-06	2.0329e-05	9.93	0.000388624	-1.39475e-05	0.000388863	-2.052	0.000390412	-2.11002e-05	0.000390889	-3.078	-2.049721e-11
0.06	470			1.93474e-05	-2.54439e-06	1.9515e-05	-7.488	1.86526e-05	3.91903e-06	1.90624e-05	11.868	0.000375511	-1.2517e-05	0.00037575	-1.89	0.000378611	-1.94312e-05	0.000379087	-2.922	-1.542947e-11
0.058	471			2.02657e-05	-2.28734e-06	2.03924e-05	-6.438	1.91928e-05	3.8557e-06	1.95765e-05	11.358	0.00036216	-1.22786e-05	0.000362398	-1.926	0.000363471	-1.97889e-05	0.000363948	-3.108	-1.848684e-11
0.056	472			1.98373e-05	-2.07873e-06	1.99453e-05	-5.982	1.95355e-05	3.74393e-06	1.98932e-05	10.854	0.000351073	-1.27555e-05	0.000351312	-2.076	0.000353815	-1.94312e-05	0.000354292	-3.138	-1.760735e-11
0.054	473			2.00515e-05	-2.15509e-06	2.0167e-05	-6.132	1.84031e-05	3.86688e-06	1.88091e-05	11.874	0.000337722	-1.15634e-05	0.00033796	-1.956	0.000338795	-1.80007e-05	0.000339272	-3.042	-1.949204e-11
0.052	474			1.93362e-05	-2.0601e-06	1.94461e-05	-6.078	1.9353e-05	2.83124e-06	1.95616e-05	8.328	0.000327112	-1.10865e-05	0.000327351	-1.926	0.000329258	-1.7047e-05	0.000329735	-2.946	-1.890565e-11
0.05	475			1.94443e-05	-1.44728e-06	1.94983e-05	-4.254	1.88017e-05	3.40493e-06	1.91071e-05	10.266	0.000313522	-1.14442e-05	0.000313761	-2.07	0.000314476	-1.7047e-05	0.000314953	-3.078	-1.752361e-11
0.048	476			1.9584e-05	-1.48081e-06	1.96398e-05	-4.32	1.87793e-05	3.59492e-06	1.9122e-05	10.842	0.000302436	-1.01328e-05	0.000302674	-1.908	0.000304701	-1.60934e-05	0.000305178	-3.006	-2.028781e-11
0.046	477			1.92673e-05	-2.28175e-06	1.94014e-05	-6.75	2.02582e-05	2.25009e-06	2.03812e-05	6.348	0.00028968	-9.5368e-06	0.0002898	-1.884	0.000290038	-1.49012e-05	0.000290515	-2.922	-1.710477e-11
0.044	478			1.85036e-05	-1.73413e-06	1.85856e-05	-5.352	1.85968e-05	3.45708e-06	1.89171e-05	10.536	0.00027776	-9.41759e-06	0.000277879	-1.938	0.000279667	-1.56165e-05	0.000280144	-3.192	-2.070664e-11
0.042	479			1.92208e-05	-1.57022e-06	1.92841e-05	-4.668	1.88501e-05	3.41238e-06	1.91556e-05	10.26	0.000265481	-8.94075e-06	0.0002656	-1.914	0.000268223	-1.50204e-05	0.00026858	-3.198	-1.974335e-11
0.04	480			1.94536e-05	-2.09177e-06	1.95653e-05	-6.138	1.93157e-05	3.76628e-06	1.96771e-05	11.046	0.000252606	-7.86787e-06	0.000252845	-1.782	0.00025511	-1.50204e-05	0.000255587	-3.348	-1.33354e-11
0.038	481			1.83975e-05	-2.19049e-06	1.85278e-05	-6.786	1.89581e-05	3.10318e-06	1.92114e-05	9.294	0.000241281	-6.91417e-06	0.000241281	-1.632	0.000242949	-1.32323e-05	0.000243307	-3.096	-1.496883e-11
0.036	482			1.80566e-05	-1.59629e-06	1.81274e-05	-5.046	1.83658e-05	2.6487e-06	1.85558e-05	8.208	0.000228764	-7.86787e-06	0.000228883	-1.968	0.000230909	-1.2517e-05	0.000231148	-3.09	-1.785867e-11
0.034	483			1.93251e-05	-2.09363e-06	1.94387e-05	-6.18	1.87756e-05	3.31925e-06	1.90624e-05	10.026	0.000214816	-6.19891e-06	0.000214935	-1.632	0.000218154	-1.27555e-05	0.000218631	-3.324	-1.873817e-11
0.032	484			1.87495e-05	-1.32994e-06	1.87961e-05	-4.05	1.83025e-05	3.57629e-06	1.86489e-05	11.07	0.000203134	-6.55654e-06	0.000203253	-1.842	0.000206233	-1.16826e-05	0.000206471	-3.24	-2.166988e-11
0.03	485			1.88873e-05	-1.10828e-06	1.8919e-05	-3.354	1.80901e-05	3.00632e-06	1.8336e-05	9.438	0.000190319	-6.0201e-06	0.000190438	-1.794	0.000191511	-1.10865e-05	0.000191868	-3.306	-1.986896e-11
0.028	486			1.86787e-05	-1.26847e-06	1.87216e-05	-3.882	1.75239e-05	2.36185e-06	1.76841e-05	7.68	0.00017798	-5.30484e-06	0.00017804	-1.692	0.000179828	-9.4772e-06	0.000180067	-3.0	-1.392175e-11
0.026	487			1.92226e-05	-1.15857e-06	1.9258e-05	-3.45	1.81088e-05	2.29852e-06	1.8254e-05	7.236	0.000166954	-5.36445e-06	0.000167073	-1.83	0.000167132	-1.00136e-05	0.00016749	-3.414	-2.234003e-11
0.024	488			1.87756e-05	-1.61865e-06	1.88445e-05	-4.926	1.72147e-05	2.11598e-06	1.73451e-05	7.008	0.000154019	-5.00682e-06	0.000154079	-1.86	0.000154556	-9.29838e-06	0.000154854	-3.432	-2.301016e-11
0.022	489			1.93269e-05	-1.24239e-06	1.9366e-05	-3.678	1.80342e-05	3.62472e-06	1.83956e-05	11.37	0.000142218	-3.87433e-06	0.000142277	-1.542	0.000143827	-8.88115e-06	0.000144065	-3.528	-1.953391e-11
0.02	490			1.88166e-05	-1.51434e-06	1.88762e-05	-4.596	1.88203e-05	2.45871e-06	1.89805e-05	7.446	0.000131846	-2.86104e-06	0.000131906	-1.23	0.000131668	-8.10629e-06	0.000131906	-3.516	-1.894762e-11
0.018	491			1.78033e-05	-1.21445e-06	1.78443e-05	-3.9	1.85111e-05	2.0899e-06	1.86266e-05	6.444	0.000119389	-3.93394e-06	0.000119448	-1.884	0.000120342	-8.10629e-06	0.00012064	-3.834	-2.401528e-11
0.016	492			1.80808e-05	-1.4715e-06	1.81404e-05	-4.65	1.87421e-05	1.68756e-06	1.88166e-05	5.154	0.000107348	-2.80143e-06	0.000107348	-1.476	0.000107289	-6.43733e-06	0.000107468	-3.432	-1.848693e-11
0.014	493			1.78536e-05	-6.55655e-07	1.78647e-05	-2.1	1.78741e-05	1.95579e-06	1.79821e-05	6.246	9.48017e-05	-2.29479e-06	9.48315e-05	-1.368	9.53679e-05	-5.63267e-06	9.55467e-05	-3.372	-2.079039e-11
0.012	494			1.81814e-05	-5.28995e-07	1.81907e-05	-1.662	1.80305e-05	2.0005e-06	1.81423e-05	6.336	8.4341e-05	-2.3246e-06	8.43708e-05	-1.56	8.42516e-05	-5.24524e-06	8.44006e-05	-3.552	-1.509445e-11
0.01	495			1.74568e-05	-9.76033e-07	1.74829e-05	-3.198	1.83025e-05	1.91109e-06	1.83993e-05	5.97	7.15558e-05	-1.51993e-06	7.15856e-05	-1.212	7.37016e-05	-5.00682e-06	7.38804e-05	-3.864	-2.070665e-11
0.008	496			1.92133e-05	-4.54487e-07	1.92189e-05	-1.35	1.83025e-05	2.7232e-06	1.85036e-05	8.46	5.71611e-05	-9.23876e-07	5.71611e-05	-0.918	5.88002e-05	-4.50018e-06	5.8979e-05	-4.362	-1.827752e-11
0.006	497			1.84869e-05	-9.90934e-07	1.85129e-05	-3.066	1.8254e-05	1.73599e-06	1.8336e-05	5.436	4.53072e-05	-1.207e-06	4.53221e-05	-1.524	4.8429e-05	-4.38097e-06	4.86376e-05	-5.148	-2.468539e-11
0.004	498			1.91239e-05	-8.7731e-07	1.91425e-05	-2.622	2.0072e-05	1.54228e-06	2.01316e-05	4.398	3.34682e-05	7.97216e-07	3.34757e-05	1.368	3.33937e-05	-2.9877e-06	3.35278e-05	-5.112	-2.388963e-11
0.002	499			1.95225e-05	-1.07103e-06	1.95542e-05	-3.138	2.03775e-05	1.62423e-06	2.04408e-05	4.566	2.03551e-05	1.49013e-08	2.03551e-05	0.054	2.10629e-05	-3.29317e-06	2.13162e-05	-8.868	-2.271697e-11
0.0	500			1.94741e-05	-6.37028e-07	1.94852e-05	-1.872	2.01837e-05	1.33739e-06	2.02284e-05	3.798	7.16935e-06	7.91628e-07	7.21219e-06	6.3	5.94e-06	-2.00608e-06	6.26969e-06	-18.648	-2.020405e-11
