variable x	variable x count			lockin1 x	lockin1 y	lockin1 r	lockin1 phi	lockin2 x	lockin2 y	lockin2 r	lockin2 phi	lockin3 x	lockin3 y	lockin3 r	lockin3 phi	smu1 meas	


0.0	0			2.67775e-05	-8.75447e-07	2.67887e-05	-1.866	-6.31533e-06	-3.7905e-07	6.32557e-06	-176.568	2.79696e-05	1.18465e-06	2.79919e-05	2.43	-1.8445e-11
0.0025	1			2.58015e-05	-5.14094e-07	2.58089e-05	-1.14	-1.84794e-05	4.51693e-07	1.84841e-05	178.596	2.67701e-05	1.90736e-06	2.68371e-05	4.086	-2.187932e-11
0.005	2			2.54252e-05	-3.61355e-07	2.54289e-05	-0.81	-3.1451e-05	1.74903e-06	3.14976e-05	176.814	2.51682e-05	1.26661e-06	2.52054e-05	2.898	-1.810995e-11
0.0075	3			2.44343e-05	-1.39327e-06	2.44753e-05	-3.258	-4.63615e-05	1.51248e-06	4.63838e-05	178.134	2.48925e-05	1.32621e-06	2.49298e-05	3.048	-1.995271e-11
0.01	4			2.43002e-05	-1.86265e-06	2.4371e-05	-4.374	-5.69748e-05	2.58164e-06	5.70307e-05	177.402	2.44678e-05	1.02074e-06	2.44902e-05	2.4	-1.940827e-11
0.0125	5			2.41884e-05	-1.24425e-06	2.4222e-05	-2.94	-7.00359e-05	2.52949e-06	7.00806e-05	177.93	2.44902e-05	1.29641e-06	2.452e-05	3.036	-2.250757e-11
0.015	6			2.36855e-05	-1.5162e-06	2.37339e-05	-3.654	-8.29366e-05	3.48316e-06	8.30037e-05	177.594	2.43486e-05	1.54973e-06	2.43933e-05	3.648	-2.070664e-11
0.0175	7			2.30522e-05	-1.22563e-06	2.30857e-05	-3.036	-9.51667e-05	4.01589e-06	9.52487e-05	177.582	2.39016e-05	2.00422e-06	2.3991e-05	4.8	-1.815181e-11
0.02	8			2.3801e-05	-2.25009e-06	2.3909e-05	-5.4	-0.000106968	4.7684e-06	0.000107065	177.444	2.35589e-05	1.21445e-06	2.35961e-05	2.964	-1.88638e-11
0.0225	9			2.23742e-05	-2.1197e-06	2.24748e-05	-5.406	-0.000120447	4.98447e-06	0.000120536	177.63	2.38271e-05	1.89991e-06	2.39016e-05	4.56	-1.76911e-11
0.025	10			2.35551e-05	-1.68011e-06	2.36147e-05	-4.08	-0.000130222	5.46876e-06	0.000130334	177.594	2.37749e-05	2.74183e-06	2.39388e-05	6.588	-1.970146e-11
0.0275	11			2.33204e-05	-1.8403e-06	2.33949e-05	-4.5	-0.000142441	5.61032e-06	0.000142545	177.744	2.47658e-05	1.93717e-06	2.48404e-05	4.476	-2.317765e-11
0.03	12			2.27132e-05	-2.6636e-06	2.28697e-05	-6.678	-0.000157558	6.38518e-06	0.000157678	177.678	2.43188e-05	2.74928e-06	2.44753e-05	6.456	-1.760734e-11
0.0325	13			2.19458e-05	-2.18676e-06	2.20538e-05	-5.682	-0.000167535	7.56982e-06	0.000167706	177.414	2.49521e-05	3.0026e-06	2.51384e-05	6.87	-1.945017e-11
0.035	14			2.1875e-05	-3.15906e-06	2.21023e-05	-8.208	-0.00018105	8.55332e-06	0.000181229	177.294	2.53991e-05	2.63007e-06	2.55333e-05	5.916	-1.84031e-11
0.0375	15			2.24822e-05	-3.15534e-06	2.2702e-05	-7.986	-0.000192554	8.2255e-06	0.000192703	177.546	2.56227e-05	3.02495e-06	2.58015e-05	6.738	-2.21725e-11
0.04	16			2.21879e-05	-1.94834e-06	2.22736e-05	-5.016	-0.00020516	8.88115e-06	0.000205339	177.516	2.6852e-05	2.19049e-06	2.69414e-05	4.668	-1.8445e-11
0.0425	17			2.14205e-05	-2.34322e-06	2.15472e-05	-6.234	-0.000218392	9.00036e-06	0.000218541	177.636	2.67253e-05	2.75673e-06	2.68669e-05	5.892	-1.743982e-11
0.045	18			2.09772e-05	-2.31342e-06	2.11039e-05	-6.294	-0.000230313	9.65601e-06	0.000230492	177.594	2.76716e-05	2.74928e-06	2.78057e-05	5.682	-2.246568e-11
0.0475	19			2.13647e-05	-2.31342e-06	2.14876e-05	-6.18	-0.000242353	1.06097e-05	0.000242562	177.492	2.81186e-05	2.89084e-06	2.82676e-05	5.874	-1.978522e-11
0.05	20			2.01577e-05	-2.753e-06	2.03439e-05	-7.77	-0.00025514	1.09077e-05	0.000255348	177.552	2.91766e-05	3.44218e-06	2.93778e-05	6.738	-2.242376e-11
0.0525	21			2.04706e-05	-2.98025e-06	2.06867e-05	-8.28	-0.000267716	1.17422e-05	0.000267925	177.486	3.12256e-05	2.79398e-06	3.13523e-05	5.124	-1.526197e-11
0.055	22			2.03439e-05	-3.38258e-06	2.06233e-05	-9.432	-0.00028065	1.31131e-05	0.000280919	177.324	3.11958e-05	2.9728e-06	3.13374e-05	5.46	-1.756545e-11
0.0575	23			2.00422e-05	-2.36185e-06	2.01837e-05	-6.714	-0.000292482	1.21296e-05	0.00029269	177.624	3.22761e-05	3.39748e-06	3.2455e-05	6.012	-1.861254e-11
0.06	24			1.97218e-05	-3.55394e-06	2.00385e-05	-10.212	-0.000304254	1.40966e-05	0.000304582	177.348	3.28573e-05	2.02657e-06	3.29169e-05	3.54	-2.070666e-11
0.0625	25			1.99937e-05	-2.92437e-06	2.02061e-05	-8.316	-0.000317158	1.47224e-05	0.000317486	177.342	3.45784e-05	3.29317e-06	3.47423e-05	5.448	-1.903134e-11
0.065	26			1.84105e-05	-3.51669e-06	1.87458e-05	-10.812	-0.000328781	1.54079e-05	0.000329109	177.318	3.47646e-05	3.39748e-06	3.4936e-05	5.586	-1.605775e-11
0.0675	27			1.91556e-05	-3.37885e-06	1.94536e-05	-9.996	-0.000343742	1.54377e-05	0.00034404	177.426	3.59791e-05	3.46453e-06	3.61504e-05	5.502	-2.355462e-11
0.07	28			1.85036e-05	-3.05848e-06	1.87532e-05	-9.378	-0.000353785	1.5855e-05	0.000354083	177.432	3.73276e-05	4.24686e-06	3.75661e-05	6.498	-2.028782e-11
0.0725	29			1.87122e-05	-3.97864e-06	1.91258e-05	-12.0	-0.000366541	1.6898e-05	0.000366868	177.36	3.85123e-05	3.6955e-06	3.86911e-05	5.484	-2.032971e-11
0.075	30			1.69018e-05	-3.25964e-06	1.7211e-05	-10.908	-0.000380071	1.66894e-05	0.000380399	177.486	3.83633e-05	4.52998e-06	3.86315e-05	6.738	-1.70629e-11
0.0775	31			1.7129e-05	-3.3118e-06	1.74457e-05	-10.932	-0.000389876	1.80007e-05	0.000390263	177.354	4.09486e-05	3.74766e-06	4.112e-05	5.238	-1.831936e-11
0.08	32			1.68086e-05	-3.37885e-06	1.71439e-05	-11.358	-0.000404628	1.81199e-05	0.000405015	177.432	4.20215e-05	3.17396e-06	4.21407e-05	4.326	-1.911512e-11
0.0825	33			1.7047e-05	-4.01962e-06	1.75127e-05	-13.254	-0.000416042	1.79113e-05	0.0004164	177.534	4.21929e-05	4.29156e-06	4.24164e-05	5.808	-1.974335e-11
0.085	34			1.79337e-05	-4.17235e-06	1.84142e-05	-13.086	-0.000430437	1.98485e-05	0.000430854	177.36	4.51806e-05	4.23941e-06	4.53817e-05	5.37	-1.857068e-11
0.0875	35			1.66708e-05	-4.7684e-06	1.73376e-05	-15.954	-0.00044048	2.06829e-05	0.000440927	177.312	4.74008e-05	4.06805e-06	4.75722e-05	4.914	-1.924075e-11
0.09	36			1.59518e-05	-4.96584e-06	1.67043e-05	-17.28	-0.000451984	2.05637e-05	0.000452401	177.39	4.6924e-05	4.15745e-06	4.71103e-05	5.064	-2.053909e-11
0.0925	37			1.61642e-05	-4.84291e-06	1.68757e-05	-16.668	-0.000466349	2.08021e-05	0.000466766	177.444	4.98297e-05	4.7088e-06	5.00458e-05	5.406	-1.68116e-11
0.095	38			1.64026e-05	-4.40705e-06	1.698e-05	-15.036	-0.000478031	2.15174e-05	0.000478448	177.42	4.99638e-05	4.21706e-06	5.01426e-05	4.83	-2.0916e-11
0.0975	39			1.45846e-05	-4.50763e-06	1.52626e-05	-17.166	-0.000489358	2.22923e-05	0.000489835	177.39	5.34507e-05	4.06805e-06	5.36072e-05	4.356	-1.777487e-11
0.1	40			1.64026e-05	-4.12765e-06	1.69092e-05	-14.118	-0.000503246	2.28287e-05	0.000503723	177.402	5.54549e-05	4.48528e-06	5.56337e-05	4.626	-1.756547e-11
0.1025	41			1.70806e-05	-4.14255e-06	1.75723e-05	-13.62	-0.00051469	2.40208e-05	0.000515167	177.324	5.80626e-05	4.1798e-06	5.82116e-05	4.122	-1.421491e-11
0.105	42			1.63877e-05	-4.18353e-06	1.69092e-05	-14.31	-0.000526909	2.3544e-05	0.000527386	177.438	5.86289e-05	5.10368e-06	5.88449e-05	4.98	-1.974337e-11
0.1075	43			1.51955e-05	-4.91369e-06	1.59667e-05	-17.916	-0.000537876	2.55109e-05	0.000538412	177.276	5.92174e-05	4.09785e-06	5.93516e-05	3.96	-1.802615e-11
0.11	44			1.42158e-05	-5.22661e-06	1.51471e-05	-20.184	-0.00055081	2.53917e-05	0.000551347	177.354	6.09609e-05	5.56561e-06	6.12144e-05	5.22	-1.957581e-11
0.1125	45			1.4715e-05	-5.51346e-06	1.57134e-05	-20.538	-0.000563268	2.68222e-05	0.000563864	177.27	6.19371e-05	3.65825e-06	6.20489e-05	3.384	-1.685352e-11
0.115	46			1.45101e-05	-5.3719e-06	1.54712e-05	-20.304	-0.00057495	2.71202e-05	0.000575487	177.3	6.56326e-05	4.34372e-06	6.57816e-05	3.792	-2.07904e-11
0.1175	47			1.50391e-05	-5.30484e-06	1.59444e-05	-19.422	-0.000588302	2.71798e-05	0.000588898	177.348	6.85235e-05	4.34372e-06	6.86576e-05	3.63	-2.221438e-11
0.12	48			1.71439e-05	-4.93604e-06	1.78405e-05	-16.05	-0.000601891	2.80739e-05	0.000602487	177.324	6.86427e-05	4.93231e-06	6.88215e-05	4.11	-1.894759e-11
0.1225	49			1.91407e-05	-5.80031e-06	2.00012e-05	-16.854	-0.000615541	2.88488e-05	0.000616137	177.312	7.14366e-05	5.11858e-06	7.16229e-05	4.098	-2.141863e-11
0.125	50			1.83285e-05	-4.58959e-06	1.88948e-05	-14.046	-0.000627581	2.89084e-05	0.000628177	177.36	7.89766e-05	3.82963e-06	7.90735e-05	2.778	-1.727228e-11
0.1275	51			1.51285e-05	-5.7407e-06	1.61791e-05	-20.778	-0.000636045	2.99813e-05	0.000636701	177.3	7.88425e-05	4.73115e-06	7.89766e-05	3.438	-2.112546e-11
0.13	52			1.46181e-05	-5.97912e-06	1.57916e-05	-22.236	-0.000649218	3.03389e-05	0.000649814	177.318	7.69054e-05	5.61777e-06	7.7114e-05	4.182	-2.326149e-11
0.1325	53			1.87793e-05	-5.50973e-06	1.95691e-05	-16.338	-0.000665072	3.02197e-05	0.000665668	177.396	8.08765e-05	5.50601e-06	8.10628e-05	3.9	-1.919891e-11
0.135	54			1.77437e-05	-6.08343e-06	1.8757e-05	-18.912	-0.000676397	3.2306e-05	0.000677112	177.264	8.78726e-05	4.94721e-06	8.80142e-05	3.228	-2.108356e-11
0.1375	55			1.4037e-05	-6.12068e-06	1.53148e-05	-23.55	-0.000684563	3.11139e-05	0.000685219	177.396	8.71425e-05	5.11113e-06	8.7284e-05	3.36	-1.764923e-11
0.14	56			2.03924e-05	-5.90834e-06	2.12305e-05	-16.152	-0.000702444	3.42729e-05	0.000703219	177.204	8.78428e-05	5.10368e-06	8.79844e-05	3.33	-1.999468e-11
0.1425	57			1.77958e-05	-6.6534e-06	1.89991e-05	-20.496	-0.000712279	3.36173e-05	0.000713054	177.3	9.58075e-05	4.89506e-06	9.59341e-05	2.928	-2.288454e-11
0.145	58			1.48118e-05	-6.84339e-06	1.63132e-05	-24.786	-0.000724081	3.38557e-05	0.000724796	177.324	9.38629e-05	5.86364e-06	9.40491e-05	3.576	-1.727229e-11
0.1475	59			2.3231e-05	-7.08181e-06	2.42853e-05	-16.95	-0.000740472	3.48093e-05	0.000741247	177.306	0.000100472	5.21544e-06	0.000100606	2.976	-2.137676e-11
0.15	60			1.50614e-05	-6.18401e-06	1.62796e-05	-22.32	-0.000746373	3.49882e-05	0.000747148	177.318	9.96818e-05	5.88599e-06	9.98531e-05	3.384	-1.898948e-11
0.1525	61			2.27318e-05	-7.50649e-06	2.39388e-05	-18.276	-0.000765506	3.56438e-05	0.000766281	177.33	0.00010372	6.37028e-06	0.000103914	3.516	-1.953393e-11
0.155	62			1.62871e-05	-6.47086e-06	1.75239e-05	-21.66	-0.000769321	3.58822e-05	0.000770096	177.324	0.000101492	4.90996e-06	0.000101611	2.772	-2.108358e-11
0.1575	63			2.42406e-05	-6.55654e-06	2.51123e-05	-15.126	-0.0007906	3.77896e-05	0.000791434	177.258	0.000108697	4.48528e-06	0.000108794	2.364	-2.443409e-11
0.16	64			1.57804e-05	-6.76888e-06	1.717e-05	-23.208	-0.000793878	3.76108e-05	0.000794712	177.288	0.000105761	5.37935e-06	0.000105896	2.91	-1.769113e-11
0.1625	65			2.88264e-05	-7.82689e-06	2.98695e-05	-15.186	-0.000818554	3.79088e-05	0.000819329	177.342	0.000112549	5.36445e-06	0.000112676	2.73	-2.058098e-11
0.165	66			1.49571e-05	-6.96632e-06	1.64957e-05	-24.96	-0.000819389	3.87433e-05	0.000820223	177.294	0.00011772	5.10368e-06	0.000117831	2.484	-1.878007e-11
0.1675	67			2.9523e-05	-8.77312e-06	3.08009e-05	-16.548	-0.000840846	4.03526e-05	0.000841741	177.252	0.000117496	5.74443e-06	0.000117638	2.802	-2.254947e-11
0.17	68			1.24872e-05	-7.2867e-06	1.44579e-05	-30.246	-0.00084484	4.00546e-05	0.000845674	177.288	0.00011722	4.88761e-06	0.000117317	2.388	-1.953394e-11
0.1725	69			2.58425e-05	-8.04669e-06	2.70681e-05	-17.292	-0.000864867	4.12466e-05	0.000865821	177.264	0.000134089	5.08133e-06	0.000134193	2.172	-1.764926e-11
0.175	70			1.5121e-05	-7.18984e-06	1.67378e-05	-25.422	-0.000874106	4.04718e-05	0.000875	177.348	0.000115462	6.713e-06	0.000115656	3.33	-2.22144e-11
0.1775	71			2.13684e-05	-7.51394e-06	2.26536e-05	-19.368	-0.000880007	4.13063e-05	0.000880901	177.306	0.000134514	5.4613e-06	0.000134625	2.328	-1.898946e-11
0.18	72			2.92511e-05	-8.16217e-06	3.03687e-05	-15.588	-0.000904087	4.3154e-05	0.000904921	177.264	0.000127048	6.55654e-06	0.00012722	2.958	-1.743984e-11
0.1825	73			1.12802e-05	-7.29415e-06	1.34335e-05	-32.88	-0.000905637	4.24387e-05	0.00090659	177.312	0.000132793	6.0946e-06	0.000132934	2.628	-2.041345e-11
0.185	74			3.43511e-05	-9.05624e-06	3.55283e-05	-14.76	-0.000925545	4.375e-05	0.000926498	177.294	0.000147843	4.7386e-06	0.000147917	1.836	-1.73142e-11
0.1875	75			2.31155e-05	-8.8439e-06	2.47509e-05	-20.934	-0.000939254	4.41077e-05	0.000940207	177.312	0.000118793	6.05735e-06	0.000118942	2.922	-1.999469e-11
0.19	76			1.3683e-05	-8.26648e-06	1.59853e-05	-31.122	-0.000939611	4.51806e-05	0.000940565	177.246	0.000153289	4.61939e-06	0.000153356	1.728	-1.752361e-11
0.1925	77			4.017e-05	-8.61665e-06	4.10827e-05	-12.108	-0.000966433	4.6015e-05	0.000967387	177.264	0.00016036	4.63429e-06	0.000160427	1.656	-1.576457e-11
0.195	78			2.06419e-05	-8.19197e-06	2.22066e-05	-21.642	-0.000975374	4.61342e-05	0.000976328	177.288	0.000120633	6.11696e-06	0.000120782	2.904	-1.953393e-11
0.1975	79			1.43834e-05	-7.9014e-06	1.641e-05	-28.77	-0.000975613	4.6015e-05	0.00097657	177.294	0.000144736	5.95304e-06	0.000144855	2.358	-2.18793e-11
0.2	80			4.44504e-05	-1.09636e-05	4.57841e-05	-13.854	-0.00101102	4.81608e-05	0.00101198	177.27	0.000192107	4.08295e-06	0.000192166	1.218	-1.534573e-11
0.2025	81			2.44753e-05	-9.28348e-06	2.6174e-05	-20.772	-0.00101352	4.85184e-05	0.00101448	177.258	0.00014192	5.90089e-06	0.000142039	2.388	-2.162804e-11
0.205	82			1.26139e-05	-8.01316e-06	1.49459e-05	-32.418	-0.00101472	4.76839e-05	0.00101567	177.306	0.000135423	6.91417e-06	0.000135601	2.922	-1.723041e-11
0.2075	83			4.47819e-05	-1.00956e-05	4.5907e-05	-12.702	-0.00103558	4.97105e-05	0.00103665	177.246	0.000169844	4.61939e-06	0.000169904	1.56	-1.798432e-11
0.21	84			3.63255e-05	-1.0103e-05	3.77039e-05	-15.534	-0.00105549	5.0545e-05	0.00105656	177.252	0.000186504	5.12603e-06	0.000186563	1.584	-1.991091e-11
0.2125	85			8.52352e-06	-9.05624e-06	1.24351e-05	-46.716	-0.00105656	5.0545e-05	0.00105763	177.252	0.000160516	6.10951e-06	0.000160635	2.184	-1.819369e-11
0.215	86			2.69787e-05	-8.17707e-06	2.81894e-05	-16.86	-0.0010593	5.06642e-05	0.00106037	177.258	0.000157774	6.73535e-06	0.000157923	2.448	-1.965958e-11
0.2175	87			5.81371e-05	-1.14963e-05	5.92622e-05	-11.184	-0.00109387	5.18563e-05	0.00109494	177.288	0.000157715	6.19891e-06	0.000157834	2.25	-1.727232e-11
0.22	88			3.12852e-05	-1.06693e-05	3.30547e-05	-18.822	-0.00110257	5.26907e-05	0.00110365	177.258	0.000172318	6.91417e-06	0.000172467	2.298	-2.292639e-11
0.2225	89			8.42666e-06	-8.75449e-06	1.2152e-05	-46.08	-0.00110198	5.31676e-05	0.00110317	177.234	0.0002037	6.0499e-06	0.000203759	1.704	-1.945019e-11
0.225	90			2.848e-05	-1.01366e-05	3.02308e-05	-19.584	-0.00110937	5.29292e-05	0.00111044	177.27	0.000196517	5.45385e-06	0.000196577	1.596	-2.087418e-11
0.2275	91			6.11064e-05	-1.12132e-05	6.21271e-05	-10.398	-0.00114501	5.50749e-05	0.00114632	177.246	0.000161679	7.12278e-06	0.000161828	2.532	-1.760736e-11
0.23	92			3.16093e-05	-1.06134e-05	3.33453e-05	-18.558	-0.00115288	5.53133e-05	0.00115407	177.252	0.000135572	7.51021e-06	0.00013578	3.174	-1.689539e-11
0.2325	93			1.21818e-05	-1.0103e-05	1.58251e-05	-39.66	-0.00115205	5.51941e-05	0.00115324	177.258	0.000184	5.84128e-06	0.00018412	1.818	-1.471748e-11
0.235	94			2.19085e-05	-1.07997e-05	2.44231e-05	-26.238	-0.00115538	5.60286e-05	0.00115658	177.216	0.000244917	2.86104e-06	0.000244947	0.672	-1.777492e-11
0.2375	95			5.34991e-05	-1.19694e-05	5.48216e-05	-12.606	-0.00119091	5.71015e-05	0.00119222	177.252	0.000230909	4.32137e-06	0.000230969	1.08	-2.062286e-11
0.24	96			4.39475e-05	-1.15671e-05	4.54413e-05	-14.748	-0.00120796	5.78167e-05	0.00120927	177.258	0.000154317	7.98708e-06	0.000154496	2.97	-1.794241e-11
0.2425	97			1.42344e-05	-9.49582e-06	1.71066e-05	-33.696	-0.00120629	5.72207e-05	0.00120748	177.282	0.000133843	9.17917e-06	0.000134171	3.924	-1.727232e-11
0.245	98			2.12156e-05	-1.02334e-05	2.35589e-05	-25.746	-0.00120641	5.80552e-05	0.00120772	177.246	0.00017351	7.56982e-06	0.000173689	2.502	-1.953395e-11
0.2475	99			4.95354e-05	-1.24127e-05	5.10665e-05	-14.064	-0.00122059	5.86512e-05	0.0012219	177.246	0.000256481	4.35117e-06	0.00025651	0.978	-1.924075e-11
0.25	100			6.53719e-05	-1.34148e-05	6.67353e-05	-11.592	-0.00125993	6.22277e-05	0.00126136	177.168	0.000265213	3.87433e-06	0.000265243	0.846	-1.731417e-11
0.2525	101			3.34682e-05	-1.13324e-05	3.53346e-05	-18.702	-0.00126875	6.16317e-05	0.00127018	177.216	0.000214965	6.19891e-06	0.000215025	1.65	-1.919889e-11
0.255	102			1.03862e-05	-1.09673e-05	1.51024e-05	-46.548	-0.0012672	6.00817e-05	0.00126851	177.282	0.000159533	7.95728e-06	0.000159712	2.862	-1.970147e-11
0.2575	103			1.99379e-05	-1.00509e-05	2.23258e-05	-26.748	-0.00126661	6.13932e-05	0.00126804	177.222	0.000167013	8.70234e-06	0.000167252	2.988	-1.769112e-11
0.26	104			6.03909e-05	-1.31466e-05	6.18068e-05	-12.282	-0.00128091	6.21085e-05	0.00128234	177.222	0.000216247	5.93069e-06	0.000216336	1.572	-2.217251e-11
0.2625	105			8.24747e-05	-1.46852e-05	8.37711e-05	-10.092	-0.00132144	6.40159e-05	0.00132287	177.222	0.000246914	5.30484e-06	0.000246944	1.236	-2.070659e-11
0.265	106			5.11559e-05	-1.38432e-05	5.29925e-05	-15.144	-0.00133646	6.43735e-05	0.00133789	177.24	0.00025198	5.45385e-06	0.00025204	1.248	-1.936641e-11
0.2675	107			1.85185e-05	-1.18763e-05	2.1998e-05	-32.67	-0.0013336	6.48503e-05	0.00133503	177.216	0.000244828	6.10951e-06	0.000244917	1.434	-2.091604e-11
0.27	108			1.47895e-05	-1.10269e-05	1.84478e-05	-36.702	-0.00133229	6.50887e-05	0.00133384	177.198	0.000225247	7.2718e-06	0.000225366	1.854	-2.032968e-11
0.2725	109			2.7977e-05	-1.19657e-05	3.04283e-05	-23.148	-0.00133587	6.50887e-05	0.0013373	177.204	0.000207485	7.42081e-06	0.000207604	2.052	-1.882195e-11
0.275	110			7.54599e-05	-1.46404e-05	7.68644e-05	-10.98	-0.00135959	6.56848e-05	0.00136114	177.228	0.000222803	7.74866e-06	0.000222952	1.998	-2.09579e-11
0.2775	111			9.37884e-05	-1.62275e-05	9.51816e-05	-9.816	-0.00140167	6.75921e-05	0.00140322	177.234	0.000205786	7.80827e-06	0.000205935	2.172	-1.794239e-11
0.28	112			5.07014e-05	-1.49832e-05	5.28696e-05	-16.458	-0.00141013	6.77113e-05	0.00141168	177.246	0.000209303	7.89767e-06	0.000209452	2.166	-2.292636e-11
0.2825	113			2.68446e-05	-1.15336e-05	2.92138e-05	-23.25	-0.00140787	6.89034e-05	0.00140942	177.198	0.000248941	7.00357e-06	0.00024906	1.62	-2.317762e-11
0.285	114			1.54303e-05	-1.14218e-05	1.91928e-05	-36.498	-0.00140715	6.83074e-05	0.0014087	177.222	0.00027022	5.21544e-06	0.000270279	1.11	-2.31358e-11
0.2875	115			2.48851e-05	-1.18465e-05	2.75598e-05	-25.452	-0.00140823	6.85458e-05	0.00140978	177.21	0.000285299	5.42405e-06	0.000285359	1.092	-1.743984e-11
0.29	116			5.12975e-05	-1.31429e-05	5.29515e-05	-14.364	-0.0014248	7.02147e-05	0.00142635	177.174	0.000286432	5.21544e-06	0.000286492	1.044	-1.919888e-11
0.2925	117			9.04729e-05	-1.64584e-05	9.1963e-05	-10.308	-0.00146998	7.17645e-05	0.00147153	177.204	0.000236542	8.1957e-06	0.000236691	1.986	-1.622526e-11
0.295	118			7.1459e-05	-1.49087e-05	7.30013e-05	-11.784	-0.0014906	7.16452e-05	0.00149227	177.246	0.000191689	1.00732e-05	0.000191958	3.012	-1.249776e-11
0.2975	119			3.60685e-05	-1.30162e-05	3.83409e-05	-19.836	-0.00149215	7.18837e-05	0.0014937	177.24	0.000184656	1.09971e-05	0.000184984	3.414	-1.82775e-11
0.3	120			1.73227e-05	-1.26586e-05	2.14503e-05	-36.138	-0.00149012	7.17645e-05	0.00149179	177.24	0.000204743	9.08977e-06	0.000204952	2.544	-2.359651e-11
0.3025	121			2.44157e-05	-1.36868e-05	2.79919e-05	-29.256	-0.00149	7.29566e-05	0.00149167	177.192	0.00026557	7.95728e-06	0.00026569	1.722	-1.593206e-11
0.305	122			3.6441e-05	-1.43201e-05	3.9153e-05	-21.45	-0.00149108	7.28373e-05	0.00149275	177.198	0.000311377	4.14255e-06	0.000311406	0.768	-1.697914e-11
0.3075	123			7.97962e-05	-1.59146e-05	8.13683e-05	-11.28	-0.0015086	7.3195e-05	0.00151027	177.222	0.00034255	3.6359e-06	0.00034258	0.612	-2.041347e-11
0.31	124			0.000101842	-1.74345e-05	0.000103325	-9.714	-0.00155533	7.61752e-05	0.001557	177.198	0.000329407	3.6061e-06	0.000329437	0.63	-1.647656e-11
0.3125	125			7.34632e-05	-1.65106e-05	7.53035e-05	-12.66	-0.00158275	7.73673e-05	0.00158454	177.198	0.00026113	7.80827e-06	0.000261249	1.716	-2.183746e-11
0.315	126			3.8706e-05	-1.43499e-05	4.12839e-05	-20.334	-0.00158525	7.78441e-05	0.00158716	177.186	0.000223518	9.86463e-06	0.000223727	2.526	-1.898947e-11
0.3175	127			2.31118e-05	-1.36197e-05	2.68222e-05	-30.498	-0.00158358	7.6056e-05	0.00158525	177.252	0.000206501	1.05799e-05	0.000206769	2.94	-2.409909e-11
0.32	128			3.08233e-05	-1.30535e-05	3.34682e-05	-22.95	-0.00158394	7.68905e-05	0.00158573	177.222	0.000202418	1.01925e-05	0.000202687	2.886	-1.723044e-11
0.3225	129			4.69165e-05	-1.43126e-05	4.90474e-05	-16.956	-0.00158311	7.72481e-05	0.00158489	177.204	0.000221432	1.02819e-05	0.000221671	2.658	-2.120922e-11
0.325	130			6.39041e-05	-1.63765e-05	6.59679e-05	-14.37	-0.00158525	7.77249e-05	0.00158704	177.192	0.000275405	7.77846e-06	0.000275524	1.62	-1.723045e-11
0.3275	131			9.78489e-05	-1.84925e-05	9.95849e-05	-10.698	-0.0016054	7.8917e-05	0.00160719	177.18	0.00035301	4.50018e-06	0.00035304	0.732	-1.924074e-11
0.33	132			0.000137606	-2.03253e-05	0.000139096	-8.4	-0.00165511	8.1182e-05	0.00165702	177.192	0.000362935	4.02334e-06	0.000362935	0.636	-2.372216e-11
0.3325	133			0.000109509	-1.96398e-05	0.00011126	-10.164	-0.0016836	8.33278e-05	0.00168551	177.162	0.000313731	6.61614e-06	0.000313791	1.206	-2.02878e-11
0.335	134			6.27567e-05	-1.75164e-05	6.51558e-05	-15.594	-0.00169171	8.3447e-05	0.00169373	177.174	0.000278952	8.43412e-06	0.000279071	1.734	-1.970149e-11
0.3375	135			2.83198e-05	-1.5773e-05	3.24177e-05	-29.1	-0.00168896	8.30893e-05	0.00169099	177.18	0.000261577	8.91095e-06	0.000261726	1.956	-2.083228e-11
0.34	136			1.63616e-05	-1.38283e-05	2.14205e-05	-40.194	-0.00168944	8.3447e-05	0.00169135	177.168	0.000264706	9.20898e-06	0.000264855	1.992	-2.125111e-11
0.3425	137			2.75896e-05	-1.51396e-05	3.14715e-05	-28.752	-0.00168908	8.28509e-05	0.00169099	177.186	0.000270279	9.44739e-06	0.000270428	2.004	-2.104169e-11
0.345	138			5.18414e-05	-1.66596e-05	5.44491e-05	-17.808	-0.00168825	8.4043e-05	0.00169016	177.15	0.000259878	9.00036e-06	0.000260027	1.986	-2.087414e-11
0.3475	139			7.60932e-05	-1.69949e-05	7.79633e-05	-12.588	-0.00169171	8.29701e-05	0.00169373	177.186	0.000279369	8.40431e-06	0.000279488	1.728	-2.187931e-11
0.35	140			0.000123338	-2.08394e-05	0.000125081	-9.588	-0.00171364	8.45199e-05	0.00171555	177.174	0.000307979	7.95728e-06	0.000308098	1.482	-1.836126e-11
0.3525	141			0.000156269	-2.1875e-05	0.000157789	-7.968	-0.00176311	8.72617e-05	0.00176514	177.162	0.000319453	7.00357e-06	0.000319542	1.26	-2.301016e-11
0.355	142			0.000130364	-2.08841e-05	0.000132025	-9.096	-0.00179327	8.94074e-05	0.00179542	177.144	0.000315489	7.59962e-06	0.000315608	1.38	-1.702102e-11
0.3575	143			9.35798e-05	-1.90513e-05	9.5502e-05	-11.502	-0.00180746	9.05995e-05	0.0018096	177.126	0.000311257	8.52352e-06	0.000311377	1.572	-1.982711e-11
0.36	144			6.20042e-05	-1.79635e-05	6.45523e-05	-16.152	-0.00181151	9.10764e-05	0.00181366	177.12	0.000305923	9.35799e-06	0.000306072	1.758	-2.192123e-11
0.3625	145			6.08193e-05	-1.84776e-05	6.35688e-05	-16.896	-0.00181008	8.9169e-05	0.00181199	177.174	0.000302793	9.00036e-06	0.000302913	1.704	-1.9157e-11
0.365	146			6.21383e-05	-1.77772e-05	6.46343e-05	-15.96	-0.0018096	8.86922e-05	0.00181151	177.192	0.000295313	9.5368e-06	0.000295462	1.854	-1.965959e-11
0.3675	147			5.39424e-05	-1.67863e-05	5.64905e-05	-17.286	-0.00180913	8.96459e-05	0.00181103	177.156	0.000289621	9.38779e-06	0.00028977	1.86	-2.476919e-11
0.37	148			4.63056e-05	-1.75686e-05	4.95242e-05	-20.772	-0.00180937	9.01227e-05	0.00181127	177.15	0.000311406	8.40431e-06	0.000311526	1.548	-1.676974e-11
0.3725	149			4.90921e-05	-1.77548e-05	5.22065e-05	-19.878	-0.00181127	9.05995e-05	0.00181318	177.132	0.000363441	6.79496e-06	0.000363501	1.074	-1.714665e-11
0.375	150			8.48104e-05	-1.90587e-05	8.69264e-05	-12.66	-0.00182582	9.10764e-05	0.00182796	177.144	0.000398519	4.7982e-06	0.000398548	0.69	-2.053912e-11
0.3775	151			0.000136771	-2.22103e-05	0.000138567	-9.222	-0.00187374	9.32221e-05	0.00187588	177.15	0.000390621	6.13931e-06	0.000390651	0.906	-2.17118e-11
0.38	152			0.000151576	-2.31565e-05	0.000153334	-8.682	-0.00190664	9.44142e-05	0.00190879	177.162	0.000322791	9.62621e-06	0.00032294	1.71	-1.601582e-11
0.3825	153			0.00012751	-2.12343e-05	0.000129261	-9.456	-0.0019281	9.63216e-05	0.00193001	177.132	0.000262918	1.12653e-05	0.000263156	2.454	-1.848693e-11
0.385	154			8.85953e-05	-1.98261e-05	9.07858e-05	-12.612	-0.00194574	9.51295e-05	0.00194765	177.198	0.000230641	1.29641e-05	0.000231029	3.216	-1.651845e-11
0.3875	155			7.56462e-05	-1.91034e-05	7.80229e-05	-14.172	-0.00195027	9.60832e-05	0.00195218	177.174	0.000249358	1.23978e-05	0.000249656	2.844	-1.873814e-11
0.39	156			6.80019e-05	-1.87681e-05	7.05426e-05	-15.426	-0.00194836	9.60832e-05	0.00195051	177.174	0.000296446	1.16826e-05	0.000296654	2.256	-2.305203e-11
0.3925	157			8.38493e-05	-1.99006e-05	8.61813e-05	-13.35	-0.00194789	9.60832e-05	0.00195003	177.174	0.000331106	9.5666e-06	0.000331255	1.656	-1.890571e-11
0.395	158			8.98396e-05	-2.04594e-05	9.21418e-05	-12.828	-0.00194836	9.72752e-05	0.00195051	177.138	0.000345232	8.64273e-06	0.000345321	1.434	-2.083228e-11
0.3975	159			9.50103e-05	-2.00571e-05	9.71039e-05	-11.916	-0.00194813	9.77521e-05	0.00195051	177.126	0.000351431	8.88115e-06	0.00035155	1.446	-2.049723e-11
0.4	160			0.000107982	-2.1875e-05	0.00011018	-11.448	-0.0019486	9.84673e-05	0.00195099	177.108	0.000350805	8.94075e-06	0.000350924	1.464	-1.785862e-11
0.4025	161			0.000124806	-2.30969e-05	0.000126922	-10.482	-0.00195194	9.79905e-05	0.00195409	177.12	0.000357451	8.64273e-06	0.00035757	1.386	-1.886381e-11
0.405	162			0.000144408	-2.41102e-05	0.000146412	-9.474	-0.00197603	9.98979e-05	0.00197817	177.102	0.000397207	6.76516e-06	0.000397267	0.978	-1.957582e-11
0.4075	163			0.000171521	-2.63528e-05	0.000173532	-8.73	-0.0020435	0.000102282	0.00204565	177.126	0.000471236	2.68222e-06	0.000471236	0.33	-2.556494e-11
0.41	164			0.000141428	-2.42667e-05	0.000143499	-9.738	-0.00205399	0.000102282	0.00205638	177.144	0.000467362	3.45708e-06	0.000467362	0.426	-1.555514e-11
0.4125	165			0.000109189	-2.2024e-05	0.000111387	-11.4	-0.00206186	0.000103713	0.00206424	177.12	0.000437619	6.0797e-06	0.000437679	0.798	-1.857066e-11
0.415	166			8.89082e-05	-2.24189e-05	9.16873e-05	-14.148	-0.00208618	0.000104905	0.00208856	177.12	0.000381352	8.88115e-06	0.000381472	1.344	-1.626713e-11
0.4175	167			6.86948e-05	-2.07351e-05	7.1757e-05	-16.794	-0.00210787	0.000105143	0.00211026	177.138	0.000318946	1.1623e-05	0.000319125	2.088	-1.928265e-11
0.42	168			6.63106e-05	-2.09511e-05	6.95367e-05	-17.532	-0.00211097	0.000105858	0.00211336	177.126	0.000276567	1.31131e-05	0.000276865	2.724	-1.731418e-11
0.4225	169			7.98483e-05	-2.05265e-05	8.24411e-05	-14.412	-0.00211097	0.000103474	0.00211336	177.186	0.000249268	1.39475e-05	0.000249686	3.204	-2.028778e-11
0.425	170			8.90126e-05	-2.14503e-05	9.15607e-05	-13.548	-0.00211121	0.000104189	0.0021136	177.168	0.000248434	1.4484e-05	0.000248911	3.342	-1.827748e-11
0.4275	171			0.000107788	-2.06606e-05	0.000109748	-10.848	-0.00211169	0.000103951	0.00211383	177.174	0.000267984	1.45436e-05	0.000268402	3.114	-1.769111e-11
0.43	172			0.000120149	-2.35365e-05	0.000122429	-11.082	-0.00211026	0.000105143	0.00211264	177.15	0.000296177	1.2517e-05	0.000296475	2.43	-2.120921e-11
0.4325	173			0.000114829	-2.35663e-05	0.000117228	-11.592	-0.00211121	0.00010562	0.0021136	177.132	0.000348808	1.07885e-05	0.000348987	1.77	-1.890567e-11
0.435	174			0.000143931	-2.43933e-05	0.000145988	-9.618	-0.0021105	0.000107289	0.00211288	177.084	0.00040275	9.29838e-06	0.00040287	1.326	-1.873819e-11
0.4375	175			0.000166991	-2.58387e-05	0.000168973	-8.79	-0.00211622	0.000107289	0.0021186	177.096	0.000437381	7.21219e-06	0.0004375	0.954	-2.309386e-11
0.44	176			0.000190766	-2.78355e-05	0.000192762	-8.298	-0.00215365	0.000109673	0.00215627	177.078	0.000462892	6.85456e-06	0.000462951	0.852	-1.739794e-11
0.4425	177			0.00020963	-2.87892e-05	0.000211597	-7.818	-0.00221612	0.000112296	0.00221874	177.096	0.000442566	6.55654e-06	0.000442566	0.852	-2.301016e-11
0.445	178			0.000177951	-2.68818e-05	0.000179947	-8.592	-0.00222756	0.000113011	0.00223018	177.09	0.00037563	9.35799e-06	0.00037575	1.428	-1.609961e-11
0.4475	179			0.000153036	-2.68222e-05	0.00015536	-9.93	-0.00222589	0.000113249	0.00222851	177.084	0.000362398	1.11461e-05	0.000362577	1.764	-1.563891e-11
0.45	180			0.000136585	-2.61964e-05	0.000139059	-10.854	-0.00223662	0.000112772	0.00223924	177.108	0.000389399	1.02521e-05	0.000389518	1.512	-1.882197e-11
0.4525	181			0.000119389	-2.45274e-05	0.000121862	-11.598	-0.00227	0.000114441	0.00227262	177.108	0.000430705	9.23878e-06	0.000430765	1.23	-1.999464e-11
0.455	182			7.34632e-05	-2.29777e-05	7.69501e-05	-17.346	-0.00229622	0.000116587	0.00229885	177.09	0.000466647	8.46392e-06	0.000466706	1.038	-2.074848e-11
0.4575	183			5.48365e-05	-2.27989e-05	5.93963e-05	-22.572	-0.0023029	0.00011611	0.00230552	177.108	0.000478627	7.2718e-06	0.000478687	0.876	-1.882194e-11
0.46	184			4.77734e-05	-2.19644e-05	5.25715e-05	-24.672	-0.0023029	0.000115872	0.00230576	177.114	0.000472249	7.03338e-06	0.000472369	0.858	-1.647653e-11
0.4625	185			4.94721e-05	-2.06531e-05	5.35848e-05	-22.65	-0.00230266	0.000114918	0.00230528	177.138	0.000447037	8.46392e-06	0.000447096	1.086	-2.234e-11
0.465	186			6.69961e-05	-2.1875e-05	7.0483e-05	-18.072	-0.00230147	0.000115395	0.00230409	177.126	0.000406923	9.23878e-06	0.000407042	1.302	-2.196309e-11
0.4675	187			8.98545e-05	-2.27393e-05	9.26857e-05	-14.184	-0.0023029	0.000115633	0.00230552	177.12	0.00036669	1.00136e-05	0.000366809	1.566	-1.769114e-11
0.47	188			0.000126124	-2.54513e-05	0.000128658	-11.406	-0.0023029	0.000116826	0.00230552	177.096	0.000336709	1.28151e-05	0.000336887	2.184	-1.781675e-11
0.4725	189			0.000135393	-2.54215e-05	0.000137747	-10.632	-0.00230266	0.000117064	0.00230552	177.084	0.000332238	1.21594e-05	0.000332477	2.094	-1.911515e-11
0.475	190			0.000153185	-2.7299e-05	0.000155599	-10.098	-0.0023029	0.000116587	0.00230552	177.102	0.000357809	1.28151e-05	0.000357987	2.058	-2.175368e-11
0.4775	191			0.000178725	-2.87594e-05	0.00018102	-9.138	-0.00230505	0.000117302	0.00230767	177.084	0.000390293	1.22786e-05	0.000390531	1.812	-1.513636e-11
0.48	192			0.000228764	-3.20079e-05	0.000230969	-7.956	-0.0023246	0.000117779	0.00232746	177.096	0.000414016	1.07289e-05	0.000414135	1.488	-1.924076e-11
0.4825	193			0.000255378	-3.40345e-05	0.000257613	-7.59	-0.00239898	0.000121832	0.00240184	177.09	0.000436069	9.11957e-06	0.000436129	1.2	-1.798431e-11
0.485	194			0.000246705	-3.31702e-05	0.000248911	-7.656	-0.00243331	0.000124932	0.00243618	177.06	0.000400009	1.08481e-05	0.000400128	1.554	-2.363837e-11
0.4875	195			0.000186712	-3.00409e-05	0.000189126	-9.138	-0.00242855	0.00012374	0.00243141	177.078	0.000390353	1.22786e-05	0.000390531	1.806	-1.886384e-11
0.49	196			0.000173331	-2.94746e-05	0.000175835	-9.648	-0.00242354	0.000124694	0.0024264	177.054	0.000408651	1.20402e-05	0.00040883	1.698	-1.831939e-11
0.4925	197			0.000167013	-2.8968e-05	0.000169487	-9.834	-0.00242759	0.000124694	0.00243045	177.054	0.000410559	1.1921e-05	0.000410737	1.668	-1.88219e-11
0.495	198			0.000145764	-2.84911e-05	0.000148506	-11.058	-0.00244643	0.000125648	0.00244929	177.054	0.000396969	1.26362e-05	0.000397148	1.83	-1.505256e-11
0.4975	199			0.000137598	-2.69712e-05	0.000140221	-11.088	-0.00248958	0.000127793	0.00249268	177.06	0.000366094	1.40071e-05	0.000366332	2.202	-2.179555e-11
0.5	200			0.000116617	-2.71202e-05	0.000119716	-13.092	-0.00252344	0.000128747	0.00252654	177.078	0.000353398	1.46032e-05	0.000353696	2.37	-1.547138e-11
0.5025	201			0.000111104	-2.63156e-05	0.000114173	-13.32	-0.00253202	0.000128747	0.00253512	177.084	0.000376703	1.45436e-05	0.000376942	2.214	-1.882194e-11
0.505	202			0.000131638	-2.75673e-05	0.000134499	-11.82	-0.0025325	0.000129462	0.0025356	177.066	0.000404658	1.36495e-05	0.000404896	1.932	-1.769114e-11
0.5075	203			0.000157387	-3.02495e-05	0.000160278	-10.872	-0.00253369	0.000128032	0.00253679	177.102	0.000435116	1.01925e-05	0.000435295	1.344	-1.982714e-11
0.51	204			0.000158698	-2.98322e-05	0.00016147	-10.638	-0.00253274	0.000128032	0.0025356	177.102	0.000521306	7.15259e-06	0.000521366	0.792	-2.095794e-11
0.5125	205			0.000160933	-2.91766e-05	0.000163556	-10.266	-0.00253202	0.000127555	0.00253488	177.114	0.000579182	3.99354e-06	0.000579182	0.396	-1.949209e-11
0.515	206			0.000132919	-2.75077e-05	0.000135721	-11.688	-0.00253226	0.00012827	0.00253512	177.102	0.000604812	3.75511e-06	0.000604812	0.354	-2.007844e-11
0.5175	207			0.000136436	-2.81037e-05	0.000139297	-11.628	-0.0025325	0.000128509	0.0025356	177.09	0.000603978	4.82801e-06	0.000603978	0.462	-2.301014e-11
0.52	208			0.000144304	-2.90872e-05	0.000147224	-11.388	-0.00253202	0.000129462	0.00253512	177.072	0.000590805	4.41077e-06	0.000590865	0.432	-1.626716e-11
0.5225	209			0.000151546	-2.92958e-05	0.000154347	-10.938	-0.00253202	0.000129701	0.00253512	177.066	0.000569228	6.13931e-06	0.000569228	0.624	-2.301013e-11
0.525	210			0.000184775	-3.24848e-05	0.000187607	-9.966	-0.00253274	0.000129701	0.00253583	177.066	0.00054938	7.39101e-06	0.00054938	0.774	-2.053912e-11
0.5275	211			0.000195534	-3.32596e-05	0.000198335	-9.648	-0.00254036	0.000130893	0.00254346	177.048	0.000538174	6.61614e-06	0.000538234	0.708	-2.091607e-11
0.53	212			0.000214697	-3.47199e-05	0.000217498	-9.186	-0.00258209	0.000133754	0.00258543	177.03	0.00053883	6.91417e-06	0.00053883	0.738	-2.146051e-11
0.5325	213			0.000235707	-3.44219e-05	0.000238211	-8.304	-0.00266291	0.000136615	0.00266601	177.06	0.000531439	7.51021e-06	0.000531498	0.816	-2.363839e-11
0.535	214			0.00021425	-3.38259e-05	0.000216902	-8.964	-0.00268151	0.000138045	0.00268461	177.048	0.00047666	1.13249e-05	0.000476779	1.362	-1.999467e-11
0.5375	215			0.000162573	-3.03687e-05	0.000165374	-10.572	-0.00267674	0.000137568	0.00267984	177.054	0.000432255	1.46628e-05	0.000432493	1.944	-2.058099e-11
0.54	216			0.000162781	-3.03389e-05	0.000165583	-10.548	-0.00267102	0.000138522	0.00267436	177.03	0.000412228	1.49608e-05	0.000412526	2.082	-1.614148e-11
0.5425	217			0.000168146	-2.98024e-05	0.000170768	-10.05	-0.00266887	0.000138284	0.00267221	177.03	0.000410737	1.51396e-05	0.000411035	2.118	-1.986899e-11
0.545	218			0.000170172	-3.09946e-05	0.000172944	-10.314	-0.00267173	0.000137807	0.00267483	177.042	0.000389459	1.53185e-05	0.000389757	2.256	-2.041343e-11
0.5475	219			0.000171573	-3.12331e-05	0.000174374	-10.314	-0.00268246	0.000137807	0.0026858	177.06	0.000378491	1.6153e-05	0.000378789	2.448	-1.702101e-11
0.55	220			0.000193597	-3.20675e-05	0.000196249	-9.402	-0.00271322	0.000139476	0.00271679	177.06	0.000361206	1.7047e-05	0.000361564	2.712	-1.869625e-11
0.5525	221			0.000183077	-3.2306e-05	0.000185938	-10.002	-0.00276496	0.000142098	0.00276829	177.054	0.000319662	1.94908e-05	0.000320258	3.492	-1.785866e-11
0.555	222			0.000174732	-3.22463e-05	0.000177682	-10.452	-0.00280191	0.000144483	0.00280549	177.048	0.00029874	2.09213e-05	0.000299456	4.008	-2.070661e-11
0.5575	223			0.00014189	-3.17993e-05	0.000145406	-12.63	-0.00281312	0.000145675	0.00281669	177.03	0.00033045	1.92524e-05	0.000331046	3.342	-1.953393e-11
0.56	224			0.000128687	-2.89084e-05	0.000131876	-12.654	-0.00281407	0.000145913	0.00281765	177.03	0.000392737	1.6153e-05	0.000393035	2.364	-2.112542e-11
0.5625	225			0.000155897	-3.06668e-05	0.000158877	-11.13	-0.00281288	0.000144959	0.00281645	177.048	0.000440123	1.48416e-05	0.000440421	1.938	-1.769113e-11
0.565	226			0.000194938	-3.36769e-05	0.000197829	-9.792	-0.00281288	0.000144483	0.00281622	177.054	0.000470998	1.30535e-05	0.000471177	1.596	-2.259135e-11
0.5675	227			0.000217021	-3.53458e-05	0.000219882	-9.246	-0.00281335	0.000144721	0.00281693	177.054	0.000500623	1.14442e-05	0.000500742	1.314	-1.873819e-11
0.57	228			0.000242085	-3.62995e-05	0.000244798	-8.526	-0.00281383	0.000144483	0.00281717	177.06	0.000520233	9.59641e-06	0.000520352	1.062	-2.099981e-11
0.5725	229			0.000284554	-3.79982e-05	0.000287088	-7.608	-0.00281431	0.000144483	0.00281765	177.06	0.000536565	9.89443e-06	0.000536624	1.056	-1.664408e-11
0.575	230			0.000301065	-3.98161e-05	0.000303658	-7.536	-0.00281431	0.000146152	0.00281788	177.024	0.000544731	1.03117e-05	0.00054485	1.086	-1.77749e-11
0.5775	231			0.000312032	-4.01738e-05	0.000314595	-7.332	-0.00281407	0.000145675	0.00281765	177.036	0.000554744	9.95403e-06	0.000554863	1.026	-1.819372e-11
0.58	232			0.000322821	-4.17235e-05	0.000325503	-7.362	-0.00281264	0.000145913	0.00281622	177.03	0.00057954	8.16589e-06	0.000579599	0.81	-2.03297e-11
0.5825	233			0.000277938	-4.0293e-05	0.000280829	-8.244	-0.00281169	0.000146152	0.00281526	177.018	0.000655774	5.90089e-06	0.000655774	0.516	-2.037159e-11
0.585	234			0.000252487	-3.94883e-05	0.000255557	-8.886	-0.00281264	0.000146628	0.00281622	177.018	0.000752214	1.1325e-06	0.000752214	0.09	-1.563892e-11
0.5875	235			0.00027463	-4.03228e-05	0.000277581	-8.352	-0.00281884	0.000147344	0.00282241	177.006	0.000802878	-7.74864e-07	0.000802878	-0.054	-2.171186e-11
0.59	236			0.000283064	-4.08592e-05	0.000285985	-8.208	-0.00286271	0.000149251	0.00286628	177.012	0.000835661	-2.62262e-06	0.000835661	-0.174	-2.246568e-11
0.5925	237			0.000293227	-4.18427e-05	0.000296207	-8.118	-0.00295617	0.000153781	0.00295998	177.018	0.00082523	-1.49012e-06	0.00082523	-0.102	-2.162802e-11
0.595	238			0.000279041	-4.12168e-05	0.000282081	-8.4	-0.00299431	0.000155927	0.00299813	177.018	0.000745121	2.68222e-06	0.000745121	0.21	-1.584832e-11
0.5975	239			0.000230343	-3.80578e-05	0.000233472	-9.372	-0.0029905	0.000154973	0.00299431	177.03	0.000657681	6.31812e-06	0.000657741	0.552	-2.099982e-11
0.6	240			0.000192345	-3.65081e-05	0.000195772	-10.746	-0.00298287	0.00015545	0.00298668	177.018	0.000604991	9.59641e-06	0.00060505	0.912	-1.819372e-11
0.6025	241			0.000171722	-3.48988e-05	0.000175239	-11.484	-0.00298025	0.000154973	0.00298406	177.018	0.000571553	1.13249e-05	0.000571672	1.134	-1.764925e-11
0.605	242			0.000169397	-3.49584e-05	0.000172944	-11.652	-0.00297906	0.000154496	0.00298263	177.03	0.000550214	1.18614e-05	0.000550393	1.236	-2.493672e-11
0.6075	243			0.000184477	-3.5614e-05	0.000187905	-10.92	-0.00297834	0.000154973	0.00298192	177.018	0.000534896	1.27555e-05	0.000535075	1.368	-1.743982e-11
0.61	244			0.000205488	-3.773e-05	0.000208915	-10.398	-0.00298263	0.000154973	0.00298645	177.024	0.000514809	1.28747e-05	0.000514988	1.434	-1.919884e-11
0.6125	245			0.000205011	-3.7879e-05	0.000208468	-10.464	-0.00298907	0.00015545	0.00299288	177.024	0.000552718	1.17422e-05	0.000552837	1.218	-2.275886e-11
0.615	246			0.000223846	-3.83856e-05	0.000227095	-9.726	-0.00300695	0.000157119	0.00301076	177.006	0.000580374	1.03117e-05	0.000580493	1.02	-1.827748e-11
0.6175	247			0.000220687	-3.86836e-05	0.000224055	-9.936	-0.00303556	0.000158311	0.00303961	177.012	0.000580374	1.12057e-05	0.000580493	1.11	-2.04972e-11
0.62	248			0.000186087	-3.60908e-05	0.000189544	-10.974	-0.00308563	0.000162364	0.00308968	176.988	0.000546936	1.37091e-05	0.000547115	1.44	-1.56808e-11
0.6225	249			0.000143052	-3.33192e-05	0.000146867	-13.104	-0.00313617	0.000164748	0.00314046	176.994	0.000497106	1.63914e-05	0.000497404	1.89	-2.070662e-11
0.625	250			0.000131548	-3.26338e-05	0.000135542	-13.926	-0.00316025	0.00016594	0.00316431	176.994	0.000445129	1.9312e-05	0.000445547	2.484	-1.861256e-11
0.6275	251			0.000153274	-3.38557e-05	0.00015694	-12.444	-0.00316431	0.00016594	0.00316836	177.0	0.000417175	2.00273e-05	0.000417652	2.748	-1.752361e-11
0.63	252			0.000182272	-3.53458e-05	0.000185669	-10.968	-0.00316502	0.000165463	0.00316907	177.006	0.000428857	2.05637e-05	0.000429334	2.748	-1.999466e-11
0.6325	253			0.000226409	-3.86836e-05	0.000229687	-9.696	-0.00316502	0.000164033	0.00316907	177.03	0.00041795	2.02657e-05	0.000418486	2.778	-2.150238e-11
0.635	254			0.000242026	-3.80876e-05	0.000245007	-8.934	-0.00316502	0.000163794	0.00316884	177.036	0.00039685	2.03253e-05	0.000397386	2.934	-1.928266e-11
0.6375	255			0.000274839	-4.04718e-05	0.000277819	-8.37	-0.00316526	0.000163318	0.00316907	177.048	0.00039673	1.98485e-05	0.000397267	2.874	-2.133488e-11
0.64	256			0.00027314	-3.92499e-05	0.000275942	-8.178	-0.00316502	0.000163556	0.00316884	177.042	0.000424029	1.8716e-05	0.000424387	2.532	-2.221438e-11
0.6425	257			0.000330122	-4.3303e-05	0.000332953	-7.47	-0.00316454	0.000164033	0.0031686	177.03	0.000457646	1.63318e-05	0.000458004	2.046	-2.485295e-11
0.645	258			0.0003652	-4.58064e-05	0.000368061	-7.146	-0.00316598	0.000163794	0.00316979	177.036	0.000495378	1.6153e-05	0.000495616	1.872	-1.957589e-11
0.6475	259			0.000357332	-4.61938e-05	0.000360282	-7.362	-0.00316431	0.000165463	0.00316836	177.006	0.000566069	1.26958e-05	0.000566188	1.284	-2.347086e-11
0.65	260			0.000345917	-4.64621e-05	0.000349017	-7.65	-0.00316478	0.000167132	0.00316884	176.976	0.000635091	8.76194e-06	0.000635151	0.792	-1.542949e-11
0.6525	261			0.000376286	-4.83098e-05	0.000379385	-7.314	-0.00316383	0.000168086	0.00316812	176.952	0.000680033	8.70234e-06	0.000680093	0.738	-1.999464e-11
0.655	262			0.000408562	-5.03066e-05	0.000411632	-7.02	-0.00316383	0.000167848	0.00316812	176.958	0.000705902	8.04669e-06	0.000705961	0.654	-2.36384e-11
0.6575	263			0.000426771	-5.14688e-05	0.000429841	-6.876	-0.00316359	0.000169278	0.00316788	176.934	0.000722114	8.2255e-06	0.000722114	0.654	-2.338703e-11
0.66	264			0.000422122	-5.26013e-05	0.00042537	-7.098	-0.00316216	0.000169278	0.00316645	176.934	0.000733379	7.21219e-06	0.000733379	0.57	-1.65603e-11
0.6625	265			0.000440778	-5.16179e-05	0.000443818	-6.678	-0.00316741	0.000168086	0.0031717	176.964	0.000749234	6.91417e-06	0.000749234	0.528	-2.384778e-11
0.665	266			0.000431569	-5.25417e-05	0.000434728	-6.942	-0.00320174	0.000171424	0.00320627	176.928	0.00075889	5.66247e-06	0.00075895	0.426	-1.760736e-11
0.6675	267			0.000434371	-5.2959e-05	0.000437589	-6.948	-0.00329615	0.000176431	0.00330044	176.934	0.000748757	5.36445e-06	0.000748817	0.414	-2.271696e-11
0.67	268			0.000407966	-5.10218e-05	0.000411155	-7.122	-0.00337745	0.000180961	0.00338198	176.928	0.000684384	9.29838e-06	0.000684444	0.78	-1.643467e-11
0.6725	269			0.000343891	-4.71177e-05	0.00034711	-7.8	-0.003392	0.000180961	0.00339653	176.946	0.000598613	1.45436e-05	0.000598792	1.392	-1.999462e-11
0.675	270			0.000327738	-4.76839e-05	0.000331195	-8.28	-0.00338461	0.000179053	0.0033889	176.97	0.000568394	1.65106e-05	0.000568632	1.668	-1.651843e-11
0.6775	271			0.000351043	-4.97403e-05	0.00035456	-8.058	-0.00337721	0.00017953	0.00338174	176.952	0.000624958	1.38283e-05	0.000625137	1.272	-1.894761e-11
0.68	272			0.000327142	-4.8578e-05	0.000330718	-8.442	-0.0033765	0.0001781	0.00338079	176.976	0.000740889	7.74866e-06	0.000740949	0.606	-2.01203e-11
0.6825	273			0.000316413	-4.78926e-05	0.000319989	-8.604	-0.00337602	0.000179769	0.00338055	176.946	0.000808123	5.24524e-06	0.000808183	0.372	-1.777493e-11
0.685	274			0.000267657	-4.59554e-05	0.00027159	-9.738	-0.00337602	0.000178338	0.00338031	176.976	0.000836436	3.39748e-06	0.000836436	0.234	-1.810997e-11
0.6875	275			0.000274392	-4.56872e-05	0.000278177	-9.45	-0.0033765	0.000179053	0.00338127	176.964	0.000844244	4.23196e-06	0.000844244	0.288	-1.924073e-11
0.69	276			0.000262858	-4.45845e-05	0.000266613	-9.624	-0.00337817	0.000179292	0.0033827	176.958	0.000844959	3.33787e-06	0.000844959	0.228	-1.790058e-11
0.6925	277			0.000247212	-4.41971e-05	0.000251116	-10.134	-0.00338651	0.000180007	0.00339128	176.952	0.000840966	5.06642e-06	0.000840966	0.348	-1.974335e-11
0.695	278			0.000226469	-4.3005e-05	0.000230522	-10.746	-0.00339748	0.000180961	0.00340201	176.946	0.000829939	5.24524e-06	0.000829939	0.366	-2.058095e-11
0.6975	279			0.000203998	-4.08592e-05	0.000208051	-11.316	-0.00340559	0.000181676	0.00341012	176.946	0.000816826	7.21219e-06	0.000816826	0.504	-2.589998e-11
0.7	280			0.000220568	-4.18427e-05	0.000224502	-10.74	-0.00342108	0.000184298	0.00342585	176.916	0.000798706	9.05996e-06	0.000798766	0.654	-2.284265e-11
0.7025	281			0.000211657	-4.04122e-05	0.000215472	-10.806	-0.00344302	0.000184775	0.00344779	176.928	0.000772182	1.00732e-05	0.000772242	0.75	-1.819367e-11
0.705	282			0.000233234	-4.34818e-05	0.000237227	-10.554	-0.00348069	0.000184298	0.00348522	176.964	0.000732724	1.08481e-05	0.000732783	0.852	-1.714667e-11
0.7075	283			0.000237406	-4.25878e-05	0.000241191	-10.17	-0.0035298	0.000187398	0.00353457	176.958	0.000673536	1.51396e-05	0.000673715	1.29	-1.337727e-11
0.71	284			0.000229568	-4.38991e-05	0.000233741	-10.824	-0.00357844	0.000189782	0.00358321	176.964	0.000601355	1.90736e-05	0.000601653	1.824	-2.087416e-11
0.7125	285			0.000212193	-4.19321e-05	0.000216306	-11.178	-0.00360681	0.000190497	0.00361158	176.976	0.000482799	2.32459e-05	0.000483336	2.76	-2.43085e-11
0.715	286			0.000186832	-4.08294e-05	0.000191213	-12.324	-0.00361516	0.000189782	0.00361992	176.994	0.000440957	2.40208e-05	0.000441672	3.12	-1.794238e-11
0.7175	287			0.000204802	-4.26772e-05	0.000209183	-11.766	-0.00361682	0.000190974	0.00362159	176.976	0.000524584	1.90736e-05	0.000524882	2.088	-1.396361e-11
0.72	288			0.000219465	-4.3601e-05	0.000223757	-11.232	-0.00361563	0.000191213	0.0036204	176.97	0.000578944	1.69278e-05	0.000579182	1.68	-2.12092e-11
0.7225	289			0.000264527	-4.55382e-05	0.000268402	-9.762	-0.00361563	0.000191928	0.0036204	176.958	0.000598434	1.68086e-05	0.000598673	1.608	-2.083228e-11
0.725	290			0.000287713	-4.55084e-05	0.00029126	-8.982	-0.00361563	0.000191451	0.0036204	176.97	0.000603739	1.59146e-05	0.000603918	1.512	-1.836125e-11
0.7275	291			0.00033492	-4.86972e-05	0.000338437	-8.268	-0.00361611	0.000192405	0.00362088	176.952	0.000607017	1.53781e-05	0.000607256	1.458	-1.304224e-11
0.73	292			0.00037116	-5.01575e-05	0.000374528	-7.692	-0.00361611	0.000191928	0.00362088	176.958	0.000606898	1.46628e-05	0.000607077	1.386	-1.408926e-11
0.7325	293			0.000400307	-5.10814e-05	0.000403555	-7.272	-0.00361563	0.000191928	0.0036204	176.958	0.000610057	1.55569e-05	0.000610296	1.464	-1.878009e-11
0.735	294			0.000409545	-5.25417e-05	0.000412883	-7.308	-0.00361611	0.000191213	0.00362088	176.97	0.000612739	1.60338e-05	0.000612978	1.5	-2.171184e-11
0.7375	295			0.000413569	-5.28398e-05	0.000416936	-7.278	-0.00361611	0.000192405	0.00362088	176.952	0.00061715	1.5855e-05	0.000617389	1.476	-1.827746e-11
0.74	296			0.000403525	-5.28994e-05	0.000406982	-7.47	-0.00361539	0.000190974	0.00362016	176.976	0.000621382	1.508e-05	0.000621561	1.392	-2.376404e-11
0.7425	297			0.000391485	-5.19755e-05	0.000394912	-7.56	-0.00361611	0.000191928	0.00362088	176.958	0.000619594	1.4782e-05	0.000619713	1.374	-1.467565e-11
0.745	298			0.000389339	-5.13198e-05	0.000392707	-7.506	-0.00361516	0.000192882	0.00361992	176.946	0.000622991	1.51396e-05	0.00062317	1.392	-1.965959e-11
0.7475	299			0.00044808	-5.55816e-05	0.000451537	-7.068	-0.00361516	0.000194789	0.00362016	176.91	0.000653211	1.6153e-05	0.000653449	1.416	-1.898947e-11
0.75	300			0.000474336	-5.73995e-05	0.000477793	-6.9	-0.00361468	0.000195981	0.00361969	176.892	0.000714783	1.37687e-05	0.000714902	1.104	-2.11673e-11
0.7525	301			0.000494007	-5.93665e-05	0.000497583	-6.852	-0.00361349	0.000196458	0.00361873	176.886	0.000773136	1.22786e-05	0.000773195	0.912	-1.982713e-11
0.755	302			0.000513379	-6.09758e-05	0.000517014	-6.774	-0.00361301	0.000198365	0.00361826	176.856	0.000813011	1.04309e-05	0.000813071	0.738	-1.903132e-11
0.7575	303			0.000527028	-6.2943e-05	0.000530723	-6.804	-0.00361301	0.000195981	0.00361802	176.892	0.000824455	9.5368e-06	0.000824515	0.666	-2.171181e-11
0.76	304			0.000547115	-6.49099e-05	0.000550989	-6.762	-0.00362135	0.000194789	0.00362636	176.916	0.000836853	8.76194e-06	0.000836913	0.6	-1.982711e-11
0.7625	305			0.000548128	-6.44927e-05	0.000551883	-6.708	-0.00365068	0.000197412	0.00365569	176.904	0.000843588	9.41759e-06	0.000843648	0.642	-1.848692e-11
0.765	306			0.000612739	-6.84862e-05	0.000616554	-6.378	-0.00372531	0.000200749	0.00373055	176.916	0.000829045	9.83482e-06	0.000829104	0.684	-1.831937e-11
0.7675	307			0.000624243	-6.87842e-05	0.000628058	-6.282	-0.00383283	0.000206233	0.00383808	176.916	0.000761513	1.30535e-05	0.000761572	0.984	-2.062291e-11
0.77	308			0.000537816	-6.51483e-05	0.00054175	-6.9	-0.00389649	0.000208856	0.00390173	176.928	0.000672463	1.74047e-05	0.000672702	1.482	-1.861252e-11
0.7725	309			0.00045407	-5.97837e-05	0.000458004	-7.494	-0.003907	0.000209809	0.00391248	176.922	0.000617389	2.03253e-05	0.000617746	1.89	-1.463375e-11
0.775	310			0.000414135	-5.73995e-05	0.000418069	-7.89	-0.0039003	0.000209571	0.00390579	176.922	0.000637773	1.97293e-05	0.000638071	1.776	-2.45598e-11
0.7775	311			0.000361802	-5.50749e-05	0.000365974	-8.646	-0.0038972	0.000211955	0.00390293	176.886	0.000688199	1.8716e-05	0.000688437	1.56	-1.86544e-11
0.78	312			0.000346007	-5.42405e-05	0.000350239	-8.904	-0.00389577	0.000211478	0.00390126	176.892	0.000709955	1.63914e-05	0.000710133	1.326	-1.287472e-11
0.7825	313			0.000357928	-5.39424e-05	0.000361981	-8.568	-0.00389625	0.000211955	0.00390173	176.886	0.000712518	1.62126e-05	0.000712696	1.308	-2.020406e-11
0.785	314			0.000395061	-5.68631e-05	0.000399115	-8.184	-0.00389673	0.00021124	0.00390221	176.898	0.000714365	1.56165e-05	0.000714544	1.254	-1.932452e-11
0.7875	315			0.000423493	-5.80552e-05	0.000427427	-7.8	-0.00389864	0.000211478	0.00390412	176.892	0.00071371	1.49012e-05	0.000713889	1.2	-1.861256e-11
0.79	316			0.000492934	-6.17509e-05	0.000496808	-7.14	-0.00389983	0.000210763	0.00390507	176.904	0.000713173	1.62126e-05	0.000713412	1.302	-2.003653e-11
0.7925	317			0.000548307	-6.46715e-05	0.000552122	-6.72	-0.00389935	0.000210286	0.00390483	176.91	0.000711564	1.57357e-05	0.000711743	1.272	-1.907324e-11
0.795	318			0.000548486	-6.54464e-05	0.00055242	-6.804	-0.00390676	0.000211955	0.00391224	176.892	0.000710133	1.46628e-05	0.000710312	1.188	-2.012032e-11
0.7975	319			0.000579242	-6.74729e-05	0.000583176	-6.642	-0.00391319	0.000212193	0.00391892	176.892	0.000704709	1.65106e-05	0.000704948	1.344	-2.08323e-11
0.8	320			0.000607911	-6.8963e-05	0.000611845	-6.474	-0.00391558	0.000213624	0.00392106	176.874	0.000700537	1.6153e-05	0.000700716	1.32	-1.77749e-11
0.8025	321			0.000640932	-7.20625e-05	0.000644986	-6.414	-0.00392082	0.000213147	0.00392631	176.886	0.000698213	1.5855e-05	0.000698391	1.302	-1.919889e-11
0.805	322			0.000636939	-7.0632e-05	0.000640813	-6.33	-0.00391892	0.000213624	0.0039244	176.88	0.000703398	1.72855e-05	0.000703577	1.41	-1.601586e-11
0.8075	323			0.000610653	-7.04532e-05	0.000614706	-6.576	-0.00392392	0.000214339	0.00392941	176.874	0.000724796	1.6153e-05	0.000724975	1.278	-2.028782e-11
0.81	324			0.000541095	-6.63404e-05	0.000545148	-6.99	-0.00393751	0.000214339	0.00394323	176.88	0.000838224	1.28747e-05	0.000838343	0.882	-2.313581e-11
0.8125	325			0.000484111	-6.34794e-05	0.000488285	-7.464	-0.00395945	0.00021577	0.00396493	176.88	0.000985868	5.12603e-06	0.000985868	0.3	-1.844503e-11
0.815	326			0.000467302	-6.40755e-05	0.000471653	-7.8	-0.00398567	0.000217916	0.0039914	176.868	0.00103451	2.86104e-06	0.00103451	0.156	-2.062285e-11
0.8175	327			0.000468792	-6.28834e-05	0.000473024	-7.632	-0.00402334	0.0002203	0.00402907	176.868	0.00104953	2.62262e-06	0.00104953	0.15	-2.074852e-11
0.82	328			0.000421347	-6.00817e-05	0.000425639	-8.112	-0.00406173	0.000221969	0.00406745	176.874	0.00102139	4.52998e-06	0.00102139	0.252	-1.970148e-11
0.8225	329			0.000338497	-5.76379e-05	0.000343384	-9.654	-0.00411013	0.000223161	0.00411585	176.892	0.000980742	5.48366e-06	0.000980742	0.324	-1.932454e-11
0.825	330			0.000251593	-5.16179e-05	0.000256838	-11.58	-0.00415614	0.000225306	0.00416186	176.898	0.000931744	8.70234e-06	0.000931863	0.534	-1.764925e-11
0.8275	331			0.00015998	-4.65515e-05	0.000166656	-16.2	-0.00419119	0.000226737	0.00419715	176.904	0.000888828	1.01328e-05	0.000888947	0.66	-1.743983e-11
0.83	332			0.000109673	-4.3154e-05	0.000117839	-21.45	-0.00420955	0.000227452	0.00421551	176.904	0.000864629	1.09673e-05	0.000864748	0.732	-1.974334e-11
0.8325	333			8.08244e-05	-4.08294e-05	9.04803e-05	-26.784	-0.00421622	0.000227929	0.00422218	176.904	0.000854138	1.21594e-05	0.000854257	0.816	-1.907321e-11
0.835	334			4.68793e-05	-3.86538e-05	6.07374e-05	-39.492	-0.0042167	0.000226975	0.00422266	176.916	0.000851873	1.34707e-05	0.000851993	0.912	-1.831933e-11
0.8375	335			4.24983e-05	-3.80578e-05	5.70419e-05	-41.826	-0.00421646	0.00022626	0.00422218	176.928	0.000849608	1.38283e-05	0.000849728	0.936	-2.016214e-11
0.84	336			7.60262e-05	-3.79982e-05	8.49669e-05	-26.544	-0.00421765	0.000226975	0.00422338	176.922	0.000847463	1.35899e-05	0.000847582	0.924	-1.919889e-11
0.8425	337			0.00015399	-4.28858e-05	0.000159861	-15.552	-0.00421694	0.000228168	0.0042229	176.898	0.000849728	1.27555e-05	0.000849728	0.87	-2.179558e-11
0.845	338			0.000181914	-4.48825e-05	0.000187368	-13.86	-0.00421694	0.00022936	0.0042229	176.886	0.000847701	1.37091e-05	0.00084782	0.936	-2.162804e-11
0.8475	339			0.000175119	-4.375e-05	0.000180514	-14.022	-0.00421646	0.000228406	0.00422218	176.898	0.000845794	1.46628e-05	0.000845913	0.996	-2.053912e-11
0.85	340			0.000186504	-4.38693e-05	0.00019157	-13.23	-0.00421694	0.000227452	0.0042229	176.91	0.000842813	1.33515e-05	0.000842933	0.912	-1.991086e-11
0.8525	341			0.00023225	-4.75051e-05	0.000237049	-11.556	-0.00421765	0.000227452	0.00422361	176.91	0.000829343	1.40668e-05	0.000829462	0.978	-1.681164e-11
0.855	342			0.000265123	-4.89058e-05	0.000269594	-10.452	-0.00421765	0.000226975	0.00422361	176.916	0.000778321	1.71663e-05	0.00077844	1.272	-2.275887e-11
0.8575	343			0.000442298	-5.96645e-05	0.000446321	-7.68	-0.00421837	0.000227214	0.00422433	176.916	0.000728134	1.96696e-05	0.000728372	1.554	-1.836124e-11
0.86	344			0.000566665	-6.72345e-05	0.000570659	-6.768	-0.00421765	0.00022626	0.00422338	176.928	0.000797991	1.51396e-05	0.00079811	1.092	-1.857061e-11
0.8625	345			0.000665788	-7.38506e-05	0.000669841	-6.324	-0.00421837	0.000227929	0.00422433	176.904	0.000805382	1.44244e-05	0.000805501	1.032	-1.928265e-11
0.865	346			0.000631753	-7.28373e-05	0.000635926	-6.576	-0.00421789	0.000228644	0.00422385	176.898	0.000822667	1.31131e-05	0.000822786	0.918	-1.96177e-11
0.8675	347			0.00068659	-7.54003e-05	0.000690702	-6.264	-0.00421813	0.000231029	0.00422409	176.862	0.000833992	1.2517e-05	0.000833992	0.864	-1.8445e-11
0.87	348			0.000701252	-7.65924e-05	0.000705425	-6.228	-0.00421765	0.000231267	0.00422385	176.862	0.000844602	1.2517e-05	0.000844721	0.858	-1.982713e-11
0.8725	349			0.000739221	-7.89766e-05	0.000743393	-6.096	-0.00421765	0.000232459	0.00422385	176.844	0.000849489	1.27555e-05	0.000849608	0.87	-1.861254e-11
0.875	350			0.000751022	-8.03475e-05	0.000755314	-6.102	-0.00421646	0.000233651	0.0042229	176.826	0.000851039	1.39475e-05	0.000851277	0.942	-2.099981e-11
0.8775	351			0.00081921	-8.44006e-05	0.000823501	-5.88	-0.00421646	0.000234366	0.0042229	176.814	0.000850681	1.4186e-05	0.0008508	0.954	-2.020399e-11
0.88	352			0.000897769	-9.05995e-05	0.000902299	-5.76	-0.00421765	0.000234128	0.00422385	176.82	0.000851039	1.43052e-05	0.000851158	0.966	-1.346105e-11
0.8825	353			0.000909332	-9.203e-05	0.000913981	-5.778	-0.00421694	0.000234843	0.00422314	176.808	0.000850562	1.38283e-05	0.000850681	0.936	-1.735604e-11
0.885	354			0.000887755	-9.02419e-05	0.000892404	-5.802	-0.00421599	0.000235082	0.00422218	176.808	0.000853542	1.40668e-05	0.000853661	0.948	-1.49688e-11
0.8875	355			0.000846747	-8.82153e-05	0.000851396	-5.94	-0.00421599	0.000235082	0.00422218	176.808	0.000854496	1.44244e-05	0.000854734	0.972	-1.831935e-11
0.89	356			0.00085688	-8.92882e-05	0.00086141	-5.946	-0.00422195	0.000235797	0.00422838	176.802	0.000857834	1.49012e-05	0.000858072	0.996	-2.439226e-11
0.8925	357			0.000800494	-8.60696e-05	0.000805143	-6.132	-0.00424054	0.000236274	0.00424698	176.808	0.000859383	1.50204e-05	0.000859503	1.002	-2.221438e-11
0.895	358			0.000785116	-8.49967e-05	0.000789646	-6.174	-0.00428417	0.000239373	0.00429061	176.802	0.000849251	1.4782e-05	0.00084937	0.996	-1.513634e-11
0.8975	359			0.000755195	-8.24933e-05	0.000759605	-6.234	-0.00436452	0.000243665	0.0043712	176.802	0.000819329	1.71663e-05	0.000819448	1.206	-2.246564e-11
0.9	360			0.000686053	-7.91554e-05	0.000690583	-6.576	-0.00447491	0.000249149	0.00448158	176.814	0.000764016	1.95504e-05	0.000764254	1.47	-1.756548e-11
0.9025	361			0.000600461	-7.35526e-05	0.000604872	-6.972	-0.00456288	0.000254633	0.00456956	176.808	0.00069559	2.47956e-05	0.000696067	2.046	-1.253965e-11
0.905	362			0.000524525	-7.093e-05	0.000529412	-7.698	-0.00460199	0.000254633	0.00460866	176.826	0.000665072	2.63454e-05	0.000665549	2.274	-2.041345e-11
0.9075	363			0.000494961	-7.093e-05	0.000499967	-8.154	-0.00460866	0.000254156	0.00461534	176.838	0.000742797	2.31267e-05	0.000743154	1.788	-2.007836e-11
0.91	364			0.000445368	-6.89034e-05	0.000450613	-8.778	-0.00460723	0.000253202	0.00461391	176.85	0.000885848	1.56165e-05	0.000885967	1.02	-1.970144e-11
0.9125	365			0.000444295	-6.85458e-05	0.00044954	-8.766	-0.0046058	0.000253679	0.004612	176.844	0.000955585	1.29939e-05	0.000955705	0.78	-1.915702e-11
0.915	366			0.000430228	-6.79498e-05	0.000435473	-8.964	-0.00460771	0.000253202	0.00461438	176.85	0.000981577	1.03713e-05	0.000981577	0.612	-1.459187e-11
0.9175	367			0.00046456	-6.87842e-05	0.000469686	-8.412	-0.00460818	0.000253679	0.00461438	176.844	0.00100721	9.65601e-06	0.00100721	0.552	-1.764929e-11
0.92	368			0.00046456	-6.8665e-05	0.000469686	-8.4	-0.00460818	0.000253202	0.00461486	176.85	0.00101651	8.34471e-06	0.00101651	0.474	-1.848687e-11
0.9225	369			0.000444653	-6.71153e-05	0.000449659	-8.568	-0.00461343	0.000252249	0.00461963	176.868	0.00101817	8.34471e-06	0.00101829	0.474	-1.651843e-11
0.925	370			0.000439765	-6.66385e-05	0.000444772	-8.61	-0.00461248	0.000252249	0.00461915	176.862	0.00101996	8.94075e-06	0.00101996	0.504	-2.489483e-11
0.9275	371			0.000471832	-6.78306e-05	0.000476601	-8.178	-0.00461343	0.000253679	0.00461963	176.85	0.00101686	1.12057e-05	0.00101698	0.636	-1.735606e-11
0.93	372			0.000508908	-6.94995e-05	0.000513677	-7.77	-0.00461629	0.000255587	0.00462297	176.826	0.00101639	1.15634e-05	0.00101651	0.66	-2.192121e-11
0.9325	373			0.000548009	-7.11684e-05	0.000552539	-7.398	-0.00461915	0.000257017	0.00462583	176.814	0.00100983	1.29939e-05	0.00100983	0.738	-2.003651e-11
0.935	374			0.00053275	-6.98571e-05	0.00053728	-7.464	-0.0046244	0.00025654	0.0046306	176.82	0.00100554	1.1921e-05	0.00100566	0.684	-1.496879e-11
0.9375	375			0.000473978	-6.64e-05	0.000478627	-7.962	-0.00463441	0.000257017	0.00464109	176.82	0.000998504	1.26362e-05	0.000998624	0.726	-2.234003e-11
0.94	376			0.000602726	-7.47447e-05	0.000607256	-7.068	-0.00464061	0.000257494	0.00464728	176.82	0.000989445	1.31131e-05	0.000989445	0.762	-1.831936e-11
0.9425	377			0.000688199	-8.07052e-05	0.000692848	-6.684	-0.00463918	0.00025654	0.00464538	176.826	0.000973705	1.39475e-05	0.000973824	0.822	-2.254943e-11
0.945	378			0.000741128	-8.41622e-05	0.000745896	-6.474	-0.00465539	0.000257017	0.00466159	176.838	0.000947956	1.38283e-05	0.000948075	0.84	-1.882194e-11
0.9475	379			0.000754241	-8.45199e-05	0.000759009	-6.39	-0.00466588	0.000257017	0.00467256	176.844	0.000930432	1.44244e-05	0.000930551	0.894	-1.739796e-11
0.95	380			0.000815634	-8.88114e-05	0.000820402	-6.21	-0.0046778	0.000257971	0.004684	176.844	0.000919227	1.59742e-05	0.000919346	1.002	-1.492688e-11
0.9525	381			0.000892762	-9.47719e-05	0.000897769	-6.054	-0.00469115	0.000258448	0.00469735	176.844	0.000910047	1.6451e-05	0.000910167	1.044	-1.60996e-11
0.955	382			0.000853423	-9.05995e-05	0.000858191	-6.054	-0.00468257	0.000257971	0.00468925	176.844	0.000900749	1.75239e-05	0.000900988	1.116	-2.460161e-11
0.9575	383			0.000910405	-9.63216e-05	0.000915531	-6.036	-0.00467685	0.000259401	0.004684	176.82	0.000900034	1.81199e-05	0.000900272	1.152	-1.991089e-11
0.96	384			0.00087202	-9.3699e-05	0.000877026	-6.126	-0.00467589	0.000260355	0.00468305	176.808	0.00091565	1.72855e-05	0.000915769	1.086	-1.718858e-11
0.9625	385			0.000961069	-9.91826e-05	0.000966076	-5.886	-0.0046964	0.000263216	0.00470307	176.79	0.000919942	1.81199e-05	0.00092018	1.134	-1.706286e-11
0.965	386			0.000969771	-0.000100375	0.000975017	-5.904	-0.00473502	0.000267984	0.00474218	176.754	0.000905875	1.94312e-05	0.000906114	1.23	-1.949207e-11
0.9675	387			0.000943307	-9.89442e-05	0.000948552	-5.988	-0.004756	0.000269892	0.00476316	176.748	0.000896815	2.14578e-05	0.000897054	1.368	-2.053912e-11
0.97	388			0.000955585	-0.000101567	0.000961069	-6.06	-0.00477889	0.000271322	0.00478604	176.748	0.000875477	2.0981e-05	0.000875715	1.38	-2.112545e-11
0.9725	389			0.000996597	-0.000103951	0.00100196	-5.952	-0.00480273	0.00027323	0.00480989	176.742	0.000854734	2.39612e-05	0.000855092	1.614	-2.133484e-11
0.975	390			0.000945572	-0.000100852	0.000950936	-6.084	-0.00482848	0.000273706	0.00483564	176.754	0.000831608	2.50341e-05	0.000831965	1.728	-1.760735e-11
0.9775	391			0.00088251	-9.70368e-05	0.000887875	-6.27	-0.00485995	0.000276567	0.00486758	176.742	0.000803236	2.50341e-05	0.000803594	1.788	-1.743984e-11
0.98	392			0.000806216	-9.1434e-05	0.000811342	-6.468	-0.00489905	0.000277998	0.00490668	176.748	0.000763062	2.84911e-05	0.000763539	2.142	-2.028781e-11
0.9825	393			0.000734571	-8.75001e-05	0.000739817	-6.792	-0.00494674	0.000278952	0.00495437	176.766	0.000713829	3.17099e-05	0.000714544	2.544	-2.125109e-11
0.985	394			0.000671748	-8.46391e-05	0.000677112	-7.176	-0.00499108	0.000280859	0.00499871	176.772	0.000663165	3.3498e-05	0.000663999	2.892	-1.676971e-11
0.9875	395			0.000607852	-8.02283e-05	0.000613216	-7.518	-0.00502446	0.000283243	0.00503209	176.766	0.000621919	3.55246e-05	0.000622872	3.27	-1.752356e-11
0.99	396			0.00062931	-8.29701e-05	0.000634674	-7.5	-0.00504449	0.000284197	0.00505212	176.772	0.000594143	3.55246e-05	0.000595216	3.42	-2.095787e-11
0.9925	397			0.000592593	-8.02283e-05	0.000597958	-7.698	-0.00505307	0.00028372	0.00506023	176.784	0.00057948	3.75512e-05	0.000580672	3.72	-2.171181e-11
0.995	398			0.000539426	-7.72481e-05	0.000544909	-8.142	-0.00505641	0.00028372	0.00506404	176.784	0.000573281	3.71935e-05	0.000574473	3.714	-2.049722e-11
0.9975	399			0.000503544	-7.42679e-05	0.000509027	-8.388	-0.00505736	0.000283243	0.00506499	176.79	0.000576261	3.65975e-05	0.000577334	3.636	-1.781679e-11
1.0	400			0.000522736	-7.46255e-05	0.000527982	-8.112	-0.0050588	0.000282766	0.00506595	176.796	0.000586156	3.45709e-05	0.000587229	3.384	-2.053907e-11
