variable x	variable x count			lockin1 x	lockin1 y	lockin1 r	lockin1 phi	lockin2 x	lockin2 y	lockin2 r	lockin2 phi	lockin3 x	lockin3 y	lockin3 r	lockin3 phi	lockin4 x	lockin4 y	lockin4 r	lockin4 phi	smu1 meas	


0.0	0			1.47801e-05	-6.5193e-08	1.47801e-05	-0.252	1.61977e-05	2.93927e-06	1.64622e-05	10.284	6.68134e-06	1.1772e-06	6.78378e-06	10.002	5.85432e-06	-2.23146e-06	6.2641e-06	-20.85	-1.857064e-11
0.002	1			1.56594e-05	-7.45064e-09	1.56594e-05	-0.024	1.45287e-05	2.01167e-06	1.46665e-05	7.89	1.71644e-05	5.53209e-07	1.71737e-05	1.848	1.68422e-05	-1.93717e-06	1.69539e-05	-6.558	-1.626714e-11
0.004	2			1.56855e-05	-1.01515e-06	1.5719e-05	-3.696	1.60151e-05	2.68967e-06	1.62387e-05	9.534	2.88823e-05	7.73001e-07	2.88935e-05	1.536	2.8819e-05	-3.11063e-06	2.89866e-05	-6.156	-1.844501e-11
0.006	3			1.5175e-05	-2.57047e-07	1.51769e-05	-0.966	1.46591e-05	2.85731e-06	1.49347e-05	11.04	3.94995e-05	7.82316e-08	3.94995e-05	0.114	3.84601e-05	-3.89855e-06	3.86576e-05	-5.784	-2.305202e-11
0.008	4			1.37166e-05	-5.43896e-07	1.37278e-05	-2.268	1.49534e-05	2.0899e-06	1.51024e-05	7.956	4.9934e-05	-7.30161e-07	4.99377e-05	-0.84	4.97701e-05	-4.87271e-06	5.00048e-05	-5.586	-2.28426e-11
0.01	5			1.42977e-05	-6.55655e-07	1.43126e-05	-2.622	1.45957e-05	2.89457e-06	1.48826e-05	11.22	6.17397e-05	-6.51929e-07	6.17434e-05	-0.606	5.99998e-05	-4.20961e-06	6.0145e-05	-4.008	-2.397345e-11
0.012	6			1.4037e-05	1.24798e-07	1.4037e-05	0.51	1.43462e-05	3.69178e-06	1.48155e-05	14.436	7.25207e-05	-1.71737e-06	7.2543e-05	-1.356	7.21035e-05	-5.55816e-06	7.23158e-05	-4.404	-2.288449e-11
0.014	7			1.30404e-05	-4.9733e-07	1.30498e-05	-2.178	1.51024e-05	2.26127e-06	1.52738e-05	8.52	8.25603e-05	-2.78281e-06	8.26088e-05	-1.926	8.20574e-05	-5.78168e-06	8.22623e-05	-4.026	-1.40474e-11
0.016	8			1.28411e-05	-5.58796e-09	1.28411e-05	-0.024	1.48193e-05	3.10691e-06	1.51396e-05	11.85	9.20449e-05	-1.90736e-06	9.20673e-05	-1.188	9.0756e-05	-5.92324e-06	9.09497e-05	-3.732	-2.24238e-11
0.018	9			1.40351e-05	-5.2527e-07	1.40444e-05	-2.142	1.4864e-05	2.08618e-06	1.50093e-05	7.992	0.000103243	-3.46453e-06	0.000103303	-1.92	0.000100956	-5.83383e-06	0.000101127	-3.306	-1.961766e-11
0.02	10			1.32844e-05	-1.28337e-06	1.33478e-05	-5.508	1.46404e-05	2.29852e-06	1.48193e-05	8.928	0.000111558	-2.65987e-06	0.000111595	-1.362	0.000109748	-6.50439e-06	0.000109941	-3.39	-2.041346e-11
0.022	11			1.3562e-05	-1.00025e-06	1.35992e-05	-4.218	1.53297e-05	2.79771e-06	1.5583e-05	10.35	0.000121974	-3.25592e-06	0.000122019	-1.53	0.000121363	-7.50276e-06	0.000121601	-3.534	-1.869628e-11
0.024	12			1.3331e-05	-2.28175e-06	1.35229e-05	-9.708	1.54824e-05	3.03985e-06	1.57767e-05	11.106	0.0001328	-2.89084e-06	0.00013283	-1.242	0.000129358	-8.03923e-06	0.000129604	-3.552	-2.359643e-11
0.026	13			1.3778e-05	-1.10642e-06	1.38227e-05	-4.584	1.60859e-05	2.69712e-06	1.63094e-05	9.528	0.000142516	-4.61939e-06	0.00014259	-1.854	0.000139014	-8.35961e-06	0.000139267	-3.438	-1.785866e-11
0.028	14			1.37818e-05	-9.83484e-07	1.38172e-05	-4.074	1.55793e-05	2.62634e-06	1.57991e-05	9.582	0.000151769	-5.01427e-06	0.000151851	-1.89	0.000150033	-8.78429e-06	0.000150294	-3.348	-2.053911e-11
0.03	15			1.46591e-05	-4.2841e-07	1.46647e-05	-1.674	1.69316e-05	2.753e-06	1.71551e-05	9.246	0.000163444	-5.3868e-06	0.000163526	-1.89	0.000160166	-9.21643e-06	0.000160427	-3.294	-1.676974e-11
0.032	16			1.37725e-05	-1.0077e-06	1.38078e-05	-4.182	1.66857e-05	2.04892e-06	1.68124e-05	7.002	0.000173391	-5.42405e-06	0.000173473	-1.788	0.00017056	-9.507e-06	0.00017082	-3.186	-2.079037e-11
0.034	17			1.40109e-05	-1.28523e-06	1.40686e-05	-5.238	1.79299e-05	2.65615e-06	1.81274e-05	8.43	0.000184597	-5.66247e-06	0.000184686	-1.746	0.000180566	-1.03042e-05	0.000180856	-3.264	-2.049722e-11
0.036	18			1.40276e-05	-1.10456e-06	1.40723e-05	-4.494	1.77884e-05	3.79236e-06	1.8187e-05	12.036	0.000195147	-5.81148e-06	0.000195236	-1.698	0.000191719	-1.08779e-05	0.000192017	-3.246	-2.158614e-11
0.038	19			1.33608e-05	-1.55345e-06	1.34502e-05	-6.63	1.83136e-05	3.46826e-06	1.86415e-05	10.728	0.000206531	-6.28832e-06	0.00020662	-1.74	0.0002006	-1.1772e-05	0.000200958	-3.36	-2.037157e-11
0.04	20			1.37482e-05	-1.32807e-06	1.38116e-05	-5.508	1.77623e-05	2.9877e-06	1.80156e-05	9.552	0.000216008	-7.65926e-06	0.000216127	-2.028	0.000211031	-1.19508e-05	0.000211359	-3.24	-1.999461e-11
0.042	21			1.34074e-05	-1.47336e-06	1.34875e-05	-6.27	1.85595e-05	2.66732e-06	1.87495e-05	8.184	0.00022784	-6.28832e-06	0.000227929	-1.572	0.000221998	-1.22786e-05	0.000222326	-3.156	-2.426656e-11
0.044	22			1.36179e-05	-6.55655e-07	1.36328e-05	-2.754	2.01837e-05	3.02868e-06	2.0411e-05	8.538	0.000239135	-7.62945e-06	0.000239254	-1.824	0.000232548	-1.24872e-05	0.000232876	-3.072	-1.626712e-11
0.046	23			1.37445e-05	-1.6857e-06	1.38488e-05	-6.99	2.02024e-05	3.25592e-06	2.04631e-05	9.156	0.000249149	-7.86787e-06	0.000249268	-1.806	0.000243396	-1.29939e-05	0.000243724	-3.048	-1.526197e-11
0.048	24			1.3182e-05	-9.61132e-07	1.32174e-05	-4.164	2.04184e-05	3.16651e-06	2.06606e-05	8.814	0.00025964	-9.11957e-06	0.000259819	-2.01	0.000251474	-1.39773e-05	0.000251861	-3.18	-1.869631e-11
0.05	25			1.27778e-05	-1.33925e-06	1.28486e-05	-5.976	2.17446e-05	3.06965e-06	2.19607e-05	8.034	0.000271114	-9.20898e-06	0.000271263	-1.944	0.000263305	-1.48118e-05	0.000263723	-3.216	-2.062284e-11
0.052	26			1.23662e-05	-1.96138e-06	1.25226e-05	-9.006	2.29256e-05	3.10318e-06	2.31379e-05	7.716	0.000282707	-9.4772e-06	0.000282856	-1.914	0.000271888	-1.44244e-05	0.000272276	-3.03	-2.166986e-11
0.054	27			1.32602e-05	-1.55159e-06	1.33496e-05	-6.666	2.45908e-05	2.96535e-06	2.47658e-05	6.876	0.000293704	-9.41759e-06	0.000293883	-1.836	0.000283988	-1.52589e-05	0.000284405	-3.072	-1.940828e-11
0.056	28			1.2992e-05	-1.55345e-06	1.30833e-05	-6.81	2.37898e-05	3.71785e-06	2.40804e-05	8.886	0.000304939	-1.01925e-05	0.000305088	-1.914	0.000294151	-1.61828e-05	0.000294598	-3.144	-2.388962e-11
0.058	29			1.25077e-05	-1.76021e-06	1.26307e-05	-8.01	2.42518e-05	2.98397e-06	2.44343e-05	7.02	0.000315072	-1.02223e-05	0.000315221	-1.854	0.000302644	-1.6153e-05	0.000303091	-3.054	-1.886382e-11
0.06	30			1.27145e-05	-1.87755e-06	1.28542e-05	-8.394	2.60585e-05	2.65987e-06	2.61926e-05	5.826	0.000326665	-1.18316e-05	0.000326874	-2.07	0.000312628	-1.66596e-05	0.000313075	-3.048	-1.752362e-11
0.062	31			1.27983e-05	-1.27033e-06	1.28616e-05	-5.664	2.79025e-05	2.37675e-06	2.80031e-05	4.878	0.000337513	-1.30237e-05	0.000337752	-2.208	0.000324192	-1.76133e-05	0.000324668	-3.108	-1.660221e-11
0.064	32			1.33794e-05	-1.82912e-06	1.35061e-05	-7.782	2.62187e-05	3.63962e-06	2.6472e-05	7.908	0.000348063	-1.15336e-05	0.000348242	-1.896	0.000332804	-1.81199e-05	0.000333311	-3.114	-2.292636e-11
0.066	33			1.30553e-05	-2.46057e-06	1.32844e-05	-10.668	2.82266e-05	3.60982e-06	2.84576e-05	7.29	0.000359805	-1.20998e-05	0.000359984	-1.926	0.000344576	-1.91332e-05	0.000345083	-3.174	-1.991083e-11
0.068	34			1.24556e-05	-1.30013e-06	1.25226e-05	-5.952	2.86513e-05	3.62472e-06	2.88786e-05	7.212	0.000371339	-1.27853e-05	0.000371577	-1.974	0.000353845	-1.93418e-05	0.000354381	-3.126	-2.041346e-11
0.07	35			1.22004e-05	-1.51061e-06	1.22935e-05	-7.056	3.04097e-05	2.93927e-06	3.05551e-05	5.52	0.000381293	-1.32621e-05	0.000381531	-1.986	0.000363233	-1.95206e-05	0.000363739	-3.078	-2.171175e-11
0.072	36			1.17776e-05	-1.76952e-06	1.19079e-05	-8.538	3.14715e-05	3.282e-06	3.16391e-05	5.958	0.000393005	-1.4335e-05	0.000393273	-2.088	0.000373097	-1.98783e-05	0.000373634	-3.048	-1.928262e-11
0.074	37			1.34335e-05	-2.11598e-06	1.35992e-05	-8.946	3.12368e-05	3.26337e-06	3.14082e-05	5.97	0.000402989	-1.39475e-05	0.000403197	-1.98	0.00038469	-2.19644e-05	0.000385316	-3.264	-2.309388e-11
0.076	38			1.30777e-05	-2.03216e-06	1.32342e-05	-8.832	3.41872e-05	3.23357e-06	3.434e-05	5.406	0.000415565	-1.44542e-05	0.000415804	-1.986	0.000393899	-2.05637e-05	0.000394436	-2.988	-2.242376e-11
0.078	39			1.22581e-05	-1.7304e-06	1.23811e-05	-8.034	3.42729e-05	3.69923e-06	3.44741e-05	6.162	0.000426205	-1.4484e-05	0.000426473	-1.944	0.000404032	-2.16664e-05	0.000404598	-3.066	-1.873816e-11
0.08	40			1.23457e-05	-1.79932e-06	1.24761e-05	-8.286	3.47125e-05	3.52041e-06	3.48913e-05	5.796	0.000437113	-1.46926e-05	0.000437381	-1.926	0.000413956	-2.16068e-05	0.000414522	-2.982	-1.857062e-11
0.082	41			1.26456e-05	-2.13833e-06	1.28244e-05	-9.588	3.59158e-05	3.41611e-06	3.60797e-05	5.436	0.000448586	-1.49906e-05	0.000448855	-1.908	0.000424804	-2.2173e-05	0.00042537	-2.988	-2.405712e-11
0.084	42			1.30777e-05	-2.47174e-06	1.33105e-05	-10.692	3.73202e-05	3.78118e-06	3.75102e-05	5.79	0.000459434	-1.49012e-05	0.000459673	-1.854	0.000434699	-2.30969e-05	0.000435324	-3.042	-2.288453e-11
0.086	43			1.21445e-05	-2.67105e-06	1.24351e-05	-12.396	3.79572e-05	3.54649e-06	3.81249e-05	5.346	0.000470938	-1.71066e-05	0.000471236	-2.076	0.000444802	-2.4289e-05	0.000445457	-3.12	-2.129294e-11
0.088	44			1.18744e-05	-2.20352e-06	1.20774e-05	-10.512	3.91493e-05	2.96535e-06	3.92648e-05	4.332	0.000482561	-1.6749e-05	0.000482859	-1.98	0.000455799	-2.42592e-05	0.000456395	-3.042	-2.183745e-11
0.09	45			1.17589e-05	-1.66521e-06	1.18744e-05	-8.058	4.09039e-05	4.1053e-06	4.11088e-05	5.73	0.000493769	-1.78815e-05	0.000494067	-2.07	0.000466647	-2.49149e-05	0.000467362	-3.048	-1.522008e-11
0.092	46			1.31932e-05	-3.24661e-06	1.35862e-05	-13.824	4.3791e-05	3.49806e-06	4.39289e-05	4.572	0.000505988	-1.77027e-05	0.000506286	-1.998	0.000476303	-2.58089e-05	0.000476958	-3.096	-1.752359e-11
0.094	47			1.33273e-05	-2.3991e-06	1.35396e-05	-10.2	4.32285e-05	3.21867e-06	4.33514e-05	4.26	0.00051761	-1.87756e-05	0.000517968	-2.07	0.000485959	-2.57493e-05	0.000486614	-3.03	-1.898946e-11
0.096	48			1.22935e-05	-3.11622e-06	1.26828e-05	-14.22	4.5229e-05	3.57629e-06	4.53705e-05	4.524	0.000528816	-1.87756e-05	0.000529114	-2.028	0.000497703	-2.6405e-05	0.000498418	-3.036	-1.643464e-11
0.098	49			1.13398e-05	-2.21842e-06	1.15559e-05	-11.07	4.57282e-05	3.13298e-06	4.58362e-05	3.924	0.000540379	-1.93716e-05	0.000540677	-2.052	0.000505988	-2.62262e-05	0.000506643	-2.964	-1.953391e-11
0.1	50			1.21594e-05	-2.80702e-06	1.24779e-05	-12.996	4.57691e-05	3.44218e-06	4.58995e-05	4.302	0.000549857	-1.99677e-05	0.000550214	-2.076	0.000515763	-2.74183e-05	0.000516478	-3.042	-1.903136e-11
0.102	51			1.29007e-05	-2.34136e-06	1.31094e-05	-10.278	4.62087e-05	3.11063e-06	4.6313e-05	3.852	0.000561956	-1.99081e-05	0.000562314	-2.022	0.000527386	-2.80739e-05	0.00052816	-3.048	-1.760741e-11
0.104	52			1.23904e-05	-1.98373e-06	1.25487e-05	-9.096	5.02805e-05	3.65452e-06	5.04146e-05	4.158	0.000575248	-2.02657e-05	0.000575665	-2.016	0.000537042	-2.77163e-05	0.000537757	-2.946	-1.86963e-11
0.106	53			1.25543e-05	-1.80491e-06	1.26828e-05	-8.172	5.40579e-05	3.58374e-06	5.41809e-05	3.798	0.00058699	-2.1279e-05	0.000587407	-2.076	0.000545863	-2.83719e-05	0.000546578	-2.976	-1.459185e-11
0.108	54			1.23121e-05	-3.05662e-06	1.26847e-05	-13.938	5.26311e-05	3.22612e-06	5.27317e-05	3.51	0.000595931	-2.24711e-05	0.000596348	-2.154	0.000555161	-2.93852e-05	0.000555877	-3.024	-2.083227e-11
0.11	55			1.02372e-05	-2.5537e-06	1.05501e-05	-14.004	5.01464e-05	3.61727e-06	5.02768e-05	4.122	0.000605706	-2.18154e-05	0.000606123	-2.058	0.000565354	-2.97428e-05	0.000566129	-3.006	-2.066477e-11
0.112	56			9.53121e-06	-2.26499e-06	9.79757e-06	-13.368	5.46949e-05	2.85731e-06	5.47695e-05	2.994	0.00062168	-2.30671e-05	0.000622157	-2.124	0.000576977	-2.97428e-05	0.000577752	-2.946	-1.995273e-11
0.114	57			1.31876e-05	-2.35812e-06	1.33943e-05	-10.134	5.50116e-05	3.59119e-06	5.51308e-05	3.738	0.000631336	-2.30075e-05	0.000631753	-2.088	0.000587706	-3.10543e-05	0.00058854	-3.024	-2.17118e-11
0.116	58			1.20309e-05	-3.1721e-06	1.24425e-05	-14.766	6.03425e-05	3.15534e-06	6.04244e-05	2.994	0.000643674	-2.43188e-05	0.000644151	-2.16	0.000595752	-3.16503e-05	0.000596587	-3.036	-2.112545e-11
0.118	59			9.40083e-06	-2.63566e-06	9.76218e-06	-15.654	6.01339e-05	4.29156e-06	6.02903e-05	4.086	0.00065643	-2.32459e-05	0.000656847	-2.028	0.000605468	-3.17695e-05	0.000606302	-3.0	-1.844501e-11
0.12	60			1.13119e-05	-3.67501e-06	1.1893e-05	-17.988	5.44304e-05	2.68967e-06	5.44975e-05	2.832	0.000662986	-2.39612e-05	0.000663403	-2.07	0.000617985	-3.26636e-05	0.000618819	-3.024	-2.095786e-11
0.122	61			1.33739e-05	-2.6934e-06	1.36421e-05	-11.388	7.16937e-05	3.09946e-06	7.1757e-05	2.478	0.00068504	-2.45572e-05	0.000685517	-2.046	0.000626091	-3.30212e-05	0.000626925	-3.018	-2.317765e-11
0.124	62			9.40642e-06	-3.48502e-06	1.00304e-05	-20.316	5.70531e-05	4.02707e-06	5.71946e-05	4.038	0.000684503	-2.43188e-05	0.000684921	-2.034	0.000636581	-3.33788e-05	0.000637475	-3.0	-1.65603e-11
0.126	63			1.16621e-05	-3.30993e-06	1.21222e-05	-15.846	6.87358e-05	3.3416e-06	6.8814e-05	2.784	0.000707451	-2.65242e-05	0.000707928	-2.142	0.000649516	-3.38557e-05	0.00065035	-2.976	-1.815181e-11
0.128	64			1.14032e-05	-3.04171e-06	1.18018e-05	-14.934	6.60759e-05	2.7232e-06	6.61318e-05	2.358	0.000710551	-2.58089e-05	0.000710968	-2.076	0.000655536	-3.43325e-05	0.000656489	-2.994	-1.836126e-11
0.13	65			9.28162e-06	-2.53694e-06	9.62248e-06	-15.282	6.98497e-05	3.79981e-06	6.9954e-05	3.114	0.000730399	-2.62858e-05	0.000730876	-2.058	0.000668529	-3.4869e-05	0.000669423	-2.988	-1.945017e-11
0.132	66			1.41301e-05	-4.38656e-06	1.4795e-05	-17.244	7.12168e-05	3.20376e-06	7.12876e-05	2.58	0.000734273	-2.68222e-05	0.00073475	-2.088	0.000676636	-3.52862e-05	0.000677589	-2.982	-1.806807e-11
0.134	67			7.44688e-06	-2.77349e-06	7.94797e-06	-20.424	7.43126e-05	3.22239e-06	7.43833e-05	2.484	0.000754718	-2.77163e-05	0.000755254	-2.1	0.000687722	-3.6061e-05	0.000688676	-3.0	-1.790051e-11
0.136	68			1.52458e-05	-2.42518e-06	1.54377e-05	-9.036	7.489e-05	2.87966e-06	7.49459e-05	2.202	0.000759963	-2.85507e-05	0.000760499	-2.148	0.00069863	-3.60014e-05	0.000699583	-2.952	-1.831936e-11
0.138	69			7.17121e-06	-2.53135e-06	7.60335e-06	-19.434	7.62683e-05	3.90413e-06	7.63689e-05	2.934	0.000776712	-2.83719e-05	0.000777248	-2.088	0.00070757	-3.69551e-05	0.000708584	-2.982	-2.041341e-11
0.14	70			1.54228e-05	-3.25033e-06	1.57618e-05	-11.898	8.16216e-05	2.94299e-06	8.167e-05	2.07	0.000787202	-2.97428e-05	0.000787739	-2.16	0.000719789	-3.71935e-05	0.000720743	-2.958	-1.903134e-11
0.142	71			6.84339e-06	-3.42542e-06	7.6518e-06	-26.58	7.43386e-05	3.54649e-06	7.44206e-05	2.736	0.000795249	-2.9862e-05	0.000795845	-2.148	0.000728194	-3.78492e-05	0.000729147	-2.976	-1.810993e-11
0.144	72			1.6736e-05	-3.63217e-06	1.71253e-05	-12.246	9.16873e-05	3.34533e-06	9.17469e-05	2.088	0.000815336	-2.99813e-05	0.000815872	-2.106	0.000739221	-3.82068e-05	0.000740174	-2.958	-2.376406e-11
0.146	73			6.73722e-06	-3.06034e-06	7.39846e-06	-24.426	7.40592e-05	3.30807e-06	7.41337e-05	2.562	0.000816111	-2.96832e-05	0.000816647	-2.082	0.000749115	-3.8326e-05	0.000750069	-2.928	-2.125106e-11
0.148	74			1.51359e-05	-3.85943e-06	1.56184e-05	-14.298	9.84822e-05	2.71203e-06	9.85195e-05	1.578	0.000839893	-3.14119e-05	0.000840548	-2.136	0.000756565	-3.98161e-05	0.000757638	-3.006	-1.848689e-11
0.15	75			7.37797e-06	-4.32695e-06	8.55146e-06	-30.39	8.34693e-05	3.01005e-06	8.35215e-05	2.07	0.000846211	-3.05178e-05	0.000846747	-2.064	0.000770751	-4.04122e-05	0.000771824	-3.0	-1.819368e-11
0.152	76			1.11741e-05	-3.29131e-06	1.1649e-05	-16.404	9.16501e-05	2.77163e-06	9.16948e-05	1.734	0.00085533	-3.13523e-05	0.000855926	-2.094	0.000774506	-4.07698e-05	0.000775579	-3.012	-1.559703e-11
0.154	77			1.11964e-05	-3.20376e-06	1.16453e-05	-15.966	9.38256e-05	3.6061e-06	9.38927e-05	2.202	0.000876728	-3.23656e-05	0.000877324	-2.112	0.000792984	-4.20811e-05	0.000794057	-3.036	-2.355455e-11
0.156	78			7.73004e-06	-2.73438e-06	8.19942e-06	-19.47	8.81408e-05	3.29317e-06	8.82004e-05	2.142	0.000877801	-3.23656e-05	0.000878397	-2.112	0.000797335	-4.16043e-05	0.000798408	-2.982	-2.254944e-11
0.158	79			1.83975e-05	-3.88923e-06	1.88035e-05	-11.934	9.83109e-05	2.4289e-06	9.83481e-05	1.416	0.000894193	-3.36769e-05	0.000894789	-2.154	0.000811342	-4.16639e-05	0.000812415	-2.94	-1.668595e-11
0.16	80			6.02755e-06	-3.07897e-06	6.76702e-06	-27.048	9.65078e-05	2.84614e-06	9.65451e-05	1.692	0.000911716	-3.42133e-05	0.000912312	-2.148	0.000821296	-4.26772e-05	0.000822429	-2.976	-2.066474e-11
0.162	81			1.01682e-05	-4.11275e-06	1.09692e-05	-22.014	0.000103154	2.92809e-06	0.000103191	1.626	0.000916246	-3.38557e-05	0.000916842	-2.112	0.000822905	-4.26772e-05	0.000824038	-2.97	-2.087414e-11
0.164	82			1.38544e-05	-3.67501e-06	1.43331e-05	-14.844	9.24696e-05	4.11275e-06	9.2559e-05	2.544	0.00092471	-3.40941e-05	0.000925306	-2.112	0.000844244	-4.35712e-05	0.000845376	-2.952	-2.045535e-11
0.166	83			4.03824e-06	-3.15347e-06	5.12417e-06	-37.974	0.000109248	3.03985e-06	0.000109293	1.596	0.000953678	-3.54054e-05	0.000954393	-2.124	0.00084943	-4.46441e-05	0.000850562	-3.006	-2.024591e-11
0.168	84			1.54955e-05	-2.94672e-06	1.5773e-05	-10.764	0.000116975	2.77163e-06	0.000117012	1.356	0.000956181	-3.64783e-05	0.000956777	-2.178	0.000854556	-4.48229e-05	0.000855748	-3.0	-2.032973e-11
0.17	85			1.13007e-05	-4.26921e-06	1.20793e-05	-20.688	8.94298e-05	4.34372e-06	8.95415e-05	2.784	0.000953916	-3.50478e-05	0.000954513	-2.094	0.00087494	-4.54786e-05	0.000876073	-2.976	-2.146048e-11
0.172	86			4.20216e-06	-3.89668e-06	5.73139e-06	-42.834	0.00011275	3.30062e-06	0.000112795	1.68	0.000986703	-3.64783e-05	0.000987299	-2.118	0.000878338	-4.58958e-05	0.00087953	-2.988	-1.73142e-11
0.174	87			1.55793e-05	-4.83359e-06	1.63094e-05	-17.232	0.000134856	1.41562e-06	0.000134864	0.606	0.00100435	-3.79088e-05	0.00100506	-2.154	0.000883941	-4.64323e-05	0.000885133	-3.006	-2.07066e-11
0.176	88			1.13696e-05	-3.97678e-06	1.20458e-05	-19.272	9.57404e-05	3.76256e-06	9.58149e-05	2.25	0.000994094	-3.69551e-05	0.000994809	-2.13	0.000910047	-4.79224e-05	0.00091124	-3.012	-1.718854e-11
0.178	89			3.41424e-06	-3.05662e-06	4.58027e-06	-41.814	9.58149e-05	3.94139e-06	9.58894e-05	2.358	0.00100077	-3.77896e-05	0.0010016	-2.16	0.000909451	-4.66111e-05	0.000910643	-2.934	-2.14605e-11
0.18	90			1.14013e-05	-3.2317e-06	1.18502e-05	-15.822	0.000142635	2.10108e-06	0.00014265	0.846	0.00104392	-3.85048e-05	0.00104464	-2.112	0.000911836	-4.74455e-05	0.000913028	-2.97	-2.112539e-11
0.182	91			1.63486e-05	-4.75164e-06	1.70247e-05	-16.2	0.000129052	2.69712e-06	0.000129075	1.2	0.00105203	-3.96969e-05	0.00105286	-2.16	0.000937942	-4.89953e-05	0.000939135	-2.988	-1.685348e-11
0.184	92			3.84639e-06	-3.66197e-06	5.30857e-06	-43.59	0.00010027	4.20961e-06	0.00010036	2.406	0.00103737	-3.88625e-05	0.0010382	-2.142	0.000943068	-4.93529e-05	0.00094438	-2.994	-1.861254e-11
0.186	93			6.15235e-06	-3.57071e-06	7.11161e-06	-30.12	0.000108488	3.29317e-06	0.000108533	1.74	0.00104583	-3.95777e-05	0.00104667	-2.16	0.000943307	-4.86376e-05	0.000944618	-2.946	-1.965959e-11
0.188	94			2.34937e-05	-4.40705e-06	2.39034e-05	-10.626	0.000150547	1.93717e-06	0.000150555	0.738	0.00109077	-4.05314e-05	0.00109149	-2.124	0.000961307	-4.95913e-05	0.000962619	-2.946	-2.397344e-11
0.19	95			8.90909e-06	-4.21147e-06	9.85345e-06	-25.29	0.000141115	2.58537e-06	0.000141145	1.05	0.00111128	-4.17235e-05	0.00111211	-2.148	0.000979073	-5.14986e-05	0.000980385	-3.012	-1.614148e-11
0.192	96			2.96162e-06	-4.17422e-06	5.11672e-06	-54.624	0.00011807	3.24847e-06	0.000118115	1.578	0.00109363	-4.07698e-05	0.00109447	-2.13	0.000979312	-5.16179e-05	0.000980742	-3.012	-2.657013e-11
0.194	97			1.04625e-05	-4.63429e-06	1.14423e-05	-23.886	0.000117958	3.0473e-06	0.000117995	1.482	0.00108779	-4.14851e-05	0.00108863	-2.184	0.000981458	-5.13794e-05	0.000982769	-2.988	-1.911513e-11
0.196	98			2.45926e-05	-4.92486e-06	2.50806e-05	-11.322	0.000130915	2.31715e-06	0.000130937	1.014	0.00111855	-4.23195e-05	0.00111938	-2.166	0.00100852	-5.23331e-05	0.00100983	-2.964	-1.68116e-11
0.198	99			8.17335e-06	-4.25245e-06	9.21456e-06	-27.48	0.000146114	2.29479e-06	0.000146129	0.9	0.00115753	-4.36308e-05	0.00115824	-2.154	0.00101901	-5.31676e-05	0.00102044	-2.982	-1.777488e-11
0.2	100			2.49317e-06	-3.47664e-06	4.27759e-06	-54.354	0.000152559	2.99515e-06	0.000152581	1.128	0.0011679	-4.29156e-05	0.00116874	-2.1	0.00101817	-5.32868e-05	0.0010196	-2.988	-1.978522e-11
0.202	101			9.12423e-06	-4.55885e-06	1.01999e-05	-26.544	0.00013803	3.01005e-06	0.000138068	1.248	0.00114811	-4.32732e-05	0.00114895	-2.16	0.00102032	-5.31676e-05	0.00102163	-2.982	-2.024596e-11
0.204	102			2.8832e-05	-5.31229e-06	2.93182e-05	-10.44	0.000125789	2.65242e-06	0.000125819	1.206	0.00114871	-4.32732e-05	0.00114942	-2.154	0.0010481	-5.43597e-05	0.00104953	-2.964	-1.949206e-11
0.206	103			9.78453e-06	-3.44218e-06	1.03713e-05	-19.38	0.00012067	4.03079e-06	0.000120737	1.914	0.00117315	-4.43461e-05	0.00117398	-2.16	0.00106204	-5.48365e-05	0.00106347	-2.952	-2.125108e-11
0.208	104			9.99316e-07	-3.97864e-06	4.10157e-06	-75.894	0.000156217	2.22029e-06	0.000156232	0.816	0.00121415	-4.6015e-05	0.00121511	-2.166	0.00106049	-5.53133e-05	0.00106192	-2.982	-2.125108e-11
0.21	105			4.54395e-06	-3.97119e-06	6.035e-06	-41.148	0.000182302	1.24425e-06	0.000182309	0.39	0.00123764	-4.66111e-05	0.00123847	-2.154	0.00106097	-5.54326e-05	0.00106252	-2.988	-1.840309e-11
0.212	106			2.18434e-05	-6.56306e-06	2.18434e-05	-15.366	0.000169643	1.58698e-06	0.000169651	0.54	0.00122369	-4.62534e-05	0.00122464	-2.16	0.00107682	-5.72207e-05	0.00107837	-3.036	-1.748171e-11
0.214	107			1.61027e-05	-6.28832e-06	1.72873e-05	-21.33	0.000114367	4.99937e-06	0.000114471	2.508	0.00120557	-4.49421e-05	0.00120652	-2.13	0.00110615	-5.78167e-05	0.0011077	-2.988	-2.037154e-11
0.216	108			3.08642e-06	-4.70321e-06	5.62335e-06	-56.7	0.000121318	4.36607e-06	0.000121408	2.064	0.00122357	-4.70879e-05	0.00122453	-2.196	0.00110734	-5.75783e-05	0.00110877	-2.976	-2.02459e-11
0.218	109			1.99491e-06	-3.76163e-06	4.2571e-06	-62.052	0.000147768	3.09946e-06	0.000147806	1.2	0.00125075	-4.70879e-05	0.0012517	-2.148	0.00110639	-5.69823e-05	0.00110782	-2.94	-2.409906e-11
0.22	110			8.97149e-06	-5.82918e-06	1.06991e-05	-33.012	0.000196368	1.69874e-06	0.000196368	0.498	0.00129569	-4.97105e-05	0.00129665	-2.196	0.00110853	-5.8532e-05	0.00111008	-3.018	-2.03297e-11
0.222	111			3.05756e-05	-6.31812e-06	3.12219e-05	-11.67	0.000201763	1.28151e-06	0.000201763	0.366	0.00131274	-4.89953e-05	0.00131369	-2.136	0.00113846	-5.97241e-05	0.00114001	-3.0	-1.848685e-11
0.224	112			1.38693e-05	-5.18377e-06	1.48044e-05	-20.49	0.000145526	3.84453e-06	0.000145585	1.524	0.00128997	-5.00681e-05	0.00129092	-2.22	0.00115836	-6.16317e-05	0.00116003	-3.042	-1.413114e-11
0.226	113			3.24474e-06	-4.50949e-06	5.55444e-06	-54.258	0.000120074	3.84453e-06	0.000120134	1.836	0.00127412	-4.91145e-05	0.00127507	-2.208	0.00115729	-6.00817e-05	0.00115884	-2.97	-1.547137e-11
0.228	114			1.12132e-06	-5.16049e-06	5.2797e-06	-77.73	0.000138254	2.80143e-06	0.000138284	1.17	0.00129176	-4.83992e-05	0.00129271	-2.142	0.00115646	-5.99625e-05	0.00115801	-2.964	-2.426659e-11
0.23	115			7.30812e-06	-5.85991e-06	9.3673e-06	-38.718	0.000165195	2.02657e-06	0.000165195	0.708	0.00131584	-4.98297e-05	0.00131679	-2.166	0.00115777	-6.10356e-05	0.00115944	-3.012	-2.066474e-11
0.232	116			2.91393e-05	-6.64967e-06	2.98881e-05	-12.852	0.000209094	-2.3842e-07	0.000209094	-0.066	0.00136174	-5.19755e-05	0.00136281	-2.178	0.0011797	-6.1274e-05	0.00118125	-2.97	-1.965964e-11
0.234	117			2.26722e-05	-5.89903e-06	2.34266e-05	-14.58	0.000193329	2.4438e-06	0.000193358	0.732	0.00138737	-5.22139e-05	0.00138844	-2.148	0.00121451	-6.46119e-05	0.0012163	-3.042	-1.924077e-11
0.236	118			5.262e-06	-5.84315e-06	7.86415e-06	-47.988	0.000177504	2.53321e-06	0.000177533	0.822	0.00138391	-5.22139e-05	0.00138498	-2.16	0.00121344	-6.41351e-05	0.00121511	-3.024	-1.417304e-11
0.238	119			1.63727e-06	-5.51718e-06	5.75374e-06	-73.458	0.000145824	3.54649e-06	0.000145883	1.392	0.00135411	-5.10218e-05	0.00135494	-2.154	0.00121165	-6.31814e-05	0.00121332	-2.982	-2.07485e-11
0.24	120			2.32832e-06	-5.50787e-06	5.97912e-06	-67.068	0.000146003	3.75511e-06	0.000146032	1.476	0.00135458	-5.19755e-05	0.00135554	-2.19	0.00121213	-6.42543e-05	0.00121368	-3.03	-2.14605e-11
0.242	121			1.39457e-05	-5.03662e-06	1.48267e-05	-19.848	0.000175894	2.59282e-06	0.000175894	0.852	0.00137735	-5.28099e-05	0.00137842	-2.19	0.00121594	-6.33006e-05	0.00121761	-2.976	-1.601584e-11
0.244	122			3.84322e-05	-6.60311e-06	3.89966e-05	-9.75	0.000185252	1.37091e-06	0.000185252	0.432	0.00140143	-5.36444e-05	0.0014025	-2.19	0.00125063	-6.52079e-05	0.0012523	-2.982	-1.785862e-11
0.246	123			1.97572e-05	-6.83594e-06	2.09046e-05	-19.08	0.000177802	2.74183e-06	0.000177802	0.888	0.00143457	-5.43597e-05	0.00143553	-2.166	0.0012765	-6.74729e-05	0.00127829	-3.024	-1.660218e-11
0.248	124			4.74232e-06	-5.41474e-06	7.19543e-06	-48.774	0.000199527	2.3842e-06	0.000199557	0.69	0.00146843	-5.59094e-05	0.0014695	-2.178	0.00127316	-6.72345e-05	0.00127495	-3.018	-2.146052e-11
0.25	125			7.73933e-07	-4.64919e-06	4.71159e-06	-80.538	0.00020364	1.46032e-06	0.00020364	0.414	0.001472	-5.65054e-05	0.00147308	-2.196	0.00127221	-6.60424e-05	0.001274	-2.964	-2.166992e-11
0.252	126			7.57169e-07	-5.52463e-06	5.57493e-06	-82.194	0.000185163	2.83124e-06	0.000185163	0.882	0.001454	-5.49557e-05	0.00145508	-2.16	0.00127197	-6.73537e-05	0.00127376	-3.03	-1.743983e-11
0.254	127			7.92561e-06	-6.10578e-06	1.00053e-05	-37.608	0.000184209	1.87755e-06	0.000184239	0.588	0.00145019	-5.51941e-05	0.00145126	-2.178	0.001274	-6.71153e-05	0.00127579	-3.012	-1.953393e-11
0.256	128			3.31348e-05	-7.29601e-06	3.39283e-05	-12.414	0.000203551	3.15906e-06	0.000203581	0.894	0.00146819	-5.63862e-05	0.00146926	-2.196	0.00129522	-6.89034e-05	0.001297	-3.042	-2.192121e-11
0.258	129			3.0719e-05	-6.48017e-06	3.1397e-05	-11.91	0.000168473	3.12926e-06	0.000168503	1.068	0.0014782	-5.72207e-05	0.00147928	-2.214	0.00133801	-7.00955e-05	0.0013398	-3.0	-1.924073e-11
0.26	130			1.00844e-05	-6.24175e-06	1.18595e-05	-31.752	0.000155867	3.78491e-06	0.000155927	1.398	0.00148738	-5.75783e-05	0.00148857	-2.214	0.00134302	-7.00955e-05	0.00134481	-2.988	-2.02878e-11
0.262	131			1.01887e-06	-5.95491e-06	6.03872e-06	-80.28	0.000184805	1.75834e-06	0.000184835	0.552	0.00152195	-5.86512e-05	0.00152303	-2.202	0.00133885	-6.99763e-05	0.00134064	-2.988	-1.609962e-11
0.264	132			7.43199e-07	-5.94932e-06	5.99402e-06	-82.878	0.000220896	2.89084e-06	0.000220896	0.756	0.00155855	-5.87704e-05	0.00155974	-2.16	0.00133861	-7.10492e-05	0.00134052	-3.036	-2.020399e-11
0.266	133			6.51929e-07	-5.6159e-06	5.65129e-06	-83.364	0.000232876	2.3246e-06	0.000232876	0.576	0.00156928	-5.94857e-05	0.00157047	-2.166	0.00133909	-7.08108e-05	0.00134087	-3.024	-1.781676e-11
0.268	134			9.05438e-06	-6.93652e-06	1.14032e-05	-37.446	0.000230373	1.69874e-06	0.000230373	0.42	0.00156129	-6.04393e-05	0.00156248	-2.214	0.00134218	-7.23605e-05	0.00134409	-3.084	-1.308412e-11
0.27	135			3.47386e-05	-8.22364e-06	3.56997e-05	-13.314	0.000229658	9.23876e-07	0.000229658	0.234	0.0015663	-5.93665e-05	0.00156749	-2.166	0.00136913	-7.22413e-05	0.00137103	-3.018	-1.815182e-11
0.272	136			3.1274e-05	-7.54747e-06	3.21737e-05	-13.566	0.000191511	3.06965e-06	0.00019154	0.924	0.00157357	-5.99625e-05	0.00157476	-2.178	0.00141109	-7.36718e-05	0.001413	-2.988	-2.020402e-11
0.274	137			1.05017e-05	-6.4839e-06	1.23401e-05	-31.692	0.000165523	3.75511e-06	0.000165553	1.302	0.00157035	-5.98433e-05	0.00157142	-2.178	0.00141645	-7.39102e-05	0.00141836	-2.982	-2.24238e-11
0.276	138			1.61306e-06	-6.53233e-06	6.7279e-06	-76.128	0.000164182	3.99354e-06	0.000164212	1.392	0.00157524	-5.99625e-05	0.00157643	-2.178	0.0014149	-7.42679e-05	0.00141681	-3.006	-1.731415e-11
0.278	139			-4.2841e-07	-6.20077e-06	6.21381e-06	-93.936	0.000173957	3.39748e-06	0.000173987	1.122	0.00158668	-6.16317e-05	0.00158788	-2.22	0.00141335	-7.47447e-05	0.00141538	-3.024	-2.380589e-11
0.28	140			5.51347e-07	-6.21381e-06	6.23803e-06	-84.924	0.00020215	3.15906e-06	0.00020218	0.9	0.00161327	-6.18701e-05	0.00161446	-2.19	0.00141228	-7.51023e-05	0.00141431	-3.042	-2.053911e-11
0.282	141			1.99491e-06	-6.36282e-06	6.66644e-06	-72.576	0.000245811	1.04309e-06	0.000245811	0.246	0.00165594	-6.37774e-05	0.00165714	-2.202	0.00141407	-7.51023e-05	0.00141609	-3.036	-2.22144e-11
0.284	142			1.56054e-05	-6.99054e-06	1.70992e-05	-24.126	0.000275495	8.94074e-08	0.000275495	0.018	0.00167967	-6.49695e-05	0.00168086	-2.214	0.00142051	-7.53407e-05	0.00142241	-3.036	-1.66859e-11
0.286	143			4.52234e-05	-7.50463e-06	4.58418e-05	-9.42	0.000259193	1.28151e-06	0.000259193	0.282	0.0016799	-6.56848e-05	0.00168122	-2.238	0.00146271	-7.77249e-05	0.00146473	-3.036	-2.418284e-11
0.288	144			3.58152e-05	-8.08953e-06	3.67148e-05	-12.726	0.000203819	3.24847e-06	0.000203849	0.912	0.00166953	-6.48503e-05	0.00167073	-2.22	0.00150097	-8.01091e-05	0.001503	-3.054	-1.940826e-11
0.29	145			1.10847e-05	-7.49345e-06	1.33794e-05	-34.056	0.000202836	4.08295e-06	0.000202865	1.152	0.00169135	-6.46119e-05	0.00169254	-2.184	0.00150073	-8.05859e-05	0.00150288	-3.072	-1.957576e-11
0.292	146			2.46057e-06	-6.60124e-06	7.04269e-06	-69.546	0.000206382	3.36768e-06	0.000206412	0.942	0.00169934	-6.60424e-05	0.00170053	-2.22	0.00149728	-7.8917e-05	0.0014993	-3.018	-1.555514e-11
0.294	147			3.42729e-07	-7.2867e-06	7.29415e-06	-87.3	0.000196249	2.65242e-06	0.000196249	0.78	0.00169063	-6.53272e-05	0.00169194	-2.208	0.00149656	-7.90362e-05	0.00149871	-3.024	-2.234004e-11
0.296	148			3.0175e-07	-6.33302e-06	6.33675e-06	-87.258	0.000192911	3.03985e-06	0.000192911	0.912	0.00168646	-6.53272e-05	0.00168765	-2.214	0.00149477	-7.84402e-05	0.0014968	-3.0	-2.401532e-11
0.298	149			1.15485e-06	-6.01824e-06	6.12627e-06	-79.116	0.000196458	2.59282e-06	0.000196488	0.762	0.00169063	-6.61616e-05	0.00169194	-2.238	0.00149573	-7.80826e-05	0.00149787	-2.988	-1.626711e-11
0.3	150			6.72977e-06	-6.52674e-06	9.37475e-06	-44.112	0.000222296	1.75834e-06	0.000222296	0.456	0.00171436	-6.60424e-05	0.00171555	-2.202	0.00149859	-7.85594e-05	0.00150061	-2.994	-2.045536e-11
0.302	151			2.7923e-05	-8.23854e-06	2.91133e-05	-16.434	0.000276329	-2.3842e-07	0.000276329	-0.042	0.00176609	-6.84266e-05	0.0017674	-2.22	0.00151516	-8.04667e-05	0.0015173	-3.042	-2.016214e-11
0.304	152			5.13049e-05	-8.89233e-06	5.20686e-05	-9.828	0.000279041	1.93717e-06	0.000279041	0.402	0.00179768	-6.91419e-05	0.00179899	-2.202	0.00156511	-8.3447e-05	0.00156737	-3.048	-2.020402e-11
0.306	153			3.43884e-05	-7.43571e-06	3.51819e-05	-12.198	0.000237615	2.17558e-06	0.000237645	0.528	0.00180102	-7.1526e-05	0.00180269	-2.274	0.00159705	-8.48775e-05	0.00159932	-3.036	-1.714664e-11
0.308	154			1.14292e-05	-6.95887e-06	1.33813e-05	-31.32	0.000208766	3.42728e-06	0.000208796	0.942	0.00178958	-6.93803e-05	0.00179101	-2.214	0.00159479	-8.42814e-05	0.00159694	-3.024	-2.041343e-11
0.31	155			1.32807e-06	-6.83594e-06	6.9626e-06	-79.002	0.000201852	4.67899e-06	0.000201882	1.326	0.00178886	-6.89034e-05	0.00179005	-2.202	0.0015905	-8.4043e-05	0.00159264	-3.024	-2.09579e-11
0.312	156			-6.78006e-07	-6.5882e-06	6.61987e-06	-95.868	0.000242264	2.62262e-06	0.000242264	0.63	0.00183035	-7.05724e-05	0.00183178	-2.208	0.00158883	-8.44006e-05	0.00159109	-3.042	-2.811968e-11
0.314	157			-6.18402e-07	-6.80986e-06	6.83594e-06	-95.178	0.000274928	1.10269e-06	0.000274928	0.234	0.00186325	-7.1526e-05	0.00186468	-2.196	0.00158978	-8.35662e-05	0.00159193	-3.006	-2.213059e-11
0.316	158			-6.35166e-07	-7.35934e-06	7.38355e-06	-94.932	0.000255765	1.60933e-06	0.000255765	0.366	0.00184251	-7.1526e-05	0.00184394	-2.214	0.00158835	-8.45199e-05	0.00159062	-3.042	-1.919888e-11
0.318	159			1.06172e-06	-6.74653e-06	6.82662e-06	-81.042	0.000233949	2.14578e-06	0.000233949	0.528	0.00182009	-7.1526e-05	0.00182153	-2.244	0.00158907	-8.36854e-05	0.00159133	-3.012	-2.468538e-11
0.32	160			1.09859e-05	-7.19356e-06	1.31298e-05	-33.216	0.000235558	2.02657e-06	0.000235588	0.492	0.00181866	-7.08108e-05	0.00181986	-2.226	0.00159455	-8.41622e-05	0.0015967	-3.018	-2.263316e-11
0.322	161			3.5424e-05	-8.63901e-06	3.64634e-05	-13.704	0.00024599	1.99677e-06	0.00024599	0.468	0.00183154	-7.17645e-05	0.00183273	-2.238	0.00161958	-8.58312e-05	0.00162185	-3.03	-1.81937e-11
0.324	162			5.59168e-05	-9.26113e-06	5.66768e-05	-9.402	0.000231952	2.3544e-06	0.000231982	0.588	0.00185252	-7.29566e-05	0.00185419	-2.25	0.00167347	-8.83345e-05	0.00167573	-3.018	-2.02878e-11
0.326	163			3.89332e-05	-9.45112e-06	4.0062e-05	-13.644	0.000224412	2.83124e-06	0.000224442	0.726	0.00188924	-7.43871e-05	0.00189067	-2.25	0.00170279	-9.08379e-05	0.0017053	-3.048	-1.492688e-11
0.328	164			1.42567e-05	-7.57354e-06	1.61455e-05	-27.972	0.000237198	3.57629e-06	0.000237227	0.864	0.00192309	-7.55792e-05	0.00192452	-2.25	0.0017022	-9.05995e-05	0.00170458	-3.042	-1.999463e-11
0.33	165			4.34744e-06	-6.29018e-06	7.64622e-06	-55.344	0.000244411	3.54649e-06	0.000244441	0.834	0.00193644	-7.6056e-05	0.00193787	-2.244	0.00169767	-9.00035e-05	0.00170005	-3.036	-1.362857e-11
0.332	166			3.48316e-07	-7.67043e-06	7.67788e-06	-87.39	0.000241459	3.78491e-06	0.000241489	0.9	0.00193382	-7.53407e-05	0.00193549	-2.232	0.00169481	-9.03611e-05	0.00169719	-3.054	-1.668594e-11
0.334	167			-9.23876e-07	-7.82876e-06	7.88277e-06	-96.726	0.000231565	3.42728e-06	0.000231595	0.852	0.00192452	-7.51023e-05	0.00192595	-2.232	0.00169528	-9.02419e-05	0.00169767	-3.042	-1.945012e-11
0.336	168			-7.9349e-07	-6.70183e-06	6.74653e-06	-96.738	0.000251831	2.71203e-06	0.000251831	0.624	0.0019467	-7.65328e-05	0.00194836	-2.25	0.001696	-9.09572e-05	0.00169838	-3.066	-1.903129e-11
0.338	169			9.49954e-08	-6.88995e-06	6.88809e-06	-89.196	0.000307294	2.68223e-07	0.000307294	0.054	0.00200178	-7.82018e-05	0.00200321	-2.238	0.00169576	-9.02419e-05	0.00169814	-3.048	-2.024592e-11
0.34	170			1.207e-06	-7.48973e-06	7.58286e-06	-80.832	0.000342609	-1.37091e-06	0.000342609	-0.228	0.00203611	-7.93939e-05	0.00203754	-2.226	0.00169671	-8.98843e-05	0.00169922	-3.03	-1.576453e-11
0.342	171			7.86973e-06	-7.65553e-06	1.09785e-05	-44.202	0.000338467	-2.29479e-06	0.000338467	-0.384	0.00203086	-8.03475e-05	0.00203253	-2.262	0.00170196	-9.04803e-05	0.00170434	-3.042	-1.986896e-11
0.344	172			2.78932e-05	-9.01712e-06	2.93144e-05	-17.916	0.000310095	-5.06643e-07	0.000310095	-0.09	0.00200702	-7.84402e-05	0.00200869	-2.232	0.00172449	-9.1434e-05	0.00172687	-3.036	-1.459184e-11
0.346	173			5.01352e-05	-1.11536e-05	5.13645e-05	-12.54	0.000265719	5.66248e-07	0.000265719	0.12	0.00199224	-7.86786e-05	0.00199367	-2.262	0.00177372	-9.45334e-05	0.00177635	-3.048	-2.150236e-11
0.348	174			4.9893e-05	-1.01813e-05	5.09212e-05	-11.532	0.000211836	3.84453e-06	0.000211866	1.044	0.00197698	-7.77249e-05	0.00197841	-2.244	0.00181771	-9.56063e-05	0.00182009	-3.006	-1.986897e-11
0.35	175			2.5835e-05	-8.24413e-06	2.71165e-05	-17.694	0.000182183	4.7088e-06	0.000182272	1.488	0.00197722	-7.8917e-05	0.00197865	-2.28	0.00182272	-9.63216e-05	0.0018251	-3.018	-2.250753e-11
0.352	176			9.92796e-06	-8.25903e-06	1.29119e-05	-39.744	0.000181855	4.88761e-06	0.000181914	1.548	0.00199105	-7.91554e-05	0.00199248	-2.274	0.00182105	-9.58447e-05	0.00182343	-3.006	-1.810992e-11
0.354	177			1.43797e-06	-8.00198e-06	8.12864e-06	-79.812	0.000217647	4.38097e-06	0.000217707	1.152	0.00203134	-8.01091e-05	0.00203277	-2.256	0.00181652	-9.656e-05	0.00181914	-3.042	-2.012022e-11
0.356	178			-1.89991e-07	-7.44316e-06	7.4413e-06	-91.452	0.000258269	2.68222e-06	0.000258299	0.6	0.0020733	-8.22549e-05	0.00207497	-2.268	0.00181604	-9.63216e-05	0.00181866	-3.03	-2.141857e-11
0.358	179			-3.9302e-07	-7.5456e-06	7.55306e-06	-92.97	0.000281157	2.3246e-06	0.000281187	0.474	0.002095	-8.32085e-05	0.00209667	-2.274	0.00181556	-9.70368e-05	0.00181819	-3.054	-1.991084e-11
0.36	180			4.74976e-07	-6.73535e-06	6.75026e-06	-85.95	0.000279667	2.26499e-06	0.000279667	0.462	0.00209548	-8.3447e-05	0.00209714	-2.274	0.00181771	-9.75137e-05	0.00182033	-3.072	-2.095786e-11
0.362	181			1.30386e-08	-7.5456e-06	7.54374e-06	-89.898	0.000265898	3.75511e-06	0.000265928	0.816	0.00208284	-8.20165e-05	0.00208451	-2.256	0.00181866	-9.77521e-05	0.00182153	-3.072	-2.112538e-11
0.364	182			1.88128e-06	-7.38355e-06	7.61825e-06	-75.702	0.000263216	3.27827e-06	0.000263246	0.714	0.00208069	-8.22549e-05	0.00208236	-2.262	0.00182033	-9.77521e-05	0.00182319	-3.072	-1.932449e-11
0.366	183			3.92649e-06	-8.76008e-06	9.59827e-06	-65.856	0.000291826	1.81795e-06	0.000291826	0.36	0.00211217	-8.36854e-05	0.00211383	-2.262	0.00182534	-9.79905e-05	0.0018282	-3.066	-2.229812e-11
0.368	184			1.55942e-05	-9.20525e-06	1.81069e-05	-30.552	0.000358703	-9.83484e-07	0.000358703	-0.156	0.00218417	-8.60696e-05	0.00218584	-2.256	0.00183917	-9.87058e-05	0.00184179	-3.072	-1.869628e-11
0.37	185			3.72606e-05	-9.87394e-06	3.85477e-05	-14.838	0.000411035	-3.30807e-06	0.000411035	-0.462	0.00225045	-8.86922e-05	0.00225212	-2.25	0.00187374	-0.000100375	0.00187636	-3.06	-2.31357e-11
0.372	186			4.99527e-05	-1.18465e-05	5.13347e-05	-13.338	0.000393899	-2.65242e-06	0.000393929	-0.384	0.0022638	-8.96459e-05	0.00226571	-2.262	0.00191785	-0.000103474	0.00192071	-3.084	-2.146046e-11
0.374	187			4.44131e-05	-1.09897e-05	4.57542e-05	-13.896	0.000340523	-1.49013e-07	0.000340523	-0.024	0.00224234	-8.86922e-05	0.00224401	-2.262	0.00194693	-0.000104905	0.00194979	-3.084	-1.848685e-11
0.376	188			2.91133e-05	-1.02893e-05	3.08754e-05	-19.458	0.000281991	1.90736e-06	0.000281991	0.39	0.00221039	-8.70232e-05	0.00221206	-2.25	0.00195982	-0.000104666	0.00196268	-3.054	-1.999461e-11
0.378	189			1.15559e-05	-9.34309e-06	1.48565e-05	-38.958	0.000231446	2.68222e-06	0.000231476	0.666	0.00217582	-8.72617e-05	0.00217749	-2.292	0.00195862	-0.000103713	0.00196125	-3.03	-1.764924e-11
0.38	190			3.71413e-06	-8.08394e-06	8.89605e-06	-65.31	0.000203253	4.52998e-06	0.000203312	1.284	0.00215341	-8.53543e-05	0.00215508	-2.262	0.00195719	-0.000102997	0.00195982	-3.006	-1.484311e-11
0.382	191			-5.40169e-08	-6.92162e-06	6.91976e-06	-90.438	0.000193597	5.84128e-06	0.000193686	1.734	0.0021465	-8.58312e-05	0.00214817	-2.286	0.00195552	-0.000103713	0.00195815	-3.03	-2.259134e-11
0.384	192			-3.50179e-07	-7.77474e-06	7.78219e-06	-92.58	0.00020072	5.18563e-06	0.000200779	1.482	0.00215508	-8.51159e-05	0.00215675	-2.256	0.001956	-0.000103713	0.00195862	-3.03	-1.986898e-11
0.386	193			-2.47734e-07	-8.08953e-06	8.08953e-06	-91.746	0.000219316	5.45385e-06	0.000219376	1.428	0.00217272	-8.58312e-05	0.00217439	-2.262	0.00195624	-0.000103713	0.00195886	-3.03	-1.844499e-11
0.388	194			3.98608e-07	-7.83062e-06	7.83807e-06	-87.078	0.000256361	3.03985e-06	0.000256361	0.684	0.0022123	-8.75001e-05	0.00221397	-2.262	0.00195815	-0.000103713	0.00196077	-3.024	-2.104168e-11
0.39	195			2.38979e-06	-8.40431e-06	8.73586e-06	-74.124	0.000292899	2.11598e-06	0.000292899	0.414	0.0022514	-8.98843e-05	0.00225331	-2.28	0.00196172	-0.000104905	0.00196458	-3.06	-1.727228e-11
0.392	196			4.70135e-06	-9.06741e-06	1.02111e-05	-62.592	0.000311049	2.74183e-06	0.000311079	0.504	0.00227548	-8.94074e-05	0.00227715	-2.25	0.00196983	-0.00010705	0.00197269	-3.108	-2.020403e-11
0.394	197			5.56561e-06	-7.61639e-06	9.43249e-06	-53.838	0.000315728	2.4438e-06	0.000315757	0.444	0.00228049	-9.03611e-05	0.00228216	-2.268	0.00197293	-0.000106335	0.00197579	-3.078	-1.965953e-11
0.396	198			1.17906e-05	-8.66695e-06	1.46311e-05	-36.318	0.00030634	3.01005e-06	0.00030637	0.57	0.00227453	-9.08379e-05	0.0022762	-2.286	0.00198056	-0.000107289	0.00198342	-3.096	-2.376394e-11
0.398	199			2.5496e-05	-9.72307e-06	2.7286e-05	-20.868	0.000293823	2.83124e-06	0.000293823	0.558	0.00227787	-9.10764e-05	0.00227977	-2.286	0.00200821	-0.000108004	0.00201108	-3.072	-2.200489e-11
0.4	200			4.58679e-05	-1.07866e-05	4.71196e-05	-13.236	0.000293704	3.30807e-06	0.000293704	0.654	0.00230099	-9.203e-05	0.00230266	-2.286	0.00205113	-0.000110865	0.00205399	-3.096	-2.460165e-11
0.402	201			5.03699e-05	-1.16863e-05	5.17073e-05	-13.056	0.00031388	3.21867e-06	0.00031391	0.588	0.00234915	-9.32221e-05	0.00235106	-2.268	0.00208355	-0.000112534	0.00208665	-3.084	-2.137672e-11
0.404	202			4.83433e-05	-1.23419e-05	4.9893e-05	-14.316	0.000363054	2.98025e-07	0.000363054	0.048	0.00241949	-9.63216e-05	0.00242116	-2.274	0.00210382	-0.000113726	0.00210692	-3.09	-2.016215e-11
0.406	203			4.00285e-05	-1.08109e-05	4.14627e-05	-15.108	0.000398459	-1.34111e-06	0.000398459	-0.192	0.00247933	-9.9421e-05	0.00248124	-2.292	0.00212051	-0.000114441	0.00212361	-3.084	-1.580641e-11
0.408	204			2.28808e-05	-1.10083e-05	2.53917e-05	-25.686	0.000406148	-1.49012e-06	0.000406148	-0.21	0.00250699	-9.98979e-05	0.00250889	-2.274	0.00212528	-0.000114203	0.00212814	-3.072	-2.016213e-11
0.41	205			8.47882e-06	-9.76404e-06	1.29305e-05	-49.026	0.000395568	-9.53682e-07	0.000395568	-0.138	0.00250603	-9.91826e-05	0.00250818	-2.268	0.0021217	-0.000114203	0.0021248	-3.078	-2.083221e-11
0.412	206			1.2368e-06	-9.95776e-06	1.00323e-05	-82.92	0.000377269	-2.98025e-08	0.000377269	0.0	0.0024922	-9.82289e-05	0.00249435	-2.256	0.00211813	-0.000113249	0.00212099	-3.06	-2.183738e-11
0.414	207			-6.78006e-07	-1.02427e-05	1.02614e-05	-93.78	0.000349225	5.9605e-07	0.000349225	0.102	0.00246479	-9.75137e-05	0.00246693	-2.262	0.00211884	-0.000114203	0.0021217	-3.078	-2.079035e-11
0.416	208			2.04892e-08	-9.51817e-06	9.51631e-06	-89.868	0.000317397	1.99677e-06	0.000317397	0.366	0.00243284	-9.656e-05	0.00243451	-2.268	0.0021186	-0.000113726	0.0021217	-3.066	-1.995273e-11
0.418	209			-4.8429e-08	-8.91468e-06	8.91282e-06	-90.3	0.000285747	2.26499e-06	0.000285747	0.456	0.00240065	-9.656e-05	0.00240256	-2.304	0.00211932	-0.000113011	0.00212218	-3.048	-1.857059e-11
0.42	210			1.51993e-06	-9.29279e-06	9.41387e-06	-80.712	0.000261815	3.12926e-06	0.000261845	0.684	0.00237896	-9.48911e-05	0.00238062	-2.28	0.00212122	-0.000113011	0.00212432	-3.048	-1.769114e-11
0.422	211			3.94325e-06	-9.0879e-06	9.90561e-06	-66.528	0.000243337	4.29156e-06	0.000243367	1.014	0.00236346	-9.51295e-05	0.00236537	-2.304	0.00212671	-0.000113488	0.00212981	-3.048	-1.760732e-11
0.424	212			1.2396e-05	-9.41014e-06	1.55625e-05	-37.2	0.000239999	3.81473e-06	0.000240029	0.912	0.00236584	-9.48911e-05	0.00236775	-2.292	0.00213982	-0.000113726	0.00214268	-3.036	-1.756546e-11
0.426	213			1.80994e-05	-9.92982e-06	2.06457e-05	-28.746	0.000247242	3.15906e-06	0.000247242	0.738	0.0023811	-9.67984e-05	0.00238301	-2.322	0.0021527	-0.00011468	0.0021558	-3.048	-1.714662e-11
0.428	214			1.77306e-05	-9.96335e-06	2.03365e-05	-29.334	0.000268163	3.87433e-06	0.000268193	0.834	0.00240733	-9.656e-05	0.00240947	-2.292	0.00215794	-0.000116349	0.00216104	-3.084	-2.129294e-11
0.43	215			2.30597e-05	-9.46975e-06	2.49279e-05	-22.326	0.000287654	2.92064e-06	0.000287684	0.582	0.00243522	-9.79905e-05	0.00243713	-2.298	0.00217082	-0.000115872	0.00217415	-3.054	-1.81518e-11
0.432	216			3.4407e-05	-1.05799e-05	3.59959e-05	-17.094	0.000305505	3.15906e-06	0.000305535	0.6	0.00247242	-0.000100136	0.00247432	-2.316	0.00219919	-0.000118733	0.00220229	-3.09	-2.502045e-11
0.434	217			4.56295e-05	-1.0809e-05	4.68923e-05	-13.326	0.000305178	2.95044e-06	0.000305207	0.558	0.0025015	-0.000101328	0.00250365	-2.316	0.00224043	-0.000121356	0.00224377	-3.102	-1.848686e-11
0.436	218			4.4931e-05	-1.19992e-05	4.6503e-05	-14.946	0.00028214	4.35117e-06	0.0002822	0.888	0.00250317	-0.000100852	0.00250532	-2.304	0.00226714	-0.000123025	0.00227048	-3.108	-1.865439e-11
0.438	219			4.13137e-05	-1.00099e-05	4.25095e-05	-13.62	0.000266554	5.36445e-06	0.000266613	1.158	0.0024996	-0.000100375	0.0025015	-2.298	0.00227644	-0.000122548	0.00227977	-3.078	-1.986896e-11
0.44	220			3.98944e-05	-1.09897e-05	4.13808e-05	-15.402	0.000265094	5.72208e-06	0.000265153	1.242	0.0025108	-0.000101328	0.00251271	-2.31	0.00228716	-0.000123502	0.0022905	-3.084	-1.589017e-11
0.442	221			3.89742e-05	-1.07475e-05	4.04271e-05	-15.414	0.000281187	5.72208e-06	0.000281246	1.17	0.00254585	-0.00010252	0.00254776	-2.304	0.00230314	-0.000124932	0.00230648	-3.102	-1.67697e-11
0.444	222			2.98956e-05	-1.09003e-05	3.18217e-05	-20.028	0.00029579	4.64919e-06	0.00029582	0.906	0.00258018	-0.000103951	0.00258233	-2.304	0.0023153	-0.000125171	0.00231864	-3.09	-1.563887e-11
0.446	223			1.44579e-05	-1.11797e-05	1.82727e-05	-37.71	0.000321271	4.32137e-06	0.000321301	0.774	0.00262047	-0.000105381	0.00262262	-2.298	0.00231577	-0.000126124	0.00231935	-3.114	-2.275879e-11
0.448	224			3.81845e-06	-1.02781e-05	1.09599e-05	-69.606	0.000369133	7.45062e-07	0.000369133	0.12	0.00267579	-0.000107527	0.00267793	-2.298	0.00231291	-0.000124932	0.00231625	-3.09	-1.672781e-11
0.45	225			-5.21544e-07	-9.30583e-06	9.31887e-06	-93.198	0.000438573	-1.37091e-06	0.000438573	-0.18	0.0027466	-0.000110865	0.00274874	-2.304	0.00231053	-0.000124217	0.00231387	-3.072	-1.739794e-11
0.452	226			-8.79172e-07	-1.05128e-05	1.05464e-05	-94.776	0.000482859	-3.21867e-06	0.000482859	-0.378	0.00279094	-0.000112057	0.00279333	-2.298	0.00230934	-0.000124694	0.00231268	-3.09	-1.919884e-11
0.454	227			1.11759e-08	-1.1487e-05	1.14851e-05	-89.94	0.000499789	-4.64919e-06	0.000499848	-0.528	0.00280739	-0.000113488	0.00280978	-2.31	0.00231053	-0.000125171	0.00231363	-3.102	-2.108346e-11
0.456	228			1.97814e-06	-1.01571e-05	1.03471e-05	-78.966	0.000500325	-4.64919e-06	0.000500325	-0.528	0.00280859	-0.000113011	0.00281097	-2.304	0.00231315	-0.000124217	0.00231649	-3.072	-2.275877e-11
0.458	229			5.1223e-06	-1.07512e-05	1.19079e-05	-64.524	0.000490371	-4.29156e-06	0.000490371	-0.498	0.00280119	-0.000112057	0.00280334	-2.286	0.00231887	-0.000124455	0.00232221	-3.066	-2.012021e-11
0.46	230			4.7982e-06	-1.08891e-05	1.18986e-05	-66.21	0.000462534	-3.57629e-06	0.000462534	-0.438	0.00277664	-0.000111104	0.00277878	-2.286	0.00232269	-0.000125171	0.00232603	-3.078	-2.259129e-11
0.462	231			1.1595e-05	-1.18446e-05	1.65739e-05	-45.606	0.000424029	-1.49012e-06	0.000424029	-0.198	0.00274731	-0.000110388	0.00274946	-2.298	0.00233628	-0.000125886	0.00233962	-3.078	-2.217243e-11
0.464	232			2.26145e-05	-1.1284e-05	2.52725e-05	-26.514	0.000382127	-4.17234e-07	0.000382127	-0.054	0.00271584	-0.000109911	0.00271799	-2.316	0.0023575	-0.000126601	0.00236084	-3.072	-1.915693e-11
0.466	233			2.9795e-05	-1.21035e-05	3.21588e-05	-22.11	0.000357511	5.9605e-07	0.000357511	0.102	0.00269343	-0.000109673	0.00269558	-2.328	0.0023687	-0.000127793	0.00237228	-3.084	-1.982706e-11
0.468	234			3.34738e-05	-1.26437e-05	3.57835e-05	-20.688	0.000316622	3.39748e-06	0.000316681	0.618	0.00266768	-0.000107527	0.00266983	-2.31	0.00238563	-0.000129462	0.00238897	-3.102	-1.496875e-11
0.47	235			3.66664e-05	-1.23811e-05	3.86985e-05	-18.654	0.000288548	4.29156e-06	0.000288548	0.852	0.00265576	-0.000108719	0.00265791	-2.34	0.00240447	-0.000130416	0.0024078	-3.102	-1.823557e-11
0.472	236			4.54357e-05	-1.38339e-05	4.7494e-05	-16.932	0.000272574	4.29156e-06	0.000272634	0.906	0.00265814	-0.000107766	0.00266029	-2.316	0.00243141	-0.000131608	0.00243498	-3.096	-2.284254e-11
0.474	237			5.19941e-05	-1.39252e-05	5.3827e-05	-14.988	0.000259342	5.06642e-06	0.000259401	1.128	0.00267698	-0.000109673	0.00267912	-2.34	0.00246836	-0.000133992	0.00247218	-3.102	-1.894759e-11
0.476	238			4.46292e-05	-1.24984e-05	4.63466e-05	-15.642	0.000247242	6.0797e-06	0.000247302	1.422	0.00269081	-0.00011015	0.00269295	-2.34	0.00249006	-0.000134946	0.00249363	-3.102	-2.04134e-11
0.478	239			3.36061e-05	-1.19806e-05	3.56773e-05	-19.62	0.000234009	7.15259e-06	0.000234128	1.752	0.00269009	-0.000109911	0.00269224	-2.34	0.00249363	-0.000134469	0.00249721	-3.084	-1.995266e-11
0.48	240			2.93927e-05	-1.14553e-05	3.1546e-05	-21.288	0.000233651	7.2718e-06	0.000233711	1.788	0.00269677	-0.00011015	0.00269891	-2.334	0.0024953	-0.000134231	0.00249888	-3.078	-2.141854e-11
0.482	241			2.85545e-05	-1.07289e-05	3.04991e-05	-20.586	0.000238837	7.2718e-06	0.000238896	1.752	0.00271012	-0.000111342	0.0027125	-2.346	0.0025015	-0.000134231	0.00250532	-3.072	-2.468538e-11
0.484	242			2.95119e-05	-1.12355e-05	3.15758e-05	-20.838	0.000242234	6.97377e-06	0.000242294	1.656	0.00272514	-0.000111342	0.00272729	-2.34	0.0025139	-0.000136853	0.00251748	-3.114	-1.878002e-11
0.486	243			3.20266e-05	-1.14106e-05	3.39972e-05	-19.608	0.000245215	8.2851e-06	0.000245335	1.944	0.00274254	-0.00011158	0.00274493	-2.328	0.00253107	-0.00013733	0.00253464	-3.102	-1.903132e-11
0.488	244			2.70196e-05	-1.1392e-05	2.93219e-05	-22.854	0.000252606	7.51021e-06	0.000252666	1.716	0.00276662	-0.000113488	0.00276877	-2.346	0.00254227	-0.000138522	0.00254609	-3.114	-1.982709e-11
0.49	245			1.39326e-05	-1.16639e-05	1.81684e-05	-39.93	0.00026709	8.16589e-06	0.000267209	1.758	0.00279595	-0.000113726	0.00279833	-2.322	0.00254585	-0.000138999	0.00254966	-3.12	-1.911508e-11
0.492	246			4.1053e-06	-1.05613e-05	1.13287e-05	-68.748	0.000294747	6.91417e-06	0.000294806	1.356	0.00283147	-0.000115157	0.00283386	-2.322	0.00254323	-0.000138045	0.0025468	-3.108	-1.739791e-11
0.494	247			1.13995e-06	-1.0483e-05	1.05426e-05	-83.796	0.000333311	5.12603e-06	0.000333311	0.888	0.00287201	-0.000116826	0.00287439	-2.328	0.00254132	-0.000138999	0.00254513	-3.126	-1.928258e-11
0.496	248			-9.53682e-07	-1.00602e-05	1.0103e-05	-95.412	0.000367405	3.99354e-06	0.000367464	0.624	0.00290681	-0.000117541	0.00290896	-2.31	0.00254132	-0.000138522	0.00254513	-3.12	-1.861253e-11
0.498	249			-9.38777e-07	-1.06302e-05	1.06712e-05	-95.046	0.00039226	2.62262e-06	0.00039226	0.39	0.00293089	-0.000119448	0.00293328	-2.328	0.0025406	-0.000138522	0.00254442	-3.114	-1.932448e-11
0.5	250			1.60561e-06	-1.06358e-05	1.07531e-05	-81.408	0.000410439	1.2517e-06	0.000410439	0.18	0.00294878	-0.000119448	0.00295092	-2.316	0.00254346	-0.000137568	0.00254728	-3.096	-1.857061e-11
0.502	251			6.25665e-06	-1.03266e-05	1.20737e-05	-58.782	0.000440123	-4.17234e-07	0.000440123	-0.054	0.00298001	-0.00012064	0.00298263	-2.316	0.00254919	-0.000138045	0.002553	-3.096	-1.773295e-11
0.504	252			1.24239e-05	-1.1474e-05	1.69092e-05	-42.72	0.000504795	-3.15906e-06	0.000504795	-0.348	0.00304605	-0.000123502	0.00304843	-2.322	0.00255539	-0.000139237	0.0025592	-3.12	-1.857057e-11
0.506	253			2.20427e-05	-1.26958e-05	2.54383e-05	-29.934	0.000559393	-5.90089e-06	0.000559453	-0.6	0.00310661	-0.00012684	0.00310923	-2.334	0.00257088	-0.000139714	0.0025747	-3.108	-1.819363e-11
0.508	254			3.97081e-05	-1.34875e-05	4.19358e-05	-18.756	0.000589553	-7.92748e-06	0.000589613	-0.768	0.00314428	-0.000128509	0.0031469	-2.34	0.00259449	-0.000141145	0.0025983	-3.108	-1.907322e-11
0.51	255			4.87643e-05	-1.41152e-05	5.0761e-05	-16.14	0.000595871	-7.15259e-06	0.000595931	-0.684	0.00316359	-0.000129701	0.00316645	-2.34	0.00261809	-0.000143052	0.0026219	-3.126	-2.204683e-11
0.512	256			5.70382e-05	-1.63765e-05	5.93441e-05	-16.02	0.00058401	-6.73535e-06	0.00058401	-0.66	0.00317146	-0.000129462	0.00317408	-2.334	0.00264455	-0.000145198	0.00264861	-3.138	-1.936635e-11
0.514	257			5.56076e-05	-1.62051e-05	5.79173e-05	-16.248	0.000573043	-5.00682e-06	0.000573043	-0.498	0.00317098	-0.000128509	0.0031736	-2.316	0.00265791	-0.00014639	0.00266196	-3.15	-1.697911e-11
0.516	258			5.4911e-05	-1.57544e-05	5.71276e-05	-16.008	0.00055844	-5.48366e-06	0.000558499	-0.558	0.00316335	-0.000129224	0.00316598	-2.34	0.00266315	-0.000145436	0.00266697	-3.126	-1.743978e-11
0.518	259			5.95453e-05	-1.63467e-05	6.17509e-05	-15.348	0.00053269	-4.11275e-06	0.000532631	-0.438	0.00314952	-0.000128509	0.00315215	-2.334	0.00267817	-0.000145913	0.00268222	-3.114	-2.569053e-11
0.52	260			5.51308e-05	-1.5963e-05	5.73921e-05	-16.146	0.000493113	-2.26499e-06	0.000493113	-0.258	0.00313522	-0.000127555	0.00313784	-2.322	0.00269891	-0.000147582	0.00270297	-3.126	-1.21208e-11
0.522	261			6.2034e-05	-1.59555e-05	6.40568e-05	-14.418	0.00043291	1.78815e-07	0.00043291	0.024	0.00311352	-0.000127555	0.00311615	-2.34	0.00274183	-0.000149013	0.00274588	-3.108	-1.865436e-11
0.524	262			5.74368e-05	-1.58512e-05	5.95825e-05	-15.426	0.000372173	3.21867e-06	0.000372173	0.498	0.0030861	-0.000125648	0.00308849	-2.328	0.0027733	-0.000151635	0.00277735	-3.126	-1.672781e-11
0.526	263			4.27442e-05	-1.54601e-05	4.54525e-05	-19.884	0.000339331	3.93394e-06	0.000339391	0.672	0.00306775	-0.000125171	0.00307037	-2.334	0.00277497	-0.000151397	0.00277926	-3.12	-1.676971e-11
0.528	264			2.97093e-05	-1.49161e-05	3.32447e-05	-26.658	0.000303628	5.42405e-06	0.000303688	1.032	0.00304033	-0.000124217	0.00304295	-2.334	0.00277163	-0.00015092	0.00277568	-3.114	-2.451785e-11
0.53	265			2.31975e-05	-1.33776e-05	2.67775e-05	-29.964	0.000278236	7.03338e-06	0.000278356	1.452	0.00302221	-0.00012374	0.00302459	-2.34	0.00277115	-0.000150205	0.00277521	-3.102	-2.22981e-11
0.532	266			1.94014e-05	-1.34931e-05	2.36296e-05	-34.818	0.000264945	6.73535e-06	0.000265064	1.464	0.00301911	-0.000124217	0.00302173	-2.352	0.00277759	-0.000151158	0.00278164	-3.114	-2.099978e-11
0.534	267			1.8105e-05	-1.34595e-05	2.25567e-05	-36.624	0.000272574	7.45061e-06	0.000272693	1.578	0.00303771	-0.000124455	0.00304009	-2.34	0.00278546	-0.000152112	0.00278975	-3.126	-2.0204e-11
0.536	268			1.83248e-05	-1.39475e-05	2.30261e-05	-37.272	0.000277879	7.74866e-06	0.000277998	1.602	0.00305177	-0.000125171	0.0030544	-2.346	0.00279452	-0.000153542	0.00279881	-3.144	-2.238188e-11
0.538	269			1.85111e-05	-1.33627e-05	2.28287e-05	-35.814	0.000276746	6.97377e-06	0.000276806	1.458	0.00305893	-0.000125886	0.00306155	-2.358	0.00280429	-0.000153542	0.00280835	-3.132	-1.932447e-11
0.54	270			1.8105e-05	-1.30535e-05	2.23183e-05	-35.79	0.000267329	7.68906e-06	0.000267448	1.65	0.00305964	-0.000127316	0.00306226	-2.382	0.00281335	-0.000155927	0.00281765	-3.168	-1.92826e-11
0.542	271			1.49161e-05	-1.31131e-05	1.98559e-05	-41.304	0.000267865	8.16589e-06	0.000267984	1.746	0.00307108	-0.000127555	0.00307395	-2.376	0.00282098	-0.000155688	0.00282528	-3.156	-2.049714e-11
0.544	272			8.2106e-06	-1.27964e-05	1.51992e-05	-57.3	0.000258209	8.34471e-06	0.000258328	1.854	0.00306989	-0.000126124	0.00307252	-2.352	0.00282384	-0.000154735	0.00282814	-3.132	-1.798425e-11
0.546	273			3.68433e-06	-1.15559e-05	1.21259e-05	-72.3	0.000243426	9.65601e-06	0.000243605	2.274	0.00306012	-0.000126363	0.00306298	-2.358	0.00282432	-0.000154019	0.00282837	-3.12	-1.639276e-11
0.548	274			-1.04681e-06	-1.10269e-05	1.10753e-05	-95.406	0.000259103	8.82155e-06	0.000259282	1.956	0.00307895	-0.000126363	0.00308181	-2.352	0.00282337	-0.000153542	0.00282766	-3.108	-1.857058e-11
0.55	275			-4.61938e-07	-1.07065e-05	1.0714e-05	-92.46	0.000266494	7.86787e-06	0.000266613	1.698	0.00308658	-0.000129224	0.0030892	-2.394	0.00282313	-0.000152827	0.00282718	-3.102	-2.30939e-11
0.552	276			2.79399e-07	-1.11461e-05	1.11461e-05	-88.56	0.00028831	7.68906e-06	0.000288429	1.536	0.00310899	-0.000128747	0.00311162	-2.37	0.00282361	-0.000154019	0.00282766	-3.12	-1.940829e-11
0.554	277			-1.4715e-06	-1.11089e-05	1.1202e-05	-97.542	0.000340225	4.52998e-06	0.000340225	0.768	0.00316097	-0.000131608	0.00316359	-2.382	0.00282265	-0.000153781	0.00282694	-3.114	-2.053908e-11
0.556	278			4.91742e-07	-1.21184e-05	1.21259e-05	-87.672	0.000390055	3.99354e-06	0.000390114	0.594	0.00321008	-0.00013137	0.00321294	-2.34	0.00282408	-0.000154496	0.00282814	-3.126	-2.020401e-11
0.558	279			2.82006e-06	-1.10493e-05	1.13994e-05	-75.66	0.000448825	1.31131e-06	0.000448825	0.168	0.0032704	-0.000134946	0.00327326	-2.358	0.00282647	-0.000154735	0.00283052	-3.132	-1.643462e-11
0.56	280			5.9903e-06	-1.26511e-05	1.3996e-05	-64.65	0.000497762	-1.31131e-06	0.000497762	-0.15	0.00332047	-0.000137807	0.00332333	-2.376	0.00283267	-0.000155688	0.00283696	-3.144	-2.032968e-11
0.562	281			1.56799e-05	-1.264e-05	2.0139e-05	-38.868	0.000515107	-1.43052e-06	0.000515107	-0.156	0.00334121	-0.000138284	0.00334407	-2.37	0.00284459	-0.00015688	0.00284888	-3.15	-2.037153e-11
0.564	282			3.02048e-05	-1.44803e-05	3.34943e-05	-25.614	0.000522379	-1.37091e-06	0.000522379	-0.15	0.00335528	-0.000138284	0.0033579	-2.358	0.00286509	-0.000158549	0.00286938	-3.162	-2.104168e-11
0.566	283			4.40108e-05	-1.52962e-05	4.65924e-05	-19.164	0.000517491	-1.90736e-06	0.000517491	-0.204	0.00336029	-0.000138761	0.00336315	-2.364	0.00288893	-0.000159503	0.00289322	-3.162	-1.89057e-11
0.568	284			5.09026e-05	-1.5393e-05	5.31788e-05	-16.818	0.000504021	-1.2517e-06	0.000504021	-0.138	0.00336291	-0.000139953	0.00336577	-2.382	0.00291158	-0.000161172	0.00291611	-3.168	-1.702092e-11
0.57	285			5.60062e-05	-1.60263e-05	5.82526e-05	-15.966	0.00049055	-4.76841e-07	0.00049055	-0.048	0.00336505	-0.000139476	0.00336792	-2.37	0.00293256	-0.000162841	0.00293709	-3.18	-1.656028e-11
0.572	286			6.21085e-05	-1.66261e-05	6.42953e-05	-14.988	0.000475051	1.78815e-07	0.000475051	0.03	0.00336911	-0.000140191	0.00337173	-2.376	0.00295736	-0.000164271	0.00296189	-3.18	-2.099977e-11
0.574	287			6.45672e-05	-1.68571e-05	6.67316e-05	-14.628	0.000486078	5.96051e-08	0.000486078	0.006	0.00339676	-0.000141383	0.00339963	-2.382	0.00297762	-0.000165702	0.00298239	-3.18	-2.217248e-11
0.576	288			7.70953e-05	-1.83062e-05	7.92374e-05	-13.356	0.000540737	-2.3842e-06	0.000540737	-0.246	0.00346996	-0.000143529	0.00347306	-2.364	0.003006	-0.000167609	0.00301076	-3.186	-1.999459e-11
0.578	289			9.46899e-05	-1.93865e-05	9.66494e-05	-11.568	0.000594143	-3.93394e-06	0.000594143	-0.378	0.00354816	-0.000147344	0.00355126	-2.376	0.00304796	-0.00016904	0.00305249	-3.174	-2.166988e-11
0.58	290			0.000100017	-1.94312e-05	0.000101887	-10.992	0.000618044	-5.72208e-06	0.000618104	-0.522	0.00360204	-0.000150443	0.00360514	-2.388	0.0030842	-0.000171662	0.00308897	-3.186	-1.965959e-11
0.582	291			9.58894e-05	-1.93269e-05	9.78117e-05	-11.4	0.000602607	-4.88761e-06	0.000602607	-0.462	0.00362517	-0.000151158	0.00362827	-2.388	0.00311925	-0.000173093	0.00312425	-3.174	-1.681155e-11
0.584	292			7.51098e-05	-1.86564e-05	7.73896e-05	-13.944	0.000577275	-3.6359e-06	0.000577275	-0.36	0.00363018	-0.000151158	0.00363328	-2.382	0.00313212	-0.000173331	0.00313713	-3.168	-2.627685e-11
0.586	293			6.33975e-05	-1.74866e-05	6.57667e-05	-15.414	0.00055987	-2.98025e-06	0.00055987	-0.3	0.00362994	-0.000150443	0.00363304	-2.37	0.00313713	-0.000172616	0.00314166	-3.15	-2.43922e-11
0.588	294			5.66917e-05	-1.69651e-05	5.91727e-05	-16.65	0.000544015	-1.72854e-06	0.000544015	-0.18	0.00362827	-0.000150443	0.00363161	-2.37	0.00314428	-0.000173331	0.00314929	-3.15	-2.22562e-11
0.59	295			5.06046e-05	-1.69576e-05	5.33687e-05	-18.522	0.00052226	-1.1921e-07	0.00052226	-0.006	0.00362588	-0.000149251	0.00362875	-2.358	0.00315763	-0.000173331	0.0031624	-3.138	-2.162804e-11
0.592	296			4.68793e-05	-1.78666e-05	5.0165e-05	-20.862	0.00050712	-1.1921e-07	0.00050712	-0.012	0.0036204	-0.000148774	0.00362326	-2.352	0.00316383	-0.000174046	0.0031686	-3.144	-2.384774e-11
0.594	297			3.98832e-05	-1.65032e-05	4.31614e-05	-22.476	0.000496093	4.17234e-07	0.000496093	0.048	0.0036173	-0.000149728	0.0036204	-2.364	0.00316621	-0.000174523	0.00317098	-3.156	-2.347076e-11
0.596	298			3.60759e-05	-1.73153e-05	4.00173e-05	-25.638	0.00047523	1.49012e-06	0.00047523	0.18	0.0036049	-0.000149013	0.003608	-2.364	0.00317027	-0.000175	0.00317527	-3.156	-2.087415e-11
0.598	299			2.9862e-05	-1.622e-05	3.39823e-05	-28.506	0.000451567	2.14578e-06	0.000451567	0.276	0.00358941	-0.000149013	0.00359251	-2.376	0.00317384	-0.000175	0.00317861	-3.156	-2.137672e-11
0.6	300			2.12641e-05	-1.5773e-05	2.6472e-05	-36.552	0.000419321	5.00682e-06	0.000419321	0.69	0.00356413	-0.000146867	0.00356723	-2.358	0.00317194	-0.000175	0.00317694	-3.156	-1.844495e-11
0.602	301			1.45883e-05	-1.39699e-05	2.01986e-05	-43.74	0.000396552	4.94721e-06	0.000396552	0.72	0.00355078	-0.000148536	0.00355388	-2.394	0.00317241	-0.000174762	0.00317742	-3.15	-2.062281e-11
0.604	302			1.20625e-05	-1.47634e-05	1.90624e-05	-50.748	0.000368597	6.43733e-06	0.000368657	1.008	0.00352694	-0.000145675	0.0035298	-2.364	0.00317384	-0.000175477	0.00317861	-3.162	-1.731417e-11
0.606	303			1.00956e-05	-1.37538e-05	1.70582e-05	-53.718	0.000320794	7.56982e-06	0.000320913	1.356	0.00347926	-0.000145675	0.00348212	-2.394	0.0031748	-0.000174285	0.0031798	-3.138	-1.982705e-11
0.608	304			8.31118e-06	-1.46218e-05	1.68124e-05	-60.378	0.000312032	9.23878e-06	0.000312211	1.698	0.00347592	-0.000144721	0.00347878	-2.382	0.00317742	-0.000174285	0.00318219	-3.138	-1.88638e-11
0.61	305			5.84501e-06	-1.37874e-05	1.49757e-05	-67.02	0.000310363	9.35799e-06	0.000310542	1.734	0.00347711	-0.000144959	0.00347997	-2.382	0.00317694	-0.000174762	0.00318195	-3.15	-1.840307e-11
0.612	306			3.19259e-06	-1.35229e-05	1.38954e-05	-76.716	0.000375094	6.97377e-06	0.000375153	1.068	0.00354411	-0.000148059	0.00354721	-2.394	0.00317694	-0.000176431	0.00318195	-3.174	-1.90732e-11
0.614	307			2.86849e-07	-1.37799e-05	1.37799e-05	-88.794	0.000410618	5.00682e-06	0.000410678	0.702	0.00358178	-0.000149251	0.00358488	-2.382	0.00317551	-0.000176192	0.00318028	-3.174	-1.72304e-11
0.616	308			-2.23518e-07	-1.39513e-05	1.39513e-05	-90.906	0.000434699	5.18563e-06	0.000434699	0.69	0.0036049	-0.000150443	0.00360824	-2.388	0.00317432	-0.000176431	0.00317909	-3.18	-2.070658e-11
0.618	309			-1.8254e-07	-1.41562e-05	1.41524e-05	-90.726	0.000445487	4.94721e-06	0.000445547	0.642	0.00361563	-0.000149966	0.00361873	-2.37	0.0031748	-0.000176908	0.0031798	-3.186	-1.894752e-11
0.62	310			1.04309e-07	-1.37799e-05	1.37762e-05	-89.556	0.000449421	2.14578e-06	0.000449421	0.282	0.00361945	-0.00015092	0.00362255	-2.388	0.00317527	-0.000175715	0.00318028	-3.168	-1.735606e-11
0.622	311			6.25852e-07	-1.3765e-05	1.37725e-05	-87.396	0.00044805	2.86104e-06	0.00044805	0.366	0.00361945	-0.000151635	0.00362255	-2.394	0.00317718	-0.000175715	0.00318195	-3.162	-1.635089e-11
0.624	312			3.0771e-06	-1.37948e-05	1.41301e-05	-77.412	0.000445964	2.56301e-06	0.000445964	0.33	0.00361778	-0.00015235	0.00362088	-2.406	0.0031798	-0.000175954	0.00318457	-3.168	-2.04134e-11
0.626	313			4.01962e-06	-1.44803e-05	1.50279e-05	-74.472	0.000444533	3.15906e-06	0.000444533	0.414	0.0036173	-0.000152112	0.0036204	-2.406	0.00318219	-0.000176669	0.00318696	-3.18	-2.292636e-11
0.628	314			7.84552e-06	-1.4186e-05	1.62089e-05	-61.05	0.000442924	2.68222e-06	0.000442924	0.354	0.0036173	-0.000151874	0.0036204	-2.4	0.00318672	-0.000176908	0.00319149	-3.174	-2.527167e-11
0.63	315			8.34098e-06	-1.43946e-05	1.66335e-05	-59.898	0.000451805	1.54973e-06	0.000451805	0.198	0.00362755	-0.000153781	0.00363089	-2.424	0.00318886	-0.000177384	0.00319387	-3.18	-1.886381e-11
0.632	316			1.07959e-05	-1.48751e-05	1.8377e-05	-54.018	0.000468256	7.15259e-07	0.000468256	0.096	0.00365092	-0.000154019	0.00365402	-2.412	0.00319602	-0.000176908	0.00320078	-3.168	-2.049716e-11
0.634	317			1.71216e-05	-1.45697e-05	2.24822e-05	-40.392	0.000481846	1.1921e-07	0.000481846	0.018	0.00367333	-0.000155688	0.00367667	-2.424	0.00321175	-0.000177861	0.00321676	-3.168	-2.154428e-11
0.636	318			2.07537e-05	-1.52551e-05	2.57568e-05	-36.312	0.000491742	-8.34469e-07	0.000491742	-0.096	0.0036924	-0.000156165	0.00369574	-2.418	0.0032263	-0.000177861	0.00323106	-3.156	-1.869628e-11
0.638	319			2.89493e-05	-1.4633e-05	3.24363e-05	-26.814	0.00049663	1.78815e-07	0.00049663	0.024	0.00370862	-0.000156642	0.00371195	-2.418	0.00324275	-0.000179053	0.00324775	-3.162	-2.016211e-11
0.64	320			3.69328e-05	-1.60114e-05	4.0252e-05	-23.436	0.0005011	-7.15259e-07	0.0005011	-0.078	0.0037203	-0.000157834	0.00372364	-2.424	0.00325991	-0.000180245	0.00326492	-3.162	-2.401531e-11
0.642	321			3.47944e-05	-1.57022e-05	3.81696e-05	-24.282	0.000496153	5.9605e-07	0.000496153	0.072	0.00371505	-0.000156642	0.00371839	-2.412	0.00326015	-0.000180722	0.00326516	-3.168	-2.083227e-11
0.644	322			3.81919e-05	-1.64771e-05	4.15968e-05	-23.334	0.000513915	1.1921e-07	0.000513915	0.018	0.00374104	-0.000157834	0.00374438	-2.412	0.00326659	-0.00018263	0.00327183	-3.198	-1.668591e-11
0.646	323			4.97962e-05	-1.69912e-05	5.26162e-05	-18.84	0.000531975	-1.78815e-07	0.000531975	-0.018	0.00378348	-0.000159741	0.00378682	-2.418	0.00330259	-0.000185491	0.00330783	-3.216	-2.1251e-11
0.648	324			6.7607e-05	-1.94089e-05	7.03339e-05	-16.014	0.000565175	-4.17234e-07	0.000565175	-0.042	0.00383569	-0.000162364	0.00383903	-2.424	0.00334002	-0.000189544	0.00334527	-3.246	-1.756545e-11
0.65	325			7.91033e-05	-1.96361e-05	8.15061e-05	-13.938	0.000591222	-1.07289e-06	0.000591222	-0.102	0.0038767	-0.00016451	0.00388028	-2.424	0.00336625	-0.000190974	0.00337173	-3.246	-2.112538e-11
0.652	326			8.68966e-05	-1.92934e-05	8.90163e-05	-12.516	0.000598852	-8.34469e-07	0.000598852	-0.078	0.00390628	-0.000166179	0.00390986	-2.43	0.00339629	-0.000192405	0.00340177	-3.24	-1.739789e-11
0.654	327			9.65227e-05	-1.98783e-05	9.85493e-05	-11.634	0.000571493	7.15259e-07	0.000571493	0.078	0.00391796	-0.000167371	0.00392154	-2.442	0.00344206	-0.000195743	0.00344755	-3.252	-1.82774e-11
0.656	328			0.000103072	-2.07574e-05	0.000105136	-11.382	0.000519577	3.39748e-06	0.000519577	0.378	0.00392225	-0.000167371	0.00392583	-2.442	0.00350477	-0.000199319	0.00351049	-3.252	-1.827742e-11
0.658	329			9.44142e-05	-2.06233e-05	9.66419e-05	-12.318	0.000474157	5.72208e-06	0.000474216	0.69	0.00391772	-0.00016594	0.00392106	-2.424	0.00354172	-0.000200749	0.00354744	-3.246	-1.480126e-11
0.66	330			7.83731e-05	-1.87756e-05	8.05934e-05	-13.47	0.000442626	5.84128e-06	0.000442686	0.762	0.00391057	-0.000165702	0.00391391	-2.424	0.00355007	-0.000199319	0.00355555	-3.21	-2.330326e-11
0.662	331			7.09821e-05	-1.93791e-05	7.35749e-05	-15.264	0.000420572	7.51021e-06	0.000420632	1.032	0.00390436	-0.00016594	0.00390795	-2.43	0.0035596	-0.000200749	0.00356533	-3.228	-1.810989e-11
0.664	332			6.79647e-05	-1.91332e-05	7.06096e-05	-15.72	0.00039381	9.29838e-06	0.000393929	1.35	0.00390245	-0.000164987	0.00390603	-2.418	0.00357987	-0.00020218	0.00358559	-3.228	-1.869629e-11
0.666	333			5.89716e-05	-1.96175e-05	6.21458e-05	-18.396	0.000365259	9.35799e-06	0.000365438	1.476	0.0039034	-0.000165702	0.003907	-2.424	0.00359966	-0.000202418	0.00360538	-3.216	-1.819369e-11
0.668	334			4.64248e-05	-1.80901e-05	4.98223e-05	-21.288	0.000361564	1.10269e-05	0.000361742	1.752	0.00392321	-0.000165702	0.00392655	-2.412	0.00361206	-0.000203372	0.00361778	-3.222	-2.259129e-11
0.67	335			4.13882e-05	-1.81348e-05	4.5188e-05	-23.658	0.000390233	1.00136e-05	0.000390353	1.47	0.00397041	-0.000166894	0.00397399	-2.406	0.00362517	-0.000203372	0.00363089	-3.21	-2.275876e-11
0.672	336			3.40121e-05	-1.84701e-05	3.86985e-05	-28.494	0.000444772	6.13931e-06	0.000444772	0.792	0.00404051	-0.000170232	0.00404409	-2.412	0.00363351	-0.000204087	0.00363924	-3.216	-1.806802e-11
0.674	337			3.26785e-05	-1.86862e-05	3.76406e-05	-29.76	0.000526968	3.15906e-06	0.000526968	0.342	0.00413421	-0.000174523	0.00413802	-2.418	0.00364329	-0.000204802	0.00364901	-3.216	-1.986895e-11
0.676	338			3.0026e-05	-1.84776e-05	3.52564e-05	-31.596	0.000594083	-1.78815e-07	0.000594083	-0.018	0.00420502	-0.000176669	0.00420859	-2.406	0.00364639	-0.000203849	0.00365187	-3.198	-1.710478e-11
0.678	339			2.91319e-05	-1.84925e-05	3.45039e-05	-32.394	0.000612859	-2.56301e-06	0.000612859	-0.234	0.00422242	-0.000178338	0.00422624	-2.418	0.00364496	-0.00020361	0.00365068	-3.198	-1.522008e-11
0.68	340			2.69265e-05	-1.87383e-05	3.28051e-05	-34.818	0.000617329	-1.49012e-06	0.000617329	-0.132	0.00422814	-0.000178576	0.00423196	-2.418	0.00364424	-0.000204564	0.00364973	-3.21	-2.083224e-11
0.682	341			1.94983e-05	-1.80082e-05	2.65316e-05	-42.72	0.000618581	-1.78815e-06	0.000618581	-0.162	0.00423005	-0.000178815	0.00423387	-2.418	0.00363757	-0.000203849	0.00364305	-3.204	-1.806804e-11
0.684	342			1.1474e-05	-1.76878e-05	2.10853e-05	-57.012	0.000613932	-1.84775e-06	0.000613932	-0.174	0.00423124	-0.000180007	0.00423506	-2.43	0.00363542	-0.000203372	0.00364091	-3.204	-2.049722e-11
0.686	343			7.02965e-06	-1.7021e-05	1.84105e-05	-67.56	0.000608984	-4.17234e-07	0.000608984	-0.036	0.00423053	-0.000177861	0.00423411	-2.406	0.00363542	-0.000203372	0.00364091	-3.204	-2.275879e-11
0.688	344			3.85943e-06	-1.63951e-05	1.68384e-05	-76.752	0.000604991	-5.96051e-08	0.000604991	-0.006	0.00423101	-0.000177861	0.00423458	-2.406	0.00363566	-0.000203134	0.00364138	-3.198	-2.166989e-11
0.69	345			2.9728e-06	-1.57879e-05	1.60598e-05	-79.332	0.000604216	-1.1921e-06	0.000604216	-0.114	0.0042291	-0.000178576	0.00423291	-2.418	0.00363494	-0.000202895	0.00364067	-3.192	-2.125108e-11
0.692	346			1.73227e-06	-1.72296e-05	1.73115e-05	-84.252	0.000603382	-9.53682e-07	0.000603382	-0.084	0.00422767	-0.0001781	0.00423124	-2.412	0.0036328	-0.000203849	0.00363852	-3.21	-1.919885e-11
0.694	347			1.50502e-06	-1.74494e-05	1.7509e-05	-85.062	0.000601415	-8.34469e-07	0.000601415	-0.078	0.004226	-0.000179053	0.00422981	-2.424	0.00363185	-0.00020218	0.00363757	-3.186	-1.396363e-11
0.696	348			1.73227e-06	-1.6559e-05	1.66447e-05	-84.024	0.000602011	-8.94073e-07	0.000602011	-0.084	0.00422409	-0.000178576	0.00422791	-2.418	0.00363089	-0.000203849	0.00363661	-3.21	-1.764923e-11
0.698	349			1.26661e-07	-1.67937e-05	1.679e-05	-89.568	0.00059909	-1.1325e-06	0.00059909	-0.102	0.00422123	-0.00017953	0.00422505	-2.43	0.00362922	-0.000204326	0.00363494	-3.222	-1.890568e-11
0.7	350			-9.6858e-08	-1.67565e-05	1.67527e-05	-90.33	0.000595991	-5.36445e-07	0.000595991	-0.054	0.00421813	-0.000179053	0.00422195	-2.43	0.00362755	-0.000204326	0.00363328	-3.222	-1.806805e-11
0.702	351			-1.63914e-06	-1.60896e-05	1.61679e-05	-95.808	0.000593606	-1.2517e-06	0.000593606	-0.12	0.00421575	-0.000179292	0.00421956	-2.43	0.00362755	-0.000203849	0.00363328	-3.216	-2.46016e-11
0.704	352			-6.63105e-07	-1.64734e-05	1.64845e-05	-92.292	0.000591997	-4.17234e-07	0.000591997	-0.036	0.00421336	-0.000178576	0.00421742	-2.424	0.00362755	-0.000203849	0.00363328	-3.216	-1.840307e-11
0.706	353			-6.14677e-07	-1.62573e-05	1.62647e-05	-92.16	0.000585917	-1.84775e-06	0.000585917	-0.18	0.00420859	-0.000179292	0.00421241	-2.436	0.00362803	-0.000203372	0.00363375	-3.204	-2.405713e-11
0.708	354			9.49953e-07	-1.46106e-05	1.46367e-05	-86.28	0.000583235	-1.2517e-06	0.000583235	-0.12	0.00420597	-0.00017953	0.00420979	-2.442	0.00362851	-0.000201703	0.00363423	-3.18	-1.93245e-11
0.71	355			2.42145e-06	-1.47597e-05	1.49534e-05	-80.676	0.000576202	-7.15259e-07	0.000576202	-0.072	0.00420025	-0.00017953	0.00420406	-2.442	0.00363208	-0.000202657	0.00363781	-3.192	-2.062289e-11
0.712	356			4.85781e-06	-1.5963e-05	1.66857e-05	-73.068	0.00057042	-2.02657e-06	0.00057042	-0.198	0.00419644	-0.000179053	0.00420025	-2.442	0.0036359	-0.000201941	0.00364162	-3.18	-1.639279e-11
0.714	357			9.57405e-06	-1.60338e-05	1.8675e-05	-59.148	0.000572506	-1.31131e-06	0.000572506	-0.132	0.00420001	-0.000178815	0.00420383	-2.436	0.00364257	-0.000202418	0.0036483	-3.18	-2.158617e-11
0.716	358			1.26027e-05	-1.54638e-05	1.9949e-05	-50.814	0.000584964	-1.01329e-06	0.000584964	-0.096	0.00421408	-0.000181199	0.00421789	-2.46	0.00364687	-0.00020361	0.00365259	-3.192	-1.978519e-11
0.718	359			1.4525e-05	-1.61567e-05	2.17223e-05	-48.042	0.000591878	-1.2517e-06	0.000591878	-0.114	0.00422314	-0.000180722	0.00422695	-2.448	0.00365187	-0.000204802	0.00365759	-3.21	-1.894751e-11
0.72	360			2.61852e-05	-1.66149e-05	3.10095e-05	-32.394	0.000587348	-8.34469e-07	0.000587348	-0.078	0.00422791	-0.00018263	0.00423196	-2.472	0.00366999	-0.000205995	0.00367571	-3.21	-2.079033e-11
0.722	361			3.57369e-05	-1.81311e-05	4.00732e-05	-26.898	0.000575725	4.76841e-07	0.000575725	0.048	0.00423053	-0.000182153	0.00423434	-2.46	0.00369503	-0.000208617	0.00370075	-3.228	-2.141855e-11
0.724	362			4.80826e-05	-1.87868e-05	5.16216e-05	-21.342	0.000565711	6.55655e-07	0.000565711	0.066	0.00423291	-0.000181914	0.00423673	-2.46	0.00371911	-0.000209809	0.00372507	-3.228	-2.351266e-11
0.726	363			5.75522e-05	-1.86862e-05	6.05101e-05	-17.982	0.000546459	1.1921e-06	0.000546459	0.126	0.00423601	-0.000183106	0.00424007	-2.472	0.00375058	-0.000211001	0.00375654	-3.216	-1.827744e-11
0.728	364			6.72941e-05	-1.94163e-05	7.00396e-05	-16.092	0.000534359	1.1325e-06	0.000534359	0.126	0.00423792	-0.000183822	0.00424197	-2.478	0.00377442	-0.00021267	0.00378038	-3.222	-2.058094e-11
0.73	365			7.62981e-05	-1.97069e-05	7.88015e-05	-14.484	0.000521842	2.86104e-06	0.000521842	0.312	0.00424078	-0.000182868	0.00424483	-2.466	0.00379826	-0.000214339	0.00380422	-3.228	-1.446615e-11
0.732	366			7.91294e-05	-2.11523e-05	8.19047e-05	-14.964	0.000508014	3.81473e-06	0.000508014	0.438	0.00424412	-0.000182868	0.00424817	-2.466	0.00381948	-0.000216723	0.00382568	-3.246	-1.85706e-11
0.734	367			7.71997e-05	-2.06419e-05	7.99079e-05	-14.97	0.000502829	4.23196e-06	0.000502829	0.48	0.00424746	-0.000183345	0.00425151	-2.466	0.00382854	-0.000217439	0.00383474	-3.252	-1.354478e-11
0.736	368			7.2923e-05	-2.01726e-05	7.56611e-05	-15.462	0.000500623	5.24524e-06	0.000500623	0.6	0.00425437	-0.000183345	0.00425842	-2.466	0.00383307	-0.0002172	0.00383927	-3.246	-2.062285e-11
0.738	369			6.00817e-05	-2.0627e-05	6.35241e-05	-18.948	0.000507597	5.42405e-06	0.000507656	0.612	0.00427154	-0.000183345	0.00427535	-2.46	0.00382949	-0.000217677	0.00383569	-3.252	-2.024586e-11
0.74	370			4.75536e-05	-1.98112e-05	5.15135e-05	-22.614	0.000555459	2.92064e-06	0.000555459	0.306	0.00429824	-0.000185491	0.00430229	-2.466	0.00380041	-0.000216485	0.00380637	-3.258	-1.907317e-11
0.742	371			3.76517e-05	-1.9312e-05	4.23158e-05	-27.15	0.00063986	-9.53682e-07	0.00063986	-0.084	0.00436142	-0.000187875	0.00436547	-2.466	0.00376774	-0.000215531	0.0037737	-3.27	-2.443408e-11
0.744	372			4.16155e-05	-1.95504e-05	4.59815e-05	-25.158	0.000701848	-4.05314e-06	0.000701848	-0.324	0.00443128	-0.000191213	0.00443557	-2.472	0.00377466	-0.000216008	0.00378086	-3.27	-1.643465e-11
0.746	373			3.90226e-05	-2.02359e-05	4.39549e-05	-27.402	0.000761691	-6.97377e-06	0.000761751	-0.522	0.00449017	-0.000194312	0.00449422	-2.478	0.0037749	-0.000216485	0.0037811	-3.282	-1.878003e-11
0.748	374			3.61765e-05	-2.06494e-05	4.16527e-05	-29.712	0.000790361	-8.34471e-06	0.000790361	-0.6	0.0045276	-0.000197412	0.00453237	-2.496	0.0037799	-0.000218392	0.00378634	-3.306	-2.342893e-11
0.75	375			3.71749e-05	-2.24338e-05	4.34185e-05	-31.104	0.000769738	-6.97377e-06	0.000769798	-0.516	0.00453952	-0.000196458	0.00454381	-2.472	0.00381042	-0.000221253	0.00381686	-3.324	-1.404736e-11
0.752	376			4.54562e-05	-2.23742e-05	5.06642e-05	-26.208	0.000707809	-4.17235e-06	0.000707809	-0.336	0.00453952	-0.000197412	0.00454381	-2.484	0.0038767	-0.00022483	0.00388314	-3.318	-2.175364e-11
0.754	377			4.70432e-05	-2.22364e-05	5.20314e-05	-25.296	0.000625078	4.17234e-07	0.000625078	0.042	0.00452903	-0.000197412	0.00453332	-2.49	0.00394991	-0.000228168	0.00395635	-3.306	-2.481103e-11
0.756	378			3.86464e-05	-2.11411e-05	4.40481e-05	-28.674	0.000559513	2.4438e-06	0.000559513	0.252	0.00450471	-0.000196458	0.004509	-2.49	0.00399044	-0.000229121	0.00399688	-3.288	-1.919889e-11
0.758	379			3.31665e-05	-2.09437e-05	3.92275e-05	-32.268	0.000529531	3.87433e-06	0.000529531	0.426	0.00449184	-0.000195027	0.00449613	-2.484	0.00400212	-0.000228644	0.00400856	-3.27	-2.267506e-11
0.76	380			3.09499e-05	-1.89916e-05	3.63106e-05	-31.53	0.000508312	6.0797e-06	0.000508372	0.69	0.00448659	-0.000194074	0.00449088	-2.478	0.00401428	-0.000228406	0.00402072	-3.258	-1.945015e-11
0.762	381			3.74953e-05	-1.93381e-05	4.21891e-05	-27.276	0.00047815	6.61614e-06	0.00047821	0.798	0.00448707	-0.00019455	0.00449136	-2.478	0.00404909	-0.000229598	0.00405553	-3.246	-1.86125e-11
0.764	382			5.20388e-05	-2.02508e-05	5.58386e-05	-21.264	0.000426056	1.00732e-05	0.000426175	1.356	0.0044823	-0.000194074	0.00448707	-2.478	0.00410894	-0.000232697	0.00411537	-3.24	-2.443408e-11
0.766	383			6.78007e-05	-2.11076e-05	7.10119e-05	-17.292	0.000390353	1.10269e-05	0.000390531	1.62	0.00448611	-0.00019312	0.00448993	-2.46	0.0041652	-0.000236035	0.00417188	-3.246	-1.961767e-11
0.768	384			7.40853e-05	-2.16925e-05	7.71959e-05	-16.32	0.000354351	1.27555e-05	0.00035459	2.064	0.00448182	-0.000194074	0.00448611	-2.472	0.00420573	-0.000237704	0.00421241	-3.234	-2.045529e-11
0.77	385			6.735e-05	-2.06196e-05	7.04345e-05	-17.022	0.000329735	1.46032e-05	0.000330033	2.538	0.00448278	-0.000194074	0.00448707	-2.472	0.00422576	-0.000238896	0.00423244	-3.234	-2.468538e-11
0.772	386			5.82526e-05	-2.14764e-05	6.20862e-05	-20.238	0.000322403	1.44244e-05	0.000322761	2.568	0.00449231	-0.000193597	0.00449613	-2.466	0.00423482	-0.00023985	0.00424173	-3.24	-1.731415e-11
0.774	387			4.27628e-05	-2.02322e-05	4.73077e-05	-25.314	0.000334265	1.43648e-05	0.000334563	2.46	0.00451759	-0.000196458	0.00452188	-2.484	0.00423387	-0.000240088	0.00424078	-3.246	-2.154422e-11
0.776	388			3.17434e-05	-1.92561e-05	3.71265e-05	-31.242	0.000379266	1.38879e-05	0.000379564	2.1	0.00457099	-0.000199319	0.00457528	-2.49	0.00422934	-0.000241042	0.00423625	-3.258	-2.296821e-11
0.778	389			2.26089e-05	-1.79523e-05	2.88674e-05	-38.448	0.000406804	1.4186e-05	0.000407042	2.004	0.00460818	-0.000200749	0.00461248	-2.496	0.00422958	-0.000242711	0.00423649	-3.282	-2.246563e-11
0.78	390			1.70321e-05	-1.82913e-05	2.49894e-05	-47.04	0.000410737	1.37091e-05	0.000410976	1.914	0.0046182	-0.000201226	0.00462249	-2.49	0.00423172	-0.000242949	0.00423864	-3.282	-2.393148e-11
0.782	391			1.29305e-05	-1.80864e-05	2.22326e-05	-54.432	0.000407996	1.39475e-05	0.000408234	1.962	0.00461915	-0.000201703	0.00462344	-2.496	0.0042322	-0.000243188	0.00423911	-3.288	-2.187928e-11
0.784	392			1.08667e-05	-1.7237e-05	2.03737e-05	-57.762	0.000403883	1.508e-05	0.000404181	2.142	0.00461772	-0.000200749	0.00462201	-2.484	0.00423124	-0.000243426	0.0042384	-3.294	-2.384768e-11
0.786	393			9.88325e-06	-1.82652e-05	2.07649e-05	-61.572	0.000401022	1.56165e-05	0.00040132	2.232	0.00461534	-0.000199796	0.00461963	-2.478	0.00423339	-0.000242949	0.0042403	-3.282	-2.208874e-11
0.788	394			8.72841e-06	-1.7848e-05	1.98634e-05	-63.936	0.00039679	1.68682e-05	0.000397148	2.436	0.00461486	-0.000199796	0.00461915	-2.478	0.00423506	-0.000243665	0.00424197	-3.294	-2.447597e-11
0.79	395			8.38941e-06	-1.73488e-05	1.92673e-05	-64.188	0.000394585	1.6451e-05	0.000394942	2.394	0.00461295	-0.000200273	0.00461724	-2.484	0.00423387	-0.000243426	0.00424078	-3.288	-2.342895e-11
0.792	396			7.16376e-06	-1.7699e-05	1.90922e-05	-67.956	0.000392856	1.508e-05	0.000393154	2.208	0.00461057	-0.000201226	0.00461486	-2.496	0.00423315	-0.000243665	0.00424007	-3.294	-1.773295e-11
0.794	397			4.86153e-06	-1.76915e-05	1.83434e-05	-74.628	0.000389935	1.508e-05	0.000390233	2.22	0.00461105	-0.000200749	0.00461534	-2.49	0.00423339	-0.000243665	0.0042403	-3.294	-1.823554e-11
0.796	398			3.52041e-06	-1.76803e-05	1.80231e-05	-78.732	0.000390889	1.49608e-05	0.000391187	2.196	0.004612	-0.000200749	0.00461629	-2.49	0.00423291	-0.000242949	0.00423983	-3.282	-1.924074e-11
0.798	399			1.51993e-06	-1.76021e-05	1.76654e-05	-85.062	0.000401141	1.46628e-05	0.00040138	2.094	0.00462487	-0.000200749	0.00462916	-2.484	0.0042322	-0.000243188	0.00423935	-3.288	-1.496878e-11
0.8	400			2.68223e-07	-1.72296e-05	1.72296e-05	-89.1	0.000433268	1.23978e-05	0.000433387	1.644	0.00465968	-0.000202657	0.00466397	-2.484	0.00423267	-0.000242234	0.00423959	-3.276	-1.647653e-11
0.802	401			-1.1921e-07	-1.68384e-05	1.68347e-05	-90.396	0.000472547	1.11461e-05	0.000472726	1.356	0.00469926	-0.000204087	0.00470403	-2.484	0.00423363	-0.000242234	0.00424054	-3.276	-1.471747e-11
0.804	402			-1.15484e-07	-1.89954e-05	1.89916e-05	-90.342	0.000573758	5.00682e-06	0.000573818	0.504	0.00480226	-0.000208856	0.00480703	-2.49	0.00423458	-0.000243188	0.00424173	-3.282	-2.045529e-11
0.806	403			-1.40817e-06	-1.86042e-05	1.86526e-05	-94.326	0.000735048	-1.43052e-06	0.000735048	-0.108	0.00496486	-0.000215531	0.00496963	-2.484	0.00423458	-0.000243903	0.0042415	-3.294	-2.17955e-11
0.808	404			-6.70556e-07	-1.89432e-05	1.89544e-05	-92.028	0.000816766	-6.37773e-06	0.000816766	-0.444	0.00504354	-0.000219346	0.0050483	-2.484	0.00423339	-0.000242711	0.0042403	-3.282	-1.718851e-11
0.81	405			-1.49012e-06	-2.03029e-05	2.03551e-05	-94.2	0.000837687	-7.39101e-06	0.000837747	-0.504	0.00506261	-0.000219823	0.00506738	-2.484	0.0042322	-0.000242234	0.00423935	-3.276	-1.83193e-11
0.812	406			6.33304e-08	-1.95244e-05	1.95206e-05	-89.814	0.000844661	-7.56982e-06	0.000844721	-0.51	0.00506929	-0.000220777	0.00507358	-2.49	0.00423291	-0.000242711	0.00424007	-3.282	-1.651838e-11
0.814	407			-7.26435e-07	-1.92897e-05	1.93008e-05	-92.148	0.000847105	-7.62945e-06	0.000847105	-0.516	0.00507167	-0.000220777	0.00507596	-2.49	0.00423291	-0.000242711	0.00423983	-3.282	-2.037155e-11
0.816	408			8.64271e-07	-2.00198e-05	2.00385e-05	-87.522	0.000850026	-8.04669e-06	0.000850085	-0.54	0.00507262	-0.000220777	0.00507692	-2.49	0.00423267	-0.000243665	0.00423959	-3.294	-2.158607e-11
0.818	409			1.28896e-06	-2.03365e-05	2.03737e-05	-86.37	0.00084931	-8.52352e-06	0.00084937	-0.57	0.0050731	-0.000220777	0.00507787	-2.49	0.00423411	-0.000242949	0.00424102	-3.282	-1.907315e-11
0.82	410			3.98609e-06	-2.01986e-05	2.05823e-05	-78.834	0.000847224	-9.83482e-06	0.000847343	-0.666	0.00507262	-0.000220777	0.00507739	-2.49	0.0042372	-0.000242473	0.00424436	-3.276	-2.271694e-11
0.822	411			8.36333e-06	-2.05339e-05	2.21693e-05	-67.83	0.000847343	-9.71562e-06	0.000847403	-0.654	0.0050731	-0.000220777	0.00507787	-2.49	0.00424293	-0.000241519	0.00424984	-3.258	-1.982712e-11
0.824	412			1.50353e-05	-1.97367e-05	2.48105e-05	-52.698	0.00084639	-9.95403e-06	0.000846449	-0.672	0.00507358	-0.000222207	0.00507882	-2.502	0.00425103	-0.000241996	0.00425795	-3.258	-2.321955e-11
0.826	413			2.30299e-05	-2.04929e-05	3.0827e-05	-41.658	0.000844065	-9.65601e-06	0.000844125	-0.654	0.00507453	-0.00022173	0.0050793	-2.496	0.00426152	-0.000242711	0.0042682	-3.258	-2.171173e-11
0.828	414			3.04395e-05	-2.20687e-05	3.75959e-05	-35.934	0.000841621	-1.04309e-05	0.000841681	-0.708	0.00507405	-0.00022173	0.00507882	-2.496	0.00427058	-0.000243188	0.0042775	-3.258	-1.756544e-11
0.83	415			4.24946e-05	-2.17856e-05	4.77547e-05	-27.138	0.000838939	-1.07289e-05	0.000838999	-0.732	0.00507596	-0.00022173	0.00508073	-2.502	0.00428727	-0.000243665	0.00429419	-3.252	-1.940822e-11
0.832	416			5.18973e-05	-2.20352e-05	5.63788e-05	-23.004	0.000838403	-1.01925e-05	0.000838462	-0.696	0.00507501	-0.000220777	0.00507978	-2.49	0.00429681	-0.000244142	0.00430372	-3.252	-2.087411e-11
0.834	417			5.30037e-05	-2.27095e-05	5.7664e-05	-23.19	0.000832979	-9.35799e-06	0.000833038	-0.642	0.00507596	-0.000221253	0.00508025	-2.49	0.00430325	-0.000244619	0.0043104	-3.252	-1.924072e-11
0.836	418			6.14715e-05	-2.3123e-05	6.56773e-05	-20.61	0.000822131	-8.04669e-06	0.00082219	-0.558	0.00507692	-0.000220777	0.00508168	-2.49	0.0043216	-0.000246288	0.00432852	-3.258	-2.087413e-11
0.838	419			6.82701e-05	-2.31491e-05	7.20848e-05	-18.726	0.000806812	-8.58313e-06	0.000806872	-0.612	0.00507882	-0.00022173	0.00508359	-2.496	0.0043464	-0.000247242	0.00435355	-3.252	-2.271691e-11
0.84	420			7.93156e-05	-2.52203e-05	8.32272e-05	-17.64	0.000787083	-6.61614e-06	0.000787083	-0.48	0.00507978	-0.000222207	0.00508502	-2.502	0.00437739	-0.000251057	0.00438455	-3.282	-1.986894e-11
0.842	421			8.96906e-05	-2.62858e-05	9.3468e-05	-16.332	0.000761453	-6.0797e-06	0.000761453	-0.456	0.0050793	-0.000222684	0.00508407	-2.508	0.00441292	-0.000253202	0.00442031	-3.282	-1.869628e-11
0.844	422			9.27825e-05	-2.62858e-05	9.64333e-05	-15.816	0.00074381	-4.94721e-06	0.00074381	-0.378	0.00508073	-0.000224114	0.00508597	-2.526	0.00443581	-0.000255348	0.0044432	-3.294	-1.660213e-11
0.846	423			9.36692e-05	-2.59952e-05	9.72082e-05	-15.51	0.000715975	-4.64919e-06	0.000715975	-0.366	0.00508025	-0.000224114	0.00508502	-2.52	0.0044618	-0.000255587	0.00446919	-3.276	-1.957573e-11
0.848	424			9.59341e-05	-2.51905e-05	9.91826e-05	-14.712	0.000691239	-2.08618e-06	0.000691239	-0.168	0.00508073	-0.000224114	0.00508597	-2.52	0.00449017	-0.000257494	0.00449756	-3.282	-2.012024e-11
0.85	425			0.000103169	-2.49149e-05	0.000106134	-13.578	0.000667397	-8.34469e-07	0.000667397	-0.072	0.00508264	-0.000224114	0.00508788	-2.52	0.00452664	-0.000260832	0.00453427	-3.294	-1.898939e-11
0.852	426			0.000105076	-2.53097e-05	0.000108086	-13.542	0.000646237	-1.43052e-06	0.000646237	-0.126	0.00508073	-0.000224591	0.00508597	-2.526	0.00454572	-0.000259878	0.00455287	-3.27	-2.183746e-11
0.854	427			0.000107691	-2.46466e-05	0.000110478	-12.888	0.000626389	2.02657e-06	0.000626389	0.186	0.00508454	-0.000224114	0.00508931	-2.52	0.00457147	-0.000261785	0.00457862	-3.27	-2.133482e-11
0.856	428			0.00010001	-2.49223e-05	0.000103072	-13.992	0.000610296	2.50341e-06	0.000610296	0.24	0.00508121	-0.000223638	0.00508597	-2.514	0.00458005	-0.000261785	0.0045872	-3.27	-1.915698e-11
0.858	429			9.49358e-05	-2.44455e-05	9.80278e-05	-14.436	0.000602309	2.4438e-06	0.000602309	0.234	0.00507978	-0.000223161	0.00508502	-2.514	0.004581	-0.000260832	0.00458863	-3.258	-1.513631e-11
0.86	430			8.93031e-05	-2.43784e-05	9.25739e-05	-15.264	0.00059909	4.64919e-06	0.00059915	0.45	0.00507835	-0.000223638	0.00508359	-2.52	0.00457671	-0.000262739	0.00458434	-3.282	-1.970142e-11
0.862	431			9.21492e-05	-2.41996e-05	9.52785e-05	-14.712	0.000597779	3.57629e-06	0.000597779	0.348	0.00507405	-0.000222684	0.0050793	-2.508	0.00457767	-0.000262262	0.0045853	-3.276	-1.848688e-11
0.864	432			9.20971e-05	-2.48478e-05	9.53902e-05	-15.096	0.000604752	4.58959e-06	0.000604812	0.438	0.00507453	-0.000223161	0.0050793	-2.514	0.00457194	-0.00026417	0.00457957	-3.306	-2.112543e-11
0.866	433			9.16352e-05	-2.44157e-05	9.4824e-05	-14.916	0.000613693	4.11275e-06	0.000613693	0.384	0.00507835	-0.000226022	0.00508311	-2.544	0.00456527	-0.000265123	0.0045729	-3.324	-2.120916e-11
0.868	434			9.1501e-05	-2.52501e-05	9.49209e-05	-15.426	0.000624064	5.18563e-06	0.000624124	0.474	0.00508025	-0.000226022	0.00508502	-2.544	0.00455669	-0.000266077	0.00456432	-3.342	-1.982703e-11
0.87	435			8.94e-05	-2.46243e-05	9.27229e-05	-15.396	0.000642363	4.11275e-06	0.000642363	0.372	0.00508264	-0.000227929	0.00508788	-2.562	0.00453952	-0.000267031	0.00454715	-3.36	-1.911507e-11
0.872	436			7.96993e-05	-2.48404e-05	8.34768e-05	-17.31	0.00065786	5.54326e-06	0.00065792	0.486	0.00508502	-0.000226499	0.00508979	-2.55	0.00451711	-0.000267508	0.00452521	-3.39	-2.17536e-11
0.874	437			7.02371e-05	-2.31267e-05	7.394e-05	-18.222	0.000672821	2.98025e-06	0.000672821	0.258	0.00508836	-0.000227452	0.00509313	-2.556	0.00449565	-0.000265123	0.00450328	-3.372	-2.028775e-11
0.876	438			5.93963e-05	-2.26499e-05	6.35688e-05	-20.868	0.000682358	3.09946e-06	0.000682358	0.264	0.00509265	-0.000228406	0.0050979	-2.562	0.00448039	-0.000265123	0.00448802	-3.384	-2.342897e-11
0.878	439			5.60435e-05	-2.3015e-05	6.05809e-05	-22.326	0.000678901	2.62262e-06	0.000678901	0.222	0.00510123	-0.000228406	0.005106	-2.556	0.00448516	-0.000264646	0.00449279	-3.372	-1.961767e-11
0.88	440			5.13273e-05	-2.29703e-05	5.62372e-05	-24.102	0.000649575	5.24524e-06	0.000649635	0.462	0.00510696	-0.000228406	0.0051122	-2.556	0.00451234	-0.000267031	0.00452045	-3.384	-2.166987e-11
0.882	441			4.7453e-05	-2.30671e-05	5.27578e-05	-25.92	0.000596348	8.34471e-06	0.000596408	0.804	0.00511315	-0.000227452	0.00511792	-2.544	0.00456575	-0.000269415	0.00457385	-3.378	-2.049718e-11
0.884	442			4.71252e-05	-2.27765e-05	5.23406e-05	-25.788	0.000527684	1.20998e-05	0.000527862	1.32	0.00511411	-0.000228406	0.00511935	-2.55	0.00463441	-0.00027323	0.00464252	-3.372	-1.622523e-11
0.886	443			3.12107e-05	-2.22476e-05	3.83186e-05	-35.478	0.000475468	1.44244e-05	0.000475707	1.74	0.00511268	-0.000227452	0.00511745	-2.544	0.00467399	-0.00027466	0.00468209	-3.36	-2.317762e-11
0.888	444			1.30907e-05	-2.13907e-05	2.50713e-05	-58.524	0.000447514	1.508e-05	0.000447812	1.932	0.005106	-0.000226975	0.00511125	-2.544	0.00468066	-0.000274183	0.00468877	-3.348	-1.790046e-11
0.89	445			1.07289e-05	-2.0899e-05	2.34843e-05	-62.808	0.000431957	1.73451e-05	0.000432314	2.304	0.00510934	-0.000226499	0.00511411	-2.538	0.00469306	-0.000275614	0.00470117	-3.36	-1.894752e-11
0.892	446			1.73078e-05	-2.12864e-05	2.74332e-05	-50.874	0.000418367	1.60934e-05	0.000418665	2.202	0.00514224	-0.000228883	0.00514701	-2.544	0.00474456	-0.000277044	0.00475267	-3.342	-1.769111e-11
0.894	447			1.47671e-05	-2.26126e-05	2.7001e-05	-56.838	0.00044799	1.66298e-05	0.000448288	2.124	0.0052028	-0.00023079	0.00520757	-2.532	0.00477508	-0.000279428	0.00478318	-3.342	-1.894752e-11
0.896	448			1.49236e-05	-2.23146e-05	2.68446e-05	-56.22	0.000533286	1.28747e-05	0.000533465	1.386	0.00530913	-0.000235082	0.00531438	-2.532	0.00479606	-0.000280382	0.00480464	-3.348	-1.869625e-11
0.898	449			1.36719e-05	-2.22774e-05	2.61293e-05	-58.458	0.000629667	7.45061e-06	0.000629727	0.678	0.00542167	-0.000240327	0.00542691	-2.538	0.00481132	-0.000281336	0.0048199	-3.348	-1.986896e-11
0.9	450			1.16379e-05	-2.27169e-05	2.55184e-05	-62.868	0.000731114	2.74183e-06	0.000731114	0.216	0.005528	-0.000244619	0.00553325	-2.532	0.00481656	-0.000281813	0.00482467	-3.348	-2.166986e-11
0.902	451			9.71562e-06	-2.28883e-05	2.48627e-05	-66.99	0.000767652	-5.36445e-07	0.000767652	-0.036	0.00557521	-0.00024748	0.00558093	-2.538	0.00482467	-0.000281336	0.00483325	-3.336	-1.810988e-11
0.904	452			1.37389e-05	-2.36855e-05	2.73735e-05	-59.874	0.000784997	-1.1921e-07	0.000784997	-0.006	0.00560907	-0.00024748	0.00561431	-2.526	0.00484565	-0.000282766	0.00485423	-3.336	-1.957575e-11
0.906	453			8.79919e-06	-2.37675e-05	2.53395e-05	-69.684	0.000784282	-1.60933e-06	0.000784282	-0.114	0.00562671	-0.000248434	0.00563195	-2.526	0.00485948	-0.000282289	0.00486758	-3.324	-2.22981e-11
0.908	454			9.76777e-06	-2.25158e-05	2.45349e-05	-66.534	0.000764374	-1.37091e-06	0.000764374	-0.102	0.00562862	-0.000249388	0.00563386	-2.538	0.00488189	-0.000282289	0.00488999	-3.306	-1.915696e-11
0.91	455			9.81247e-06	-2.3842e-05	2.57717e-05	-67.626	0.000749413	-8.94073e-07	0.000749413	-0.066	0.00563481	-0.000248911	0.00564006	-2.526	0.00490096	-0.000282766	0.00490859	-3.3	-1.949205e-11
0.912	456			1.80603e-05	-2.32832e-05	2.94597e-05	-52.188	0.000722114	1.90736e-06	0.000722114	0.15	0.00563625	-0.000248911	0.00564197	-2.526	0.00493863	-0.000285627	0.00494674	-3.306	-1.714664e-11
0.914	457			1.94685e-05	-2.33651e-05	3.04059e-05	-50.184	0.000710551	1.01329e-06	0.000710551	0.084	0.0056372	-0.000249388	0.00564292	-2.526	0.00495437	-0.000286104	0.00496247	-3.3	-2.342894e-11
0.916	458			2.56748e-05	-2.47956e-05	3.56885e-05	-43.992	0.00068057	2.62262e-06	0.00068057	0.222	0.00563768	-0.000248434	0.00564292	-2.52	0.00499108	-0.000287058	0.00499967	-3.294	-2.238184e-11
0.918	459			2.66806e-05	-2.40059e-05	3.58897e-05	-41.976	0.000659887	4.23196e-06	0.000659887	0.372	0.00563625	-0.000248434	0.00564149	-2.52	0.00501063	-0.000288012	0.00501922	-3.288	-1.857059e-11
0.92	460			3.5085e-05	-2.45572e-05	4.28187e-05	-34.98	0.00064278	4.23196e-06	0.00064278	0.378	0.00563768	-0.000248434	0.00564292	-2.52	0.00503829	-0.000289442	0.0050464	-3.282	-1.660214e-11
0.922	461			3.74245e-05	-2.49745e-05	4.49868e-05	-33.714	0.000630084	5.72208e-06	0.000630084	0.522	0.00563529	-0.000247957	0.00564054	-2.514	0.00505164	-0.000290396	0.00505975	-3.288	-1.848685e-11
0.924	462			4.06133e-05	-2.51086e-05	4.7751e-05	-31.722	0.000623886	6.31812e-06	0.000623945	0.588	0.00563386	-0.000248434	0.00563911	-2.52	0.00506023	-0.000291826	0.00506833	-3.3	-1.706285e-11
0.926	463			3.8177e-05	-2.48329e-05	4.55382e-05	-33.036	0.00061566	6.19891e-06	0.00061566	0.582	0.005631	-0.000249388	0.00563672	-2.538	0.00506356	-0.00029278	0.00507167	-3.306	-2.07066e-11
0.928	464			3.54799e-05	-2.5727e-05	4.38245e-05	-35.94	0.000609461	7.45061e-06	0.000609461	0.708	0.00562862	-0.000249388	0.00563434	-2.538	0.00506547	-0.00029421	0.00507405	-3.324	-1.685344e-11
0.93	465			2.98918e-05	-2.51905e-05	3.90785e-05	-40.116	0.000598375	7.3314e-06	0.000598375	0.702	0.00562766	-0.000251295	0.00563291	-2.556	0.00506833	-0.000296118	0.00507692	-3.342	-2.288448e-11
0.932	466			2.55705e-05	-2.50862e-05	3.58152e-05	-44.442	0.000585977	8.10629e-06	0.000586037	0.798	0.00562194	-0.000252249	0.00562766	-2.568	0.00507119	-0.000296118	0.00507978	-3.336	-1.421492e-11
0.934	467			2.08319e-05	-2.55556e-05	3.29616e-05	-50.808	0.000576798	9.35799e-06	0.000576857	0.936	0.00561765	-0.000251295	0.00562337	-2.556	0.00507358	-0.000298025	0.00508264	-3.36	-2.18793e-11
0.936	468			1.99453e-05	-2.5347e-05	3.22463e-05	-51.798	0.000565413	8.46392e-06	0.000565533	0.864	0.00561526	-0.000251772	0.00562099	-2.562	0.00507882	-0.000297548	0.00508741	-3.348	-1.752357e-11
0.938	469			1.2599e-05	-2.34173e-05	2.65838e-05	-61.71	0.000548545	9.89443e-06	0.000548664	1.032	0.0056062	-0.000251772	0.00561193	-2.568	0.00508025	-0.000297071	0.00508884	-3.342	-1.739793e-11
0.94	470			1.01925e-05	-2.34843e-05	2.55929e-05	-66.516	0.000540439	1.06097e-05	0.000540558	1.128	0.00560096	-0.000250341	0.0056062	-2.556	0.00508025	-0.000297071	0.00508884	-3.342	-1.940825e-11
0.942	471			4.49273e-06	-2.26797e-05	2.31118e-05	-78.774	0.000534777	1.13249e-05	0.000534955	1.218	0.00559762	-0.000250341	0.00560334	-2.556	0.00507882	-0.000296118	0.00508741	-3.33	-2.154419e-11
0.944	472			3.81473e-06	-2.12194e-05	2.15472e-05	-79.794	0.0005312	1.08481e-05	0.00053126	1.176	0.00559428	-0.000251772	0.00560001	-2.574	0.00507835	-0.000295164	0.00508693	-3.324	-2.326139e-11
0.946	473			1.99677e-06	-2.02731e-05	2.03626e-05	-84.366	0.00052524	1.2219e-05	0.000525359	1.338	0.00558999	-0.000250341	0.00559571	-2.562	0.00507692	-0.000294687	0.0050855	-3.324	-1.785861e-11
0.948	474			2.07873e-06	-2.06606e-05	2.07723e-05	-84.252	0.000521425	1.19806e-05	0.000521544	1.32	0.00558475	-0.000250341	0.00559047	-2.562	0.00507596	-0.00029421	0.00508502	-3.312	-1.643462e-11
0.95	475			1.10269e-06	-2.06829e-05	2.07053e-05	-86.934	0.000519995	1.2517e-05	0.000520114	1.386	0.00558522	-0.000250341	0.00559095	-2.568	0.00507596	-0.000294687	0.00508502	-3.324	-2.213062e-11
0.952	476			0.0	-2.10555e-05	2.1048e-05	-90.0	0.000515584	1.4484e-05	0.000515822	1.608	0.00557998	-0.000249388	0.00558522	-2.556	0.00507501	-0.000296118	0.00508359	-3.336	-1.978517e-11
0.954	477			-2.53322e-07	-2.07798e-05	2.07723e-05	-90.678	0.000514809	1.27555e-05	0.000514988	1.422	0.00558093	-0.000250341	0.00558665	-2.568	0.00507644	-0.000296118	0.00508502	-3.336	-2.485291e-11
0.956	478			-8.60546e-07	-1.97218e-05	1.97367e-05	-92.496	0.000504974	1.48416e-05	0.000505213	1.686	0.00557235	-0.000249865	0.00557807	-2.562	0.00507596	-0.000296118	0.00508454	-3.336	-1.702099e-11
0.958	479			-6.37028e-07	-2.04929e-05	2.05004e-05	-91.77	0.000511292	1.32919e-05	0.000511412	1.488	0.00557855	-0.000249865	0.00558427	-2.562	0.00507692	-0.000296118	0.0050855	-3.336	-1.911504e-11
0.96	480			-5.51347e-07	-2.06606e-05	2.06643e-05	-91.524	0.000520531	1.28151e-05	0.00052071	1.41	0.00558761	-0.000251295	0.00559333	-2.574	0.00507692	-0.000297071	0.0050855	-3.348	-1.991081e-11
0.962	481			-3.83707e-07	-2.08953e-05	2.08953e-05	-91.05	0.000536207	1.20402e-05	0.000536326	1.29	0.00560382	-0.000253679	0.00560954	-2.586	0.00507692	-0.000298025	0.00508597	-3.36	-1.815182e-11
0.964	482			2.90574e-07	-2.04445e-05	2.04445e-05	-89.178	0.000551824	1.40071e-05	0.000552002	1.458	0.00561765	-0.00025511	0.00562337	-2.598	0.00507692	-0.000300886	0.00508597	-3.39	-1.974333e-11
0.966	483			1.14367e-06	-2.09586e-05	2.09847e-05	-86.868	0.000561956	1.08481e-05	0.000562016	1.11	0.00562766	-0.000256063	0.00563338	-2.604	0.00507692	-0.000300409	0.00508597	-3.384	-1.90313e-11
0.968	484			8.08392e-07	-1.99341e-05	1.9949e-05	-87.672	0.000566784	1.34707e-05	0.000566963	1.362	0.00563243	-0.000255587	0.00563815	-2.598	0.00507739	-0.000301363	0.00508645	-3.396	-1.777483e-11
0.97	485			1.33366e-06	-2.09847e-05	2.10257e-05	-86.358	0.00056738	1.14442e-05	0.0005675	1.158	0.00563386	-0.00025654	0.00563958	-2.604	0.00507835	-0.000301363	0.00508693	-3.396	-1.660215e-11
0.972	486			1.50502e-06	-2.09362e-05	2.09884e-05	-85.884	0.000569228	1.28747e-05	0.000569347	1.296	0.00563338	-0.000255587	0.00563911	-2.592	0.00507644	-0.000301363	0.0050855	-3.396	-2.234e-11
0.974	487			-8.12117e-07	-2.09251e-05	2.09362e-05	-92.214	0.000566963	1.37091e-05	0.000567082	1.392	0.00563386	-0.000256063	0.00563958	-2.598	0.00507644	-0.000302317	0.0050855	-3.402	-1.806799e-11
0.976	488			-3.35278e-08	-2.03626e-05	2.03588e-05	-90.084	0.000566427	1.2219e-05	0.000566546	1.236	0.00563338	-0.000255587	0.00563911	-2.592	0.00507596	-0.000300886	0.00508502	-3.39	-2.246562e-11
0.978	489			-2.25009e-06	-2.07723e-05	2.08878e-05	-96.18	0.0005675	1.30535e-05	0.000567678	1.32	0.00563291	-0.000255587	0.00563863	-2.592	0.00507405	-0.000300886	0.00508311	-3.39	-2.070659e-11
0.98	490			-3.33787e-06	-1.9882e-05	2.01539e-05	-99.528	0.000566129	1.22786e-05	0.000566248	1.242	0.00563195	-0.000256063	0.00563768	-2.598	0.0050731	-0.000300409	0.00508216	-3.384	-2.108353e-11
0.982	491			-3.84453e-06	-2.07798e-05	2.113e-05	-100.482	0.000566486	1.06097e-05	0.000566605	1.074	0.00563386	-0.00025654	0.00563958	-2.604	0.00507358	-0.000299932	0.00508264	-3.384	-2.104165e-11
0.984	492			-1.89991e-06	-2.09176e-05	2.09996e-05	-95.184	0.000567023	1.16826e-05	0.000567142	1.182	0.00563529	-0.000256063	0.00564101	-2.598	0.00507596	-0.000300409	0.00508502	-3.384	-2.242377e-11
0.986	493			-3.3267e-06	-2.12417e-05	2.14988e-05	-98.892	0.000568155	1.15634e-05	0.000568274	1.17	0.00563672	-0.000255587	0.00564244	-2.592	0.00507501	-0.000300409	0.00508359	-3.39	-2.028776e-11
0.988	494			-3.91158e-06	-2.13349e-05	2.16888e-05	-100.386	0.000569645	1.10865e-05	0.000569765	1.116	0.00564054	-0.00025511	0.00564626	-2.586	0.00507644	-0.000299932	0.0050855	-3.378	-2.062278e-11
0.99	495			-3.73648e-06	-2.05227e-05	2.08543e-05	-100.314	0.000575844	1.20402e-05	0.000576023	1.2	0.00565198	-0.000255587	0.0056577	-2.586	0.00508168	-0.000300886	0.00509027	-3.384	-1.936633e-11
0.992	496			5.7854e-06	-2.29181e-05	2.36334e-05	-75.828	0.000595216	9.71562e-06	0.000595275	0.942	0.00567487	-0.000257494	0.00568059	-2.598	0.00509313	-0.000301363	0.00510219	-3.384	-2.104162e-11
0.994	497			2.35477e-05	-2.40208e-05	3.36359e-05	-45.564	0.000631217	7.98708e-06	0.000631277	0.732	0.00572684	-0.000258924	0.00573257	-2.586	0.00512412	-0.000302317	0.00513318	-3.378	-2.137667e-11
0.996	498			3.08419e-05	-2.62895e-05	4.05277e-05	-40.44	0.000717167	3.81473e-06	0.000717167	0.306	0.0058203	-0.000262739	0.0058265	-2.586	0.00514176	-0.000304701	0.00515082	-3.39	-1.98689e-11
0.998	499			3.76964e-05	-2.59654e-05	4.57729e-05	-34.554	0.000863735	-4.11275e-06	0.000863735	-0.27	0.00597289	-0.000271322	0.00597861	-2.598	0.00515416	-0.000304701	0.00516322	-3.384	-2.079035e-11
1.0	500			4.78665e-05	-2.72245e-05	5.50675e-05	-29.628	0.00101865	-1.34707e-05	0.00101877	-0.756	0.00613502	-0.000279428	0.00614122	-2.604	0.00516942	-0.000306608	0.00517848	-3.39	-1.974329e-11
