variable x	variable x count			lockin1 x	lockin1 y	lockin1 r	lockin1 phi	lockin2 x	lockin2 y	lockin2 r	lockin2 phi	lockin3 x	lockin3 y	lockin3 r	lockin3 phi	lockin4 x	lockin4 y	lockin4 r	lockin4 phi	smu1 meas	


0.0	0			1.49981e-05	-1.52738e-07	1.49981e-05	-0.576	1.60859e-05	2.86476e-06	1.63392e-05	10.104	5.57027e-06	1.31224e-06	5.72301e-06	13.26	5.35513e-06	-2.05172e-06	5.73418e-06	-20.958	-1.689507e-11
-0.002	1			1.39624e-05	2.60771e-08	1.39624e-05	0.108	1.62759e-05	2.4289e-06	1.64584e-05	8.49	-5.53209e-06	6.43548e-07	5.56841e-06	173.358	-5.01893e-06	-1.53669e-06	5.24803e-06	-162.978	-2.334486e-11
-0.004	2			1.40742e-05	5.96051e-08	1.40742e-05	0.246	1.67192e-05	2.14951e-06	1.68571e-05	7.326	-1.60813e-05	1.53296e-06	1.61539e-05	174.552	-1.73795e-05	3.25965e-08	1.73786e-05	179.892	-1.815153e-11
-0.006	3			1.51322e-05	3.46454e-07	1.51359e-05	1.326	1.54526e-05	2.1197e-06	1.55979e-05	7.824	-2.68799e-05	1.99491e-06	2.69507e-05	175.752	-2.76455e-05	-1.80677e-07	2.76436e-05	-179.628	-1.911481e-11
-0.008	4			1.41748e-05	4.06058e-07	1.41822e-05	1.644	1.53632e-05	2.0899e-06	1.55048e-05	7.746	-3.6834e-05	2.49782e-06	3.69179e-05	176.118	-3.58338e-05	5.84874e-07	3.58375e-05	179.064	-2.594154e-11
-0.01	5			1.48453e-05	2.01167e-07	1.48453e-05	0.786	1.55271e-05	1.72109e-06	1.5624e-05	6.33	-4.71512e-05	3.14043e-06	4.72481e-05	176.184	-4.54097e-05	8.15842e-07	4.54134e-05	178.968	-2.166963e-11
-0.012	6			1.39103e-05	-6.92908e-07	1.39289e-05	-2.838	1.44393e-05	1.72482e-06	1.45399e-05	6.816	-5.67662e-05	3.66943e-06	5.68817e-05	176.298	-5.8152e-05	9.87209e-07	5.81595e-05	179.022	-2.066444e-11
-0.014	7			1.283e-05	-3.27827e-07	1.28337e-05	-1.458	1.43536e-05	1.62423e-06	1.44467e-05	6.462	-6.68284e-05	3.7104e-06	6.6929e-05	176.82	-6.7648e-05	1.30386e-06	6.76592e-05	178.896	-1.840288e-11
-0.016	8			1.30833e-05	-6.70556e-07	1.31019e-05	-2.928	1.4864e-05	1.4864e-06	1.49385e-05	5.724	-7.61193e-05	4.55606e-06	7.62534e-05	176.574	-7.69165e-05	1.885e-06	7.69352e-05	178.596	-1.848664e-11
-0.018	9			1.3914e-05	-3.42729e-07	1.39177e-05	-1.398	1.44095e-05	1.5013e-06	1.44877e-05	5.958	-8.7325e-05	4.47038e-06	8.7433e-05	177.066	-8.59243e-05	2.31715e-06	8.59504e-05	178.452	-2.024563e-11
-0.02	10			1.3657e-05	1.2368e-06	1.37129e-05	5.19	1.38134e-05	1.19583e-06	1.38693e-05	4.95	-9.79234e-05	4.56724e-06	9.80203e-05	177.324	-9.83928e-05	3.99354e-06	9.84673e-05	177.672	-2.221412e-11
-0.022	11			1.3534e-05	5.3272e-07	1.35452e-05	2.256	1.43909e-05	1.27406e-06	1.44467e-05	5.07	-0.000107125	4.52253e-06	0.000107214	177.582	-0.000107505	3.26337e-06	0.000107542	178.26	-1.819339e-11
-0.024	12			1.22488e-05	1.00584e-06	1.22861e-05	4.698	1.39289e-05	6.96633e-07	1.39438e-05	2.874	-0.000115529	4.08295e-06	0.000115589	177.972	-0.000117861	4.48528e-06	0.000117936	177.822	-2.146022e-11
-0.026	13			1.24351e-05	5.58797e-07	1.24463e-05	2.58	1.3467e-05	1.44169e-06	1.35452e-05	6.114	-0.000125789	5.09623e-06	0.000125886	177.678	-0.000125856	4.20216e-06	0.000125923	178.086	-2.514584e-11
-0.028	14			1.25766e-05	1.63914e-07	1.25766e-05	0.762	1.43983e-05	2.57792e-06	1.46293e-05	10.158	-0.000135467	6.95887e-06	0.000135639	177.06	-0.000135162	4.57469e-06	0.000135229	178.062	-1.810966e-11
-0.03	15			1.29045e-05	8.08392e-07	1.29305e-05	3.588	1.46777e-05	7.26435e-07	1.46926e-05	2.832	-0.000144624	6.10205e-06	0.000144743	177.582	-0.00014525	5.64757e-06	0.000145354	177.774	-2.099945e-11
-0.032	16			1.30498e-05	5.96051e-08	1.30498e-05	0.264	1.42493e-05	1.31131e-06	1.43126e-05	5.268	-0.000155271	6.95142e-06	0.00015542	177.438	-0.000155182	5.58796e-06	0.000155278	177.936	-2.63603e-11
-0.034	17			1.26623e-05	8.5682e-07	1.26921e-05	3.888	1.42493e-05	9.08974e-07	1.42791e-05	3.654	-0.000165165	5.58051e-06	0.000165247	178.062	-0.000165054	6.6981e-06	0.00016518	177.678	-1.681134e-11
-0.036	18			1.3385e-05	5.55072e-07	1.33925e-05	2.382	1.3508e-05	1.30013e-06	1.35713e-05	5.508	-0.000176088	8.40431e-06	0.000176282	177.264	-0.000174911	7.21964e-06	0.000175052	177.636	-1.844472e-11
-0.038	19			1.3046e-05	4.24685e-07	1.30498e-05	1.872	1.36793e-05	5.06643e-07	1.36905e-05	2.136	-0.000187219	8.04669e-06	0.000187368	177.54	-0.000186802	7.45061e-06	0.000186921	177.714	-1.932425e-11
-0.04	20			1.40109e-05	8.53095e-07	1.4037e-05	3.486	1.30348e-05	8.27018e-07	1.30609e-05	3.63	-0.000197829	8.31491e-06	0.000197978	177.588	-0.000195325	8.10629e-06	0.000195474	177.618	-1.84447e-11
-0.042	21			1.35862e-05	1.18837e-06	1.36421e-05	5.004	1.42195e-05	1.24798e-06	1.42754e-05	5.022	-0.000206442	9.62621e-06	0.00020665	177.324	-0.000205995	8.82155e-06	0.000206144	177.546	-1.702072e-11
-0.044	22			1.32844e-05	6.25852e-07	1.32993e-05	2.7	1.25319e-05	1.21818e-06	1.25915e-05	5.556	-0.000217409	1.02819e-05	0.000217617	177.294	-0.000215502	8.88115e-06	0.000215651	177.636	-1.873788e-11
-0.046	23			1.31019e-05	1.35974e-06	1.31727e-05	5.928	1.31541e-05	1.64659e-06	1.32584e-05	7.146	-0.000228078	1.04905e-05	0.000228287	177.36	-0.000227691	9.86463e-06	0.000227869	177.522	-2.493639e-11
-0.048	24			1.34633e-05	-4.09784e-08	1.34633e-05	-0.168	1.34484e-05	3.68806e-07	1.34558e-05	1.578	-0.000237257	1.02819e-05	0.000237436	177.516	-0.000236393	9.20898e-06	0.000236542	177.762	-1.882166e-11
-0.05	25			1.36681e-05	1.15485e-06	1.37166e-05	4.836	1.31801e-05	1.14367e-06	1.32323e-05	4.974	-0.0002476	1.07587e-05	0.000247808	177.504	-0.000246199	1.06395e-05	0.000246378	177.522	-1.861226e-11
-0.052	26			1.36756e-05	6.70556e-07	1.36905e-05	2.82	1.34782e-05	2.75673e-07	1.34819e-05	1.176	-0.000258209	1.05799e-05	0.000258388	177.648	-0.000256421	1.09077e-05	0.00025663	177.558	-1.944985e-11
-0.054	27			1.37427e-05	7.9349e-07	1.3765e-05	3.318	1.39028e-05	1.28151e-06	1.39624e-05	5.274	-0.000268461	1.18912e-05	0.0002687	177.462	-0.000266196	1.15634e-05	0.000266405	177.51	-2.150207e-11
-0.056	28			1.38097e-05	8.64271e-07	1.38358e-05	3.588	1.29827e-05	1.12504e-06	1.30348e-05	4.962	-0.000278296	1.18614e-05	0.000278505	177.558	-0.000276389	1.207e-05	0.000276627	177.498	-1.718826e-11
-0.058	29			1.3277e-05	6.85457e-07	1.32956e-05	2.958	1.28598e-05	5.36445e-07	1.28709e-05	2.406	-0.000288876	1.23382e-05	0.000289114	177.552	-0.000286879	1.21296e-05	0.000287088	177.576	-2.384746e-11
-0.06	30			1.44765e-05	9.35052e-07	1.45063e-05	3.702	1.31392e-05	2.83124e-07	1.31429e-05	1.248	-0.000297876	1.23382e-05	0.000298114	177.624	-0.000296475	1.27853e-05	0.000296744	177.528	-2.154398e-11
-0.062	31			1.42865e-05	1.8105e-06	1.4402e-05	7.23	1.3169e-05	1.26661e-07	1.3169e-05	0.552	-0.000308605	1.29343e-05	0.000308843	177.6	-0.000306459	1.4037e-05	0.000306757	177.372	-1.509421e-11
-0.064	32			1.44095e-05	1.42307e-06	1.44803e-05	5.64	1.32919e-05	1.52738e-07	1.32919e-05	0.66	-0.000319811	1.36197e-05	0.000320049	177.558	-0.000317307	1.33813e-05	0.000317546	177.582	-2.359612e-11
-0.066	33			1.46255e-05	3.79981e-07	1.46293e-05	1.488	1.33664e-05	1.03564e-06	1.34074e-05	4.434	-0.000329169	1.38581e-05	0.000329437	177.588	-0.000326933	1.45734e-05	0.000327261	177.444	-1.995248e-11
-0.068	34			1.52999e-05	7.48787e-07	1.53222e-05	2.808	1.35229e-05	4.2096e-07	1.35303e-05	1.794	-0.000340106	1.5229e-05	0.000340404	177.438	-0.000336649	1.52887e-05	0.000336977	177.396	-2.426627e-11
-0.07	35			1.45101e-05	1.37091e-06	1.45734e-05	5.406	1.21073e-05	-2.23519e-08	1.21073e-05	-0.096	-0.000349732	1.42456e-05	0.000349971	177.666	-0.000346841	1.50502e-05	0.000347139	177.51	-2.024559e-11
-0.072	36			1.41599e-05	1.42307e-06	1.42344e-05	5.754	1.25319e-05	1.1325e-06	1.25804e-05	5.166	-0.000359656	1.46926e-05	0.000359925	177.66	-0.000356736	1.55867e-05	0.000357034	177.498	-1.82772e-11
-0.074	37			1.44803e-05	1.4566e-06	1.45548e-05	5.742	1.29194e-05	1.12504e-06	1.29678e-05	4.986	-0.0003697	1.55867e-05	0.000370027	177.582	-0.000367137	1.60338e-05	0.000367435	177.498	-1.873787e-11
-0.076	38			1.44728e-05	1.58326e-06	1.45622e-05	6.24	1.23606e-05	1.15484e-07	1.23606e-05	0.54	-0.000380727	1.60934e-05	0.000381025	177.576	-0.000376495	1.73451e-05	0.000376852	177.36	-2.246538e-11
-0.078	39			1.40705e-05	2.25382e-06	1.42493e-05	9.108	1.26251e-05	1.86266e-08	1.26251e-05	0.09	-0.000390472	1.56761e-05	0.00039077	177.696	-0.00038773	1.71663e-05	0.000388088	177.462	-2.150207e-11
-0.08	40			1.48193e-05	1.71364e-06	1.49161e-05	6.606	1.23233e-05	3.42729e-07	1.2327e-05	1.596	-0.000401529	1.62126e-05	0.000401856	177.69	-0.000397148	1.79709e-05	0.000397505	177.408	-1.706266e-11
-0.082	41			1.50763e-05	1.76952e-06	1.51806e-05	6.696	1.17347e-05	9.127e-07	1.1772e-05	4.452	-0.000412347	1.6451e-05	0.000412645	177.714	-0.000406267	1.84776e-05	0.000406655	177.396	-2.028754e-11
-0.084	42			1.56501e-05	2.23519e-06	1.58102e-05	8.13	1.31764e-05	-7.45064e-09	1.31764e-05	-0.03	-0.000421705	1.63318e-05	0.000422003	177.78	-0.000418277	1.89246e-05	0.000418665	177.408	-1.794216e-11
-0.086	43			1.57208e-05	1.32994e-06	1.57767e-05	4.836	1.20439e-05	-2.53322e-07	1.20476e-05	-1.188	-0.000432285	1.6898e-05	0.000432583	177.762	-0.000427904	1.94908e-05	0.000428321	177.39	-1.940801e-11
-0.088	44			1.3847e-05	1.94834e-06	1.39848e-05	8.016	1.21259e-05	-5.02918e-07	1.21333e-05	-2.358	-0.000441434	1.79113e-05	0.000441762	177.678	-0.000438543	2.04743e-05	0.00043899	177.324	-1.496854e-11
-0.09	45			1.55905e-05	2.76045e-06	1.58326e-05	10.05	1.2409e-05	-1.49013e-07	1.2409e-05	-0.678	-0.000452759	1.75835e-05	0.000452997	177.768	-0.000447573	2.12492e-05	0.00044805	177.282	-1.919859e-11
-0.092	46			1.6004e-05	2.6636e-06	1.62238e-05	9.456	1.29715e-05	-8.90348e-07	1.30013e-05	-3.912	-0.000463428	1.83583e-05	0.000463726	177.732	-0.000460448	2.1875e-05	0.000460925	177.27	-2.129268e-11
-0.094	47			1.48342e-05	1.94834e-06	1.49608e-05	7.488	1.36719e-05	-1.07662e-06	1.37129e-05	-4.488	-0.000471653	1.84776e-05	0.000471951	177.75	-0.000468018	2.25307e-05	0.000468494	177.246	-2.154396e-11
-0.096	48			1.43499e-05	2.09735e-06	1.45026e-05	8.322	1.19918e-05	3.16651e-07	1.19955e-05	1.512	-0.000482323	1.98485e-05	0.000482621	177.636	-0.000478568	2.1875e-05	0.000478985	177.378	-2.250723e-11
-0.098	49			1.45287e-05	2.22029e-06	1.46963e-05	8.7	1.14404e-05	-8.04666e-07	1.14665e-05	-4.014	-0.000492398	1.961e-05	0.000492696	177.714	-0.000488045	2.27095e-05	0.000488523	177.33	-2.120885e-11
-0.1	50			1.44616e-05	1.51993e-06	1.45399e-05	6.0	1.12057e-05	-1.86266e-08	1.12057e-05	-0.084	-0.000500981	2.01465e-05	0.000501338	177.69	-0.000497643	2.31267e-05	0.00049812	177.342	-1.898918e-11
-0.102	51			1.38544e-05	2.54066e-06	1.40854e-05	10.404	1.1202e-05	-3.72531e-07	1.12095e-05	-1.89	-0.000512365	1.98485e-05	0.000512723	177.774	-0.000508133	2.36632e-05	0.00050867	177.336	-2.016188e-11
-0.104	52			1.42456e-05	2.37302e-06	1.44393e-05	9.474	1.0565e-05	-1.27406e-06	1.06395e-05	-6.87	-0.000523094	2.05637e-05	0.000523392	177.75	-0.000518445	2.45572e-05	0.000518981	177.282	-1.676945e-11
-0.106	53			1.34484e-05	1.43052e-06	1.35229e-05	6.084	1.14591e-05	-9.31327e-08	1.14591e-05	-0.45	-0.000532452	2.15174e-05	0.00053281	177.684	-0.000528339	2.414e-05	0.000528876	177.378	-2.284228e-11
-0.108	54			1.47597e-05	2.79026e-06	1.50242e-05	10.716	1.24761e-05	-9.6858e-08	1.24761e-05	-0.426	-0.000543002	2.14578e-05	0.00054336	177.738	-0.000539128	2.48553e-05	0.000539605	177.354	-2.246537e-11
-0.11	55			1.59369e-05	2.09363e-06	1.60747e-05	7.494	1.31131e-05	-7.48787e-07	1.31354e-05	-3.258	-0.000554685	2.28287e-05	0.000555042	177.642	-0.000549678	2.62858e-05	0.000550274	177.258	-2.200467e-11
-0.112	56			1.86191e-05	2.17186e-06	1.87458e-05	6.66	1.33366e-05	-1.60188e-07	1.33366e-05	-0.69	-0.000564698	2.27095e-05	0.000565115	177.696	-0.000558201	2.56301e-05	0.000558797	177.372	-1.743953e-11
-0.114	57			1.78145e-05	2.49968e-06	1.79858e-05	7.986	1.09561e-05	-7.67413e-07	1.09822e-05	-4.002	-0.000574473	2.31267e-05	0.000574891	177.696	-0.000566725	2.70606e-05	0.000567321	177.264	-2.003623e-11
-0.116	58			1.35825e-05	3.36768e-06	1.3996e-05	13.932	1.03936e-05	1.52738e-07	1.03936e-05	0.846	-0.000583235	2.33651e-05	0.000583652	177.708	-0.000577871	2.71798e-05	0.000578467	177.306	-1.844473e-11
-0.118	59			1.40928e-05	2.70458e-06	1.43499e-05	10.866	1.12132e-05	-8.5682e-07	1.12467e-05	-4.368	-0.000593308	2.28287e-05	0.000593726	177.798	-0.000590388	2.74183e-05	0.000590924	177.342	-1.848658e-11
-0.12	60			1.86564e-05	2.10853e-06	1.87756e-05	6.45	1.36234e-05	-7.2271e-07	1.36458e-05	-3.024	-0.000606421	2.46168e-05	0.000606839	177.672	-0.000599626	2.85507e-05	0.000600222	177.27	-2.380553e-11
-0.122	61			1.65814e-05	3.30807e-06	1.69092e-05	11.286	1.09524e-05	-6.51929e-07	1.0971e-05	-3.396	-0.000613991	2.48553e-05	0.000614408	177.678	-0.000607971	2.87892e-05	0.000608567	177.288	-1.91567e-11
-0.124	62			1.28113e-05	3.14416e-06	1.31913e-05	13.8	1.04979e-05	2.75673e-07	1.05017e-05	1.512	-0.000623409	2.54513e-05	0.000623886	177.66	-0.000619177	2.87296e-05	0.000619773	177.342	-1.723014e-11
-0.126	63			1.85446e-05	2.753e-06	1.87458e-05	8.454	1.36607e-05	-3.91157e-07	1.36681e-05	-1.638	-0.000636581	2.58089e-05	0.000637058	177.672	-0.000629369	3.02197e-05	0.000630084	177.252	-2.16696e-11
-0.128	64			1.62461e-05	3.0622e-06	1.6533e-05	10.674	9.06555e-06	-3.70668e-07	9.073e-06	-2.334	-0.000645582	2.65838e-05	0.000646058	177.642	-0.000638131	3.03985e-05	0.000638846	177.27	-2.02875e-11
-0.13	65			1.42865e-05	3.03613e-06	1.46069e-05	12.0	1.15131e-05	-1.21818e-06	1.15764e-05	-6.03	-0.00065482	2.62858e-05	0.000655238	177.702	-0.000650946	3.13523e-05	0.000651602	177.24	-2.104135e-11
-0.132	66			2.27989e-05	2.70458e-06	2.29591e-05	6.768	1.30069e-05	-1.09338e-06	1.30535e-05	-4.806	-0.000668827	2.6107e-05	0.000669304	177.762	-0.000657681	3.08158e-05	0.000658337	177.318	-2.028753e-11
-0.134	67			1.31168e-05	3.01005e-06	1.34558e-05	12.936	9.49955e-06	-2.36557e-07	9.50327e-06	-1.416	-0.000674549	2.73586e-05	0.000675086	177.678	-0.000669483	3.13523e-05	0.000670139	177.312	-2.079006e-11
-0.136	68			2.19384e-05	3.09946e-06	2.21544e-05	8.04	1.45492e-05	-1.3914e-06	1.46144e-05	-5.46	-0.000689331	2.74779e-05	0.000689808	177.714	-0.000679318	3.22463e-05	0.000680033	177.276	-1.496855e-11
-0.138	69			1.31392e-05	3.25592e-06	1.35378e-05	13.914	8.69116e-06	-1.36346e-06	8.79733e-06	-8.916	-0.000693861	2.81931e-05	0.000694338	177.672	-0.000690345	3.24848e-05	0.00069106	177.3	-2.112517e-11
-0.14	70			1.95095e-05	3.34905e-06	1.97963e-05	9.744	1.43462e-05	-1.20886e-06	1.43964e-05	-4.812	-0.000709001	2.84911e-05	0.000709537	177.696	-0.000700835	3.33788e-05	0.00070155	177.27	-2.041316e-11
-0.142	71			1.3914e-05	3.74393e-06	1.44095e-05	15.066	8.96311e-06	-3.91157e-07	8.97242e-06	-2.49	-0.000714246	2.85507e-05	0.000714783	177.708	-0.000707988	3.40941e-05	0.000708763	177.24	-1.819342e-11
-0.144	72			1.87421e-05	2.91692e-06	1.89656e-05	8.856	1.29957e-05	-1.00956e-06	1.3033e-05	-4.434	-0.000730399	2.9862e-05	0.000730935	177.654	-0.000722114	3.53458e-05	0.000722948	177.198	-2.012e-11
-0.146	73			1.5203e-05	2.74183e-06	1.54526e-05	10.224	8.97428e-06	-5.08506e-07	8.98918e-06	-3.234	-0.000735108	2.99813e-05	0.000735644	177.66	-0.000728969	3.45113e-05	0.000729743	177.288	-1.752332e-11
-0.148	74			2.18787e-05	3.05475e-06	2.20911e-05	7.95	1.44002e-05	-1.04123e-06	1.44393e-05	-4.128	-0.000751022	3.10543e-05	0.000751618	177.63	-0.000741128	3.55842e-05	0.000741903	177.252	-2.229782e-11
-0.15	75			1.29641e-05	3.02868e-06	1.33142e-05	13.152	7.80827e-06	-9.01524e-07	7.86042e-06	-6.576	-0.000754718	3.03985e-05	0.000755254	177.69	-0.000749592	3.55842e-05	0.000750367	177.276	-1.9408e-11
-0.152	76			2.78429e-05	2.54439e-06	2.79621e-05	5.226	1.59276e-05	-1.44356e-06	1.59928e-05	-5.178	-0.000774089	3.19483e-05	0.000774685	177.636	-0.000759844	3.67167e-05	0.000760678	177.234	-1.995247e-11
-0.154	77			1.08705e-05	4.15373e-06	1.16379e-05	20.922	7.93493e-06	-3.24102e-07	7.94238e-06	-2.334	-0.000775877	3.13523e-05	0.000776414	177.684	-0.000772659	3.67167e-05	0.000773434	177.276	-1.852847e-11
-0.156	78			2.77088e-05	3.47571e-06	2.79286e-05	7.152	1.31745e-05	-1.65217e-06	1.32789e-05	-7.146	-0.000792686	3.13523e-05	0.000793282	177.732	-0.000775997	3.71935e-05	0.000776831	177.258	-2.070636e-11
-0.158	79			1.54787e-05	3.2969e-06	1.58251e-05	12.036	1.13994e-05	-1.00584e-06	1.14442e-05	-5.04	-0.000798348	3.2902e-05	0.000798944	177.636	-0.00079358	3.84452e-05	0.000794474	177.222	-2.074826e-11
-0.16	80			1.54191e-05	4.0904e-06	1.59518e-05	14.868	7.55306e-06	-9.27601e-07	7.6108e-06	-6.99	-0.000806216	3.29616e-05	0.000806812	177.66	-0.000797454	3.8624e-05	0.000798348	177.222	-1.98268e-11
-0.162	81			2.68855e-05	2.65987e-06	2.70159e-05	5.658	1.65926e-05	-1.52551e-06	1.66615e-05	-5.25	-0.000824932	3.38557e-05	0.000825588	177.648	-0.000812475	3.8624e-05	0.000813309	177.276	-1.777462e-11
-0.164	82			1.2856e-05	3.8557e-06	1.34223e-05	16.698	7.34444e-06	-7.95353e-07	7.38728e-06	-6.174	-0.000828031	3.30808e-05	0.000828627	177.708	-0.000823323	3.91009e-05	0.000824157	177.276	-1.857036e-11
-0.166	83			2.90723e-05	2.77163e-06	2.92064e-05	5.448	1.18521e-05	-2.64311e-06	1.21426e-05	-12.564	-0.000843231	3.3498e-05	0.000843827	177.726	-0.000824694	3.96373e-05	0.000825588	177.246	-2.095762e-11
-0.168	84			1.99714e-05	4.16118e-06	2.03998e-05	11.772	1.28225e-05	-1.76393e-06	1.29417e-05	-7.83	-0.000854734	3.46901e-05	0.00085539	177.678	-0.000845972	4.16639e-05	0.000846926	177.18	-2.07482e-11
-0.17	85			1.3698e-05	3.39748e-06	1.41152e-05	13.938	5.74443e-06	-2.23146e-06	6.16166e-06	-21.216	-0.000858072	3.35576e-05	0.000858668	177.756	-0.000850085	4.09486e-05	0.000851039	177.24	-1.852847e-11
-0.172	86			3.67949e-05	3.14043e-06	3.69253e-05	4.884	1.5935e-05	-1.01142e-06	1.59667e-05	-3.624	-0.000878874	3.52862e-05	0.00087953	177.696	-0.000855807	4.14851e-05	0.000856701	177.222	-1.86122e-11
-0.174	87			1.56463e-05	4.09785e-06	1.61753e-05	14.682	1.15578e-05	-2.05824e-06	1.17384e-05	-10.092	-0.000880722	3.49286e-05	0.000881378	177.726	-0.00087643	4.29156e-05	0.000877444	177.198	-2.221406e-11
-0.176	88			1.47485e-05	3.92649e-06	1.52626e-05	14.91	5.63453e-06	-9.51815e-07	5.71462e-06	-9.57	-0.000889245	3.51074e-05	0.000889901	177.738	-0.00087953	4.26772e-05	0.000880543	177.216	-1.622499e-11
-0.178	89			4.18911e-05	2.96535e-06	4.19917e-05	4.05	1.57544e-05	-1.32062e-06	1.58102e-05	-4.788	-0.000912789	3.67167e-05	0.000913385	177.69	-0.000885013	4.24387e-05	0.000886027	177.252	-2.007812e-11
-0.18	90			1.32025e-05	4.64919e-06	1.3996e-05	19.404	1.18707e-05	-1.78628e-06	1.20029e-05	-8.55	-0.000912908	3.62399e-05	0.000913505	177.72	-0.000911955	4.35116e-05	0.000912908	177.264	-2.229783e-11
-0.182	91			1.21818e-05	4.70135e-06	1.30572e-05	21.108	5.61777e-06	-1.41748e-06	5.79472e-06	-14.154	-0.000917915	3.68359e-05	0.000918511	177.702	-0.000910882	4.41077e-05	0.000911836	177.222	-2.175342e-11
-0.184	92			3.91903e-05	3.16279e-06	3.93169e-05	4.614	1.32695e-05	-1.45846e-06	1.33496e-05	-6.264	-0.000941161	3.83856e-05	0.000941876	177.666	-0.000913028	4.39885e-05	0.000913981	177.24	-1.78165e-11
-0.186	93			2.79919e-05	3.65452e-06	2.82304e-05	7.44	1.69837e-05	-1.75276e-06	1.70731e-05	-5.886	-0.000950459	3.77896e-05	0.000951055	177.72	-0.000937585	4.49421e-05	0.000938538	177.252	-2.334487e-11
-0.188	94			1.23829e-05	5.018e-06	1.33627e-05	22.062	6.0201e-06	-2.21284e-06	6.41312e-06	-20.166	-0.000950102	3.71935e-05	0.000950698	177.756	-0.000944618	4.62534e-05	0.000945691	177.192	-2.024566e-11
-0.19	95			2.23928e-05	4.64174e-06	2.28697e-05	11.712	7.09857e-06	-1.47708e-06	7.25131e-06	-11.748	-0.000960115	3.83856e-05	0.000960711	177.708	-0.000944857	4.62534e-05	0.000945929	177.192	-1.773275e-11
-0.192	96			4.45137e-05	4.00099e-06	4.46925e-05	5.142	2.13255e-05	-2.33205e-06	2.14522e-05	-6.24	-0.000989206	3.96969e-05	0.000989921	177.696	-0.000961665	4.73263e-05	0.000962738	177.18	-2.196276e-11
-0.194	97			2.17484e-05	3.54649e-06	2.20352e-05	9.27	1.03657e-05	-2.01167e-06	1.05594e-05	-10.98	-0.000991948	4.00546e-05	0.000992663	177.69	-0.000979908	4.74455e-05	0.000980861	177.228	-1.752331e-11
-0.196	98			1.58401e-05	4.47783e-06	1.64622e-05	15.792	5.03848e-06	-2.17558e-06	5.48924e-06	-23.346	-0.000991352	4.00546e-05	0.000992067	177.684	-0.000980861	4.76839e-05	0.000981934	177.21	-2.397309e-11
-0.198	99			3.32186e-05	4.57469e-06	3.35353e-05	7.842	1.14628e-05	-2.5239e-06	1.17384e-05	-12.414	-0.00100578	3.98161e-05	0.00100649	177.726	-0.00098253	4.81608e-05	0.000983603	177.186	-2.317738e-11
-0.2	100			3.84825e-05	3.77373e-06	3.8665e-05	5.604	2.26238e-05	-3.15347e-06	2.28417e-05	-7.932	-0.00102628	4.18427e-05	0.001027	177.66	-0.00100756	4.95913e-05	0.00100864	177.18	-2.011999e-11
-0.202	101			1.93232e-05	4.83173e-06	1.99192e-05	14.04	9.23692e-06	-2.31156e-06	9.5219e-06	-14.04	-0.00103093	4.12466e-05	0.00103164	177.702	-0.00102068	5.03066e-05	0.00102187	177.174	-2.066446e-11
-0.204	102			2.1089e-05	4.55233e-06	2.15733e-05	12.186	3.98609e-06	-1.47895e-06	4.25152e-06	-20.352	-0.00103677	4.11274e-05	0.00103749	177.726	-0.00101937	4.98297e-05	0.00102044	177.198	-2.087389e-11
-0.206	103			3.9723e-05	3.94139e-06	3.99204e-05	5.67	1.03973e-05	-2.7409e-06	1.07531e-05	-14.766	-0.00105143	4.23195e-05	0.00105227	177.69	-0.00102115	4.97105e-05	0.00102223	177.21	-2.309359e-11
-0.208	104			4.19805e-05	4.35489e-06	4.22078e-05	5.928	2.44231e-05	-2.68222e-06	2.45703e-05	-6.264	-0.00106884	4.25579e-05	0.00106955	177.714	-0.00104762	5.16179e-05	0.00104869	177.174	-1.928234e-11
-0.21	105			1.74978e-05	5.23406e-06	1.82652e-05	16.662	9.22946e-06	-2.86476e-06	9.66346e-06	-17.232	-0.00107051	4.22003e-05	0.00107122	177.738	-0.00106288	5.25715e-05	0.00106407	177.168	-1.982679e-11
-0.212	106			1.84254e-05	5.34955e-06	1.91891e-05	16.2	4.07922e-06	-2.43729e-06	4.75164e-06	-30.846	-0.00107623	4.30348e-05	0.00107706	177.708	-0.00106204	5.23331e-05	0.00106324	177.174	-2.166963e-11
-0.214	107			3.5696e-05	3.51296e-06	3.58711e-05	5.622	5.86643e-06	-2.6934e-06	6.45503e-06	-24.66	-0.00109351	4.375e-05	0.00109423	177.708	-0.00106216	5.18563e-05	0.00106335	177.204	-1.857033e-11
-0.216	108			6.02456e-05	2.95044e-06	6.03201e-05	2.808	2.37973e-05	-3.6508e-06	2.40767e-05	-8.718	-0.00111652	4.42269e-05	0.00111724	177.726	-0.00107587	5.29292e-05	0.00107718	177.186	-1.480102e-11
-0.218	109			2.7977e-05	5.27877e-06	2.84688e-05	10.686	1.8228e-05	-3.60051e-06	1.858e-05	-11.172	-0.00111724	4.43461e-05	0.00111795	177.726	-0.00110627	5.43597e-05	0.00110758	177.186	-2.393122e-11
-0.22	110			1.4972e-05	5.95677e-06	1.61157e-05	21.702	5.49669e-06	-3.01936e-06	6.26969e-06	-28.764	-0.00111795	4.39885e-05	0.00111879	177.744	-0.00110842	5.43597e-05	0.00110961	177.186	-2.455944e-11
-0.222	111			2.16366e-05	5.19308e-06	2.2255e-05	13.506	3.46547e-06	-2.78374e-06	4.4443e-06	-38.766	-0.0011263	4.52998e-05	0.00112713	177.696	-0.00110722	5.49557e-05	0.00110853	177.156	-1.911485e-11
-0.224	112			5.00383e-05	3.94511e-06	5.01948e-05	4.506	9.59361e-06	-3.6359e-06	1.02595e-05	-20.754	-0.00115133	4.57766e-05	0.00115217	177.72	-0.00110973	5.43597e-05	0.00111092	177.192	-2.104136e-11
-0.226	113			6.20824e-05	3.29317e-06	6.21681e-05	3.036	2.90034e-05	-4.17049e-06	2.93014e-05	-8.184	-0.00117148	4.72071e-05	0.00117231	177.69	-0.00113464	5.65054e-05	0.00113595	177.144	-2.062257e-11
-0.228	114			3.0175e-05	5.50973e-06	3.06743e-05	10.356	1.59406e-05	-2.84055e-06	1.61921e-05	-10.098	-0.00117136	4.72071e-05	0.00117219	177.69	-0.00115765	5.68631e-05	0.00115896	177.186	-2.024562e-11
-0.23	115			1.9245e-05	5.82638e-06	2.01055e-05	16.854	4.57469e-06	-3.63776e-06	5.84315e-06	-38.484	-0.00117243	4.72071e-05	0.00117315	177.69	-0.00115884	5.76975e-05	0.00116015	177.144	-1.852844e-11
-0.232	116			2.31677e-05	5.55816e-06	2.38233e-05	13.494	4.12299e-06	-2.43263e-06	4.78703e-06	-30.534	-0.00117791	4.70879e-05	0.00117875	177.708	-0.0011586	5.71015e-05	0.00115991	177.174	-1.413089e-11
-0.234	117			3.83335e-05	4.18726e-06	3.85607e-05	6.24	7.57634e-06	-1.91016e-06	7.81385e-06	-14.148	-0.00119007	4.85184e-05	0.00119091	177.666	-0.00115944	5.72207e-05	0.00116075	177.168	-1.450784e-11
-0.236	118			6.78827e-05	3.48316e-06	6.79721e-05	2.94	2.8357e-05	-4.20029e-06	2.86662e-05	-8.424	-0.00122274	4.93529e-05	0.00122357	177.684	-0.00117994	5.81744e-05	0.00118125	177.174	-2.079004e-11
-0.238	119			3.73574e-05	5.18936e-06	3.77151e-05	7.908	2.32869e-05	-3.72344e-06	2.35812e-05	-9.084	-0.00122643	4.95913e-05	0.00122727	177.684	-0.00121225	5.9128e-05	0.00121356	177.21	-1.982676e-11
-0.24	120			2.76716e-05	4.74232e-06	2.80739e-05	9.726	7.25317e-06	-2.84241e-06	7.78964e-06	-21.39	-0.00123454	4.97105e-05	0.00123549	177.69	-0.00121558	5.98433e-05	0.0012169	177.18	-1.693698e-11
-0.242	121			3.00632e-05	5.28622e-06	3.05253e-05	9.978	2.97093e-06	-2.93461e-06	4.17515e-06	-44.64	-0.00124026	4.89953e-05	0.0012411	177.732	-0.00121344	6.00817e-05	0.00121475	177.162	-1.827719e-11
-0.244	122			3.4299e-05	5.56561e-06	3.47497e-05	9.216	3.46826e-06	-2.86383e-06	4.49739e-06	-39.534	-0.00124348	5.01873e-05	0.00124431	177.69	-0.00121356	5.99625e-05	0.00121487	177.168	-1.609935e-11
-0.246	123			5.10293e-05	4.70135e-06	5.12453e-05	5.268	1.19992e-05	-3.99075e-06	1.26456e-05	-18.39	-0.00125623	5.0545e-05	0.00125707	177.69	-0.00121654	6.09162e-05	0.00121797	177.132	-1.949176e-11
-0.248	124			6.37923e-05	4.1798e-06	6.39302e-05	3.75	3.3837e-05	-5.59728e-06	3.42971e-05	-9.39	-0.00128318	5.0545e-05	0.00128401	177.738	-0.00124896	6.17509e-05	0.00125027	177.162	-1.92823e-11
-0.25	125			3.21383e-05	5.0329e-06	3.25295e-05	8.898	2.01688e-05	-4.29156e-06	2.06196e-05	-12.012	-0.00128794	5.17371e-05	0.0012889	177.696	-0.00127674	6.37774e-05	0.00127817	177.138	-2.238157e-11
-0.252	126			3.00818e-05	6.10578e-06	3.06929e-05	11.472	6.27528e-06	-3.4515e-06	7.16004e-06	-28.794	-0.00129832	5.20947e-05	0.00129927	177.702	-0.00127483	6.38966e-05	0.00127638	177.126	-2.187899e-11
-0.254	127			3.95293e-05	5.64012e-06	3.99316e-05	8.124	2.52762e-06	-3.63124e-06	4.42381e-06	-55.146	-0.00131048	5.25715e-05	0.00131143	177.702	-0.00127424	6.34198e-05	0.00127579	177.144	-1.73977e-11
-0.256	128			4.53482e-05	5.4464e-06	4.56723e-05	6.852	3.8585e-06	-3.22146e-06	5.02638e-06	-39.852	-0.00131655	5.24523e-05	0.00131751	177.714	-0.00127412	6.3539e-05	0.00127555	177.144	-2.246537e-11
-0.258	129			6.07858e-05	4.99192e-06	6.09907e-05	4.698	9.2276e-06	-4.21333e-06	1.0144e-05	-24.54	-0.00132859	5.26907e-05	0.00132955	177.726	-0.00127626	6.36582e-05	0.00127781	177.144	-2.028752e-11
-0.26	130			7.87755e-05	3.60982e-06	7.88574e-05	2.628	3.20657e-05	-5.47993e-06	3.25332e-05	-9.696	-0.00134755	5.36444e-05	0.0013485	177.72	-0.001297	6.47311e-05	0.00129855	177.138	-1.706261e-11
-0.262	131			4.64173e-05	5.7407e-06	4.67713e-05	7.05	3.23805e-05	-4.96025e-06	3.27586e-05	-8.706	-0.00135351	5.41213e-05	0.00135446	177.708	-0.0013373	6.73537e-05	0.00133885	177.114	-2.129268e-11
-0.264	132			1.93344e-05	6.41498e-06	2.037e-05	18.36	1.15745e-05	-5.62708e-06	1.28691e-05	-25.926	-0.0013497	5.45981e-05	0.00135065	177.684	-0.00134314	6.81882e-05	0.00134481	177.096	-2.221405e-11
-0.266	133			2.46988e-05	6.16911e-06	2.54588e-05	14.022	3.50551e-06	-3.46826e-06	4.93045e-06	-44.688	-0.00136269	5.47173e-05	0.00136364	177.702	-0.00134064	6.72345e-05	0.00134218	177.126	-2.032943e-11
-0.268	134			4.62572e-05	5.24896e-06	4.65515e-05	6.474	2.93461e-06	-3.39282e-06	4.48528e-06	-49.134	-0.0013857	5.63862e-05	0.00138665	177.666	-0.00134111	6.61616e-05	0.00134254	177.174	-2.246536e-11
-0.27	135			5.92398e-05	4.24686e-06	5.93925e-05	4.104	5.83849e-06	-4.07363e-06	7.11906e-06	-34.896	-0.00139702	5.65054e-05	0.00139797	177.678	-0.00134278	6.59232e-05	0.00134421	177.186	-2.192087e-11
-0.272	136			7.16527e-05	4.78703e-06	7.18129e-05	3.822	1.29529e-05	-3.48037e-06	1.3412e-05	-15.036	-0.00140525	5.66246e-05	0.0014062	177.69	-0.0013466	6.64e-05	0.00134815	177.174	-2.049692e-11
-0.274	137			9.03388e-05	4.03824e-06	9.04282e-05	2.562	3.53979e-05	-4.52626e-06	3.56867e-05	-7.284	-0.00142659	5.74591e-05	0.00142754	177.69	-0.00136805	6.91419e-05	0.00136972	177.102	-1.463354e-11
-0.276	138			6.14454e-05	3.96374e-06	6.15721e-05	3.696	3.87358e-05	-5.49856e-06	3.91251e-05	-8.076	-0.00143398	5.80552e-05	0.00143505	177.684	-0.00140858	6.98571e-05	0.00141025	177.156	-1.64763e-11
-0.278	139			2.48739e-05	6.26969e-06	2.56525e-05	14.154	1.58419e-05	-4.5989e-06	1.64957e-05	-16.182	-0.00142647	5.74591e-05	0.00142742	177.69	-0.00141907	7.10492e-05	0.00142074	177.132	-2.589959e-11
-0.28	140			1.62163e-05	8.13237e-06	1.81423e-05	26.628	3.68246e-06	-5.14652e-06	6.32743e-06	-54.402	-0.00142623	5.69823e-05	0.00142718	177.714	-0.00141538	7.25989e-05	0.00141717	177.06	-1.743957e-11
-0.282	141			2.99887e-05	7.36865e-06	3.08829e-05	13.806	2.06755e-06	-4.98819e-06	5.39797e-06	-67.47	-0.00144172	5.78167e-05	0.00144268	177.702	-0.00141478	7.12876e-05	0.00141645	177.114	-1.710452e-11
-0.284	142			4.40443e-05	6.22126e-06	4.44802e-05	8.04	5.16142e-06	-3.89296e-06	6.46341e-06	-37.008	-0.00145651	5.92472e-05	0.00145758	177.672	-0.00141693	7.1526e-05	0.0014186	177.108	-1.810967e-11
-0.286	143			6.76406e-05	4.63429e-06	6.78007e-05	3.918	1.04551e-05	-4.9379e-06	1.15615e-05	-25.272	-0.00148011	5.92472e-05	0.00148118	177.708	-0.00142182	7.11684e-05	0.00142349	177.132	-2.120893e-11
-0.288	144			9.42168e-05	3.79236e-06	9.4295e-05	2.304	2.3991e-05	-3.9954e-06	2.43207e-05	-9.456	-0.00150252	6.13932e-05	0.00150359	177.66	-0.00143028	7.12876e-05	0.00143195	177.144	-2.238161e-11
-0.29	145			0.000100293	4.38097e-06	0.000100382	2.502	4.67508e-05	-6.12441e-06	4.71512e-05	-7.464	-0.00151993	6.16317e-05	0.00152112	177.678	-0.00146223	7.40294e-05	0.00146402	177.096	-2.112518e-11
-0.292	146			6.10654e-05	5.11858e-06	6.12815e-05	4.794	4.06581e-05	-6.11323e-06	4.11125e-05	-8.544	-0.00152255	6.15125e-05	0.00152374	177.684	-0.00150157	7.49831e-05	0.00150336	177.138	-1.76071e-11
-0.294	147			3.63293e-05	6.0499e-06	3.68285e-05	9.462	1.59593e-05	-4.40332e-06	1.6559e-05	-15.42	-0.00152136	6.21085e-05	0.00152255	177.66	-0.00150252	7.47447e-05	0.00150419	177.15	-1.840286e-11
-0.296	148			3.14789e-05	6.78006e-06	3.22016e-05	12.162	3.98982e-06	-4.23941e-06	5.8208e-06	-46.728	-0.00152446	6.16317e-05	0.00152565	177.684	-0.00149859	7.52215e-05	0.00150038	177.12	-2.062256e-11
-0.298	149			3.75661e-05	7.03338e-06	3.82217e-05	10.614	2.36557e-06	-4.96398e-06	5.49669e-06	-64.506	-0.00153292	6.18701e-05	0.00153411	177.684	-0.00149787	7.55792e-05	0.00149966	177.108	-2.401497e-11
-0.3	150			3.96895e-05	6.37773e-06	4.01961e-05	9.132	4.31578e-06	-5.4166e-06	6.92534e-06	-51.45	-0.00153471	6.16317e-05	0.0015359	177.696	-0.00149954	7.6056e-05	0.00150133	177.096	-2.38893e-11
-0.302	151			4.59033e-05	7.02593e-06	4.64323e-05	8.712	9.21456e-06	-5.17446e-06	1.05668e-05	-29.31	-0.00154138	6.23469e-05	0.00154246	177.684	-0.00150455	7.67712e-05	0.00150634	177.078	-2.150211e-11
-0.304	152			6.56401e-05	5.55071e-06	6.5871e-05	4.836	1.99882e-05	-3.98795e-06	2.03812e-05	-11.28	-0.00156022	6.38966e-05	0.00156141	177.654	-0.00151361	7.56984e-05	0.00151528	177.132	-1.882164e-11
-0.306	153			9.61204e-05	4.94721e-06	9.62471e-05	2.952	3.7771e-05	-6.21195e-06	3.82776e-05	-9.336	-0.00159002	6.49695e-05	0.00159121	177.66	-0.00152875	7.84402e-05	0.00153054	177.06	-1.605744e-11
-0.308	154			9.71933e-05	4.7535e-06	9.7305e-05	2.802	5.98582e-05	-7.74494e-06	6.03574e-05	-7.368	-0.00161482	6.59232e-05	0.00161601	177.66	-0.00157321	8.02283e-05	0.00157512	177.078	-1.785837e-11
-0.31	155			5.74219e-05	6.47458e-06	5.77869e-05	6.438	4.07214e-05	-5.44268e-06	4.10865e-05	-7.608	-0.00161482	6.62808e-05	0.00161601	177.648	-0.0015998	8.1182e-05	0.0016017	177.09	-1.78584e-11
-0.312	156			3.85942e-05	7.09298e-06	3.92424e-05	10.422	1.64547e-05	-4.56351e-06	1.70731e-05	-15.486	-0.00161744	6.56848e-05	0.00161863	177.672	-0.00159705	8.02283e-05	0.00159896	177.12	-1.605746e-11
-0.314	157			3.30883e-05	7.75611e-06	3.39898e-05	13.194	5.39797e-06	-4.33813e-06	6.92348e-06	-38.778	-0.00161958	6.60424e-05	0.00162078	177.66	-0.00159336	8.07052e-05	0.00159527	177.102	-1.593184e-11
-0.316	158			4.16713e-05	7.25689e-06	4.23046e-05	9.882	2.3246e-06	-4.7982e-06	5.32906e-06	-64.14	-0.00162888	6.65192e-05	0.00163008	177.66	-0.00159133	8.07052e-05	0.00159324	177.096	-1.974304e-11
-0.318	159			5.88673e-05	5.52091e-06	5.9128e-05	5.364	3.41983e-06	-3.81473e-06	5.12044e-06	-48.114	-0.00164855	6.72345e-05	0.00164986	177.66	-0.00159372	7.99899e-05	0.00159562	177.126	-1.702072e-11
-0.32	160			6.70482e-05	5.57306e-06	6.72792e-05	4.758	1.01906e-05	-6.0499e-06	1.18502e-05	-30.696	-0.00165606	6.69961e-05	0.00165725	177.684	-0.00159872	8.07052e-05	0.00160063	177.108	-1.91567e-11
-0.322	161			6.65714e-05	5.27504e-06	6.678e-05	4.536	1.79467e-05	-7.21405e-06	1.93418e-05	-21.894	-0.00165487	6.75921e-05	0.00165606	177.66	-0.0016054	8.23741e-05	0.00160743	177.06	-1.802587e-11
-0.324	162			7.55643e-05	6.13931e-06	7.58101e-05	4.65	2.91766e-05	-6.07039e-06	2.98006e-05	-11.754	-0.00166405	6.77113e-05	0.00166536	177.666	-0.00161672	8.23741e-05	0.00161875	177.078	-2.020374e-11
-0.326	163			9.36692e-05	4.93231e-06	9.37958e-05	3.012	5.05934e-05	-7.44316e-06	5.11373e-05	-8.364	-0.00168539	6.92611e-05	0.0016867	177.642	-0.00163973	8.42814e-05	0.00164176	177.054	-2.372181e-11
-0.328	164			8.56225e-05	5.77423e-06	8.58163e-05	3.864	6.38855e-05	-7.62197e-06	6.434e-05	-6.804	-0.0017078	7.08108e-05	0.00170911	177.624	-0.00168181	8.57119e-05	0.00168384	177.078	-1.898914e-11
-0.33	165			6.01935e-05	6.83966e-06	6.05809e-05	6.48	4.54488e-05	-7.20474e-06	4.6015e-05	-9.006	-0.0017202	7.00955e-05	0.00172151	177.666	-0.00170553	8.78577e-05	0.00170768	177.054	-2.024565e-11
-0.332	166			4.88909e-05	7.78591e-06	4.95093e-05	9.054	1.98671e-05	-6.00892e-06	2.07537e-05	-16.818	-0.0017314	7.02147e-05	0.00173271	177.672	-0.00170506	8.65464e-05	0.00170708	177.09	-2.250725e-11
-0.334	167			3.51893e-05	8.56823e-06	3.62175e-05	13.692	6.96632e-06	-5.14652e-06	8.6595e-06	-36.438	-0.0017258	7.00955e-05	0.00172699	177.672	-0.00169946	8.61888e-05	0.00170148	177.096	-1.865408e-11
-0.336	168			4.88015e-05	7.60707e-06	4.93976e-05	8.868	2.48292e-06	-5.28249e-06	5.8357e-06	-64.818	-0.00174392	7.16452e-05	0.00174535	177.642	-0.00169767	8.6904e-05	0.00169981	177.066	-2.087378e-11
-0.338	169			6.61244e-05	6.31067e-06	6.64298e-05	5.454	4.34744e-06	-5.23965e-06	6.808e-06	-50.304	-0.0017618	7.18837e-05	0.00176311	177.66	-0.00170041	8.60696e-05	0.00170255	177.102	-1.748143e-11
-0.34	170			7.84923e-05	7.60707e-06	7.88574e-05	5.538	8.52539e-06	-4.28411e-06	9.54053e-06	-26.67	-0.00177491	7.27181e-05	0.00177623	177.654	-0.00170446	8.70232e-05	0.00170649	177.078	-2.213029e-11
-0.342	171			9.73498e-05	5.34955e-06	9.75062e-05	3.15	1.40593e-05	-5.33651e-06	1.50372e-05	-20.784	-0.00179399	7.34334e-05	0.00179542	177.654	-0.00171054	8.65464e-05	0.00171257	177.102	-2.548085e-11
-0.344	172			0.000111074	4.61939e-06	0.000111163	2.382	2.47007e-05	-6.34606e-06	2.55016e-05	-14.406	-0.00180865	7.3195e-05	0.00180984	177.678	-0.00172127	8.79769e-05	0.00172342	177.072	-2.25491e-11
-0.346	173			0.000120387	3.30807e-06	0.000120432	1.578	3.87768e-05	-8.64087e-06	3.97267e-05	-12.558	-0.00181747	7.39102e-05	0.00181866	177.672	-0.0017345	8.9169e-05	0.00173665	177.054	-1.823532e-11
-0.348	174			0.000123509	4.38097e-06	0.000123591	2.034	5.91541e-05	-8.8439e-06	5.98135e-05	-8.502	-0.00182391	7.48639e-05	0.00182534	177.648	-0.00175787	8.92882e-05	0.00176001	177.09	-1.857037e-11
-0.35	175			0.000105769	4.26921e-06	0.000105858	2.316	7.2245e-05	-8.45647e-06	7.27405e-05	-6.678	-0.00183035	7.51023e-05	0.00183154	177.642	-0.00179446	9.1434e-05	0.00179661	177.078	-1.798401e-11
-0.352	176			6.68769e-05	7.54747e-06	6.73016e-05	6.444	5.95266e-05	-8.34471e-06	6.01078e-05	-7.98	-0.00183273	7.43871e-05	0.00183392	177.672	-0.00182701	9.27453e-05	0.00182915	177.09	-2.288413e-11
-0.354	177			4.07996e-05	8.66508e-06	4.1716e-05	11.994	3.43176e-05	-7.85297e-06	3.52042e-05	-12.882	-0.00183345	7.41486e-05	0.00183488	177.678	-0.0018282	9.39374e-05	0.00183035	177.054	-2.04969e-11
-0.356	178			2.68744e-05	9.61876e-06	2.85433e-05	19.692	1.29492e-05	-6.80241e-06	1.46293e-05	-27.696	-0.00183464	7.51023e-05	0.00183583	177.654	-0.00182367	9.46526e-05	0.00182582	177.024	-1.865411e-11
-0.358	179			2.73661e-05	9.68581e-06	2.9035e-05	19.5	4.01589e-06	-6.26783e-06	7.4413e-06	-57.342	-0.00184179	7.53407e-05	0.00184298	177.654	-0.00182009	9.34605e-05	0.00182224	177.054	-2.284229e-11
-0.36	180			5.19978e-05	7.78591e-06	5.25715e-05	8.526	4.15372e-07	-5.32161e-06	5.33464e-06	-85.524	-0.00186945	7.65328e-05	0.00187064	177.654	-0.00181795	9.3699e-05	0.00182033	177.048	-2.091573e-11
-0.362	181			6.92834e-05	6.87691e-06	6.96187e-05	5.67	4.33999e-06	-5.08878e-06	6.68693e-06	-49.53	-0.00188471	7.82018e-05	0.00188614	177.618	-0.00182105	9.29837e-05	0.00182319	177.078	-1.823528e-11
-0.364	182			9.79607e-05	6.08715e-06	9.8147e-05	3.558	1.19024e-05	-5.64943e-06	1.31727e-05	-25.386	-0.00191808	7.79633e-05	0.00191952	177.666	-0.00182915	9.34605e-05	0.0018313	177.066	-2.439188e-11
-0.366	183			0.000108518	5.9903e-06	0.000108682	3.162	2.18527e-05	-5.51718e-06	2.25381e-05	-14.166	-0.00192595	7.98707e-05	0.00192714	177.624	-0.00184179	9.41758e-05	0.0018437	177.066	-1.769086e-11
-0.368	184			0.000111312	6.11696e-06	0.000111476	3.15	4.10622e-05	-7.04083e-06	4.16602e-05	-9.726	-0.00193191	7.98707e-05	0.00193334	177.63	-0.00186444	9.56063e-05	0.00186682	177.06	-2.263287e-11
-0.37	185			0.000126922	5.357e-06	0.000127041	2.418	5.4993e-05	-9.168e-06	5.57529e-05	-9.462	-0.00195027	8.08244e-05	0.0019517	177.63	-0.00187803	9.72752e-05	0.00188018	177.03	-2.19209e-11
-0.372	186			0.000141838	4.33627e-06	0.000141905	1.752	6.88364e-05	-8.86252e-06	6.94026e-05	-7.332	-0.00197412	8.08244e-05	0.00197555	177.648	-0.00189949	9.79905e-05	0.00190187	177.048	-1.672757e-11
-0.374	187			0.000143246	4.87271e-06	0.000143328	1.95	8.23443e-05	-9.84973e-06	8.29329e-05	-6.816	-0.00198914	8.15396e-05	0.00199057	177.648	-0.00192643	9.89442e-05	0.00192881	177.054	-2.112517e-11
-0.376	188			0.000127935	4.23941e-06	0.000128009	1.896	8.1927e-05	-9.71189e-06	8.25007e-05	-6.762	-0.00199868	8.24933e-05	0.00200011	177.636	-0.00195266	9.96594e-05	0.00195505	177.078	-2.062257e-11
-0.378	189			9.74094e-05	6.16166e-06	9.75956e-05	3.624	6.83335e-05	-1.00881e-05	6.90711e-05	-8.394	-0.00199296	8.1778e-05	0.00199415	177.642	-0.00196458	0.000100852	0.00196721	177.06	-2.204656e-11
-0.38	190			7.59144e-05	6.51929e-06	7.61901e-05	4.914	4.34297e-05	-7.67416e-06	4.41039e-05	-10.02	-0.00199725	8.1778e-05	0.00199868	177.654	-0.00196625	0.000100136	0.00196864	177.084	-1.748144e-11
-0.382	191			5.13645e-05	8.03923e-06	5.19978e-05	8.892	1.99788e-05	-7.18611e-06	2.12305e-05	-19.776	-0.00199272	8.20165e-05	0.00199415	177.642	-0.00196339	0.000100613	0.00196554	177.066	-2.04969e-11
-0.384	192			3.69849e-05	9.18662e-06	3.81174e-05	13.956	7.19729e-06	-7.07808e-06	1.00956e-05	-44.502	-0.00198795	8.20165e-05	0.00198938	177.636	-0.00195982	0.000100852	0.0019622	177.048	-1.848658e-11
-0.386	193			4.06581e-05	9.42504e-06	4.17384e-05	13.05	3.07897e-06	-6.82849e-06	7.48786e-06	-65.724	-0.00199486	8.13012e-05	0.00199629	177.666	-0.00195791	0.00010109	0.00196029	177.042	-2.225596e-11
-0.388	194			5.35327e-05	1.01328e-05	5.44863e-05	10.722	1.46032e-06	-6.93652e-06	7.08739e-06	-78.102	-0.00200821	8.24933e-05	0.00200965	177.642	-0.00195791	0.000102044	0.00196053	177.012	-1.978495e-11
-0.39	195			6.10279e-05	8.32981e-06	6.15944e-05	7.776	3.64149e-06	-6.8825e-06	7.78591e-06	-62.1	-0.00201775	8.29701e-05	0.00201918	177.642	-0.00196029	0.000102282	0.00196268	177.012	-2.380563e-11
-0.392	196			7.95876e-05	7.59217e-06	7.99452e-05	5.448	1.31727e-05	-6.52115e-06	1.46982e-05	-26.328	-0.00203587	8.36854e-05	0.0020373	177.642	-0.00196959	0.000102282	0.00197221	177.024	-1.898918e-11
-0.394	197			0.000109651	7.74866e-06	0.000109926	4.044	3.3241e-05	-8.16776e-06	3.42301e-05	-13.8	-0.00207211	8.55927e-05	0.00207378	177.636	-0.00199224	0.000103951	0.00199486	177.006	-2.409874e-11
-0.396	198			0.000124724	6.57144e-06	0.000124895	3.018	5.25194e-05	-8.50117e-06	5.32011e-05	-9.192	-0.00209405	8.6308e-05	0.00209548	177.636	-0.00202133	0.000105381	0.00202395	177.012	-1.84447e-11
-0.398	199			0.000134141	6.38518e-06	0.00013429	2.724	7.01402e-05	-1.02483e-05	7.08816e-05	-8.31	-0.00210954	8.72617e-05	0.00211097	177.63	-0.00204517	0.000107289	0.00204779	176.994	-1.949176e-11
-0.4	200			0.000136622	6.12441e-06	0.000136764	2.568	8.95229e-05	-1.14143e-05	9.02493e-05	-7.266	-0.00212194	8.84538e-05	0.00212361	177.612	-0.0020733	0.000108243	0.00207593	177.012	-2.125073e-11
-0.402	201			0.000130334	6.20636e-06	0.000130475	2.724	9.96445e-05	-1.15708e-05	0.000100315	-6.624	-0.00212885	8.79769e-05	0.00213052	177.63	-0.00209762	0.000109673	0.00210024	177.006	-2.435002e-11
-0.404	202			0.000127413	5.72208e-06	0.00012754	2.574	9.99053e-05	-1.2152e-05	0.000100635	-6.93	-0.00214626	8.9169e-05	0.00214769	177.618	-0.00211884	0.000109673	0.00212146	177.03	-2.162767e-11
-0.406	203			0.000117355	5.84873e-06	0.000117504	2.856	9.10168e-05	-1.07885e-05	9.16575e-05	-6.756	-0.00215794	8.98843e-05	0.00215937	177.612	-0.00213219	0.000110627	0.00213481	177.03	-1.84866e-11
-0.408	204			0.000114717	6.58634e-06	0.000114903	3.288	7.62348e-05	-1.02372e-05	7.69203e-05	-7.644	-0.00217177	9.05995e-05	0.0021732	177.612	-0.00213505	0.00011015	0.00213768	177.042	-1.806776e-11
-0.41	205			0.000115395	7.43571e-06	0.000115633	3.69	5.50302e-05	-9.73052e-06	5.58796e-05	-10.02	-0.00219657	8.98843e-05	0.002198	177.654	-0.00213768	0.000111104	0.0021403	177.024	-2.208841e-11
-0.412	206			7.847e-05	6.95887e-06	7.87829e-05	5.07	3.40792e-05	-9.31328e-06	3.53309e-05	-15.27	-0.00217535	9.01227e-05	0.00217701	177.624	-0.00213529	0.00011015	0.00213791	177.042	-1.601559e-11
-0.414	207			7.45286e-05	7.90512e-06	7.49459e-05	6.054	1.41711e-05	-8.31491e-06	1.64286e-05	-30.396	-0.00218512	8.98843e-05	0.00218679	177.642	-0.00212719	0.000109673	0.00212981	177.042	-2.22978e-11
-0.416	208			6.51036e-05	8.80664e-06	6.56922e-05	7.71	5.25641e-06	-7.68161e-06	9.30583e-06	-55.608	-0.00218011	8.94074e-05	0.00218178	177.648	-0.00212289	0.000109435	0.00212552	177.042	-2.158585e-11
-0.418	209			7.03637e-05	8.65018e-06	7.08927e-05	7.008	1.98373e-06	-6.72977e-06	7.01289e-06	-73.566	-0.00218822	8.96459e-05	0.00218989	177.648	-0.00212075	0.000108719	0.00212337	177.06	-1.978497e-11
-0.42	210			8.92435e-05	7.54002e-06	8.95639e-05	4.836	1.34297e-06	-7.72817e-06	7.84366e-06	-80.142	-0.00220801	9.01227e-05	0.00220968	177.66	-0.00212075	0.000109435	0.00212337	177.042	-2.028749e-11
-0.422	211			9.56808e-05	7.42826e-06	9.59639e-05	4.44	1.79932e-06	-8.29814e-06	8.48813e-06	-77.76	-0.00221445	9.03611e-05	0.00221612	177.66	-0.00212337	0.00011015	0.00212599	177.024	-1.890541e-11
-0.424	212			8.16663e-05	7.6518e-06	8.20239e-05	5.352	7.1768e-06	-8.02806e-06	1.0768e-05	-48.198	-0.0021999	9.10764e-05	0.00220157	177.63	-0.00212695	0.000110627	0.00212933	177.018	-2.108325e-11
-0.426	213			9.20896e-05	8.40431e-06	9.24696e-05	5.214	1.90121e-05	-8.96869e-06	2.10201e-05	-25.254	-0.00221349	9.15532e-05	0.00221516	177.63	-0.00214006	0.000111342	0.00214268	177.018	-2.217219e-11
-0.428	214			8.27094e-05	9.30583e-06	8.32235e-05	6.42	4.12243e-05	-1.0185e-05	4.24648e-05	-13.878	-0.00220944	9.13148e-05	0.00221111	177.63	-0.00216748	0.000114441	0.00217034	176.97	-2.263291e-11
-0.43	215			9.10913e-05	9.83482e-06	9.16203e-05	6.162	5.69748e-05	-1.04011e-05	5.79173e-05	-10.344	-0.00222708	9.17916e-05	0.00222851	177.642	-0.0021906	0.000116349	0.0021937	176.958	-1.521979e-11
-0.432	216			0.000106775	8.71724e-06	0.000107125	4.668	7.28671e-05	-1.18055e-05	7.38171e-05	-9.198	-0.00225617	9.34605e-05	0.00225784	177.63	-0.00221993	0.000116349	0.00222279	176.994	-2.062254e-11
-0.434	217			0.000108682	8.48627e-06	0.000109017	4.47	8.94298e-05	-1.24314e-05	9.02866e-05	-7.914	-0.00227858	9.41758e-05	0.00228049	177.63	-0.00225617	0.000119925	0.00225903	176.952	-2.032931e-11
-0.436	218			0.000113115	8.29255e-06	0.000113428	4.194	0.000105001	-1.31354e-05	0.000105821	-7.128	-0.00230767	9.53679e-05	0.00230934	177.63	-0.00229646	0.000121117	0.00229932	176.976	-2.183711e-11
-0.438	219			0.000111856	8.68744e-06	0.000112199	4.446	0.000105292	-1.31801e-05	0.000106112	-7.134	-0.00233389	9.67984e-05	0.00233556	177.624	-0.00232674	0.000122786	0.0023296	176.976	-2.213026e-11
-0.44	220			0.000103921	9.23878e-06	0.000104323	5.082	9.08826e-05	-1.17124e-05	9.16426e-05	-7.338	-0.00234558	9.67984e-05	0.00234748	177.63	-0.00233461	0.00012231	0.00233747	177.0	-2.095764e-11
-0.442	221			0.000105881	9.00781e-06	0.000106261	4.866	7.75089e-05	-1.10865e-05	7.82912e-05	-8.136	-0.00235583	9.84673e-05	0.0023575	177.6	-0.00233103	0.00012231	0.00233413	176.994	-2.284227e-11
-0.444	222			9.29763e-05	9.97639e-06	9.35053e-05	6.126	6.81137e-05	-1.00807e-05	6.88513e-05	-8.418	-0.0023544	9.79905e-05	0.00235631	177.618	-0.00233294	0.00012231	0.0023358	177.0	-1.630873e-11
-0.446	223			8.70754e-05	9.92423e-06	8.76416e-05	6.504	5.87108e-05	-1.05128e-05	5.96421e-05	-10.146	-0.00235821	9.87058e-05	0.00235988	177.6	-0.00233175	0.000121594	0.00233485	177.012	-2.598337e-11
-0.448	224			8.33725e-05	1.01328e-05	8.39834e-05	6.93	4.29603e-05	-9.72307e-06	4.40481e-05	-12.744	-0.00236823	9.82289e-05	0.00237013	177.624	-0.00233056	0.00012231	0.00233342	176.994	-2.208845e-11
-0.45	225			7.69501e-05	1.01925e-05	7.76206e-05	7.554	2.31938e-05	-8.17335e-06	2.4587e-05	-19.392	-0.00237609	9.89442e-05	0.00237776	177.612	-0.0023246	0.000121117	0.0023277	177.018	-1.940798e-11
-0.452	226			8.21282e-05	1.00136e-05	8.27317e-05	6.954	9.93168e-06	-7.46924e-06	1.24239e-05	-36.93	-0.00238921	9.98979e-05	0.00239111	177.606	-0.00231864	0.000121356	0.0023215	177.0	-2.246536e-11
-0.454	227			0.000125409	7.6518e-06	0.000125648	3.492	2.00608e-06	-8.79733e-06	9.02271e-06	-77.148	-0.00243641	0.000100852	0.00243832	177.624	-0.00231411	0.000121594	0.00231697	176.988	-2.070628e-11
-0.456	228			0.000164212	5.26759e-06	0.000164294	1.836	1.52179e-06	-7.16935e-06	7.32768e-06	-78.0	-0.0024779	0.000103713	0.00247981	177.6	-0.00231506	0.000119687	0.00231816	177.036	-1.877975e-11
-0.458	229			0.000189901	3.90413e-06	0.000189931	1.188	1.54414e-06	-8.36706e-06	8.50676e-06	-79.536	-0.00250413	0.000103713	0.00250603	177.624	-0.00231673	0.000120163	0.00231983	177.024	-2.091569e-11
-0.46	230			0.000180633	4.14255e-06	0.000180663	1.314	1.57581e-06	-7.75984e-06	7.9163e-06	-78.51	-0.0024965	0.000103951	0.0024984	177.612	-0.00231887	0.000119687	0.00232174	177.042	-2.464323e-11
-0.462	231			0.000180752	4.44058e-06	0.000180812	1.416	6.49135e-06	-7.91257e-06	1.02316e-05	-50.628	-0.00250365	0.000103951	0.00250556	177.624	-0.00233056	0.000120402	0.00233342	177.042	-1.735579e-11
-0.464	232			0.000181586	4.20216e-06	0.000181646	1.332	1.54061e-05	-8.04669e-06	1.73823e-05	-27.576	-0.0025201	0.000104189	0.00252201	177.63	-0.0023544	0.000121594	0.0023575	177.042	-1.731389e-11
-0.466	233			0.000183911	4.67899e-06	0.000184	1.458	2.69172e-05	-9.24809e-06	2.84613e-05	-18.96	-0.00252225	0.000104428	0.00252415	177.624	-0.00236584	0.000122786	0.0023687	177.03	-1.848659e-11
-0.468	234			0.000174762	5.21544e-06	0.000174851	1.716	4.27219e-05	-1.07922e-05	4.40648e-05	-14.178	-0.0025232	0.000104189	0.00252511	177.63	-0.00239016	0.000124455	0.00239302	177.018	-1.831911e-11
-0.47	235			0.000146688	6.85456e-06	0.000146837	2.688	6.05474e-05	-1.16192e-05	6.16503e-05	-10.86	-0.00249054	0.000103236	0.00249244	177.624	-0.00240518	0.000125648	0.00240828	177.012	-2.460129e-11
-0.472	236			0.000136406	7.48041e-06	0.000136615	3.15	7.38506e-05	-1.38023e-05	7.51284e-05	-10.584	-0.00249006	0.000103951	0.00249197	177.606	-0.00242688	0.000127793	0.00242998	176.982	-1.706263e-11
-0.474	237			0.000131072	6.76516e-06	0.00013125	2.952	8.25827e-05	-1.39997e-05	8.37599e-05	-9.618	-0.00250436	0.000104666	0.00250651	177.606	-0.0024543	0.000129462	0.00245763	176.976	-1.454974e-11
-0.476	238			0.000130386	7.54002e-06	0.000130625	3.312	9.46452e-05	-1.40295e-05	9.56808e-05	-8.43	-0.00252678	0.000106335	0.00252868	177.588	-0.00248863	0.00013137	0.00249197	176.976	-2.493641e-11
-0.478	239			0.000113816	8.91095e-06	0.000114173	4.476	9.89889e-05	-1.50651e-05	0.000100129	-8.652	-0.00254275	0.000105381	0.00254466	177.624	-0.00253011	0.000134469	0.00253345	176.958	-1.924045e-11
-0.48	240			9.04207e-05	1.05203e-05	9.10168e-05	6.642	8.9847e-05	-1.49236e-05	9.10764e-05	-9.426	-0.00254418	0.000106574	0.00254609	177.6	-0.00254513	0.000136138	0.00254847	176.94	-1.668566e-11
-0.482	241			7.29566e-05	1.17124e-05	7.38804e-05	9.12	7.80751e-05	-1.33068e-05	7.92001e-05	-9.672	-0.00254489	0.000106812	0.0025468	177.594	-0.00255157	0.000136376	0.00255491	176.94	-2.292606e-11
-0.484	242			6.8069e-05	1.24872e-05	6.92015e-05	10.416	7.131e-05	-1.29045e-05	7.24723e-05	-10.254	-0.00255205	0.000107289	0.00255419	177.594	-0.00255825	0.000137092	0.00256182	176.928	-1.785838e-11
-0.486	243			7.62348e-05	1.21892e-05	7.71885e-05	9.09	6.71302e-05	-1.3277e-05	6.84266e-05	-11.184	-0.00256898	0.00010705	0.00257088	177.612	-0.00256182	0.000136853	0.00256516	176.94	-2.409876e-11
-0.488	244			8.01091e-05	1.21892e-05	8.10032e-05	8.658	6.05437e-05	-1.26437e-05	6.18477e-05	-11.79	-0.00258304	0.000107527	0.00258495	177.612	-0.00256635	0.000137092	0.00256969	176.94	-2.263293e-11
-0.49	245			8.24635e-05	1.15634e-05	8.32682e-05	7.98	5.40616e-05	-1.23233e-05	5.54475e-05	-12.834	-0.00259353	0.000108243	0.00259568	177.606	-0.00256754	0.000136853	0.00257088	176.946	-2.49364e-11
-0.492	246			8.37748e-05	1.17124e-05	8.46093e-05	7.956	4.08592e-05	-1.08779e-05	4.22823e-05	-14.898	-0.00260426	0.000109196	0.00260641	177.594	-0.00256468	0.000136376	0.00256826	176.952	-2.108327e-11
-0.494	247			8.449e-05	1.09673e-05	8.52053e-05	7.404	2.47509e-05	-9.75287e-06	2.65987e-05	-21.492	-0.00261547	0.000110388	0.00261761	177.582	-0.00255801	0.000135423	0.00256135	176.97	-2.011998e-11
-0.496	248			8.33874e-05	1.18614e-05	8.42218e-05	8.106	9.98756e-06	-8.5943e-06	1.31727e-05	-40.704	-0.00262047	0.000110865	0.00262262	177.576	-0.00255109	0.0001359	0.00255467	176.946	-1.777462e-11
-0.498	249			8.19569e-05	1.16528e-05	8.27913e-05	8.1	3.53159e-06	-8.0262e-06	8.76753e-06	-66.234	-0.00262357	0.000110627	0.00262548	177.582	-0.00254823	0.000134946	0.00255133	176.97	-1.769088e-11
-0.5	250			9.29241e-05	1.07289e-05	9.355e-05	6.588	2.2594e-06	-8.32794e-06	8.62783e-06	-74.814	-0.00263859	0.000111819	0.00264074	177.57	-0.00254847	0.000134469	0.00255181	176.976	-2.116705e-11
-0.502	251			0.000116408	1.03415e-05	0.000116885	5.088	7.82315e-07	-8.58871e-06	8.62224e-06	-84.786	-0.00266601	0.000111819	0.00266816	177.594	-0.00255038	0.000134946	0.00255348	176.97	-1.651814e-11
-0.504	252			0.000142486	9.29838e-06	0.000142784	3.738	2.31528e-06	-8.7787e-06	9.07673e-06	-75.216	-0.00269271	0.000112534	0.00269462	177.606	-0.00255515	0.000135423	0.00255848	176.958	-1.836098e-11
-0.506	253			0.000189931	6.49694e-06	0.00019005	1.956	6.51184e-06	-8.14913e-06	1.04309e-05	-51.366	-0.00274636	0.000115157	0.0027485	177.594	-0.00256206	0.000134469	0.0025654	176.994	-1.702074e-11
-0.508	254			0.000232221	4.85781e-06	0.00023228	1.2	1.22227e-05	-8.03923e-06	1.46293e-05	-33.33	-0.00278665	0.000117779	0.0027888	177.576	-0.00256754	0.000135184	0.00257064	176.982	-2.246538e-11
-0.51	255			0.000295313	2.65242e-06	0.000295343	0.516	2.11486e-05	-9.30956e-06	2.31062e-05	-23.754	-0.00286151	0.000118971	0.0028639	177.618	-0.00258662	0.000136376	0.00258996	176.982	-1.953364e-11
-0.512	256			0.000260862	3.12926e-06	0.000260891	0.69	3.18906e-05	-9.65974e-06	3.33211e-05	-16.848	-0.00283052	0.000119448	0.0028329	177.582	-0.00260259	0.000136615	0.00260617	176.994	-2.45175e-11
-0.514	257			0.000268461	3.57629e-06	0.000268491	0.768	4.432e-05	-1.11964e-05	4.57114e-05	-14.178	-0.00285889	0.000120402	0.00286128	177.588	-0.00263216	0.000138761	0.00263549	176.976	-2.37637e-11
-0.516	258			0.000235737	4.47038e-06	0.000235797	1.092	6.25257e-05	-1.36681e-05	6.4001e-05	-12.33	-0.00285579	0.000120402	0.00285794	177.582	-0.0026827	0.000142098	0.00268628	176.964	-2.158587e-11
-0.518	259			0.000219644	4.7982e-06	0.000219674	1.254	7.70469e-05	-1.39475e-05	7.82986e-05	-10.26	-0.00285913	0.000121594	0.00286151	177.564	-0.00271584	0.00014329	0.00271966	176.976	-1.710453e-11
-0.52	260			0.000225396	4.17235e-06	0.000225426	1.062	8.43746e-05	-1.51769e-05	8.57268e-05	-10.194	-0.00287534	0.000120163	0.00287749	177.606	-0.00273587	0.000144483	0.00273944	176.976	-2.187899e-11
-0.522	261			0.000219406	5.18563e-06	0.000219465	1.356	0.000104852	-1.52067e-05	0.000105955	-8.25	-0.0028763	0.000120879	0.00287844	177.594	-0.0027609	0.000145436	0.00276448	176.982	-2.171152e-11
-0.524	262			0.000210197	5.21544e-06	0.000210256	1.428	0.000117466	-1.5393e-05	0.000118472	-7.464	-0.00288631	0.000121594	0.00288846	177.582	-0.00279452	0.00014782	0.0027981	176.97	-2.439193e-11
-0.526	263			0.00016293	6.70555e-06	0.000163079	2.358	0.000113175	-1.62796e-05	0.000114345	-8.184	-0.00286271	0.000120402	0.00286509	177.588	-0.0028155	0.000148774	0.00281931	176.97	-2.351239e-11
-0.528	264			0.000131042	8.31491e-06	0.00013128	3.636	9.66717e-05	-1.44318e-05	9.77446e-05	-8.49	-0.00285436	0.000119925	0.00285651	177.594	-0.00282218	0.000149489	0.00282599	176.964	-1.685321e-11
-0.53	265			0.000119448	9.05996e-06	0.000119806	4.35	7.90362e-05	-1.44244e-05	8.03475e-05	-10.338	-0.00285889	0.000120163	0.00286104	177.588	-0.00282051	0.000149251	0.00282432	176.97	-2.108329e-11
-0.532	266			0.000113369	1.07885e-05	0.000113905	5.448	6.92685e-05	-1.34707e-05	7.05649e-05	-11.004	-0.00286724	0.000121356	0.00286962	177.576	-0.00282575	0.000150681	0.00282957	176.946	-1.446599e-11
-0.534	267			0.000110031	1.10269e-05	0.000110567	5.736	6.66459e-05	-1.41264e-05	6.81286e-05	-11.964	-0.00287701	0.000121117	0.0028794	177.588	-0.002836	0.000150443	0.00283982	176.964	-2.24235e-11
-0.536	268			8.78577e-05	1.21594e-05	8.86922e-05	7.896	6.20638e-05	-1.45063e-05	6.37402e-05	-13.146	-0.00286819	0.00012064	0.00287034	177.594	-0.00284649	0.000151397	0.00285031	176.952	-1.911485e-11
-0.538	269			7.57282e-05	1.12951e-05	7.65626e-05	8.496	5.91653e-05	-1.30162e-05	6.05809e-05	-12.402	-0.002867	0.000121117	0.00286914	177.582	-0.00285269	0.000151158	0.00285627	176.964	-1.974309e-11
-0.54	270			8.91988e-05	1.18316e-05	8.99737e-05	7.566	5.47173e-05	-1.29939e-05	5.62372e-05	-13.356	-0.00288917	0.00012231	0.00289179	177.576	-0.00285651	0.000152112	0.00286032	176.952	-1.597374e-11
-0.542	271			0.000104517	1.13547e-05	0.000105143	6.216	4.83023e-05	-1.30982e-05	5.00383e-05	-15.162	-0.00290968	0.000122786	0.0029123	177.582	-0.00285698	0.000152112	0.0028608	176.946	-1.773276e-11
-0.544	272			0.00012064	1.06991e-05	0.000121117	5.076	4.15521e-05	-1.29119e-05	4.35116e-05	-17.25	-0.00293137	0.000124932	0.00293376	177.558	-0.00285555	0.000152827	0.00285961	176.934	-1.676947e-11
-0.546	273			0.000124068	1.10269e-05	0.000124545	5.082	2.9795e-05	-1.18986e-05	3.20824e-05	-21.756	-0.00293662	0.00012374	0.002939	177.588	-0.00284721	0.000152112	0.00285079	176.94	-1.953368e-11
-0.548	274			0.000110001	1.23382e-05	0.000110716	6.414	1.74866e-05	-1.18018e-05	2.10927e-05	-34.002	-0.00292589	0.000123502	0.00292827	177.582	-0.00283815	0.000152112	0.00284196	176.928	-1.794215e-11
-0.55	275			9.74839e-05	1.30237e-05	9.83481e-05	7.626	8.35961e-06	-1.14665e-05	1.41897e-05	-53.892	-0.00291826	0.000123263	0.00292064	177.576	-0.0028329	0.000153304	0.00283696	176.898	-1.806776e-11
-0.552	276			0.000101448	1.48416e-05	0.00010252	8.334	2.26127e-06	-1.08444e-05	1.10753e-05	-78.21	-0.00292708	0.000123263	0.00292946	177.582	-0.00283195	0.000153781	0.00283577	176.886	-2.13346e-11
-0.554	277			9.9123e-05	1.4186e-05	0.000100136	8.148	6.96633e-07	-1.05426e-05	1.05613e-05	-86.22	-0.00292875	0.000123979	0.00293113	177.576	-0.0028329	0.000153542	0.00283696	176.892	-1.810968e-11
-0.556	278			0.000101001	1.39773e-05	0.000101954	7.884	1.23494e-06	-9.81061e-06	9.88698e-06	-82.812	-0.00293256	0.000124694	0.00293495	177.564	-0.00283529	0.000153781	0.0028391	176.892	-2.083198e-11
-0.558	279			9.74541e-05	1.36197e-05	9.84077e-05	7.962	7.09671e-07	-9.6169e-06	9.64111e-06	-85.776	-0.00293399	0.000124217	0.00293638	177.576	-0.00283958	0.000153066	0.00284363	176.91	-2.514583e-11
-0.56	280			0.000117809	1.27555e-05	0.000118494	6.192	3.39934e-06	-8.84576e-06	9.47533e-06	-68.976	-0.00296022	0.000125886	0.0029626	177.564	-0.00284673	0.00015235	0.00285055	176.934	-2.330301e-11
-0.562	281			0.000139982	1.12653e-05	0.000140429	4.608	8.1957e-06	-9.42318e-06	1.24891e-05	-48.984	-0.00299455	0.000126601	0.00299694	177.576	-0.0028639	0.000152827	0.00286795	176.94	-1.831909e-11
-0.564	282			0.000179351	1.02223e-05	0.000179649	3.264	1.86117e-05	-9.89815e-06	2.10797e-05	-28.002	-0.00305034	0.000130177	0.00305296	177.552	-0.00288726	0.000154019	0.00289132	176.946	-1.982677e-11
-0.566	283			0.000205339	7.62945e-06	0.000205488	2.13	2.38923e-05	-1.00472e-05	2.59188e-05	-22.806	-0.00309969	0.000131846	0.00310208	177.564	-0.00291897	0.000156165	0.00292279	176.934	-1.940804e-11
-0.568	284			0.000207246	8.2553e-06	0.000207425	2.286	3.26002e-05	-1.112e-05	3.44461e-05	-18.834	-0.00312068	0.000133038	0.0031233	177.558	-0.00294568	0.000157357	0.00294949	176.94	-1.681134e-11
-0.57	285			0.000222326	8.10629e-06	0.000222475	2.094	5.2389e-05	-1.15596e-05	5.36481e-05	-12.438	-0.0031686	0.000134707	0.00317122	177.564	-0.00299384	0.00015998	0.00299813	176.94	-1.823531e-11
-0.572	286			0.0002158	8.43412e-06	0.000215978	2.244	7.28299e-05	-1.3575e-05	7.40816e-05	-10.554	-0.00318553	0.000136138	0.00318815	177.552	-0.00303961	0.000163079	0.00304367	176.928	-1.869598e-11
-0.574	287			0.000224412	8.16589e-06	0.000224561	2.088	0.000105165	-1.55271e-05	0.000106313	-8.4	-0.00321437	0.000136615	0.003217	177.564	-0.00309207	0.000165463	0.00309636	176.934	-1.911483e-11
-0.576	288			0.000242502	7.62945e-06	0.000242622	1.806	0.00011807	-1.66224e-05	0.00011924	-8.01	-0.00325133	0.000138284	0.00325395	177.564	-0.0031264	0.000167371	0.00313069	176.934	-1.77746e-11
-0.578	289			0.000248583	7.06318e-06	0.000248702	1.632	0.000123986	-1.70545e-05	0.000125148	-7.83	-0.0032673	0.000139476	0.00326993	177.552	-0.00314523	0.000168086	0.00314952	176.934	-2.15858e-11
-0.58	290			0.000237794	7.98708e-06	0.000237943	1.932	0.000126415	-1.76878e-05	0.000127644	-7.962	-0.00326611	0.000139476	0.00326873	177.552	-0.00315858	0.00017047	0.00316311	176.904	-1.501041e-11
-0.582	291			0.000223429	8.82155e-06	0.000223608	2.268	0.000128531	-1.86266e-05	0.000129872	-8.244	-0.00325538	0.000138284	0.00325824	177.57	-0.00316502	0.000170232	0.00316907	176.922	-1.857038e-11
-0.584	292			0.000219048	8.01688e-06	0.000219197	2.1	0.000137814	-1.95132e-05	0.000139185	-8.058	-0.00326516	0.000139476	0.00326802	177.552	-0.00318433	0.000171424	0.00318886	176.916	-1.647624e-11
-0.586	293			0.000198902	8.55332e-06	0.00019908	2.466	0.000137628	-1.98336e-05	0.000139044	-8.202	-0.00326373	0.000138761	0.00326659	177.564	-0.00320531	0.000172616	0.00320961	176.916	-1.693695e-11
-0.588	294			0.000223846	7.77846e-06	0.000223995	1.992	0.000121207	-1.87607e-05	0.000122645	-8.796	-0.00330664	0.000140429	0.0033095	177.564	-0.00320698	0.000173093	0.00321151	176.904	-1.890542e-11
-0.59	295			0.000242264	6.10951e-06	0.000242353	1.446	0.000103109	-1.80454e-05	0.000104681	-9.924	-0.00333668	0.000142098	0.00333931	177.558	-0.0032015	0.000172139	0.00320603	176.916	-1.961741e-11
-0.592	296			0.000237734	7.2718e-06	0.000237823	1.752	9.13595e-05	-1.83211e-05	9.31774e-05	-11.34	-0.00334717	0.000142575	0.0033498	177.558	-0.00320436	0.000172616	0.00320889	176.91	-1.810965e-11
-0.594	297			0.000189782	8.91095e-06	0.000189991	2.688	8.13608e-05	-1.64063e-05	8.29999e-05	-11.4	-0.00331451	0.000140668	0.00331713	177.57	-0.00321151	0.000172378	0.00321604	176.928	-1.957556e-11
-0.596	298			0.000150115	1.10567e-05	0.000150503	4.218	7.25244e-05	-1.57506e-05	7.42157e-05	-12.246	-0.00328638	0.000140191	0.00328924	177.558	-0.00321342	0.000173093	0.00321795	176.916	-1.563865e-11
-0.598	299			0.000131161	1.15038e-05	0.000131668	5.028	6.30026e-05	-1.57283e-05	6.49323e-05	-14.016	-0.00327565	0.000139953	0.00327827	177.552	-0.00321271	0.000172616	0.003217	176.922	-1.534549e-11
-0.6	300			0.000152887	1.02223e-05	0.000153244	3.834	5.28994e-05	-1.46554e-05	5.48961e-05	-15.48	-0.00331236	0.000140906	0.00331523	177.564	-0.00321485	0.000172616	0.00321914	176.928	-1.944989e-11
-0.602	301			0.000147284	1.08481e-05	0.000147701	4.212	4.5039e-05	-1.52216e-05	4.75424e-05	-18.666	-0.0033157	0.000140429	0.00331856	177.57	-0.00321819	0.000172854	0.00322272	176.922	-2.007811e-11
-0.604	302			0.000145436	1.20402e-05	0.000145943	4.734	4.08443e-05	-1.4186e-05	4.32434e-05	-19.14	-0.00331976	0.000141145	0.00332262	177.564	-0.0032201	0.000173808	0.00322463	176.904	-2.217216e-11
-0.606	303			0.000150115	1.08183e-05	0.000150503	4.128	3.62622e-05	-1.37836e-05	3.8788e-05	-20.808	-0.00332834	0.000141145	0.0033312	177.57	-0.00321914	0.00017357	0.00322343	176.91	-2.280044e-11
-0.608	304			0.000135393	1.18912e-05	0.0001359	5.022	3.34235e-05	-1.42977e-05	3.63516e-05	-23.154	-0.00331499	0.000141145	0.00331761	177.558	-0.00321724	0.000173808	0.00322177	176.904	-1.97431e-11
-0.61	305			0.000123114	1.30833e-05	0.00012383	6.072	2.79994e-05	-1.38134e-05	3.12182e-05	-26.244	-0.00330235	0.000140668	0.00330521	177.558	-0.00321294	0.000173808	0.00321724	176.898	-1.88217e-11
-0.612	306			0.000120908	1.29641e-05	0.000121594	6.132	2.34396e-05	-1.32099e-05	2.69116e-05	-29.394	-0.00329877	0.000141145	0.0033014	177.546	-0.00320603	0.000173808	0.00321056	176.892	-2.313553e-11
-0.614	307			0.000156553	1.2517e-05	0.000157059	4.578	1.58848e-05	-1.25766e-05	2.02582e-05	-38.358	-0.00333144	0.000141622	0.00333406	177.564	-0.00319554	0.000173331	0.00319983	176.892	-2.455952e-11
-0.616	308			0.000172527	1.07289e-05	0.000172884	3.558	1.05166e-05	-1.20812e-05	1.60189e-05	-48.948	-0.00334574	0.000143052	0.0033486	177.552	-0.00318839	0.000172616	0.00319292	176.898	-2.049691e-11
-0.618	309			0.000216902	1.03117e-05	0.000217141	2.724	4.86526e-06	-1.22898e-05	1.32174e-05	-68.4	-0.00339581	0.000145198	0.00339867	177.552	-0.00318624	0.000173093	0.00319077	176.886	-1.66857e-11
-0.62	310			0.00023386	8.94075e-06	0.000234009	2.19	2.41028e-06	-1.1649e-05	1.18912e-05	-78.294	-0.00341631	0.000145436	0.00341941	177.558	-0.00318791	0.000172616	0.00319244	176.898	-1.7984e-11
-0.622	311			0.000240357	8.43412e-06	0.000240506	2.01	9.2015e-07	-1.15671e-05	1.16006e-05	-85.434	-0.00343134	0.000147105	0.0034342	177.546	-0.0031953	0.000172616	0.00319959	176.904	-1.953366e-11
-0.624	312			0.00023985	7.62945e-06	0.000239969	1.824	9.76033e-07	-1.21892e-05	1.22227e-05	-85.416	-0.00343277	0.000146628	0.00343563	177.552	-0.00319768	0.000173093	0.00320198	176.898	-2.401496e-11
-0.626	313			0.000240416	8.2851e-06	0.000240565	1.974	4.24685e-07	-1.14032e-05	1.14032e-05	-87.858	-0.00344063	0.000147105	0.00344373	177.552	-0.00320341	0.000173093	0.00320794	176.904	-1.752333e-11
-0.628	314			0.000247123	7.54002e-06	0.000247242	1.752	1.61306e-06	-1.17608e-05	1.18688e-05	-82.17	-0.00345398	0.000147344	0.00345685	177.552	-0.00321104	0.000173808	0.00321533	176.898	-2.137644e-11
-0.63	315			0.000248941	7.48041e-06	0.00024906	1.722	4.7386e-06	-1.10828e-05	1.20476e-05	-66.84	-0.00345661	0.000148536	0.00345947	177.54	-0.00321676	0.000173093	0.00322129	176.916	-2.05388e-11
-0.632	316			0.000244262	8.04669e-06	0.000244411	1.884	7.05945e-06	-1.10679e-05	1.31243e-05	-57.462	-0.0034609	0.000148774	0.00346376	177.54	-0.00322606	0.000173808	0.00323059	176.91	-1.949179e-11
-0.634	317			0.000229717	7.95728e-06	0.000229836	1.992	8.30746e-06	-1.14553e-05	1.41487e-05	-54.036	-0.00346614	0.000148774	0.00346901	177.54	-0.00324632	0.000175239	0.00325085	176.91	-2.053882e-11
-0.636	318			0.000190617	1.10865e-05	0.000190944	3.336	1.77325e-05	-1.22563e-05	2.15509e-05	-34.644	-0.00345518	0.000148297	0.00345828	177.54	-0.00328304	0.0001781	0.00328757	176.892	-1.618313e-11
-0.638	319			0.000168652	1.23382e-05	0.000169099	4.194	4.69538e-05	-1.47522e-05	4.9215e-05	-17.436	-0.00346543	0.000148536	0.00346829	177.546	-0.00334169	0.000182153	0.00334646	176.88	-1.706264e-11
-0.64	320			0.000148804	1.35303e-05	0.0001494	5.196	6.79162e-05	-1.66969e-05	6.99391e-05	-13.812	-0.00347735	0.000150443	0.00348045	177.522	-0.00339605	0.000185252	0.00340082	176.874	-2.099948e-11
-0.642	321			0.000145138	1.50204e-05	0.000145913	5.91	7.82837e-05	-1.74606e-05	8.02097e-05	-12.57	-0.00348665	0.000149728	0.00348951	177.54	-0.00342084	0.000187636	0.00342561	176.862	-1.819342e-11
-0.644	322			0.000141055	1.48416e-05	0.00014183	6.006	8.38866e-05	-1.8079e-05	8.58125e-05	-12.162	-0.00352861	0.000152112	0.00353171	177.534	-0.00347067	0.000190497	0.00347568	176.856	-1.978497e-11
-0.646	323			0.000131519	1.62424e-05	0.000132532	7.044	0.000101448	-1.82689e-05	0.000103079	-10.206	-0.00353886	0.000153781	0.00354196	177.51	-0.00350787	0.00019312	0.00351311	176.85	-1.584809e-11
-0.648	324			0.000138612	1.52589e-05	0.000139446	6.288	0.000136041	-2.08841e-05	0.000137636	-8.724	-0.00355841	0.000153304	0.00356151	177.534	-0.00355531	0.000195266	0.00356056	176.85	-2.610906e-11
-0.65	325			0.000131817	1.57059e-05	0.00013274	6.804	0.000151516	-2.18899e-05	0.000153088	-8.22	-0.00357439	0.000153781	0.00357749	177.534	-0.00359608	0.000197888	0.00360133	176.85	-1.697887e-11
-0.652	326			0.000149281	1.4931e-05	0.000150026	5.718	0.000171439	-2.22326e-05	0.000172869	-7.392	-0.00359584	0.000156404	0.00359894	177.51	-0.00362088	0.000198842	0.00362612	176.856	-2.079008e-11
-0.654	327			0.000176371	1.24574e-05	0.000176788	4.044	0.000186146	-2.43188e-05	0.000187726	-7.434	-0.00363661	0.000157119	0.00363971	177.522	-0.00364687	0.000200749	0.00365211	176.85	-2.058067e-11
-0.656	328			0.000201703	1.22786e-05	0.000202061	3.486	0.000189812	-2.32161e-05	0.000191242	-6.966	-0.0036719	0.000159265	0.00367524	177.516	-0.00366212	0.000200988	0.00366761	176.856	-1.903106e-11
-0.658	329			0.000212819	1.18316e-05	0.000213147	3.186	0.000184775	-2.3842e-05	0.000186295	-7.35	-0.00369455	0.000159503	0.00369789	177.528	-0.00366928	0.000201465	0.00367476	176.856	-2.615097e-11
-0.66	330			0.000226826	1.18316e-05	0.000227154	2.988	0.000173361	-2.27393e-05	0.000174851	-7.47	-0.00372054	0.00016141	0.00372387	177.516	-0.00367285	0.00020218	0.0036781	176.844	-1.329328e-11
-0.662	331			0.000245245	1.05203e-05	0.000245484	2.46	0.00015238	-2.07425e-05	0.000153781	-7.746	-0.00375225	0.000163318	0.00375558	177.51	-0.00366546	0.000201226	0.00367071	176.856	-1.810967e-11
-0.664	332			0.000232668	1.18316e-05	0.000232966	2.91	0.000126333	-2.06829e-05	0.000128002	-9.294	-0.00374581	0.000161649	0.00374891	177.528	-0.00364663	0.000200511	0.00365187	176.85	-2.342865e-11
-0.666	333			0.000221283	1.1772e-05	0.000221581	3.048	0.00011459	-1.96696e-05	0.000116259	-9.732	-0.00374366	0.000161649	0.00374676	177.528	-0.00364234	0.000200511	0.00364758	176.844	-2.208843e-11
-0.668	334			0.000209124	1.24872e-05	0.000209481	3.426	0.000111789	-1.96696e-05	0.000113488	-9.978	-0.00374581	0.000162126	0.00374891	177.522	-0.00365306	0.000200034	0.00365831	176.862	-2.388934e-11
-0.67	335			0.000192017	1.33813e-05	0.000192464	3.99	0.00010714	-1.91034e-05	0.000108839	-10.098	-0.00374891	0.000161649	0.00375225	177.534	-0.00366785	0.000201465	0.00367309	176.856	-1.949182e-11
-0.672	336			0.000185252	1.41264e-05	0.000185789	4.368	9.99873e-05	-1.91332e-05	0.000101805	-10.83	-0.0037625	0.000162126	0.00376584	177.534	-0.00368334	0.00020218	0.00368859	176.856	-1.978493e-11
-0.674	337			0.000177265	1.34409e-05	0.000177772	4.338	9.19108e-05	-1.85372e-05	9.37586e-05	-11.388	-0.00377132	0.000164271	0.00377466	177.504	-0.0036905	0.000202418	0.00369574	176.856	-2.24235e-11
-0.676	338			0.000230015	1.10865e-05	0.000230283	2.76	7.94237e-05	-1.89246e-05	8.1629e-05	-13.386	-0.00383879	0.00016594	0.00384237	177.522	-0.0036924	0.000202418	0.00369765	176.862	-2.037128e-11
-0.678	339			0.000270488	8.73214e-06	0.000270607	1.848	6.67875e-05	-1.75537e-05	6.90524e-05	-14.718	-0.00389172	0.000168801	0.00389506	177.516	-0.00369145	0.000201941	0.00369669	176.868	-2.116705e-11
-0.68	340			0.000326606	6.94397e-06	0.000326695	1.224	5.68035e-05	-1.85968e-05	5.97539e-05	-18.114	-0.00395659	0.000170232	0.00395992	177.534	-0.00368978	0.000202895	0.00369503	176.85	-2.141834e-11
-0.682	341			0.000354113	5.78168e-06	0.000354173	0.936	4.75349e-05	-1.65106e-05	5.03364e-05	-19.128	-0.00398496	0.000172139	0.00398853	177.522	-0.00368501	0.000201703	0.00369026	176.862	-1.664381e-11
-0.684	342			0.000347378	5.27504e-06	0.000347408	0.87	3.75586e-05	-1.66149e-05	4.10678e-05	-23.856	-0.00398162	0.000172854	0.0039852	177.51	-0.00367858	0.000201465	0.00368382	176.862	-1.869601e-11
-0.686	343			0.000360223	5.54326e-06	0.000360252	0.888	3.00632e-05	-1.5855e-05	3.39898e-05	-27.798	-0.00399664	0.000172139	0.00399998	177.534	-0.00367238	0.000200749	0.00367762	176.868	-2.317734e-11
-0.688	344			0.000355365	5.9903e-06	0.000355424	0.972	2.33651e-05	-1.54154e-05	2.79919e-05	-33.402	-0.00399068	0.000172616	0.00399426	177.522	-0.00366427	0.000200988	0.00366952	176.856	-1.752332e-11
-0.69	345			0.000315817	6.85456e-06	0.000315906	1.248	1.60785e-05	-1.48118e-05	2.18527e-05	-42.636	-0.00395039	0.000170232	0.00395373	177.534	-0.00365879	0.000199557	0.00366403	176.874	-1.995251e-11
-0.692	346			0.000292929	7.51021e-06	0.000293048	1.47	1.28821e-05	-1.44244e-05	1.93344e-05	-48.216	-0.00393131	0.000169755	0.00393465	177.522	-0.00365616	0.000198604	0.00366117	176.886	-1.865408e-11
-0.694	347			0.000297429	8.2255e-06	0.000297548	1.584	1.13138e-05	-1.5691e-05	1.93455e-05	-54.198	-0.00393727	0.000169517	0.00394061	177.534	-0.00365545	0.000199796	0.00366093	176.868	-2.070637e-11
-0.696	348			0.00033042	5.63267e-06	0.00033048	0.978	9.2425e-06	-1.54787e-05	1.80231e-05	-59.154	-0.00397065	0.000171662	0.00397399	177.522	-0.00365378	0.000199319	0.00365926	176.88	-1.802587e-11
-0.698	349			0.000342907	5.24524e-06	0.000342937	0.882	8.16962e-06	-1.49049e-05	1.69949e-05	-61.266	-0.00398186	0.000172139	0.00398543	177.522	-0.00365187	0.00019908	0.00365712	176.88	-1.723013e-11
-0.7	350			0.000336023	5.42405e-06	0.000336053	0.93	6.0797e-06	-1.46032e-05	1.58177e-05	-67.386	-0.0039728	0.000172139	0.00397637	177.516	-0.00364901	0.000199319	0.00365426	176.874	-2.108328e-11
-0.702	351			0.00034398	5.93069e-06	0.00034404	0.99	5.09623e-06	-1.39699e-05	1.48677e-05	-69.954	-0.00398353	0.000173808	0.0039871	177.504	-0.00364877	0.000199796	0.00365402	176.868	-1.894729e-11
-0.704	352			0.000342401	5.96049e-06	0.00034246	1.002	3.34533e-06	-1.50391e-05	1.54005e-05	-77.454	-0.00398853	0.000173331	0.00399211	177.51	-0.00365426	0.000200749	0.0036595	176.856	-2.347051e-11
-0.706	353			0.000362994	5.60287e-06	0.000363024	0.888	2.0005e-06	-1.4931e-05	1.50614e-05	-82.356	-0.00401595	0.000175477	0.00401977	177.498	-0.00365926	0.00020218	0.00366475	176.832	-1.798403e-11
-0.708	354			0.000363084	7.00357e-06	0.000363143	1.11	1.10642e-06	-1.53371e-05	1.53744e-05	-85.86	-0.00402144	0.000174762	0.00402525	177.51	-0.00366475	0.000202895	0.00367023	176.832	-2.372182e-11
-0.71	355			0.000354858	7.3314e-06	0.000354948	1.188	3.21494e-06	-1.4592e-05	1.49385e-05	-77.568	-0.00402096	0.000175477	0.00402454	177.504	-0.00367309	0.000204087	0.00367858	176.814	-1.999434e-11
-0.712	356			0.000353428	8.37451e-06	0.000353517	1.362	5.6811e-06	-1.37799e-05	1.49049e-05	-67.59	-0.00402096	0.000175239	0.00402454	177.504	-0.00367905	0.000204087	0.00368454	176.82	-1.73977e-11
-0.714	357			0.000346722	6.49694e-06	0.000346782	1.074	7.98336e-06	-1.4063e-05	1.61716e-05	-60.408	-0.00401881	0.000175715	0.00402239	177.498	-0.00368501	0.00020361	0.0036905	176.832	-2.196281e-11
-0.716	358			0.00032741	8.64273e-06	0.000327529	1.518	8.63528e-06	-1.38321e-05	1.63057e-05	-58.014	-0.00401166	0.000175477	0.00401524	177.498	-0.00369622	0.000204326	0.0037017	176.832	-2.137644e-11
-0.718	359			0.000336709	7.54002e-06	0.000336768	1.284	9.67836e-06	-1.36942e-05	1.67676e-05	-54.744	-0.00402907	0.000176669	0.00403264	177.486	-0.00370671	0.000204087	0.00371219	176.844	-2.158585e-11
-0.72	360			0.000358196	7.03338e-06	0.000358256	1.128	1.10232e-05	-1.42232e-05	1.79933e-05	-52.218	-0.00405815	0.000176431	0.00406173	177.51	-0.00371434	0.000204802	0.00371982	176.844	-1.886356e-11
-0.722	361			0.000363084	6.85456e-06	0.000363173	1.086	9.53308e-06	-1.30348e-05	1.61492e-05	-53.808	-0.00408199	0.000178815	0.00408557	177.492	-0.0037315	0.000205518	0.00373675	176.844	-1.739773e-11
-0.724	362			0.000352981	7.3314e-06	0.00035307	1.194	1.43014e-05	-1.41897e-05	2.01428e-05	-44.772	-0.00408843	0.000178815	0.00409201	177.498	-0.0037532	0.000207425	0.00375868	176.838	-2.146022e-11
-0.726	363			0.000347527	7.68906e-06	0.000347586	1.272	3.76927e-05	-1.57693e-05	4.08555e-05	-22.698	-0.00409701	0.000178815	0.00410059	177.498	-0.00378849	0.000209332	0.00379421	176.832	-1.697888e-11
-0.728	364			0.000347944	9.03016e-06	0.000348063	1.488	6.01935e-05	-1.60002e-05	6.22836e-05	-14.886	-0.0041106	0.000179053	0.00411442	177.504	-0.00382496	0.000211955	0.00383045	176.826	-2.045501e-11
-0.73	365			0.000343712	8.55332e-06	0.000343801	1.428	7.1459e-05	-1.78554e-05	7.36569e-05	-14.028	-0.00412133	0.000179292	0.00412491	177.504	-0.00385262	0.000212909	0.0038581	176.838	-1.965926e-11
-0.732	366			0.000327649	9.05996e-06	0.000327768	1.59	8.63266e-05	-1.77809e-05	8.81408e-05	-11.64	-0.00413063	0.000180484	0.00413445	177.498	-0.00389029	0.000214816	0.00389625	176.838	-2.116703e-11
-0.734	367			0.0003064	9.92423e-06	0.000306578	1.86	9.957e-05	-1.77325e-05	0.000101142	-10.092	-0.00412801	0.000180961	0.00413182	177.492	-0.00392583	0.000216008	0.00393155	176.85	-2.066446e-11
-0.736	368			0.000287713	1.06097e-05	0.000287892	2.118	0.000111029	-1.87309e-05	0.000112601	-9.576	-0.00413302	0.000180961	0.00413683	177.492	-0.00395945	0.000217916	0.00396517	176.844	-1.970119e-11
-0.738	369			0.000277312	1.10567e-05	0.000277521	2.286	0.000129641	-2.03029e-05	0.000131228	-8.898	-0.00412944	0.000181199	0.00413325	177.486	-0.00398543	0.000220061	0.00399116	176.838	-2.338677e-11
-0.74	370			0.000231774	1.35601e-05	0.000232161	3.348	0.000147537	-2.07947e-05	0.000148998	-8.022	-0.00411871	0.000180961	0.00412253	177.486	-0.00403646	0.000222445	0.00404242	176.844	-2.309356e-11
-0.742	371			0.000192971	1.52887e-05	0.000193567	4.53	0.000157432	-2.26946e-05	0.000159056	-8.202	-0.00412253	0.000180245	0.00412634	177.498	-0.00408748	0.000225783	0.0040932	176.832	-1.999434e-11
-0.744	372			0.000167788	1.66894e-05	0.000168622	5.682	0.000165948	-2.31863e-05	0.000167564	-7.95	-0.00413254	0.000180961	0.00413635	177.492	-0.0041323	0.000227929	0.0041385	176.838	-2.037127e-11
-0.746	373			0.000180782	1.66596e-05	0.000181527	5.268	0.00017962	-2.42145e-05	0.000181244	-7.674	-0.00415996	0.000180961	0.00416377	177.51	-0.0041602	0.00023079	0.00416639	176.826	-2.150211e-11
-0.748	374			0.000207127	1.48416e-05	0.000207664	4.098	0.000164778	-2.36259e-05	0.000166462	-8.16	-0.00420955	0.000185252	0.00421336	177.48	-0.00417164	0.000230313	0.0041776	176.838	-2.032939e-11
-0.75	375			0.000213117	1.42158e-05	0.000213564	3.816	0.000151479	-2.34024e-05	0.000153267	-8.778	-0.00422648	0.000185252	0.00423005	177.486	-0.00417092	0.000231267	0.00417688	176.826	-2.091574e-11
-0.752	376			0.000207485	1.37091e-05	0.000207932	3.786	0.000157961	-2.45274e-05	0.000159853	-8.826	-0.0042372	0.00018716	0.00424102	177.468	-0.00419095	0.000231982	0.00419715	176.832	-2.606719e-11
-0.754	377			0.000212164	1.32323e-05	0.000212581	3.57	0.000162543	-2.51235e-05	0.000164472	-8.784	-0.00424984	0.000188113	0.00425389	177.462	-0.00420526	0.000234366	0.00421146	176.808	-1.936611e-11
-0.756	378			0.000218363	1.33813e-05	0.00021878	3.51	0.000159868	-2.61368e-05	0.000161991	-9.282	-0.00426129	0.000188113	0.0042651	177.474	-0.00420979	0.000234605	0.00421622	176.808	-2.012004e-11
-0.758	379			0.00020817	1.38283e-05	0.000208617	3.804	0.000150108	-2.38569e-05	0.000151993	-9.03	-0.00426391	0.000189782	0.00426772	177.45	-0.00421241	0.000235797	0.00421885	176.796	-2.15021e-11
-0.76	380			0.000184984	1.49608e-05	0.00018558	4.632	0.000120692	-2.38867e-05	0.000123032	-11.196	-0.00425962	0.000189067	0.00426367	177.456	-0.00420383	0.000235558	0.00421003	176.79	-1.852848e-11
-0.762	381			0.000179083	1.69576e-05	0.000179888	5.418	9.66792e-05	-2.33279e-05	9.94508e-05	-13.566	-0.00426939	0.000188352	0.00427321	177.474	-0.0041931	0.000235082	0.00419953	176.79	-1.764895e-11
-0.764	382			0.000177802	1.79113e-05	0.000178696	5.76	8.79322e-05	-2.19868e-05	9.06368e-05	-14.034	-0.00427201	0.000188828	0.00427607	177.468	-0.00418857	0.000236989	0.004195	176.76	-1.865415e-11
-0.766	383			0.000174196	1.89246e-05	0.000175239	6.21	9.31178e-05	-2.31267e-05	9.5949e-05	-13.944	-0.00426796	0.000188113	0.00427178	177.474	-0.00419238	0.000237704	0.00419882	176.754	-1.877976e-11
-0.768	384			0.000174166	1.88054e-05	0.000175179	6.162	8.96011e-05	-2.19123e-05	9.22387e-05	-13.74	-0.00428393	0.000188828	0.00428799	177.474	-0.00420502	0.000237943	0.00421146	176.76	-1.999435e-11
-0.77	385			0.000176699	1.8716e-05	0.000177682	6.054	9.11658e-05	-2.20166e-05	9.37884e-05	-13.572	-0.00429919	0.00018859	0.00430325	177.486	-0.00421813	0.000237466	0.00422457	176.772	-1.685328e-11
-0.772	386			0.000184537	1.92226e-05	0.00018552	5.952	9.41386e-05	-2.36036e-05	9.70517e-05	-14.07	-0.00431898	0.000189782	0.0043228	177.486	-0.00423244	0.000240088	0.00423911	176.754	-1.982681e-11
-0.774	387			0.000169278	1.95504e-05	0.000170411	6.594	9.76776e-05	-2.36706e-05	0.000100509	-13.62	-0.00432113	0.000190259	0.00432518	177.48	-0.00425366	0.000240565	0.00426033	176.76	-2.087387e-11
-0.776	388			0.000160814	1.89246e-05	0.000161917	6.72	9.37511e-05	-2.29703e-05	9.65227e-05	-13.764	-0.00433114	0.000190259	0.00433496	177.486	-0.00426987	0.000240804	0.00427654	176.772	-1.689508e-11
-0.778	389			0.000167669	1.96696e-05	0.000168831	6.702	8.09063e-05	-2.31267e-05	8.41473e-05	-15.954	-0.00435808	0.000191213	0.00436214	177.486	-0.00427726	0.000242234	0.0042837	176.754	-2.229783e-11
-0.78	390			0.000177355	1.85074e-05	0.000178308	5.964	7.01849e-05	-2.12194e-05	7.33216e-05	-16.818	-0.00438264	0.000193597	0.00438669	177.468	-0.00428179	0.000241757	0.00428823	176.766	-2.070633e-11
-0.782	391			0.000196398	1.82391e-05	0.000197233	5.31	5.84947e-05	-1.98112e-05	6.17509e-05	-18.702	-0.00440982	0.000195266	0.00441387	177.462	-0.00427964	0.000242234	0.00428632	176.76	-2.07063e-11
-0.784	392			0.000207991	1.81497e-05	0.000208796	4.992	4.85631e-05	-1.8783e-05	5.20649e-05	-21.138	-0.00442913	0.000196458	0.00443318	177.456	-0.00427607	0.000240565	0.00428274	176.778	-1.697887e-11
-0.786	393			0.00020817	1.71663e-05	0.000208885	4.716	4.38469e-05	-1.9312e-05	4.79075e-05	-23.76	-0.00443009	0.000195981	0.00443414	177.468	-0.00427225	0.000240327	0.00427869	176.778	-2.305167e-11
-0.788	394			0.00020668	1.78815e-05	0.000207455	4.944	4.06804e-05	-1.93344e-05	4.5039e-05	-25.416	-0.0044308	0.000195027	0.00443485	177.48	-0.00427082	0.000240327	0.0042775	176.778	-2.1879e-11
-0.79	395			0.000197441	1.74643e-05	0.000198216	5.058	3.84303e-05	-1.88799e-05	4.28113e-05	-26.16	-0.00442269	0.000195981	0.00442675	177.462	-0.00427106	0.000240327	0.00427774	176.778	-2.020376e-11
-0.792	396			0.000186951	1.76133e-05	0.000187785	5.388	3.63665e-05	-1.87011e-05	4.08965e-05	-27.21	-0.0044134	0.00019455	0.00441745	177.474	-0.00426915	0.000240088	0.00427559	176.778	-2.028751e-11
-0.794	397			0.000195951	1.79411e-05	0.000196786	5.238	3.04059e-05	-1.75462e-05	3.51074e-05	-29.982	-0.00442412	0.000195743	0.00442818	177.468	-0.0042651	0.000240088	0.00427154	176.772	-2.104137e-11
-0.796	398			0.000221224	1.69874e-05	0.000221879	4.398	2.39686e-05	-1.80827e-05	3.00185e-05	-37.02	-0.00445011	0.000197173	0.00445417	177.462	-0.00425985	0.000239135	0.00426629	176.784	-1.949178e-11
-0.798	399			0.000249716	1.54675e-05	0.000250192	3.546	1.75313e-05	-1.66298e-05	2.41549e-05	-43.482	-0.00447968	0.00019908	0.00448397	177.456	-0.00425461	0.000239373	0.00426105	176.778	-1.609934e-11
-0.8	400			0.000269415	1.49608e-05	0.000269832	3.18	1.55197e-05	-1.6451e-05	2.26126e-05	-46.65	-0.00449851	0.000199319	0.00450233	177.462	-0.0042527	0.000239135	0.00425914	176.778	-1.957556e-11
-0.802	401			0.000278326	1.49012e-05	0.000278713	3.066	1.10269e-05	-1.7807e-05	2.09437e-05	-58.218	-0.00450853	0.000198842	0.00451234	177.474	-0.00424793	0.000239373	0.00425437	176.772	-1.446597e-11
-0.804	402			0.000292333	1.41264e-05	0.00029269	2.772	7.75984e-06	-1.61828e-05	1.79486e-05	-64.374	-0.00452474	0.000199796	0.00452903	177.468	-0.00424698	0.000237943	0.00425342	176.79	-1.915669e-11
-0.806	403			0.000335844	1.19806e-05	0.000336053	2.046	6.08715e-06	-1.54191e-05	1.65739e-05	-68.442	-0.00457242	0.00020218	0.00457624	177.462	-0.00424889	0.000237943	0.00425532	176.79	-2.074821e-11
-0.808	404			0.000415297	7.59962e-06	0.000415387	1.05	4.71997e-06	-1.59891e-05	1.66671e-05	-73.542	-0.0046573	0.000206948	0.00466159	177.456	-0.00425079	0.000237943	0.00425723	176.79	-1.974306e-11
-0.81	405			0.000442596	4.85781e-06	0.000442656	0.63	2.84614e-06	-1.58289e-05	1.60785e-05	-79.806	-0.00468305	0.000207902	0.00468734	177.45	-0.00425032	0.000237943	0.00425676	176.796	-1.93661e-11
-0.812	406			0.000461401	5.00682e-06	0.000461401	0.624	1.80305e-06	-1.64584e-05	1.65553e-05	-83.748	-0.00470117	0.000207902	0.00470498	177.462	-0.0042496	0.000237943	0.00425604	176.796	-2.125081e-11
-0.814	407			0.00045413	4.41077e-06	0.00045413	0.564	1.68384e-06	-1.82429e-05	1.83136e-05	-84.714	-0.00469211	0.000207902	0.0046964	177.462	-0.00424865	0.000237943	0.00425485	176.796	-2.070638e-11
-0.816	408			0.000477614	3.75511e-06	0.000477614	0.45	3.3565e-06	-1.70806e-05	1.74047e-05	-78.882	-0.0047231	0.000210286	0.00472692	177.45	-0.00425294	0.000238181	0.00425938	176.79	-2.06226e-11
-0.818	409			0.000512008	2.14578e-06	0.000512008	0.246	1.78442e-06	-1.79076e-05	1.79933e-05	-84.3	-0.00477937	0.000212193	0.00478366	177.45	-0.00427249	0.000240565	0.00427917	176.778	-1.760708e-11
-0.82	410			0.000529174	1.60933e-06	0.000529174	0.174	4.09785e-06	-1.75537e-05	1.80231e-05	-76.854	-0.00480655	0.000213624	0.00481084	177.456	-0.00428727	0.000239612	0.00429371	176.796	-1.974307e-11
-0.822	411			0.000529412	1.54973e-06	0.000529412	0.174	6.91789e-06	-1.70508e-05	1.83956e-05	-67.908	-0.00480321	0.000213624	0.0048075	177.456	-0.00428942	0.000240327	0.00429586	176.79	-1.936609e-11
-0.824	412			0.000494782	3.75511e-06	0.000494782	0.438	7.90885e-06	-1.74233e-05	1.91295e-05	-65.58	-0.00477794	0.000212193	0.00478223	177.456	-0.00429824	0.000240804	0.00430492	176.79	-1.999438e-11
-0.826	413			0.000503186	2.92064e-06	0.000503186	0.336	1.06767e-05	-1.80231e-05	2.09474e-05	-59.352	-0.00479272	0.000211717	0.00479701	177.468	-0.00430825	0.000240804	0.00431469	176.796	-1.743957e-11
-0.828	414			0.000512306	1.90736e-06	0.000512306	0.222	1.75425e-05	-1.76394e-05	2.48739e-05	-45.15	-0.00480369	0.000212193	0.00480798	177.468	-0.00431445	0.00023985	0.00432089	176.814	-2.095764e-11
-0.83	415			0.000521723	1.78815e-06	0.000521723	0.198	2.1875e-05	-1.59928e-05	2.70979e-05	-36.168	-0.00482419	0.000214578	0.00482848	177.45	-0.0043278	0.000241042	0.00433424	176.808	-1.727205e-11
-0.832	416			0.000543837	5.36445e-07	0.000543837	0.06	3.16987e-05	-1.9096e-05	3.70073e-05	-31.056	-0.00486043	0.000215531	0.00486425	177.462	-0.0043526	0.000242711	0.00435928	176.808	-2.062256e-11
-0.834	417			0.000565354	0.0	0.000565354	0.0	3.29989e-05	-1.76505e-05	3.74245e-05	-28.14	-0.00488093	0.000215531	0.00488523	177.468	-0.00435761	0.000242234	0.00436404	176.814	-1.848661e-11
-0.836	418			0.00055695	3.5763e-07	0.00055695	0.036	3.91232e-05	-1.85148e-05	4.32844e-05	-25.32	-0.00487617	0.000216008	0.00487998	177.462	-0.00436762	0.000242949	0.00437406	176.814	-1.777465e-11
-0.838	419			0.000536386	6.55655e-07	0.000536386	0.072	4.8321e-05	-1.89358e-05	5.18973e-05	-21.396	-0.00488284	0.000216962	0.00488713	177.456	-0.0043979	0.000244619	0.00440457	176.814	-2.393123e-11
-0.84	420			0.00050563	2.4438e-06	0.00050563	0.282	6.41239e-05	-2.07165e-05	6.73872e-05	-17.904	-0.00487331	0.000215531	0.0048776	177.462	-0.00443438	0.000246765	0.00444105	176.814	-1.940802e-11
-0.842	421			0.000488941	3.33787e-06	0.000488941	0.396	7.85966e-05	-2.20799e-05	8.16365e-05	-15.69	-0.00487044	0.000215531	0.00487426	177.462	-0.00446466	0.000249149	0.00447157	176.802	-1.894733e-11
-0.844	422			0.000460925	4.41077e-06	0.000460984	0.552	9.05176e-05	-2.33204e-05	9.34754e-05	-14.448	-0.00485042	0.000214578	0.00485471	177.468	-0.00448611	0.000250818	0.00449279	176.796	-2.137648e-11
-0.846	423			0.000446083	5.42405e-06	0.000446143	0.696	9.20971e-05	-2.25009e-05	9.48091e-05	-13.728	-0.00484851	0.000216485	0.0048528	177.444	-0.00450519	0.000252726	0.00451139	176.784	-1.815159e-11
-0.848	424			0.000442268	6.25852e-06	0.000442328	0.81	9.96743e-05	-2.24785e-05	0.00010217	-12.702	-0.00486615	0.000218392	0.00487044	177.426	-0.00452855	0.000254633	0.0045357	176.778	-1.844477e-11
-0.85	425			0.000425937	6.67575e-06	0.000425996	0.906	0.000112102	-2.27914e-05	0.000114389	-11.49	-0.00488046	0.000218869	0.00488523	177.426	-0.00456956	0.000257017	0.00457671	176.778	-2.016188e-11
-0.852	426			0.000404062	8.34471e-06	0.000404121	1.188	0.000126936	-2.46019e-05	0.000129298	-10.968	-0.00487712	0.000218869	0.00488141	177.432	-0.00460437	0.000261309	0.00461105	176.748	-2.125081e-11
-0.854	427			0.000385405	1.08481e-05	0.000385525	1.62	0.000137434	-2.65391e-05	0.000139975	-10.932	-0.00488952	0.000219346	0.00489381	177.426	-0.00464585	0.000264646	0.00465301	176.736	-2.384746e-11
-0.856	428			0.00035763	1.27555e-05	0.000357868	2.046	0.000147746	-2.61815e-05	0.000150041	-10.05	-0.00487331	0.000218392	0.0048776	177.432	-0.00467017	0.0002656	0.00467733	176.742	-2.04132e-11
-0.858	429			0.000322701	1.50204e-05	0.000323059	2.676	0.00015393	-2.74406e-05	0.000156359	-10.104	-0.00486806	0.000216962	0.00487283	177.444	-0.00470355	0.000268938	0.0047107	176.724	-1.928234e-11
-0.86	430			0.000302734	1.56165e-05	0.000303151	2.964	0.000154563	-2.67552e-05	0.000156865	-9.822	-0.00487378	0.000218392	0.00487807	177.432	-0.00473073	0.000269415	0.00473836	176.736	-1.714637e-11
-0.862	431			0.000299098	1.6153e-05	0.000299515	3.102	0.000158147	-2.73214e-05	0.000160486	-9.804	-0.00489476	0.000218869	0.00489953	177.432	-0.00475886	0.000270845	0.00476602	176.742	-1.961738e-11
-0.864	432			0.000304999	1.65702e-05	0.000305476	3.114	0.000150734	-2.66136e-05	0.000153066	-10.014	-0.00491717	0.0002203	0.00492147	177.432	-0.0047684	0.000270845	0.00477555	176.742	-1.949178e-11
-0.866	433			0.000319304	1.56165e-05	0.000319662	2.802	0.000148782	-2.68148e-05	0.000151181	-10.218	-0.00493386	0.000221253	0.00493863	177.432	-0.00477079	0.000272276	0.00477794	176.73	-2.493633e-11
-0.868	434			0.000343503	1.38283e-05	0.000343742	2.31	0.000153386	-2.61815e-05	0.000155606	-9.684	-0.0049682	0.000223638	0.00497296	177.42	-0.00478414	0.00027323	0.00479129	176.73	-2.351242e-11
-0.87	435			0.000341536	1.52589e-05	0.000341835	2.556	0.000156433	-2.71575e-05	0.00015878	-9.846	-0.00497726	0.000224114	0.00498202	177.42	-0.00479844	0.00027466	0.00480607	176.718	-2.409876e-11
-0.872	436			0.000345411	1.45436e-05	0.000345709	2.418	0.000159645	-2.63007e-05	0.000161798	-9.354	-0.00499108	0.000224114	0.00499538	177.426	-0.00481084	0.000275137	0.00481799	176.724	-2.196279e-11
-0.874	437			0.000340642	1.53781e-05	0.000341	2.586	0.000164256	-2.81782e-05	0.000166656	-9.732	-0.00498202	0.000224114	0.00498632	177.42	-0.00481513	0.000276567	0.00482228	176.712	-2.254912e-11
-0.876	438			0.000316681	1.6451e-05	0.000317099	2.976	0.000171223	-2.75151e-05	0.000173413	-9.126	-0.00497678	0.000225068	0.00498107	177.408	-0.00483611	0.000278475	0.00484326	176.7	-1.80678e-11
-0.878	439			0.000283303	1.75835e-05	0.000283839	3.558	0.000185222	-2.82229e-05	0.000187368	-8.658	-0.00496247	0.000224591	0.00496677	177.408	-0.00486949	0.000279905	0.00487712	176.706	-2.221407e-11
-0.88	440			0.000232221	2.04445e-05	0.000233115	5.046	0.00020674	-2.91766e-05	0.000208796	-8.028	-0.00494054	0.000224114	0.00494531	177.402	-0.00491765	0.000282289	0.00492528	176.712	-1.949179e-11
-0.882	441			0.000185669	2.34247e-05	0.0001871	7.2	0.00022784	-2.92362e-05	0.000229717	-7.308	-0.00493386	0.000223638	0.00493863	177.402	-0.00497916	0.000285627	0.00498679	176.718	-2.112516e-11
-0.884	442			0.000157894	2.37824e-05	0.000159682	8.58	0.000227005	-3.07562e-05	0.000229062	-7.71	-0.00493291	0.000223638	0.00493768	177.402	-0.00500873	0.000286581	0.00501636	176.724	-2.305172e-11
-0.886	443			0.000138522	2.47956e-05	0.000140727	10.158	0.000224353	-3.12331e-05	0.000226528	-7.926	-0.00493243	0.000224114	0.00493672	177.396	-0.00502399	0.000288012	0.00503162	176.712	-2.56065e-11
-0.888	444			0.000127078	2.58685e-05	0.000129701	11.514	0.000209154	-2.97428e-05	0.00021127	-8.082	-0.0049248	0.000222684	0.0049291	177.408	-0.00501636	0.000287535	0.00502399	176.712	-1.936615e-11
-0.89	445			0.000106335	2.61666e-05	0.000109554	13.836	0.000188262	-2.92064e-05	0.000190527	-8.814	-0.00493529	0.000222207	0.00493959	177.414	-0.00502399	0.000287535	0.00503162	176.718	-1.919862e-11
-0.892	446			9.03015e-05	2.66732e-05	9.41758e-05	16.458	0.000171156	-2.86103e-05	0.00017351	-9.486	-0.00495437	0.000223638	0.00495866	177.414	-0.00503972	0.000288488	0.00504735	176.718	-2.104139e-11
-0.894	447			8.01687e-05	2.81037e-05	8.49669e-05	19.332	0.000162245	-2.79547e-05	0.000164629	-9.768	-0.00496915	0.000223638	0.00497392	177.42	-0.00505641	0.000288965	0.00506404	176.73	-1.526175e-11
-0.896	448			7.98111e-05	2.85209e-05	8.47583e-05	19.68	0.000140757	-2.70904e-05	0.00014332	-10.884	-0.00498155	0.000224591	0.00498632	177.414	-0.0050526	0.000289442	0.00506023	176.718	-2.079012e-11
-0.898	449			0.000105173	2.61368e-05	0.000108392	13.956	0.000146718	-2.75077e-05	0.000149251	-10.608	-0.00503018	0.000226499	0.00503495	177.42	-0.00507692	0.000289919	0.00508502	176.73	-2.497828e-11
-0.9	450			0.000157476	2.38122e-05	0.000159265	8.598	0.000149936	-2.84315e-05	0.000152619	-10.728	-0.00512746	0.00023079	0.00513223	177.42	-0.00512031	0.000291826	0.00512794	176.736	-1.953366e-11
-0.902	451			0.000234366	2.05637e-05	0.00023526	5.016	0.000152946	-2.89382e-05	0.000155658	-10.704	-0.00520518	0.000234128	0.00520995	177.42	-0.00512794	0.000291826	0.00513557	176.742	-1.932425e-11
-0.904	452			0.000295581	1.65404e-05	0.000296028	3.204	0.000162692	-3.02793e-05	0.000165463	-10.536	-0.00527003	0.000237466	0.0052748	177.42	-0.00514272	0.000293734	0.00515082	176.73	-1.739769e-11
-0.906	453			0.00032744	1.51098e-05	0.000327768	2.64	0.000159175	-2.95938e-05	0.000161887	-10.524	-0.0053325	0.000241281	0.00533727	177.408	-0.00516894	0.00029421	0.00517657	176.742	-2.045502e-11
-0.908	454			0.000312867	1.51694e-05	0.000313224	2.778	0.000167281	-3.15311e-05	0.000170232	-10.668	-0.00531009	0.000239373	0.00531533	177.414	-0.00517657	0.000295641	0.00518468	176.73	-2.221404e-11
-0.91	455			0.000331523	1.4037e-05	0.000331821	2.424	0.000167788	-3.14417e-05	0.000170679	-10.608	-0.0053387	0.00023985	0.00534394	177.42	-0.00518277	0.000295641	0.0051904	176.736	-1.898916e-11
-0.912	456			0.000325652	1.39177e-05	0.00032595	2.448	0.000148357	-3.00409e-05	0.000151367	-11.442	-0.00534633	0.00023985	0.0053511	177.432	-0.005178	0.000293257	0.00518563	176.754	-1.848664e-11
-0.914	457			0.000374319	1.22786e-05	0.000374498	1.878	0.000147314	-2.92064e-05	0.000150175	-11.202	-0.00540403	0.000242234	0.00540927	177.432	-0.00518516	0.000293257	0.00519326	176.76	-1.727201e-11
-0.916	458			0.000393214	1.18316e-05	0.000393422	1.728	0.000122786	-2.93554e-05	0.000126244	-13.44	-0.00541881	0.000242234	0.00542358	177.438	-0.00515941	0.000293257	0.00516704	176.748	-2.28004e-11
-0.918	459			0.000384958	1.17124e-05	0.000385137	1.74	0.00011617	-2.6852e-05	0.00011924	-13.008	-0.00541213	0.000242234	0.0054169	177.432	-0.00515416	0.000291349	0.00516179	176.76	-2.275856e-11
-0.92	460			0.000374855	1.23382e-05	0.000375034	1.89	9.02419e-05	-2.61666e-05	9.39672e-05	-16.164	-0.0053983	0.000241281	0.00540307	177.438	-0.00512555	0.000289442	0.00513366	176.766	-2.154394e-11
-0.922	461			0.000400903	1.07885e-05	0.000401052	1.542	7.82614e-05	-2.55407e-05	8.23443e-05	-18.066	-0.00542834	0.000241757	0.00543311	177.45	-0.00511459	0.000288965	0.00512221	176.766	-2.238161e-11
-0.924	462			0.000383677	1.10567e-05	0.000383856	1.656	6.40755e-05	-2.3991e-05	6.84266e-05	-20.514	-0.00540546	0.000241281	0.00541022	177.438	-0.0050979	0.000287535	0.00510553	176.772	-1.873789e-11
-0.926	463			0.000374855	1.22488e-05	0.000375064	1.872	6.01413e-05	-2.42592e-05	6.48503e-05	-21.954	-0.00539687	0.000240804	0.00540164	177.444	-0.00509313	0.000287535	0.00510076	176.766	-1.991062e-11
-0.928	464			0.000396403	1.16826e-05	0.000396581	1.686	5.61478e-05	-2.40208e-05	6.10654e-05	-23.136	-0.00541833	0.000241281	0.0054231	177.444	-0.00508836	0.000287535	0.00509599	176.76	-1.551303e-11
-0.93	465			0.000388445	1.21892e-05	0.000388624	1.8	5.46875e-05	-2.38718e-05	5.96645e-05	-23.574	-0.00541165	0.000243188	0.00541642	177.42	-0.00508884	0.000288012	0.00509647	176.754	-2.141833e-11
-0.932	466			0.000359626	1.34409e-05	0.000359865	2.142	4.87866e-05	-2.4289e-05	5.45087e-05	-26.43	-0.00538447	0.000242234	0.00538924	177.42	-0.00508407	0.000288965	0.0050917	176.742	-2.074819e-11
-0.934	467			0.000355484	1.30833e-05	0.000355722	2.112	4.37202e-05	-2.34247e-05	4.95913e-05	-28.14	-0.00539067	0.000243665	0.00539592	177.408	-0.00508645	0.000290396	0.00509408	176.73	-1.924052e-11
-0.936	468			0.000344129	1.4633e-05	0.000344427	2.436	3.62548e-05	-2.40506e-05	4.35042e-05	-33.552	-0.00538543	0.000243188	0.0053902	177.414	-0.00508645	0.000291349	0.00509456	176.718	-1.873792e-11
-0.938	469			0.000347318	1.44542e-05	0.000347616	2.388	3.39898e-05	-2.25903e-05	4.08071e-05	-33.6	-0.00539544	0.000245573	0.00540069	177.396	-0.00509074	0.000292303	0.00509885	176.712	-1.810963e-11
-0.94	470			0.000350209	1.48416e-05	0.000350537	2.43	3.1464e-05	-2.40357e-05	3.95852e-05	-37.374	-0.00540689	0.000245096	0.00541213	177.402	-0.00509503	0.000293257	0.00510314	176.7	-1.873788e-11
-0.942	471			0.000337334	1.48714e-05	0.000337662	2.526	2.84017e-05	-2.4058e-05	3.72159e-05	-40.254	-0.0053983	0.000245096	0.00540355	177.396	-0.00509837	0.000293257	0.00510648	176.7	-2.309355e-11
-0.944	472			0.000338675	1.5855e-05	0.000339033	2.682	2.50937e-05	-2.26499e-05	3.38035e-05	-42.06	-0.00540498	0.000245573	0.00541022	177.396	-0.0050998	0.00029421	0.00510791	176.694	-2.146019e-11
-0.946	473			0.000324907	1.77921e-05	0.000325384	3.138	2.28138e-05	-2.32385e-05	3.25593e-05	-45.516	-0.0053921	0.000244619	0.00539735	177.402	-0.0050998	0.000294687	0.00510791	176.688	-2.242349e-11
-0.948	474			0.000333162	1.81795e-05	0.000333669	3.126	2.1197e-05	-2.22177e-05	3.07041e-05	-46.338	-0.00540212	0.000245096	0.00540736	177.402	-0.0050998	0.000295641	0.00510791	176.682	-2.003625e-11
-0.95	475			0.000305029	1.9312e-05	0.000305654	3.624	2.01614e-05	-2.38196e-05	3.12107e-05	-49.746	-0.00537112	0.000243188	0.00537637	177.402	-0.00509742	0.000296595	0.00510553	176.67	-2.112517e-11
-0.952	476			0.000291558	2.05041e-05	0.000292273	4.026	1.5855e-05	-2.33577e-05	2.82229e-05	-55.818	-0.00536159	0.000242711	0.00536683	177.408	-0.00509456	0.000296595	0.00510266	176.664	-2.041316e-11
-0.954	477			0.000301333	1.94312e-05	0.000301959	3.69	1.0714e-05	-2.27691e-05	2.51607e-05	-64.788	-0.0053716	0.000243665	0.00537685	177.402	-0.00509074	0.000296118	0.00509933	176.67	-1.781648e-11
-0.956	478			0.000312032	2.05637e-05	0.000312718	3.768	5.23034e-06	-2.38196e-05	2.43784e-05	-77.604	-0.00538495	0.000244619	0.0053902	177.396	-0.00508645	0.000297548	0.00509456	176.652	-2.011995e-11
-0.958	479			0.000324579	1.96696e-05	0.000325175	3.468	3.59864e-06	-2.26573e-05	2.2933e-05	-80.97	-0.00539878	0.000245573	0.00540403	177.39	-0.00508693	0.000298025	0.00509503	176.646	-1.773275e-11
-0.96	480			0.000321092	1.9461e-05	0.000321688	3.474	2.07873e-06	-2.35216e-05	2.3611e-05	-84.948	-0.00539687	0.000245096	0.00540212	177.396	-0.00508645	0.000297548	0.00509456	176.646	-2.074819e-11
-0.962	481			0.000333639	1.89842e-05	0.000334175	3.258	1.43052e-06	-2.25903e-05	2.26275e-05	-86.37	-0.00540975	0.000246527	0.00541499	177.39	-0.00508645	0.000297548	0.00509456	176.646	-1.396341e-11
-0.964	482			0.000348719	1.8418e-05	0.000349196	3.024	3.50179e-07	-2.19272e-05	2.19197e-05	-89.076	-0.00543168	0.00024748	0.00543693	177.39	-0.0050917	0.000297548	0.0050998	176.652	-2.32192e-11
-0.966	483			0.00037259	1.74047e-05	0.000372978	2.676	1.1474e-06	-2.07053e-05	2.07276e-05	-86.814	-0.00545838	0.000249865	0.00546363	177.372	-0.00509599	0.000298502	0.00510409	176.646	-2.19628e-11
-0.968	484			0.000384809	1.77921e-05	0.000385227	2.646	3.03985e-06	-1.84999e-05	1.87458e-05	-80.658	-0.00548223	0.000251295	0.00548747	177.372	-0.00510696	0.000298025	0.00511506	176.658	-1.915672e-11
-0.97	485			0.000407757	1.62722e-05	0.000408085	2.286	5.65502e-06	-1.84366e-05	1.92822e-05	-72.942	-0.00551084	0.000253202	0.00551656	177.366	-0.00511649	0.000297548	0.0051246	176.67	-1.890541e-11
-0.972	486			0.000418546	1.54079e-05	0.000418814	2.112	8.05414e-06	-2.05153e-05	2.20389e-05	-68.556	-0.00553325	0.000253202	0.00553849	177.378	-0.00512984	0.000298979	0.00513795	176.664	-1.965927e-11
-0.974	487			0.000414344	1.60338e-05	0.000414671	2.22	9.67464e-06	-1.83844e-05	2.07723e-05	-62.238	-0.00553563	0.00025511	0.00554088	177.36	-0.00513986	0.000298979	0.00514796	176.67	-2.514575e-11
-0.976	488			0.000403227	1.5855e-05	0.000403555	2.256	1.17422e-05	-1.97777e-05	2.29963e-05	-59.298	-0.00553277	0.000255587	0.00553849	177.354	-0.0051513	0.000299932	0.00515941	176.664	-1.953366e-11
-0.978	489			0.000393273	1.70768e-05	0.000393631	2.49	1.47671e-05	-1.96771e-05	2.46019e-05	-53.106	-0.00553802	0.000254156	0.00554326	177.372	-0.00516847	0.000300409	0.00517657	176.67	-1.974307e-11
-0.98	490			0.000378551	1.85372e-05	0.000378998	2.808	1.76952e-05	-1.90326e-05	2.59877e-05	-47.082	-0.00553897	0.000255587	0.00554422	177.36	-0.00518563	0.00030184	0.00519374	176.664	-2.481072e-11
-0.982	491			0.00037566	1.8418e-05	0.000376107	2.808	2.07388e-05	-1.91891e-05	2.82527e-05	-42.768	-0.00554469	0.000254633	0.00555041	177.366	-0.00520042	0.00030184	0.00520852	176.676	-2.347046e-11
-0.984	492			0.000361891	1.90438e-05	0.000362368	3.012	2.43076e-05	-1.85372e-05	3.05662e-05	-37.326	-0.00555709	0.00025654	0.00556234	177.354	-0.00522378	0.00030327	0.00523189	176.67	-1.806778e-11
-0.986	493			0.000359656	1.77325e-05	0.000360074	2.826	2.68595e-05	-1.90028e-05	3.2902e-05	-35.274	-0.00555995	0.000256063	0.0055652	177.36	-0.00523713	0.00030327	0.00524524	176.682	-2.321919e-11
-0.988	494			0.000333639	1.96398e-05	0.000334205	3.372	3.43884e-05	-1.86228e-05	3.91046e-05	-28.434	-0.00556043	0.000256063	0.00556567	177.36	-0.00526574	0.000304224	0.00527433	176.688	-2.171147e-11
-0.99	495			0.000335636	2.05339e-05	0.000336261	3.504	3.59232e-05	-1.92412e-05	4.07512e-05	-28.17	-0.00557426	0.000257017	0.00557998	177.36	-0.00528148	0.000306131	0.00528958	176.682	-1.82772e-11
-0.992	496			0.000321331	2.06531e-05	0.000321986	3.678	4.13845e-05	-2.12492e-05	4.65179e-05	-27.18	-0.00557902	0.000255587	0.00558427	177.372	-0.0053077	0.000307562	0.00531629	176.682	-1.551306e-11
-0.994	497			0.000340493	2.01763e-05	0.000341089	3.39	4.99042e-05	-2.12082e-05	5.42218e-05	-23.022	-0.00562385	0.000258924	0.00562957	177.366	-0.00534061	0.000309469	0.00534919	176.682	-1.773275e-11
-0.996	498			0.000358971	1.85372e-05	0.000359477	2.958	5.97315e-05	-2.15584e-05	6.35018e-05	-19.842	-0.00566247	0.000260832	0.00566772	177.36	-0.00536636	0.000310423	0.00537494	176.688	-2.104138e-11
-0.998	499			0.000407876	1.61232e-05	0.000408204	2.268	6.4556e-05	-2.18415e-05	6.81472e-05	-18.69	-0.00571874	0.000262739	0.00572446	177.366	-0.00538304	0.0003109	0.00539163	176.688	-2.288416e-11
-1.0	500			0.000528935	9.89443e-06	0.000529055	1.074	8.35699e-05	-2.30448e-05	8.6688e-05	-15.414	-0.00585416	0.000270369	0.00585988	177.354	-0.00541022	0.000313284	0.00541881	176.688	-1.857036e-11
