variable x	variable x count			lockin1 x	lockin1 y	lockin1 r	lockin1 phi	lockin2 x	lockin2 y	lockin2 r	lockin2 phi	lockin3 x	lockin3 y	lockin3 r	lockin3 phi	lockin4 x	lockin4 y	lockin4 r	lockin4 phi	smu1 meas	


0.0	0			1.0781e-05	-9.49954e-08	1.0781e-05	-0.498	1.22004e-05	1.32249e-06	1.22712e-05	6.186	6.27901e-06	1.88128e-07	6.28273e-06	1.716	5.05711e-06	-2.28362e-06	5.54885e-06	-24.294	-2.175342e-11
0.002	1			1.16844e-05	3.14789e-07	1.169e-05	1.542	1.22674e-05	1.89991e-06	1.24127e-05	8.814	1.61008e-05	9.6858e-08	1.61008e-05	0.348	1.68198e-05	-2.52204e-06	1.70079e-05	-8.526	-2.087389e-11
0.004	2			1.30404e-05	2.42146e-07	1.30423e-05	1.068	1.30572e-05	2.68595e-06	1.33291e-05	11.622	2.64124e-05	-5.43896e-07	2.6418e-05	-1.176	2.68595e-05	-3.10318e-06	2.70383e-05	-6.588	-2.24654e-11
0.006	3			1.24463e-05	-9.18288e-07	1.24798e-05	-4.212	1.40332e-05	2.3693e-06	1.42344e-05	9.582	3.66385e-05	-8.73584e-07	3.66496e-05	-1.368	3.46249e-05	-3.83335e-06	3.48354e-05	-6.312	-1.982687e-11
0.008	4			1.31522e-05	-7.87903e-07	1.31745e-05	-3.426	1.47187e-05	2.64497e-06	1.49534e-05	10.194	4.58399e-05	-3.12926e-07	4.58399e-05	-0.384	4.50353e-05	-3.6806e-06	4.5188e-05	-4.668	-2.037133e-11
0.01	5			1.49031e-05	-4.2096e-07	1.49105e-05	-1.614	1.58363e-05	1.75462e-06	1.59332e-05	6.33	5.61329e-05	-1.25543e-06	5.61441e-05	-1.278	5.42442e-05	-4.0606e-06	5.44006e-05	-4.284	-2.116706e-11
0.012	6			1.57879e-05	-5.28995e-07	1.57972e-05	-1.914	1.67863e-05	3.26709e-06	1.71029e-05	11.022	6.46752e-05	-8.79172e-07	6.46827e-05	-0.774	6.49248e-05	-4.3996e-06	6.50738e-05	-3.876	-2.242351e-11
0.014	7			1.64976e-05	-5.886e-07	1.65069e-05	-2.04	1.87979e-05	1.83658e-06	1.88873e-05	5.592	7.38394e-05	-2.3544e-06	7.38767e-05	-1.824	7.14553e-05	-5.52836e-06	7.16676e-05	-4.422	-1.995249e-11
0.016	8			1.69576e-05	-3.68806e-07	1.69614e-05	-1.248	1.94126e-05	1.13995e-06	1.94461e-05	3.36	8.30037e-05	-2.6934e-06	8.30484e-05	-1.86	8.09175e-05	-5.25641e-06	8.10889e-05	-3.714	-1.769087e-11
0.018	9			1.78945e-05	-1.2219e-06	1.79374e-05	-3.906	2.04706e-05	2.06755e-06	2.05749e-05	5.772	9.08081e-05	-1.75834e-06	9.0823e-05	-1.104	9.02419e-05	-6.50439e-06	9.04729e-05	-4.116	-2.468513e-11
0.02	10			1.90792e-05	-1.04495e-06	1.9109e-05	-3.132	2.16813e-05	1.92971e-06	2.1767e-05	5.094	0.000101604	-2.3842e-06	0.000101634	-1.344	9.84301e-05	-6.39263e-06	9.86387e-05	-3.714	-2.627664e-11
0.022	11			1.94703e-05	-7.46924e-07	1.94852e-05	-2.196	2.33204e-05	2.70085e-06	2.34769e-05	6.612	0.000109569	-3.0175e-06	0.000109606	-1.572	0.000107356	-7.74866e-06	0.000107639	-4.128	-2.321927e-11
0.024	12			2.11057e-05	-1.05426e-06	2.11337e-05	-2.856	2.38084e-05	2.46243e-06	2.39351e-05	5.904	0.000118822	-3.38258e-06	0.000118874	-1.626	0.00011649	-7.22709e-06	0.000116721	-3.546	-2.045508e-11
0.026	13			2.14895e-05	-5.38308e-07	2.14969e-05	-1.428	2.58983e-05	2.87966e-06	2.60585e-05	6.354	0.000127935	-3.73276e-06	0.000127987	-1.668	0.000122906	-7.77846e-06	0.000123152	-3.618	-2.049696e-11
0.028	14			2.26573e-05	-1.03005e-06	2.26797e-05	-2.604	2.71165e-05	2.4438e-06	2.72283e-05	5.154	0.000138373	-4.50018e-06	0.000138448	-1.86	0.000132688	-7.68161e-06	0.000132912	-3.312	-2.116706e-11
0.03	15			2.20371e-05	-1.24053e-06	2.20725e-05	-3.222	2.73586e-05	1.94089e-06	2.74294e-05	4.062	0.000147679	-4.27666e-06	0.000147738	-1.656	0.000141443	-8.60548e-06	0.000141704	-3.48	-1.702075e-11
0.032	16			2.26666e-05	-1.58512e-06	2.27207e-05	-3.996	3.01675e-05	2.58164e-06	3.02756e-05	4.896	0.000157283	-4.83546e-06	0.000157357	-1.758	0.000149474	-8.77684e-06	0.000149735	-3.36	-1.580619e-11
0.034	17			2.2214e-05	-7.78589e-07	2.22271e-05	-2.004	3.16242e-05	3.02868e-06	3.17658e-05	5.472	0.000167535	-4.65664e-06	0.000167602	-1.59	0.000158177	-9.58896e-06	0.000158467	-3.468	-1.907297e-11
0.036	18			2.36185e-05	-1.52365e-06	2.36669e-05	-3.69	3.33341e-05	1.38954e-06	3.33639e-05	2.388	0.000177504	-5.96049e-06	0.0001776	-1.92	0.000166775	-9.32073e-06	0.000167035	-3.198	-2.292603e-11
0.038	19			2.3462e-05	-1.71178e-06	2.35235e-05	-4.17	3.55842e-05	2.65987e-06	3.56848e-05	4.278	0.000187487	-5.45385e-06	0.000187577	-1.662	0.000175581	-1.00732e-05	0.000175872	-3.282	-1.756523e-11
0.04	20			2.46485e-05	-1.27219e-06	2.4682e-05	-2.952	3.65379e-05	1.72482e-06	3.65751e-05	2.706	0.000196905	-6.58634e-06	0.000197024	-1.908	0.000185997	-1.01925e-05	0.000186295	-3.132	-2.016191e-11
0.042	21			2.33577e-05	-1.89804e-06	2.34341e-05	-4.644	3.88252e-05	1.91854e-06	3.88736e-05	2.832	0.000208528	-6.37773e-06	0.000208617	-1.746	0.000193895	-1.1772e-05	0.000194252	-3.468	-1.480101e-11
0.044	22			2.42536e-05	-1.19955e-06	2.42834e-05	-2.826	4.15074e-05	2.05637e-06	4.15558e-05	2.838	0.000218869	-6.73535e-06	0.000218959	-1.758	0.000202418	-1.07885e-05	0.000202716	-3.048	-1.949178e-11
0.046	23			2.40692e-05	-1.97814e-06	2.41512e-05	-4.692	4.27777e-05	1.77325e-06	4.28113e-05	2.376	0.000228525	-7.83807e-06	0.000228674	-1.962	0.000210733	-1.20104e-05	0.000211061	-3.258	-1.957554e-11
0.048	24			2.45274e-05	-2.39538e-06	2.46448e-05	-5.574	4.39773e-05	2.34322e-06	4.40406e-05	3.054	0.00023839	-6.37773e-06	0.000238479	-1.524	0.000219286	-1.25468e-05	0.000219614	-3.27	-2.811941e-11
0.05	25			2.45349e-05	-1.90177e-06	2.46075e-05	-4.428	4.69128e-05	1.05426e-06	4.69277e-05	1.29	0.000250252	-8.37451e-06	0.000250401	-1.908	0.000227124	-1.23978e-05	0.000227452	-3.12	-1.982682e-11
0.052	26			2.43356e-05	-1.89804e-06	2.44101e-05	-4.458	4.9405e-05	1.67639e-06	4.94348e-05	1.944	0.000260593	-8.70234e-06	0.000260742	-1.908	0.000236959	-1.35601e-05	0.000237347	-3.27	-2.091577e-11
0.054	27			2.51551e-05	-2.02471e-06	2.52371e-05	-4.596	5.09846e-05	2.39538e-06	5.10404e-05	2.694	0.000271739	-8.91095e-06	0.000271888	-1.872	0.00024596	-1.38283e-05	0.000246348	-3.216	-1.986873e-11
0.056	28			2.51924e-05	-1.62237e-06	2.52445e-05	-3.684	5.29366e-05	2.14206e-06	5.29776e-05	2.316	0.000281425	-8.34471e-06	0.000281544	-1.692	0.000252159	-1.38879e-05	0.000252547	-3.15	-1.886361e-11
0.058	29			2.51496e-05	-1.21631e-06	2.51794e-05	-2.766	5.53469e-05	6.89182e-07	5.53506e-05	0.714	0.000292512	-1.04011e-05	0.00029269	-2.034	0.000261696	-1.38283e-05	0.000262083	-3.024	-2.133459e-11
0.06	30			2.56152e-05	-1.89432e-06	2.56841e-05	-4.23	5.76603e-05	1.59443e-06	5.76826e-05	1.584	0.000302495	-1.06395e-05	0.000302674	-2.01	0.00027019	-1.4335e-05	0.000270577	-3.03	-1.944995e-11
0.062	31			2.47938e-05	-2.12157e-06	2.48832e-05	-4.89	5.99849e-05	1.53483e-06	6.00072e-05	1.47	0.00031382	-1.11163e-05	0.000314029	-2.028	0.000279607	-1.51694e-05	0.000280024	-3.102	-1.970122e-11
0.064	32			2.55984e-05	-1.40444e-06	2.56357e-05	-3.138	6.08864e-05	1.32994e-06	6.08976e-05	1.248	0.000324311	-1.16528e-05	0.000324519	-2.052	0.000287445	-1.56165e-05	0.000287862	-3.108	-1.794213e-11
0.066	33			2.50862e-05	-2.54253e-06	2.52147e-05	-5.784	6.50254e-05	1.69874e-06	6.50478e-05	1.494	0.000335576	-1.09077e-05	0.000335755	-1.86	0.000296982	-1.6153e-05	0.000297399	-3.114	-1.919862e-11
0.068	34			2.58704e-05	-1.94834e-06	2.5943e-05	-4.302	6.67837e-05	1.62051e-06	6.68024e-05	1.392	0.000345262	-1.13547e-05	0.000345441	-1.884	0.000303747	-1.67788e-05	0.000304194	-3.156	-1.857039e-11
0.07	35			2.65279e-05	-2.21842e-06	2.6621e-05	-4.782	6.89407e-05	1.39327e-06	6.89519e-05	1.158	0.000355424	-1.13547e-05	0.000355603	-1.83	0.000312867	-1.75537e-05	0.000313343	-3.21	-1.995246e-11
0.072	36			2.69824e-05	-2.33763e-06	2.70848e-05	-4.95	7.112e-05	1.58326e-06	7.11349e-05	1.278	0.00036657	-1.24276e-05	0.000366779	-1.938	0.000321629	-1.69278e-05	0.000322076	-3.006	-2.288419e-11
0.074	37			2.5496e-05	-2.18117e-06	2.55891e-05	-4.89	7.36457e-05	1.42307e-06	7.36569e-05	1.11	0.000377567	-1.42754e-05	0.000377836	-2.166	0.000329705	-1.82093e-05	0.000330212	-3.162	-1.991063e-11
0.076	38			2.70141e-05	-3.08269e-06	2.71891e-05	-6.51	7.5378e-05	5.62522e-07	7.53817e-05	0.426	0.000387819	-1.33217e-05	0.000388058	-1.962	0.000338437	-1.85372e-05	0.000338944	-3.132	-2.028754e-11
0.078	39			2.63472e-05	-2.57419e-06	2.64739e-05	-5.574	7.82837e-05	2.32832e-06	7.83172e-05	1.704	0.000399442	-1.38283e-05	0.000399681	-1.98	0.000346931	-1.90438e-05	0.000347437	-3.138	-2.46013e-11
0.08	40			2.56301e-05	-1.77138e-06	2.56916e-05	-3.948	7.98595e-05	8.45645e-07	7.98632e-05	0.606	0.000409963	-1.4782e-05	0.000410231	-2.064	0.000355603	-1.89842e-05	0.00035611	-3.054	-1.865414e-11
0.082	41			2.70178e-05	-2.36557e-06	2.71221e-05	-5.004	8.32719e-05	2.03775e-06	8.32942e-05	1.404	0.00042084	-1.43648e-05	0.000421079	-1.95	0.000364454	-1.96398e-05	0.000364991	-3.084	-1.827719e-11
0.084	42			2.70625e-05	-1.58512e-06	2.71091e-05	-3.348	8.48402e-05	9.05249e-07	8.4844e-05	0.612	0.000431808	-1.57059e-05	0.000432106	-2.082	0.000373067	-1.99081e-05	0.000373604	-3.054	-1.999435e-11
0.086	43			2.83123e-05	-2.12157e-06	2.83924e-05	-4.284	8.87965e-05	1.85148e-06	8.88188e-05	1.194	0.000442566	-1.51396e-05	0.000442835	-1.956	0.000381948	-2.02359e-05	0.000382485	-3.03	-2.179529e-11
0.088	44			2.71146e-05	-1.72109e-06	2.71705e-05	-3.63	9.0037e-05	8.4937e-07	9.00407e-05	0.54	0.00045252	-1.69874e-05	0.000452818	-2.142	0.000390144	-2.09213e-05	0.00039071	-3.066	-1.911485e-11
0.09	45			2.72171e-05	-2.83496e-06	2.73624e-05	-5.946	9.39076e-05	1.58698e-06	9.39225e-05	0.972	0.00046456	-1.68682e-05	0.000464858	-2.076	0.00039834	-2.1726e-05	0.000398936	-3.12	-1.588996e-11
0.092	46			2.78187e-05	-2.56674e-06	2.79361e-05	-5.274	9.54573e-05	1.57953e-06	9.54722e-05	0.954	0.000475826	-1.66298e-05	0.000476124	-1.998	0.00040728	-2.1726e-05	0.000407876	-3.054	-2.087388e-11
0.094	47			2.83291e-05	-3.2317e-06	2.85135e-05	-6.51	9.74764e-05	9.90934e-07	9.74839e-05	0.582	0.000486137	-1.65106e-05	0.000486435	-1.938	0.00041634	-2.25605e-05	0.000416966	-3.096	-2.183716e-11
0.096	48			2.73177e-05	-2.33205e-06	2.74183e-05	-4.878	9.99798e-05	7.59963e-07	9.99798e-05	0.432	0.000497226	-1.78219e-05	0.000497524	-2.046	0.000424387	-2.23221e-05	0.000424983	-3.006	-2.38475e-11
0.098	49			2.80907e-05	-2.80888e-06	2.82304e-05	-5.706	0.000103631	1.09524e-06	0.000103638	0.612	0.000508431	-1.77623e-05	0.000508729	-1.998	0.000432523	-2.31863e-05	0.000433149	-3.066	-2.091572e-11
0.1	50			2.79212e-05	-3.3416e-06	2.81205e-05	-6.822	0.000106894	1.01329e-06	0.000106901	0.546	0.000520054	-1.85968e-05	0.000520412	-2.046	0.000441106	-2.33353e-05	0.000441732	-3.024	-2.003626e-11
0.102	51			2.75468e-05	-2.98025e-06	2.7707e-05	-6.174	0.000108362	6.48204e-07	0.000108362	0.342	0.00052971	-1.82987e-05	0.000530008	-1.974	0.00044963	-2.4289e-05	0.000450285	-3.09	-1.764898e-11
0.104	52			2.73866e-05	-2.08431e-06	2.74648e-05	-4.35	0.000110195	7.15259e-07	0.000110195	0.372	0.000540618	-1.94312e-05	0.000540916	-2.052	0.000458838	-2.33055e-05	0.000459434	-2.904	-1.936615e-11
0.106	53			2.90741e-05	-2.86663e-06	2.92157e-05	-5.628	0.000116162	9.46227e-07	0.00011617	0.468	0.000553254	-1.94312e-05	0.000553612	-2.01	0.000466527	-2.48553e-05	0.000467183	-3.042	-1.815158e-11
0.108	54			2.92287e-05	-3.07152e-06	2.93889e-05	-5.994	0.000118606	-8.27018e-07	0.000118606	-0.396	0.000565056	-2.11598e-05	0.000565413	-2.142	0.00047523	-2.48553e-05	0.000475885	-2.988	-2.552269e-11
0.11	55			2.92958e-05	-3.74952e-06	2.95342e-05	-7.29	0.000119679	2.08617e-07	0.000119679	0.102	0.000575546	-2.08021e-05	0.000575904	-2.07	0.00048423	-2.62858e-05	0.000484886	-3.108	-1.706264e-11
0.112	56			2.95119e-05	-2.36371e-06	2.96069e-05	-4.578	0.000123941	5.58797e-07	0.000123941	0.258	0.000587884	-2.11002e-05	0.000588242	-2.052	0.000492994	-2.6107e-05	0.000493649	-3.024	-1.919861e-11
0.114	57			3.0039e-05	-2.89643e-06	3.01787e-05	-5.502	0.000127406	7.59963e-07	0.000127406	0.342	0.000599507	-2.2173e-05	0.000599924	-2.112	0.000501994	-2.62262e-05	0.00050265	-2.988	-1.865413e-11
0.116	58			3.01675e-05	-2.86663e-06	3.03035e-05	-5.424	0.000128479	6.92908e-07	0.000128479	0.312	0.000608806	-2.23519e-05	0.000609223	-2.094	0.000510041	-2.6405e-05	0.000510696	-2.964	-1.92405e-11
0.118	59			2.92027e-05	-3.58561e-06	2.94225e-05	-6.996	0.000134067	5.28995e-07	0.000134067	0.228	0.000622038	-2.19346e-05	0.000622455	-2.016	0.000517312	-2.75375e-05	0.000518087	-3.048	-2.158587e-11
0.12	60			2.85377e-05	-3.36023e-06	2.87351e-05	-6.714	0.000136294	8.19568e-07	0.000136294	0.348	0.000634197	-2.24711e-05	0.000634614	-2.028	0.000527386	-2.74779e-05	0.000528101	-2.982	-2.062259e-11
0.122	61			2.92436e-05	-3.08083e-06	2.94038e-05	-6.012	0.000136041	4.17234e-07	0.000136041	0.174	0.000645045	-2.33055e-05	0.000645462	-2.064	0.000536565	-2.83719e-05	0.00053728	-3.024	-2.636036e-11
0.124	62			2.99552e-05	-3.55394e-06	3.01638e-05	-6.768	0.000140437	2.75673e-07	0.000140437	0.114	0.000654761	-2.40804e-05	0.000655178	-2.1	0.000544194	-2.867e-05	0.000544909	-3.012	-2.049698e-11
0.126	63			3.07395e-05	-3.71413e-06	3.0963e-05	-6.888	0.000145086	-2.16068e-07	0.000145086	-0.084	0.000667993	-2.40208e-05	0.00066841	-2.058	0.000552598	-2.97428e-05	0.000553433	-3.078	-1.626689e-11
0.128	64			2.92157e-05	-3.36581e-06	2.94094e-05	-6.57	0.000144714	3.12926e-07	0.000144714	0.126	0.000678662	-2.414e-05	0.000679079	-2.034	0.000562791	-2.97428e-05	0.000563566	-3.024	-1.919856e-11
0.13	65			3.14305e-05	-3.65825e-06	3.16428e-05	-6.636	0.000151061	-3.72531e-08	0.000151061	-0.012	0.000690285	-2.4438e-05	0.000690702	-2.028	0.000569645	-3.01005e-05	0.00057042	-3.024	-2.0832e-11
0.132	66			3.07711e-05	-3.02868e-06	3.09201e-05	-5.622	0.000154384	1.34111e-07	0.000154384	0.054	0.000702742	-2.55109e-05	0.000703219	-2.076	0.000579122	-3.0935e-05	0.000579957	-3.06	-1.723016e-11
0.134	67			3.20172e-05	-3.20935e-06	3.21774e-05	-5.724	0.000155122	-2.68223e-07	0.000155122	-0.096	0.000713054	-2.6405e-05	0.000713591	-2.118	0.000588659	-3.10543e-05	0.000589494	-3.018	-2.221406e-11
0.136	68			3.30082e-05	-3.86688e-06	3.32335e-05	-6.684	0.000166313	-5.51347e-07	0.000166313	-0.186	0.000727955	-2.6703e-05	0.000728432	-2.1	0.00059462	-3.20675e-05	0.000595454	-3.084	-2.384743e-11
0.138	69			3.34608e-05	-3.41052e-06	3.3634e-05	-5.82	0.0001596	-1.21445e-06	0.0001596	-0.432	0.000732843	-2.76567e-05	0.000733379	-2.16	0.000606183	-3.17695e-05	0.000607017	-2.994	-2.137646e-11
0.14	70			3.51334e-05	-3.51669e-06	3.53085e-05	-5.712	0.000177094	-6.40754e-07	0.000177094	-0.204	0.000753883	-2.66434e-05	0.00075436	-2.022	0.000611607	-3.24848e-05	0.000612441	-3.036	-2.020377e-11
0.142	71			3.20619e-05	-4.57469e-06	3.23879e-05	-8.118	0.000165732	2.23519e-08	0.000165732	0.012	0.000757042	-2.78355e-05	0.000757579	-2.106	0.000622872	-3.24252e-05	0.000623707	-2.976	-2.095764e-11
0.144	72			3.4828e-05	-3.86688e-06	3.50422e-05	-6.336	0.000183986	-1.63168e-06	0.000183993	-0.504	0.000776712	-2.81335e-05	0.000777189	-2.076	0.00062776	-3.2902e-05	0.000628594	-2.994	-1.823531e-11
0.146	73			3.10319e-05	-3.5558e-06	3.12349e-05	-6.534	0.000176885	-7.00358e-07	0.000176885	-0.222	0.000786547	-2.96236e-05	0.000787083	-2.154	0.000639979	-3.40345e-05	0.000640873	-3.042	-2.041319e-11
0.148	74			3.44145e-05	-2.67664e-06	3.45169e-05	-4.446	0.000183583	-1.78815e-07	0.000183583	-0.054	0.000794474	-2.95044e-05	0.00079501	-2.124	0.000645045	-3.40345e-05	0.000645939	-3.018	-2.129271e-11
0.15	75			3.0583e-05	-3.67688e-06	3.08028e-05	-6.852	0.000185669	-1.1623e-06	0.000185669	-0.354	0.000813965	-2.9862e-05	0.000814501	-2.1	0.000656966	-3.46901e-05	0.00065786	-3.018	-2.112516e-11
0.152	76			3.24661e-05	-2.62821e-06	3.25723e-05	-4.626	0.000189156	-1.2219e-06	0.000189156	-0.366	0.000817362	-3.06966e-05	0.000817899	-2.148	0.000660483	-3.43325e-05	0.000661377	-2.97	-2.06226e-11
0.154	77			2.64776e-05	-3.9954e-06	2.67775e-05	-8.58	0.000182987	-1.49012e-06	0.000182987	-0.462	0.000833098	-3.15907e-05	0.000833694	-2.172	0.000676814	-3.61803e-05	0.000677768	-3.06	-1.425657e-11
0.156	78			3.17565e-05	-3.47199e-06	3.19465e-05	-6.24	0.000198842	-1.37091e-06	0.000198842	-0.39	0.000844542	-3.12927e-05	0.000845138	-2.118	0.000677887	-3.56438e-05	0.000678781	-3.006	-1.810966e-11
0.158	79			2.80087e-05	-3.35278e-06	2.8208e-05	-6.822	0.000185073	-6.55655e-07	0.000185073	-0.198	0.000850204	-3.15311e-05	0.000850741	-2.124	0.000691954	-3.65379e-05	0.000692908	-3.024	-1.668569e-11
0.16	80			2.6662e-05	-3.6508e-06	2.69098e-05	-7.794	0.000203879	-1.60933e-06	0.000203879	-0.444	0.000873093	-3.27232e-05	0.000873689	-2.142	0.000696305	-3.66571e-05	0.000697259	-3.006	-1.9408e-11
0.162	81			3.23879e-05	-3.9507e-06	3.26282e-05	-6.954	0.000200779	-1.37091e-06	0.000200779	-0.384	0.000876252	-3.23656e-05	0.000876848	-2.118	0.000706021	-3.72531e-05	0.000706974	-3.018	-2.091574e-11
0.164	82			2.4479e-05	-4.17422e-06	2.48329e-05	-9.672	0.000190736	-1.54973e-06	0.000190736	-0.462	0.000883762	-3.28424e-05	0.000884358	-2.124	0.000715856	-3.74916e-05	0.000716809	-2.994	-1.748145e-11
0.166	83			3.38408e-05	-5.39239e-06	3.42673e-05	-9.054	0.000224263	-2.14578e-06	0.000224263	-0.54	0.000911836	-3.2902e-05	0.000912432	-2.064	0.000721339	-3.89817e-05	0.000722412	-3.09	-2.154402e-11
0.168	84			2.91934e-05	-4.23382e-06	2.9497e-05	-8.25	0.000205279	-2.08617e-07	0.000205279	-0.054	0.000912432	-3.31404e-05	0.000913028	-2.076	0.000735942	-3.89817e-05	0.000736956	-3.03	-2.246531e-11
0.17	85			2.96404e-05	-4.01217e-06	2.99086e-05	-7.71	0.00020513	-5.36445e-07	0.00020513	-0.15	0.000915293	-3.3498e-05	0.000916008	-2.094	0.00074077	-3.91009e-05	0.000741843	-3.018	-1.75652e-11
0.172	86			3.87805e-05	-4.84477e-06	3.90823e-05	-7.116	0.000227959	-1.40072e-06	0.000227959	-0.348	0.000941638	-3.54054e-05	0.000942234	-2.154	0.000751082	-3.95181e-05	0.000752095	-3.006	-1.3042e-11
0.174	87			2.93722e-05	-4.42195e-06	2.97037e-05	-8.562	0.000223965	-1.66894e-06	0.000223965	-0.42	0.000958327	-3.50478e-05	0.000959042	-2.088	0.000763003	-4.02334e-05	0.000764076	-3.018	-2.083196e-11
0.176	88			3.88792e-05	-4.46851e-06	3.91363e-05	-6.558	0.000225068	-2.29479e-06	0.000225068	-0.582	0.000953559	-3.50478e-05	0.000954274	-2.094	0.000767414	-4.0591e-05	0.000768486	-3.024	-1.626688e-11
0.178	89			4.24816e-05	-4.86526e-06	4.27591e-05	-6.534	0.000220031	-2.08618e-06	0.000220031	-0.54	0.000956897	-3.5763e-05	0.000957612	-2.136	0.000779454	-4.10678e-05	0.000780527	-3.018	-2.271663e-11
0.18	90			3.39935e-05	-4.30833e-06	3.42636e-05	-7.218	0.000240714	-1.96697e-06	0.000240714	-0.468	0.000998504	-3.62399e-05	0.00099922	-2.076	0.000791196	-4.07698e-05	0.000792209	-2.946	-2.384748e-11
0.182	91			4.2638e-05	-5.35141e-06	4.29715e-05	-7.152	0.000256779	-1.63914e-06	0.000256779	-0.36	0.00100899	-3.70743e-05	0.00100959	-2.1	0.000794951	-4.26772e-05	0.000796083	-3.072	-1.915675e-11
0.184	92			4.62236e-05	-4.77958e-06	4.64695e-05	-5.898	0.000236423	-2.17558e-06	0.000236423	-0.522	0.000993498	-3.62399e-05	0.000994213	-2.088	0.000803296	-4.17235e-05	0.000804368	-2.97	-2.087387e-11
0.186	93			4.08331e-05	-5.02917e-06	4.11386e-05	-7.02	0.000225008	-9.23876e-07	0.000225008	-0.234	0.00100315	-3.76704e-05	0.00100387	-2.148	0.000817243	-4.3154e-05	0.000818375	-3.018	-2.393124e-11
0.188	94			4.55903e-05	-4.95467e-06	4.58548e-05	-6.198	0.000265779	-3.6061e-06	0.000265809	-0.774	0.0010444	-3.98161e-05	0.00104512	-2.184	0.00082368	-4.27964e-05	0.000824753	-2.97	-2.133458e-11
0.19	95			4.86376e-05	-5.99402e-06	4.90027e-05	-7.026	0.000288339	-4.14255e-06	0.000288399	-0.822	0.00106729	-3.93393e-05	0.00106812	-2.106	0.000826839	-4.3154e-05	0.000827972	-2.982	-1.718828e-11
0.192	96			4.49086e-05	-5.66992e-06	4.52662e-05	-7.194	0.000250997	-1.78815e-06	0.000250997	-0.402	0.00104893	-3.8624e-05	0.00104965	-2.106	0.000841979	-4.46441e-05	0.000843111	-3.036	-2.133451e-11
0.194	97			4.54898e-05	-4.7088e-06	4.57319e-05	-5.904	0.000241012	-1.51993e-06	0.000241012	-0.36	0.0010469	-3.98161e-05	0.00104762	-2.178	0.000851158	-4.49421e-05	0.00085235	-3.024	-1.932421e-11
0.196	98			4.7453e-05	-5.27877e-06	4.77473e-05	-6.342	0.000270309	-2.77163e-06	0.000270309	-0.588	0.00107456	-4.05314e-05	0.00107539	-2.16	0.000851516	-4.54786e-05	0.000852708	-3.054	-1.957553e-11
0.198	99			5.10628e-05	-6.93279e-06	5.15284e-05	-7.728	0.000297459	-3.30807e-06	0.000297489	-0.63	0.00111104	-4.07698e-05	0.00111175	-2.094	0.000862841	-4.68495e-05	0.000864092	-3.108	-2.037127e-11
0.2	100			4.33514e-05	-5.91579e-06	4.375e-05	-7.764	0.000287088	-2.80143e-06	0.000287088	-0.558	0.00112284	-4.12466e-05	0.00112356	-2.094	0.000879411	-4.67303e-05	0.000880662	-3.042	-1.991059e-11
0.202	101			3.56662e-05	-4.84663e-06	3.5994e-05	-7.74	0.000261487	-2.83124e-06	0.000261517	-0.618	0.0011052	-4.11274e-05	0.00110591	-2.13	0.000880424	-4.69687e-05	0.000881676	-3.054	-2.321926e-11
0.204	102			4.57431e-05	-5.90089e-06	4.61231e-05	-7.35	0.000269683	-2.89084e-06	0.000269683	-0.612	0.00110508	-4.13659e-05	0.00110591	-2.136	0.000881437	-4.61938e-05	0.000882629	-3.0	-1.790029e-11
0.206	103			5.05189e-05	-6.48576e-06	5.09324e-05	-7.314	0.000280173	-3.42728e-06	0.000280173	-0.702	0.00112963	-4.25579e-05	0.00113047	-2.154	0.000896756	-4.78628e-05	0.000898007	-3.054	-1.769086e-11
0.208	104			2.96087e-05	-4.64547e-06	2.99738e-05	-8.91	0.000285031	-3.18886e-06	0.000285031	-0.642	0.00116885	-4.45845e-05	0.00116969	-2.184	0.000913505	-4.87568e-05	0.000914697	-3.054	-2.171149e-11
0.21	105			2.62224e-05	-4.36979e-06	2.65838e-05	-9.456	0.000304224	-4.20216e-06	0.000304254	-0.792	0.00118912	-4.44653e-05	0.00118984	-2.136	0.000911597	-4.80416e-05	0.000912789	-3.012	-2.460136e-11
0.212	106			3.69626e-05	-5.0776e-06	3.7309e-05	-7.818	0.000302197	-3.27827e-06	0.000302227	-0.618	0.00117625	-4.29156e-05	0.00117708	-2.082	0.000912551	-4.75647e-05	0.000913862	-2.976	-1.790025e-11
0.214	107			4.26772e-05	-5.09623e-06	4.29789e-05	-6.804	0.000281157	-3.21867e-06	0.000281187	-0.654	0.00116707	-4.41077e-05	0.0011679	-2.16	0.000926975	-4.80416e-05	0.000928286	-2.958	-2.028753e-11
0.216	108			2.45572e-05	-3.95256e-06	2.48739e-05	-9.138	0.000261338	-1.28151e-06	0.000261338	-0.276	0.00118256	-4.38693e-05	0.00118328	-2.124	0.000944499	-4.91145e-05	0.00094581	-2.976	-2.531325e-11
0.218	109			1.53073e-05	-2.88711e-06	1.55793e-05	-10.68	0.000271143	-2.414e-06	0.000271143	-0.504	0.00120044	-4.55382e-05	0.00120128	-2.166	0.000945095	-4.94721e-05	0.000946406	-2.994	-2.150208e-11
0.22	110			2.53246e-05	-4.7088e-06	2.57568e-05	-10.53	0.000323208	-3.99354e-06	0.000323238	-0.708	0.00124169	-4.64919e-05	0.00124253	-2.142	0.00094438	-5.00681e-05	0.000945691	-3.036	-2.221406e-11
0.222	111			3.41984e-05	-5.20053e-06	3.45896e-05	-8.646	0.000336798	-4.02334e-06	0.000336828	-0.684	0.0012591	-4.66111e-05	0.00125993	-2.118	0.000955109	-5.1141e-05	0.00095642	-3.06	-2.242345e-11
0.224	112			2.51756e-05	-5.19308e-06	2.57046e-05	-11.646	0.000293197	-2.29479e-06	0.000293197	-0.444	0.00124634	-4.73263e-05	0.00124718	-2.172	0.000976808	-5.23331e-05	0.000978239	-3.06	-2.313546e-11
0.226	113			1.12504e-05	-4.25804e-06	1.2029e-05	-20.718	0.000268282	-2.08618e-06	0.000268282	-0.444	0.00123943	-4.68495e-05	0.00124026	-2.16	0.000982173	-5.19755e-05	0.000983603	-3.024	-1.982686e-11
0.228	114			1.26772e-05	-3.96001e-06	1.32807e-05	-17.346	0.000283213	-3.18886e-06	0.000283243	-0.642	0.00124908	-4.74455e-05	0.00124992	-2.172	0.000979669	-5.16179e-05	0.000980981	-3.018	-2.183716e-11
0.23	115			2.5008e-05	-5.06642e-06	2.55146e-05	-11.448	0.000302674	-3.7253e-06	0.000302704	-0.702	0.00125945	-4.83992e-05	0.00126041	-2.196	0.000982173	-5.23331e-05	0.000983603	-3.048	-2.116705e-11
0.232	116			3.09537e-05	-4.87271e-06	3.13336e-05	-8.94	0.000324251	-3.6955e-06	0.000324281	-0.648	0.00129712	-4.8876e-05	0.00129808	-2.154	0.00100065	-5.30484e-05	0.00100196	-3.03	-2.259102e-11
0.234	117			2.10145e-05	-5.67365e-06	2.1767e-05	-15.108	0.000323566	-3.84453e-06	0.000323595	-0.678	0.00132514	-4.97105e-05	0.00132609	-2.142	0.00102104	-5.48365e-05	0.00102258	-3.066	-2.028751e-11
0.236	118			8.79547e-06	-4.43685e-06	9.846e-06	-26.748	0.000321748	-2.74183e-06	0.000321778	-0.48	0.00133396	-5.00681e-05	0.00133491	-2.148	0.00102199	-5.49557e-05	0.00102354	-3.072	-1.488479e-11
0.238	119			9.31142e-06	-4.65478e-06	1.04104e-05	-26.55	0.000321718	-3.30807e-06	0.000321748	-0.588	0.00132979	-5.00681e-05	0.00133062	-2.154	0.00101841	-5.44789e-05	0.00101984	-3.06	-2.04969e-11
0.24	120			2.35533e-05	-4.85222e-06	2.40487e-05	-11.64	0.000323864	-3.84453e-06	0.000323894	-0.678	0.00132192	-5.04258e-05	0.00132287	-2.184	0.00102223	-5.42405e-05	0.00102366	-3.03	-1.940802e-11
0.242	121			3.47069e-05	-4.67341e-06	3.50217e-05	-7.668	0.00031233	-4.26176e-06	0.00031236	-0.78	0.00131942	-5.13794e-05	0.00132037	-2.226	0.00103963	-5.48365e-05	0.00104118	-3.012	-2.321922e-11
0.244	122			2.57978e-05	-5.76305e-06	2.64329e-05	-12.588	0.000285061	-1.34111e-06	0.000285061	-0.27	0.00132407	-4.99489e-05	0.00132502	-2.16	0.00106312	-5.67439e-05	0.00106467	-3.054	-2.233975e-11
0.246	123			1.13883e-05	-4.73115e-06	1.23326e-05	-22.554	0.000306847	-1.90736e-06	0.000306847	-0.354	0.00136281	-5.16179e-05	0.00136388	-2.166	0.00106777	-5.71015e-05	0.00106931	-3.054	-1.764899e-11
0.248	124			6.71486e-06	-4.75536e-06	8.22922e-06	-35.298	0.000346305	-3.42728e-06	0.000346335	-0.564	0.00140215	-5.26907e-05	0.00140322	-2.148	0.001063	-5.63862e-05	0.00106443	-3.036	-1.827721e-11
0.25	125			1.6492e-05	-4.66968e-06	1.71402e-05	-15.804	0.000375779	-5.18563e-06	0.000375809	-0.786	0.0014236	-5.44789e-05	0.00142468	-2.19	0.00106502	-5.71015e-05	0.00106657	-3.066	-1.995248e-11
0.252	126			3.79945e-05	-6.42057e-06	3.85328e-05	-9.588	0.000396999	-5.54326e-06	0.000397058	-0.798	0.00144065	-5.42405e-05	0.00144161	-2.148	0.00108016	-5.84128e-05	0.00108171	-3.09	-2.455947e-11
0.254	127			3.85179e-05	-6.89927e-06	3.91307e-05	-10.152	0.000362815	-5.72208e-06	0.000362875	-0.9	0.00142742	-5.50749e-05	0.00142849	-2.208	0.00110174	-5.93665e-05	0.00110329	-3.078	-1.798402e-11
0.256	128			2.45423e-05	-5.95118e-06	2.52539e-05	-13.626	0.000310631	-2.95044e-06	0.000310661	-0.546	0.00140036	-5.44789e-05	0.00140143	-2.226	0.00111545	-5.88896e-05	0.001117	-3.018	-1.735583e-11
0.258	129			1.12933e-05	-5.00868e-06	1.23531e-05	-23.916	0.000293942	-2.74183e-06	0.000293942	-0.528	0.00139535	-5.36444e-05	0.00139643	-2.196	0.00111461	-5.92472e-05	0.00111616	-3.036	-2.125076e-11
0.26	130			8.66508e-06	-4.86153e-06	9.93541e-06	-29.292	0.000305535	-2.17558e-06	0.000305535	-0.402	0.00140715	-5.37636e-05	0.00140811	-2.184	0.00111092	-5.93665e-05	0.00111247	-3.06	-2.225596e-11
0.262	131			2.67309e-05	-5.76492e-06	2.73456e-05	-12.168	0.000357481	-4.64919e-06	0.000357511	-0.744	0.00144983	-5.50749e-05	0.0014509	-2.172	0.00111771	-5.94857e-05	0.00111938	-3.048	-1.95336e-11
0.264	132			5.85245e-05	-6.93279e-06	5.89343e-05	-6.75	0.000410231	-6.91417e-06	0.00041029	-0.966	0.00149906	-5.75783e-05	0.00150026	-2.196	0.00114477	-6.15125e-05	0.00114644	-3.072	-2.38893e-11
0.266	133			5.61515e-05	-7.3314e-06	5.66284e-05	-7.434	0.000417056	-6.25852e-06	0.000417115	-0.858	0.00152601	-5.74591e-05	0.00152708	-2.154	0.00116409	-6.24661e-05	0.00116576	-3.066	-1.806778e-11
0.268	134			3.67316e-05	-5.78168e-06	3.71824e-05	-8.94	0.000409516	-5.06642e-06	0.000409575	-0.708	0.00154556	-5.8532e-05	0.00154675	-2.166	0.00117124	-6.25853e-05	0.00117291	-3.054	-1.773271e-11
0.27	135			2.09847e-05	-6.23989e-06	2.18899e-05	-16.56	0.000398787	-5.24524e-06	0.000398817	-0.75	0.00154961	-5.81744e-05	0.00155068	-2.148	0.00117255	-6.23469e-05	0.00117422	-3.042	-1.873793e-11
0.272	136			1.11089e-05	-5.61404e-06	1.24425e-05	-26.802	0.000364186	-4.7982e-06	0.000364216	-0.756	0.00151623	-5.8532e-05	0.00151742	-2.208	0.0011654	-6.23469e-05	0.00116695	-3.06	-1.810964e-11
0.274	137			2.58946e-05	-5.29367e-06	2.64311e-05	-11.556	0.00035012	-4.44058e-06	0.000350149	-0.726	0.00149287	-5.72207e-05	0.00149394	-2.19	0.00117005	-6.19893e-05	0.00117172	-3.03	-1.98268e-11
0.276	138			6.80019e-05	-6.95515e-06	6.83558e-05	-5.838	0.000360372	-4.85781e-06	0.000360401	-0.768	0.00149298	-5.73399e-05	0.00149418	-2.196	0.00119818	-6.2943e-05	0.00119985	-3.006	-1.718828e-11
0.278	139			7.84514e-05	-8.09139e-06	7.88686e-05	-5.886	0.000370385	-5.42405e-06	0.000370415	-0.834	0.00151087	-5.79359e-05	0.00151206	-2.19	0.00122083	-6.44927e-05	0.0012225	-3.018	-1.685321e-11
0.28	140			6.25555e-05	-7.54374e-06	6.301e-05	-6.876	0.000379207	-4.7386e-06	0.000379236	-0.714	0.00154579	-5.88896e-05	0.00154687	-2.178	0.00122822	-6.50887e-05	0.00123001	-3.03	-2.011998e-11
0.282	141			4.58176e-05	-7.20102e-06	4.63801e-05	-8.928	0.000408025	-4.85781e-06	0.000408055	-0.684	0.00159908	-6.10356e-05	0.00160027	-2.184	0.00123561	-6.66385e-05	0.00123752	-3.084	-2.024561e-11
0.284	142			3.09648e-05	-6.70928e-06	3.16801e-05	-12.222	0.000428559	-5.57306e-06	0.000428589	-0.744	0.00163401	-6.23469e-05	0.0016352	-2.184	0.00123657	-6.73537e-05	0.00123835	-3.114	-2.418251e-11
0.286	143			2.52464e-05	-5.86364e-06	2.59207e-05	-13.074	0.000452252	-6.31812e-06	0.000452282	-0.798	0.00165714	-6.40159e-05	0.00165833	-2.208	0.00123108	-6.66385e-05	0.00123299	-3.096	-2.154393e-11
0.288	144			4.73114e-05	-6.61987e-06	4.77734e-05	-7.962	0.000480356	-7.68906e-06	0.000480415	-0.912	0.00167442	-6.44927e-05	0.00167573	-2.202	0.00124133	-6.71153e-05	0.00124312	-3.09	-2.342866e-11
0.29	145			8.11894e-05	-9.7864e-06	8.17743e-05	-6.87	0.000476958	-7.92748e-06	0.000477018	-0.948	0.00166536	-6.34198e-05	0.00166655	-2.178	0.00126935	-6.90226e-05	0.00127126	-3.114	-2.196281e-11
0.292	146			8.07126e-05	-9.59641e-06	8.12826e-05	-6.78	0.000435652	-7.2718e-06	0.000435712	-0.954	0.00162936	-6.27046e-05	0.00163055	-2.202	0.0012765	-6.89034e-05	0.00127829	-3.084	-2.032937e-11
0.294	147			7.46963e-05	-8.50862e-06	7.51768e-05	-6.498	0.000389816	-6.85456e-06	0.000389876	-1.002	0.0015998	-6.22277e-05	0.00160099	-2.226	0.00128425	-6.78306e-05	0.00128604	-3.024	-2.141832e-11
0.296	148			6.34496e-05	-7.35003e-06	6.38706e-05	-6.606	0.000366868	-4.29156e-06	0.000366928	-0.66	0.00159753	-6.18701e-05	0.00159872	-2.22	0.00129367	-6.87842e-05	0.00129545	-3.042	-2.447571e-11
0.298	149			5.13608e-05	-7.67043e-06	5.19308e-05	-8.496	0.000355722	-3.93394e-06	0.000355722	-0.636	0.00160862	-6.23469e-05	0.00160981	-2.214	0.00130356	-6.97379e-05	0.00130547	-3.06	-2.104135e-11
0.3	150			4.2666e-05	-7.5959e-06	4.33365e-05	-10.092	0.000369729	-4.35117e-06	0.000369729	-0.672	0.0016358	-6.3539e-05	0.00163699	-2.22	0.00130833	-6.91419e-05	0.00131012	-3.024	-2.112515e-11
0.302	151			4.95242e-05	-7.70768e-06	5.01203e-05	-8.844	0.000438692	-6.61614e-06	0.000438752	-0.858	0.00169826	-6.66385e-05	0.00169957	-2.244	0.00130881	-7.06916e-05	0.00131071	-3.09	-1.957557e-11
0.304	152			8.08318e-05	-9.58896e-06	8.13981e-05	-6.762	0.000495676	-8.16589e-06	0.000495736	-0.942	0.00174654	-6.67577e-05	0.00174785	-2.19	0.00132883	-7.17645e-05	0.00133074	-3.084	-2.485259e-11
0.306	153			8.09547e-05	-8.51235e-06	8.14018e-05	-6.0	0.000518028	-8.94075e-06	0.000518087	-0.99	0.00178242	-6.87842e-05	0.00178374	-2.208	0.00134505	-7.24797e-05	0.00134695	-3.078	-1.651817e-11
0.308	154			7.3221e-05	-8.38569e-06	7.36979e-05	-6.534	0.000533048	-9.95403e-06	0.000533167	-1.062	0.00180269	-6.81882e-05	0.00180388	-2.166	0.00134314	-7.18837e-05	0.00134517	-3.06	-2.066449e-11
0.31	155			7.51209e-05	-8.5198e-06	7.56015e-05	-6.468	0.000537936	-1.04905e-05	0.000538055	-1.11	0.00181103	-7.03339e-05	0.00181247	-2.22	0.00134791	-7.20029e-05	0.00134981	-3.054	-2.003623e-11
0.312	156			7.22189e-05	-8.829e-06	7.27554e-05	-6.966	0.00051016	-9.00036e-06	0.000510219	-1.008	0.00180078	-6.96187e-05	0.00180221	-2.208	0.00136317	-7.36718e-05	0.00136507	-3.09	-1.614121e-11
0.314	157			6.53756e-05	-9.02644e-06	6.5994e-05	-7.86	0.000468733	-7.45061e-06	0.000468792	-0.906	0.00177503	-6.81882e-05	0.00177646	-2.196	0.00137223	-7.42679e-05	0.00137413	-3.096	-2.330296e-11
0.316	158			5.77124e-05	-8.08394e-06	5.82749e-05	-7.974	0.000421466	-5.24524e-06	0.000421466	-0.708	0.00174237	-6.69961e-05	0.0017438	-2.196	0.00138021	-7.41486e-05	0.00138224	-3.072	-2.162771e-11
0.318	159			6.17881e-05	-8.36706e-06	6.23506e-05	-7.71	0.000397207	-4.41077e-06	0.000397267	-0.63	0.0017202	-6.65192e-05	0.00172163	-2.214	0.0013857	-7.46255e-05	0.0013876	-3.078	-2.250723e-11
0.32	160			7.7494e-05	-8.66508e-06	7.79782e-05	-6.378	0.000413122	-5.60287e-06	0.000413181	-0.774	0.00173569	-6.79498e-05	0.00173689	-2.238	0.00139893	-7.47447e-05	0.00140096	-3.054	-1.978496e-11
0.322	161			7.02296e-05	-7.68533e-06	7.06506e-05	-6.24	0.000403466	-5.42405e-06	0.000403525	-0.768	0.00175	-6.84266e-05	0.00175143	-2.238	0.00141633	-7.49831e-05	0.00141836	-3.03	-1.614126e-11
0.324	162			5.47173e-05	-8.11002e-06	5.53133e-05	-8.43	0.000409426	-5.18563e-06	0.000409486	-0.72	0.00177217	-6.8665e-05	0.00177336	-2.214	0.00141776	-7.55792e-05	0.00141979	-3.048	-1.752334e-11
0.326	163			5.02693e-05	-7.33885e-06	5.0802e-05	-8.304	0.00046468	-7.62945e-06	0.000464799	-0.936	0.00182868	-7.10492e-05	0.00183011	-2.22	0.00141395	-7.52215e-05	0.00141598	-3.042	-1.865415e-11
0.328	164			5.50675e-05	-7.88277e-06	5.56263e-05	-8.142	0.000528995	-9.5368e-06	0.000529114	-1.026	0.00188971	-7.41486e-05	0.00189138	-2.244	0.00141609	-7.62944e-05	0.00141812	-3.078	-2.024562e-11
0.33	165			6.63814e-05	-8.48254e-06	6.69216e-05	-7.278	0.000560347	-1.04905e-05	0.000560466	-1.068	0.001925	-7.43871e-05	0.00192643	-2.208	0.00142957	-7.71289e-05	0.00143159	-3.09	-2.367996e-11
0.332	166			7.43871e-05	-9.04879e-06	7.4931e-05	-6.936	0.000569467	-1.09077e-05	0.000569526	-1.092	0.00194312	-7.6056e-05	0.00194455	-2.238	0.00144757	-7.74865e-05	0.00144959	-3.06	-1.685327e-11
0.334	167			7.83433e-05	-1.00695e-05	7.89878e-05	-7.32	0.000567678	-1.03117e-05	0.000567798	-1.038	0.0019517	-7.62944e-05	0.00195338	-2.232	0.00146211	-7.98707e-05	0.00146426	-3.126	-1.777463e-11
0.336	168			7.89207e-05	-1.03675e-05	7.95987e-05	-7.482	0.00055993	-1.05501e-05	0.000560049	-1.074	0.00195481	-7.6056e-05	0.00195624	-2.226	0.00147475	-8.02283e-05	0.00147689	-3.114	-2.032942e-11
0.338	169			7.66222e-05	-9.61131e-06	7.7222e-05	-7.146	0.000548307	-9.41759e-06	0.000548366	-0.984	0.00195386	-7.62944e-05	0.00195552	-2.232	0.00148273	-8.01091e-05	0.00148488	-3.09	-2.250724e-11
0.34	170			5.70978e-05	-8.91468e-06	5.77907e-05	-8.874	0.000501279	-7.68906e-06	0.000501338	-0.87	0.00193954	-7.53407e-05	0.00194097	-2.22	0.00149477	-8.08244e-05	0.00149692	-3.09	-1.568051e-11
0.342	171			2.81484e-05	-8.06904e-06	2.92809e-05	-15.99	0.000443162	-5.12603e-06	0.000443222	-0.66	0.0019126	-7.41486e-05	0.00191403	-2.214	0.00149906	-8.13012e-05	0.00150121	-3.102	-2.074821e-11
0.344	172			1.96473e-05	-7.87532e-06	2.11672e-05	-21.834	0.00042242	-4.7684e-06	0.00042242	-0.648	0.00189925	-7.39102e-05	0.00190068	-2.226	0.00149728	-8.13012e-05	0.00149942	-3.108	-1.865414e-11
0.346	173			2.83235e-05	-8.83645e-06	2.96721e-05	-17.322	0.000428082	-5.48366e-06	0.000428082	-0.732	0.001894	-7.39102e-05	0.00189567	-2.232	0.0014962	-8.07052e-05	0.00149835	-3.084	-1.882163e-11
0.348	174			3.61318e-05	-7.72258e-06	3.69514e-05	-12.06	0.000428738	-5.18563e-06	0.000428798	-0.69	0.00188757	-7.43871e-05	0.001889	-2.256	0.00149585	-8.04667e-05	0.00149799	-3.078	-1.773275e-11
0.35	175			4.56499e-05	-7.98708e-06	4.63428e-05	-9.924	0.000448169	-7.51021e-06	0.000448229	-0.954	0.00190235	-7.53407e-05	0.00190378	-2.262	0.00150026	-8.02283e-05	0.0015024	-3.06	-2.30936e-11
0.352	176			5.79881e-05	-8.48999e-06	5.86065e-05	-8.328	0.000473322	-7.86787e-06	0.000473382	-0.954	0.00193716	-7.58176e-05	0.00193859	-2.238	0.00151933	-8.08244e-05	0.00152148	-3.042	-1.903109e-11
0.354	177			7.03526e-05	-9.93168e-06	7.10492e-05	-8.034	0.000512961	-8.40431e-06	0.000513021	-0.936	0.00198151	-7.79633e-05	0.00198318	-2.25	0.0015384	-8.33278e-05	0.00154067	-3.096	-2.326116e-11
0.356	178			7.78963e-05	-1.02558e-05	7.85668e-05	-7.5	0.000564758	-1.11461e-05	0.000564817	-1.128	0.00204398	-8.03475e-05	0.00204565	-2.25	0.00155438	-8.39238e-05	0.00155664	-3.09	-1.346084e-11
0.358	179			7.23717e-05	-1.03899e-05	7.3113e-05	-8.166	0.000587765	-1.15038e-05	0.000587825	-1.116	0.00208761	-8.20165e-05	0.00208928	-2.25	0.00157023	-8.57119e-05	0.0015725	-3.12	-2.083205e-11
0.36	180			6.03723e-05	-9.78267e-06	6.11586e-05	-9.204	0.00058699	-1.03117e-05	0.000587109	-1.008	0.00210859	-8.27317e-05	0.00211026	-2.244	0.00158191	-8.64272e-05	0.0015843	-3.126	-2.162773e-11
0.362	181			3.67987e-05	-8.48254e-06	3.77635e-05	-12.972	0.000561837	-9.83482e-06	0.000561956	-1.002	0.00211598	-8.3447e-05	0.00211765	-2.256	0.00159109	-8.66656e-05	0.00159336	-3.12	-1.970119e-11
0.364	182			1.33925e-05	-6.78006e-06	1.50093e-05	-26.844	0.000539545	-8.94075e-06	0.000539605	-0.948	0.00211741	-8.29701e-05	0.00211908	-2.238	0.00159264	-8.57119e-05	0.00159491	-3.078	-2.066445e-11
0.366	183			2.83682e-06	-7.01289e-06	7.56423e-06	-67.962	0.00053269	-7.03338e-06	0.00053269	-0.756	0.00211741	-8.32085e-05	0.00211908	-2.244	0.00158907	-8.67848e-05	0.00159145	-3.126	-2.271669e-11
0.368	184			2.36744e-06	-6.91417e-06	7.30719e-06	-71.088	0.00053281	-8.40431e-06	0.000532869	-0.9	0.00211693	-8.27317e-05	0.0021186	-2.232	0.00158847	-8.58312e-05	0.00159074	-3.09	-1.936614e-11
0.37	185			8.14168e-06	-6.66457e-06	1.05203e-05	-39.294	0.000537697	-8.2851e-06	0.000537757	-0.882	0.0021167	-8.22549e-05	0.00211836	-2.22	0.00158776	-8.61888e-05	0.00159014	-3.108	-2.041319e-11
0.372	186			2.18974e-05	-7.65553e-06	2.31975e-05	-19.266	0.000544433	-8.70234e-06	0.000544492	-0.918	0.00211026	-8.27317e-05	0.00211193	-2.238	0.00158942	-8.57119e-05	0.00159169	-3.084	-1.999438e-11
0.374	187			3.38743e-05	-9.0283e-06	3.50552e-05	-14.922	0.000549559	-9.65601e-06	0.000549618	-1.002	0.0021062	-8.20165e-05	0.00210787	-2.226	0.00159169	-8.64272e-05	0.00159407	-3.102	-2.053883e-11
0.376	188			4.12448e-05	-9.0581e-06	4.22283e-05	-12.384	0.000529293	-8.88115e-06	0.000529353	-0.954	0.00209834	-8.32085e-05	0.00210001	-2.268	0.00160933	-8.76193e-05	0.00161172	-3.114	-2.091575e-11
0.378	189			4.5866e-05	-8.71351e-06	4.66856e-05	-10.758	0.000514451	-6.61614e-06	0.000514511	-0.732	0.00210263	-8.24933e-05	0.0021043	-2.244	0.00163401	-8.89306e-05	0.00163639	-3.114	-2.129271e-11
0.38	190			5.37152e-05	-9.73052e-06	5.45906e-05	-10.266	0.000501934	-8.2851e-06	0.000501994	-0.942	0.00209405	-8.32085e-05	0.00209571	-2.268	0.00164736	-8.90498e-05	0.00164974	-3.09	-2.430819e-11
0.382	191			5.35699e-05	-8.53097e-06	5.42442e-05	-9.048	0.000478746	-7.2718e-06	0.000478806	-0.87	0.00208665	-8.29701e-05	0.00208832	-2.274	0.00166155	-8.86922e-05	0.00166393	-3.054	-1.752333e-11
0.384	192			4.79037e-05	-8.72841e-06	4.86935e-05	-10.326	0.000456275	-7.3314e-06	0.000456335	-0.918	0.00208928	-8.3447e-05	0.00209095	-2.286	0.00167979	-8.98843e-05	0.00168217	-3.06	-2.217225e-11
0.386	193			3.0391e-05	-8.77684e-06	3.16354e-05	-16.104	0.000457408	-5.84128e-06	0.000457468	-0.726	0.00212051	-8.46391e-05	0.00212218	-2.28	0.00169349	-9.08379e-05	0.00169588	-3.066	-2.083201e-11
0.388	194			1.19098e-05	-6.94397e-06	1.37874e-05	-30.234	0.000481905	-5.54326e-06	0.000481965	-0.654	0.00216629	-8.6308e-05	0.00216796	-2.28	0.00169743	-9.15532e-05	0.00169993	-3.084	-2.719804e-11
0.39	195			2.20352e-06	-7.09484e-06	7.42826e-06	-72.738	0.000528757	-8.10629e-06	0.000528816	-0.876	0.00222231	-8.75001e-05	0.00222398	-2.256	0.00169647	-9.203e-05	0.00169886	-3.102	-1.911483e-11
0.392	196			-1.30386e-07	-6.75212e-06	6.75212e-06	-91.104	0.000570718	-9.17917e-06	0.000570778	-0.918	0.00226475	-8.94074e-05	0.00226666	-2.256	0.00169504	-9.1434e-05	0.00169755	-3.084	-2.179527e-11
0.394	197			-2.44008e-07	-6.33489e-06	6.33861e-06	-92.196	0.000597242	-9.41759e-06	0.000597361	-0.9	0.00229026	-9.03611e-05	0.00229217	-2.256	0.00169493	-9.21492e-05	0.00169743	-3.108	-2.112517e-11
0.396	198			5.06643e-07	-6.47645e-06	6.49321e-06	-85.524	0.000610653	-1.03713e-05	0.000610713	-0.972	0.00230338	-9.15532e-05	0.00230528	-2.274	0.00169421	-9.31029e-05	0.00169671	-3.144	-1.706267e-11
0.398	199			3.95629e-06	-7.13769e-06	8.15844e-06	-60.996	0.000621263	-1.06693e-05	0.000621382	-0.984	0.00231124	-9.15532e-05	0.00231315	-2.262	0.00169445	-9.19108e-05	0.00169695	-3.102	-2.439198e-11
0.4	200			8.07462e-06	-7.83434e-06	1.12486e-05	-44.13	0.000628296	-1.13249e-05	0.000628415	-1.026	0.00231434	-9.25069e-05	0.00231625	-2.286	0.00169552	-9.27453e-05	0.00169814	-3.126	-2.12927e-11
0.402	201			1.59462e-05	-7.77101e-06	1.77381e-05	-25.974	0.00063676	-1.17422e-05	0.000636879	-1.05	0.00231935	-9.25069e-05	0.00232102	-2.286	0.00169826	-9.34605e-05	0.00170077	-3.15	-2.041318e-11
0.404	202			2.66266e-05	-8.60175e-06	2.79808e-05	-17.904	0.000624064	-1.08481e-05	0.000624184	-0.99	0.00232483	-9.203e-05	0.0023265	-2.262	0.00172437	-9.3699e-05	0.00172687	-3.108	-2.049698e-11
0.406	203			2.772e-05	-8.74331e-06	2.90667e-05	-17.508	0.000598911	-1.07289e-05	0.00059903	-1.026	0.00232364	-9.25069e-05	0.00232531	-2.28	0.00175203	-9.56063e-05	0.00175453	-3.126	-2.62347e-11
0.408	204			3.12349e-05	-9.05624e-06	3.2522e-05	-16.164	0.000595931	-1.06693e-05	0.000595991	-1.026	0.00232388	-9.27453e-05	0.00232579	-2.28	0.00176037	-9.58447e-05	0.00176299	-3.114	-1.974305e-11
0.41	205			3.38296e-05	-9.21643e-06	3.50627e-05	-15.234	0.000588361	-9.35799e-06	0.000588421	-0.906	0.00232531	-9.22685e-05	0.00232698	-2.268	0.00177205	-9.70368e-05	0.00177468	-3.132	-2.380559e-11
0.412	206			3.03854e-05	-9.7361e-06	3.19073e-05	-17.766	0.000574891	-9.4772e-06	0.00057495	-0.942	0.00233699	-9.25069e-05	0.00233866	-2.262	0.00179125	-9.76329e-05	0.00179399	-3.12	-2.125084e-11
0.414	207			1.82913e-05	-8.92399e-06	2.03514e-05	-26.004	0.000567023	-8.2851e-06	0.000567082	-0.834	0.00235797	-9.39374e-05	0.00235964	-2.28	0.00181127	-9.87058e-05	0.0018139	-3.114	-2.275857e-11
0.416	208			7.34258e-06	-8.46019e-06	1.1202e-05	-49.044	0.000553016	-8.94075e-06	0.000553075	-0.924	0.00236084	-9.3699e-05	0.00236274	-2.274	0.001817	-9.89442e-05	0.00181986	-3.114	-1.802589e-11
0.418	209			9.36914e-07	-9.0134e-06	9.05996e-06	-84.054	0.000552598	-8.70234e-06	0.000552658	-0.9	0.00236608	-9.29837e-05	0.00236799	-2.244	0.00181604	-9.84673e-05	0.00181866	-3.102	-1.689514e-11
0.42	210			-1.58884e-06	-8.14541e-06	8.29628e-06	-101.034	0.000536267	-8.10629e-06	0.000536326	-0.864	0.0023513	-9.3699e-05	0.00235297	-2.28	0.00181533	-9.89442e-05	0.00181819	-3.114	-1.924052e-11
0.422	211			-9.29464e-07	-7.72072e-06	7.77288e-06	-96.858	0.000510994	-7.45061e-06	0.000511054	-0.834	0.00232436	-9.32221e-05	0.00232626	-2.292	0.00181533	-9.82289e-05	0.00181819	-3.09	-2.74074e-11
0.424	212			-9.6858e-08	-7.54002e-06	7.53815e-06	-90.72	0.000500623	-7.15259e-06	0.000500683	-0.816	0.0023153	-9.3699e-05	0.00231721	-2.31	0.00181556	-9.82289e-05	0.00181819	-3.096	-1.94918e-11
0.426	213			-6.53792e-07	-7.1321e-06	7.16004e-06	-95.238	0.000524346	-7.45061e-06	0.000524465	-0.81	0.00233962	-9.39374e-05	0.00234152	-2.298	0.0018158	-9.84673e-05	0.00181843	-3.102	-2.028755e-11
0.428	214			3.52042e-07	-7.04083e-06	7.04642e-06	-87.126	0.000551883	-8.40431e-06	0.000551943	-0.87	0.0023656	-9.44142e-05	0.00236751	-2.28	0.00181556	-9.82289e-05	0.00181819	-3.09	-2.066448e-11
0.43	215			3.83149e-06	-6.67389e-06	7.69465e-06	-60.138	0.000583176	-9.65601e-06	0.000583235	-0.942	0.00239302	-9.63216e-05	0.00239493	-2.298	0.00181533	-9.77521e-05	0.00181819	-3.078	-2.250726e-11
0.432	216			6.57889e-06	-8.24971e-06	1.05519e-05	-51.426	0.000628773	-1.07885e-05	0.000628892	-0.978	0.00243737	-9.77521e-05	0.00243951	-2.292	0.00181652	-9.91826e-05	0.00181938	-3.126	-1.844476e-11
0.434	217			1.3046e-05	-7.66484e-06	1.51303e-05	-30.426	0.000678424	-1.27555e-05	0.000678543	-1.074	0.00249077	-0.000100852	0.00249268	-2.316	0.00182486	-0.00010109	0.00182772	-3.168	-1.710453e-11
0.436	218			1.7332e-05	-7.63318e-06	1.89358e-05	-23.766	0.000680808	-1.27555e-05	0.000680927	-1.074	0.00252415	-0.000102044	0.0025263	-2.31	0.00185872	-0.000102044	0.00186134	-3.138	-1.999435e-11
0.438	219			1.80026e-05	-8.30373e-06	1.98242e-05	-24.756	0.000672523	-1.17422e-05	0.000672583	-0.996	0.00253941	-0.000102282	0.00254132	-2.304	0.00188566	-0.000102997	0.00188852	-3.126	-1.454975e-11
0.44	220			1.64361e-05	-8.90164e-06	1.86918e-05	-28.434	0.000674192	-1.16826e-05	0.000674311	-0.99	0.00254466	-0.000102044	0.0025468	-2.292	0.00188947	-0.000104428	0.00189234	-3.162	-2.296798e-11
0.442	221			1.56426e-05	-8.58685e-06	1.78443e-05	-28.758	0.000669841	-1.09673e-05	0.00066996	-0.936	0.00254537	-0.000101805	0.00254728	-2.286	0.00189234	-0.000104189	0.0018952	-3.15	-2.351244e-11
0.444	222			1.61735e-05	-9.59454e-06	1.88054e-05	-30.672	0.000653747	-1.06097e-05	0.000653807	-0.93	0.00254585	-0.000102282	0.00254776	-2.298	0.00190831	-0.000105143	0.00191117	-3.15	-2.665354e-11
0.446	223			1.50111e-05	-8.57195e-06	1.72873e-05	-29.724	0.000623051	-1.03713e-05	0.00062317	-0.948	0.00254323	-0.000102759	0.00254513	-2.31	0.00193454	-0.000106335	0.0019374	-3.138	-2.104142e-11
0.448	224			9.5219e-06	-8.35588e-06	1.2666e-05	-41.262	0.000602607	-8.40431e-06	0.000602666	-0.798	0.00254442	-0.000102044	0.00254633	-2.292	0.00195289	-0.000106812	0.00195576	-3.126	-2.045508e-11
0.45	225			3.3565e-06	-7.90512e-06	8.58685e-06	-66.99	0.000598494	-8.70234e-06	0.000598554	-0.828	0.00255038	-0.000102282	0.00255229	-2.292	0.00195719	-0.000107527	0.00196029	-3.144	-1.974308e-11
0.452	226			-7.0781e-08	-7.99639e-06	7.99453e-06	-90.504	0.000607554	-8.10629e-06	0.000607613	-0.762	0.00256087	-0.00010252	0.00256278	-2.286	0.00195552	-0.000107527	0.00195862	-3.144	-2.120892e-11
0.454	227			-3.35278e-07	-7.68347e-06	7.68906e-06	-92.496	0.000612978	-9.23878e-06	0.000613097	-0.858	0.00256611	-0.00010252	0.00256826	-2.28	0.00195552	-0.000106812	0.00195839	-3.12	-2.133461e-11
0.456	228			-4.45174e-07	-8.56636e-06	8.57568e-06	-92.964	0.000641052	-1.14442e-05	0.000641111	-1.02	0.00259568	-0.000103713	0.00259782	-2.28	0.001956	-0.000105858	0.00195886	-3.096	-2.254915e-11
0.458	229			-6.14677e-08	-8.11374e-06	8.11188e-06	-90.426	0.000695411	-1.31727e-05	0.00069559	-1.08	0.00264885	-0.000105381	0.00265099	-2.274	0.00195457	-0.000106335	0.00195743	-3.114	-1.953367e-11
0.46	230			-8.88485e-07	-8.71165e-06	8.75449e-06	-95.814	0.000741664	-1.50204e-05	0.000741843	-1.158	0.00269605	-0.000108004	0.0026982	-2.292	0.00195505	-0.000107527	0.00195791	-3.144	-1.84866e-11
0.462	231			-1.25729e-06	-1.0131e-05	1.02074e-05	-97.074	0.000740413	-1.51396e-05	0.000740532	-1.17	0.00269462	-0.000108004	0.00269677	-2.292	0.00195409	-0.000107527	0.00195719	-3.15	-1.82772e-11
0.464	232			5.81149e-07	-8.80478e-06	8.82341e-06	-86.22	0.000726704	-1.42456e-05	0.000726823	-1.122	0.00267889	-0.000107766	0.00268103	-2.304	0.00195481	-0.000107527	0.00195767	-3.144	-2.070634e-11
0.466	233			4.04011e-06	-9.20153e-06	1.0049e-05	-66.288	0.000720266	-1.46032e-05	0.000720445	-1.158	0.00266863	-0.000106812	0.00267078	-2.286	0.00195433	-0.00010705	0.00195719	-3.126	-2.250728e-11
0.468	234			9.12516e-06	-8.87184e-06	1.27275e-05	-44.19	0.000711922	-1.42456e-05	0.000712041	-1.14	0.00265528	-0.00010705	0.00265767	-2.31	0.00195672	-0.000107766	0.00195982	-3.15	-2.309361e-11
0.47	235			1.75164e-05	-1.07829e-05	2.05693e-05	-31.614	0.000689272	-1.34707e-05	0.000689391	-1.116	0.00263764	-0.000106097	0.00263979	-2.304	0.00196601	-0.000108481	0.00196911	-3.156	-1.93243e-11
0.472	236			2.50248e-05	-1.05687e-05	2.71649e-05	-22.896	0.000654642	-1.17422e-05	0.000654761	-1.026	0.00263025	-0.000106335	0.00263239	-2.316	0.00199892	-0.000110388	0.00200202	-3.156	-1.869605e-11
0.474	237			2.57717e-05	-1.05147e-05	2.78336e-05	-22.194	0.000642423	-1.13249e-05	0.000642542	-1.002	0.00265314	-0.000108243	0.00265528	-2.334	0.00203587	-0.000112534	0.00203921	-3.156	-2.171153e-11
0.476	238			1.99025e-05	-1.11163e-05	2.2797e-05	-29.178	0.000643436	-9.71562e-06	0.000643495	-0.858	0.0026672	-0.000107527	0.00266935	-2.31	0.00204565	-0.000113011	0.00204898	-3.162	-1.957556e-11
0.478	239			1.44467e-05	-8.84762e-06	1.69409e-05	-31.476	0.000642303	-1.09077e-05	0.000642423	-0.972	0.00266863	-0.000109196	0.00267078	-2.34	0.00204326	-0.000112534	0.00204636	-3.15	-1.898924e-11
0.48	240			1.11927e-05	-8.30746e-06	1.39364e-05	-36.582	0.000641111	-1.03713e-05	0.000641171	-0.924	0.00266744	-0.000108719	0.00266983	-2.328	0.00204088	-0.000112296	0.00204374	-3.144	-2.196283e-11
0.482	241			1.13361e-05	-8.54401e-06	1.41953e-05	-36.996	0.000636939	-1.09673e-05	0.000637058	-0.984	0.00267102	-0.000108958	0.00267316	-2.334	0.00204684	-0.000112057	0.00204994	-3.132	-2.200467e-11
0.484	242			1.24202e-05	-8.97242e-06	1.53222e-05	-35.838	0.000621859	-9.95403e-06	0.000621919	-0.912	0.00268413	-0.000109435	0.00268628	-2.334	0.00207283	-0.000113249	0.00207593	-3.126	-1.664383e-11
0.486	243			1.06954e-05	-9.4623e-06	1.42791e-05	-41.496	0.000622932	-8.94075e-06	0.000622991	-0.816	0.00271823	-0.000110388	0.00272037	-2.322	0.00210597	-0.00011611	0.00210907	-3.15	-2.104136e-11
0.488	244			5.51718e-06	-9.12329e-06	1.066e-05	-58.83	0.000658933	-9.23878e-06	0.000658993	-0.798	0.00277211	-0.000112534	0.00277449	-2.322	0.00211884	-0.000118256	0.00212218	-3.192	-2.422439e-11
0.49	245			9.46227e-07	-8.5198e-06	8.56823e-06	-83.658	0.000694636	-1.10865e-05	0.000694755	-0.912	0.00281121	-0.000114203	0.00281359	-2.322	0.0021186	-0.000118018	0.00212194	-3.186	-2.125084e-11
0.492	246			-1.03564e-06	-7.81944e-06	7.88464e-06	-97.542	0.000703637	-1.10865e-05	0.000703756	-0.9	0.00281931	-0.000113726	0.00282146	-2.31	0.00211693	-0.000118018	0.00212027	-3.186	-1.743957e-11
0.494	247			-1.05799e-06	-8.85135e-06	8.91282e-06	-96.81	0.000704888	-1.14442e-05	0.000704948	-0.93	0.00282122	-0.000115395	0.00282361	-2.334	0.00211741	-0.000117064	0.00212051	-3.162	-1.450786e-11
0.496	248			-5.43896e-07	-7.04269e-06	7.06132e-06	-94.41	0.00070757	-1.16826e-05	0.00070769	-0.942	0.00282289	-0.000114203	0.00282528	-2.316	0.00211693	-0.000116826	0.00212003	-3.156	-1.84866e-11
0.498	249			-1.00211e-06	-7.96473e-06	8.0262e-06	-97.17	0.000713591	-1.15038e-05	0.00071365	-0.918	0.00282933	-0.000114918	0.00283171	-2.322	0.00211741	-0.000116349	0.00212051	-3.144	-1.90311e-11
0.5	250			-1.19396e-06	-8.18638e-06	8.27207e-06	-98.292	0.000720028	-1.21594e-05	0.000720147	-0.966	0.00283672	-0.000115395	0.0028391	-2.322	0.00211789	-0.000117064	0.00212099	-3.156	-2.016185e-11
0.502	251			-7.69276e-07	-7.38169e-06	7.42081e-06	-95.94	0.000724439	-1.22786e-05	0.000724558	-0.966	0.00284053	-0.000115872	0.00284292	-2.334	0.00211765	-0.000116826	0.00212075	-3.156	-2.041319e-11
0.504	252			-1.45287e-06	-8.55146e-06	8.67067e-06	-99.636	0.00073475	-1.45436e-05	0.000734869	-1.134	0.00284936	-0.000117541	0.00285174	-2.358	0.00211646	-0.000117541	0.00211979	-3.18	-2.401495e-11
0.506	253			1.34484e-06	-9.02644e-06	9.12329e-06	-81.51	0.000743691	-1.39475e-05	0.00074381	-1.068	0.00285698	-0.000116349	0.00285937	-2.328	0.00211693	-0.000117541	0.00212003	-3.174	-2.443383e-11
0.508	254			9.22574e-06	-8.82713e-06	1.27666e-05	-43.728	0.000759367	-1.35899e-05	0.000759546	-1.02	0.00286652	-0.000116349	0.00286891	-2.322	0.00211765	-0.000118018	0.00212099	-3.186	-2.192089e-11
0.51	255			2.12231e-05	-9.70258e-06	2.33353e-05	-24.564	0.000788216	-1.508e-05	0.000788335	-1.092	0.00288965	-0.000117779	0.00289203	-2.328	0.00212432	-0.000118971	0.00212766	-3.204	-2.10414e-11
0.512	256			4.57598e-05	-1.14311e-05	4.71661e-05	-14.022	0.000816289	-1.60934e-05	0.000816468	-1.128	0.00292183	-0.00011921	0.00292446	-2.334	0.00214936	-0.000119687	0.0021527	-3.18	-2.00781e-11
0.514	257			6.97304e-05	-1.34707e-05	7.10194e-05	-10.932	0.000842813	-1.78815e-05	0.000842992	-1.212	0.00297643	-0.000121117	0.00297906	-2.328	0.00220014	-0.000122071	0.00220348	-3.174	-1.580618e-11
0.516	258			6.67875e-05	-1.30348e-05	6.80466e-05	-11.04	0.000874165	-1.87756e-05	0.000874344	-1.23	0.0030451	-0.000124694	0.00304772	-2.34	0.00223638	-0.000124694	0.00223996	-3.186	-2.074823e-11
0.518	259			5.37375e-05	-1.2789e-05	5.52351e-05	-13.386	0.000898246	-1.99081e-05	0.000898484	-1.266	0.00309159	-0.000127078	0.00309445	-2.352	0.0022483	-0.000125409	0.00225164	-3.192	-1.848662e-11
0.52	260			4.03451e-05	-1.28672e-05	4.23493e-05	-17.688	0.000892106	-1.94908e-05	0.000892285	-1.248	0.00309278	-0.000126363	0.0030954	-2.34	0.00224496	-0.000125886	0.0022483	-3.204	-1.710449e-11
0.522	261			3.10617e-05	-1.20663e-05	3.33192e-05	-21.222	0.000882093	-1.86564e-05	0.000882272	-1.212	0.0030842	-0.000125171	0.00308658	-2.322	0.0022371	-0.000125171	0.00224067	-3.198	-1.928238e-11
0.524	262			2.29479e-05	-1.15559e-05	2.56897e-05	-26.724	0.000879053	-1.83583e-05	0.000879232	-1.194	0.00308205	-0.000125171	0.00308444	-2.322	0.00222994	-0.000125886	0.00223352	-3.228	-1.982687e-11
0.526	263			1.40519e-05	-1.10902e-05	1.79001e-05	-38.28	0.000853781	-1.96696e-05	0.000853959	-1.32	0.00305702	-0.000124694	0.00305964	-2.334	0.00222136	-0.000123025	0.0022247	-3.168	-2.334484e-11
0.528	264			1.26884e-05	-1.00732e-05	1.61977e-05	-38.436	0.000808243	-1.74047e-05	0.000808422	-1.236	0.00301911	-0.000123979	0.00302173	-2.346	0.00222637	-0.000123025	0.00222947	-3.162	-2.020373e-11
0.53	265			1.37352e-05	-1.0483e-05	1.72743e-05	-37.344	0.000744049	-1.4484e-05	0.000744168	-1.116	0.00299098	-0.000123025	0.0029936	-2.352	0.00225951	-0.000124694	0.00226285	-3.156	-2.225598e-11
0.532	266			1.01552e-05	-1.01999e-05	1.43909e-05	-45.114	0.000733439	-1.39475e-05	0.000733618	-1.086	0.00302102	-0.000124455	0.00302364	-2.358	0.00229813	-0.00012684	0.00230147	-3.162	-1.89473e-11
0.534	267			4.57096e-06	-1.09152e-05	1.18316e-05	-67.266	0.000753824	-1.4186e-05	0.000753943	-1.074	0.00305726	-0.000125886	0.00305988	-2.352	0.00231053	-0.00012827	0.00231411	-3.174	-2.439192e-11
0.536	268			6.85457e-07	-1.13398e-05	1.13547e-05	-86.532	0.000789765	-1.60338e-05	0.000789944	-1.164	0.00309826	-0.000128032	0.00310089	-2.364	0.00231148	-0.000128509	0.00231482	-3.18	-1.986867e-11
0.538	269			-3.53904e-07	-1.05315e-05	1.05352e-05	-91.92	0.000808839	-1.62126e-05	0.000809018	-1.146	0.00311615	-0.000128032	0.00311877	-2.352	0.00230981	-0.000129224	0.00231363	-3.198	-1.907292e-11
0.54	270			-9.10837e-07	-9.52376e-06	9.56474e-06	-95.46	0.000805262	-1.62722e-05	0.000805441	-1.158	0.00311305	-0.000128509	0.00311567	-2.358	0.00231053	-0.000129224	0.00231411	-3.198	-2.405683e-11
0.542	271			-1.68943e-06	-9.88884e-06	1.00304e-05	-99.69	0.000803117	-1.60338e-05	0.000803236	-1.14	0.00311162	-0.000128509	0.00311424	-2.364	0.00230934	-0.000128985	0.00231315	-3.192	-1.819345e-11
0.544	272			-7.2271e-07	-8.34843e-06	8.37824e-06	-94.944	0.000792209	-1.68682e-05	0.000792328	-1.218	0.00309946	-0.000128032	0.00310208	-2.364	0.0023091	-0.000127555	0.00231268	-3.156	-1.810966e-11
0.546	273			-1.38209e-06	-8.92399e-06	9.0283e-06	-98.802	0.000767294	-1.4186e-05	0.000767473	-1.056	0.00307514	-0.000127555	0.00307776	-2.376	0.0023091	-0.00012827	0.00231268	-3.174	-1.92405e-11
0.548	274			-1.0673e-06	-8.64273e-06	8.70606e-06	-97.038	0.000746254	-1.42456e-05	0.000746373	-1.092	0.00305392	-0.000126601	0.00305654	-2.37	0.00230981	-0.000126601	0.00231339	-3.132	-2.275855e-11
0.55	275			-1.49012e-06	-8.81223e-06	8.93517e-06	-99.588	0.000728134	-1.32323e-05	0.000728313	-1.038	0.00303508	-0.000126124	0.00303794	-2.376	0.0023091	-0.000127555	0.00231268	-3.156	-2.00362e-11
0.552	276			-7.61826e-07	-8.96497e-06	8.99477e-06	-94.854	0.000718419	-1.25766e-05	0.000718478	-1.002	0.00302459	-0.000124694	0.00302698	-2.358	0.00230886	-0.000128509	0.00231244	-3.18	-2.112513e-11
0.554	277			-2.943e-07	-1.00062e-05	1.00081e-05	-91.68	0.000727002	-1.15038e-05	0.000727121	-0.906	0.00303341	-0.000125171	0.00303604	-2.364	0.00230862	-0.000128985	0.0023122	-3.192	-2.116706e-11
0.556	278			7.20288e-06	-9.51631e-06	1.19322e-05	-52.872	0.000764672	-1.31131e-05	0.000764731	-0.984	0.0030656	-0.000127316	0.00306846	-2.376	0.00231053	-0.000129939	0.00231411	-3.216	-1.614126e-11
0.558	279			3.94939e-05	-1.24537e-05	4.14106e-05	-17.502	0.000824992	-1.60338e-05	0.00082517	-1.116	0.00311495	-0.000129224	0.00311758	-2.376	0.00232865	-0.000131846	0.00233246	-3.234	-1.894733e-11
0.56	280			0.000103083	-1.48304e-05	0.000104148	-8.184	0.000884298	-1.74047e-05	0.000884477	-1.128	0.00316574	-0.000132323	0.0031686	-2.388	0.00238301	-0.000135423	0.00238682	-3.252	-2.380559e-11
0.562	281			0.000137181	-1.65851e-05	0.000138187	-6.888	0.000894073	-1.79411e-05	0.000894193	-1.146	0.00318219	-0.000131846	0.00318481	-2.37	0.00242569	-0.000137568	0.0024295	-3.246	-2.10833e-11
0.564	282			0.000130371	-1.69278e-05	0.000131466	-7.398	0.000890914	-1.79411e-05	0.000891093	-1.152	0.00319792	-0.0001328	0.00320078	-2.376	0.00243999	-0.000138522	0.00244381	-3.252	-1.869601e-11
0.566	283			0.000114635	-1.46777e-05	0.000115574	-7.296	0.000879709	-1.79411e-05	0.000879887	-1.17	0.00321724	-0.000134231	0.0032201	-2.388	0.00245215	-0.000138284	0.00245596	-3.222	-1.760713e-11
0.568	284			9.58373e-05	-1.45734e-05	9.694e-05	-8.64	0.000866774	-1.62126e-05	0.000866953	-1.068	0.00323845	-0.000135184	0.00324132	-2.388	0.00246884	-0.000139714	0.00247265	-3.24	-2.028752e-11
0.57	285			7.88723e-05	-1.36495e-05	8.00495e-05	-9.816	0.00084937	-1.53781e-05	0.000849489	-1.038	0.0032468	-0.000135423	0.00324942	-2.388	0.00247885	-0.000140429	0.00248291	-3.24	-1.723015e-11
0.572	286			6.69439e-05	-1.37464e-05	6.83372e-05	-11.598	0.000836793	-1.41264e-05	0.000836972	-0.966	0.00324585	-0.000134469	0.00324871	-2.37	0.00247957	-0.000140429	0.00248362	-3.24	-2.196281e-11
0.574	287			6.04021e-05	-1.29119e-05	6.17658e-05	-12.06	0.00084329	-1.53781e-05	0.000843409	-1.044	0.00325681	-0.000135423	0.00325967	-2.376	0.00247599	-0.000139953	0.00247981	-3.234	-2.003625e-11
0.576	288			5.83532e-05	-1.3277e-05	5.98507e-05	-12.81	0.000858847	-1.59146e-05	0.000858966	-1.062	0.00327255	-0.000136138	0.00327541	-2.376	0.00247504	-0.000139953	0.00247909	-3.234	-2.468512e-11
0.578	289			6.09758e-05	-1.42009e-05	6.26077e-05	-13.11	0.000893597	-1.78219e-05	0.000893775	-1.14	0.00330521	-0.000137807	0.00330807	-2.382	0.00247575	-0.000140906	0.00247981	-3.258	-1.815158e-11
0.58	290			6.42096e-05	-1.37911e-05	6.56773e-05	-12.12	0.000930551	-1.9312e-05	0.00093079	-1.188	0.00334193	-0.000138999	0.00334479	-2.376	0.00247885	-0.000141383	0.00248291	-3.264	-2.049693e-11
0.582	291			6.36359e-05	-1.38954e-05	6.51334e-05	-12.312	0.000937704	-2.05041e-05	0.000937942	-1.248	0.00335766	-0.000139953	0.00336052	-2.382	0.00248648	-0.000140668	0.0024903	-3.234	-1.572244e-11
0.584	292			5.10069e-05	-1.28225e-05	5.25939e-05	-14.106	0.000921611	-1.97889e-05	0.000921849	-1.224	0.00337292	-0.000140668	0.00337578	-2.382	0.00250246	-0.000141383	0.00250651	-3.234	-1.919859e-11
0.586	293			2.6107e-05	-1.2368e-05	2.8886e-05	-25.338	0.000883345	-1.75239e-05	0.000883583	-1.134	0.00338532	-0.000141145	0.00338842	-2.382	0.00252868	-0.000142575	0.0025325	-3.228	-1.815157e-11
0.588	294			1.23121e-05	-1.15634e-05	1.68906e-05	-43.2	0.000875119	-1.60934e-05	0.000875238	-1.05	0.00340439	-0.00014186	0.00340749	-2.382	0.00254251	-0.000143052	0.00254633	-3.222	-1.831909e-11
0.59	295			4.79448e-06	-1.18465e-05	1.27741e-05	-67.95	0.000923637	-1.89544e-05	0.000923876	-1.176	0.00346161	-0.000144483	0.00346448	-2.388	0.00254513	-0.00014329	0.00254919	-3.222	-1.67276e-11
0.592	296			2.45126e-06	-1.0904e-05	1.11759e-05	-77.322	0.0010016	-2.20538e-05	0.00100184	-1.26	0.00353839	-0.000146867	0.00354125	-2.37	0.0025418	-0.000142337	0.00254585	-3.204	-1.886357e-11
0.594	297			-7.00358e-07	-1.20812e-05	1.20961e-05	-93.318	0.00104631	-2.41996e-05	0.00104655	-1.32	0.00358368	-0.00014782	0.00358655	-2.358	0.0025406	-0.000142337	0.00254466	-3.204	-2.037131e-11
0.596	298			-1.1772e-06	-1.17608e-05	1.18167e-05	-95.712	0.00105131	-2.56301e-05	0.00105167	-1.392	0.00358774	-0.000148774	0.0035906	-2.37	0.00254084	-0.000142337	0.00254466	-3.204	-2.393118e-11
0.598	299			-1.04681e-06	-1.11759e-05	1.12206e-05	-95.352	0.00105453	-2.62262e-05	0.00105489	-1.422	0.00359155	-0.000149013	0.00359489	-2.376	0.00253965	-0.000142337	0.0025437	-3.204	-2.33449e-11
0.6	300			-1.47522e-06	-1.13734e-05	1.14665e-05	-97.38	0.00104261	-2.56301e-05	0.00104297	-1.404	0.00357939	-0.000148536	0.00358249	-2.376	0.00254084	-0.000142575	0.00254466	-3.21	-2.150206e-11
0.602	301			-9.83484e-07	-1.12914e-05	1.13324e-05	-94.962	0.00102938	-2.46764e-05	0.00102962	-1.368	0.00356723	-0.000148059	0.00357033	-2.376	0.00254084	-0.000142098	0.00254489	-3.198	-2.083198e-11
0.604	302			-1.70619e-06	-1.05762e-05	1.07065e-05	-99.15	0.00101591	-2.39612e-05	0.00101627	-1.35	0.00355221	-0.000147582	0.00355531	-2.376	0.00253965	-0.000141622	0.00254346	-3.186	-1.697889e-11
0.606	303			-1.46032e-06	-1.13845e-05	1.1474e-05	-97.308	0.000980742	-2.25307e-05	0.000980981	-1.314	0.00351693	-0.000146628	0.00351979	-2.382	0.00253941	-0.000142337	0.00254346	-3.204	-2.049694e-11
0.608	304			-1.32994e-06	-1.0863e-05	1.09375e-05	-96.966	0.000950221	-2.20538e-05	0.000950459	-1.326	0.00348617	-0.000145913	0.00348927	-2.394	0.00254036	-0.000142337	0.00254442	-3.204	-2.284233e-11
0.61	305			-4.99193e-07	-1.17683e-05	1.17757e-05	-92.418	0.000940923	-2.03849e-05	0.000941161	-1.236	0.00347616	-0.000144483	0.00347926	-2.376	0.00253893	-0.000142814	0.00254299	-3.216	-2.740737e-11
0.612	306			6.16911e-06	-1.14404e-05	1.29939e-05	-61.662	0.00100709	-2.32459e-05	0.00100733	-1.314	0.00353815	-0.000148059	0.00354125	-2.394	0.00253917	-0.000143767	0.00254323	-3.24	-1.915672e-11
0.614	307			3.09611e-05	-1.32286e-05	3.36657e-05	-23.13	0.0010649	-2.52725e-05	0.00106514	-1.362	0.00358225	-0.000149966	0.00358535	-2.394	0.00255062	-0.000145198	0.00255491	-3.258	-2.217221e-11
0.616	308			9.68804e-05	-1.71849e-05	9.83928e-05	-10.056	0.00109936	-2.63454e-05	0.00109971	-1.368	0.00360776	-0.000151397	0.0036111	-2.4	0.00260355	-0.000149013	0.00260784	-3.27	-1.710455e-11
0.618	309			0.000132048	-1.9312e-05	0.000133448	-8.316	0.00107873	-2.50341e-05	0.00107897	-1.326	0.00362493	-0.000151635	0.00362827	-2.394	0.0026765	-0.00015235	0.00268079	-3.252	-2.137646e-11
0.62	310			0.000107646	-1.79784e-05	0.000109137	-9.48	0.00105012	-2.41996e-05	0.00105036	-1.32	0.00363328	-0.000153066	0.00363638	-2.412	0.00269367	-0.000153542	0.00269796	-3.264	-1.982681e-11
0.622	311			8.48626e-05	-1.58102e-05	8.63229e-05	-10.548	0.00103641	-2.32459e-05	0.00103665	-1.284	0.00363733	-0.00015235	0.00364043	-2.394	0.00269033	-0.000152589	0.00269462	-3.246	-2.049694e-11
0.624	312			7.31726e-05	-1.5624e-05	7.48192e-05	-12.048	0.00103272	-2.26499e-05	0.00103296	-1.254	0.00364091	-0.000153542	0.003644	-2.412	0.0026858	-0.000153542	0.00269009	-3.27	-2.347054e-11
0.626	313			7.24946e-05	-1.61828e-05	7.42828e-05	-12.582	0.00103009	-2.27691e-05	0.00103033	-1.266	0.00363638	-0.000152827	0.00363947	-2.406	0.00268342	-0.000153781	0.00268771	-3.276	-1.844476e-11
0.628	314			8.50712e-05	-1.77921e-05	8.69115e-05	-11.808	0.00101984	-2.34843e-05	0.00102008	-1.314	0.00361253	-0.000152589	0.00361563	-2.418	0.00268294	-0.000154735	0.00268747	-3.3	-1.93661e-11
0.63	315			9.57404e-05	-1.76356e-05	9.73498e-05	-10.434	0.00100041	-2.32459e-05	0.00100065	-1.326	0.00358607	-0.00015235	0.00358941	-2.43	0.0026858	-0.000154496	0.00269033	-3.294	-2.367994e-11
0.632	316			9.61949e-05	-1.71663e-05	9.77148e-05	-10.116	0.000971202	-2.11002e-05	0.000971321	-1.242	0.00357009	-0.000151635	0.00357319	-2.43	0.00269748	-0.000154019	0.00270177	-3.27	-1.865408e-11
0.634	317			9.11509e-05	-1.58624e-05	9.25218e-05	-9.87	0.000928167	-1.76431e-05	0.000928406	-1.086	0.00355341	-0.000149728	0.00355674	-2.406	0.00271894	-0.00015545	0.00272347	-3.27	-2.091573e-11
0.636	318			8.69562e-05	-1.58326e-05	8.83793e-05	-10.314	0.000883941	-1.66894e-05	0.00088406	-1.074	0.0035329	-0.000149013	0.00353624	-2.412	0.00273778	-0.000155927	0.00274231	-3.258	-1.894727e-11
0.638	319			8.44155e-05	-1.47373e-05	8.56896e-05	-9.9	0.000848178	-1.51396e-05	0.000848297	-1.02	0.00350763	-0.000148059	0.00351073	-2.412	0.00274827	-0.00015545	0.00275256	-3.234	-1.882169e-11
0.64	320			8.51383e-05	-1.42679e-05	8.63229e-05	-9.51	0.000815872	-1.51396e-05	0.000815991	-1.056	0.00348045	-0.000148059	0.00348379	-2.436	0.00275399	-0.000154973	0.00275828	-3.216	-2.229786e-11
0.642	321			8.99364e-05	-1.53036e-05	9.12254e-05	-9.654	0.000809196	-1.39475e-05	0.000809316	-0.984	0.0034764	-0.000147344	0.00347973	-2.424	0.00275995	-0.000155927	0.00276424	-3.234	-2.443379e-11
0.644	322			0.000102096	-1.52067e-05	0.000103221	-8.472	0.000817541	-1.40668e-05	0.00081766	-0.984	0.00348331	-0.00014782	0.00348641	-2.424	0.00277044	-0.000156404	0.00277473	-3.228	-2.166966e-11
0.646	323			0.000114792	-1.7658e-05	0.00011614	-8.742	0.000856284	-1.56165e-05	0.000856403	-1.044	0.00352408	-0.000150205	0.00352718	-2.436	0.00278379	-0.000159265	0.00278832	-3.27	-2.225597e-11
0.648	324			0.000124083	-1.73823e-05	0.000125297	-7.974	0.00092316	-1.88352e-05	0.000923399	-1.164	0.00359727	-0.000153781	0.00360061	-2.448	0.00279881	-0.000160218	0.00280334	-3.276	-2.083201e-11
0.65	325			0.000127361	-1.81423e-05	0.00012865	-8.106	0.00100566	-2.18154e-05	0.0010059	-1.242	0.00369193	-0.000157357	0.00369526	-2.442	0.00281407	-0.000162364	0.0028186	-3.3	-2.053881e-11
0.652	326			0.000120521	-1.75164e-05	0.000121788	-8.268	0.00104237	-2.28883e-05	0.00104273	-1.254	0.00376822	-0.000161172	0.00377156	-2.448	0.00284435	-0.000163079	0.00284912	-3.282	-2.246536e-11
0.654	327			0.000107207	-1.84403e-05	0.000108779	-9.762	0.00102783	-2.2173e-05	0.00102807	-1.23	0.0038109	-0.000163079	0.00381424	-2.448	0.00288869	-0.000166894	0.00289346	-3.306	-2.003624e-11
0.656	328			8.61441e-05	-1.63094e-05	8.76714e-05	-10.716	0.00102652	-2.07425e-05	0.00102676	-1.152	0.00383736	-0.000163794	0.00384094	-2.442	0.00290038	-0.000166894	0.00290515	-3.288	-2.003625e-11
0.658	329			5.19084e-05	-1.3873e-05	5.37264e-05	-14.952	0.00102878	-2.03849e-05	0.00102902	-1.134	0.00384571	-0.000163556	0.00384928	-2.436	0.0028763	-0.000164987	0.00288083	-3.282	-1.857042e-11
0.66	330			2.26052e-05	-1.37389e-05	2.64497e-05	-31.278	0.00103057	-2.20538e-05	0.00103081	-1.224	0.00384857	-0.000163556	0.00385191	-2.43	0.00284697	-0.000163318	0.0028515	-3.282	-2.204657e-11
0.662	331			6.52301e-06	-1.17384e-05	1.3426e-05	-60.924	0.00103772	-2.19346e-05	0.00103784	-1.212	0.0038562	-0.000164033	0.00385977	-2.436	0.00283076	-0.000161649	0.00283529	-3.264	-2.146024e-11
0.664	332			1.89618e-06	-1.02632e-05	1.04346e-05	-79.53	0.00104452	-2.20538e-05	0.00104464	-1.206	0.00386192	-0.00016451	0.0038655	-2.436	0.00282408	-0.000161172	0.00282861	-3.264	-2.04132e-11
0.666	333			-6.92908e-07	-1.08742e-05	1.08928e-05	-93.63	0.00104535	-2.18154e-05	0.00104559	-1.188	0.00386311	-0.00016451	0.00386669	-2.436	0.00282265	-0.000160695	0.00282718	-3.252	-1.978493e-11
0.668	334			-1.05426e-06	-1.16788e-05	1.17198e-05	-95.154	0.00105799	-2.36036e-05	0.00105823	-1.272	0.00387575	-0.00016451	0.00387909	-2.43	0.00282122	-0.000160933	0.00282575	-3.264	-1.882164e-11
0.67	335			-1.56835e-06	-1.08705e-05	1.09822e-05	-98.202	0.001068	-2.28883e-05	0.00106824	-1.224	0.00388671	-0.000164748	0.00389029	-2.424	0.00282146	-0.000160695	0.00282599	-3.258	-2.041314e-11
0.672	336			-1.21818e-06	-1.1962e-05	1.20216e-05	-95.808	0.00107563	-2.4438e-05	0.00107599	-1.296	0.00389339	-0.000165463	0.00389697	-2.43	0.00282146	-0.000160695	0.00282599	-3.258	-2.238159e-11
0.674	337			-1.03936e-06	-1.16416e-05	1.16826e-05	-95.088	0.00108052	-2.34843e-05	0.00108076	-1.242	0.00389816	-0.00016594	0.00390173	-2.436	0.00282146	-0.000160933	0.00282599	-3.264	-1.865415e-11
0.676	338			-1.78815e-06	-1.21147e-05	1.22414e-05	-98.388	0.00108124	-2.43188e-05	0.00108147	-1.284	0.00389864	-0.000165702	0.00390221	-2.43	0.00282122	-0.000161887	0.00282599	-3.282	-2.24654e-11
0.678	339			-9.68583e-07	-1.22637e-05	1.22972e-05	-94.506	0.00108469	-2.49149e-05	0.00108505	-1.314	0.00390054	-0.00016594	0.00390388	-2.436	0.00281979	-0.000161649	0.00282456	-3.276	-2.238157e-11
0.68	340			-2.23518e-07	-1.25059e-05	1.25059e-05	-91.026	0.00109125	-2.46764e-05	0.00109149	-1.29	0.00390628	-0.000165702	0.00390986	-2.43	0.00281931	-0.000162364	0.00282384	-3.294	-2.016186e-11
0.682	341			7.01848e-06	-1.18688e-05	1.37836e-05	-59.394	0.00111509	-2.55109e-05	0.00111533	-1.302	0.00392583	-0.000167371	0.00392941	-2.436	0.00282122	-0.000162602	0.00282599	-3.294	-1.970119e-11
0.684	342			2.95268e-05	-1.47224e-05	3.29951e-05	-26.496	0.00115073	-2.77759e-05	0.00115109	-1.38	0.00395873	-0.000168563	0.00396231	-2.436	0.00283863	-0.000164033	0.00284339	-3.306	-1.723017e-11
0.686	343			7.52104e-05	-1.71327e-05	7.71363e-05	-12.828	0.00117887	-2.83719e-05	0.00117923	-1.374	0.00401667	-0.000172378	0.00402024	-2.454	0.00290848	-0.000167609	0.00291325	-3.294	-2.104139e-11
0.688	344			8.11634e-05	-1.73823e-05	8.29999e-05	-12.084	0.0011592	-2.7299e-05	0.00115944	-1.344	0.0040727	-0.000174285	0.00407627	-2.448	0.00299217	-0.000172139	0.00299717	-3.288	-2.129268e-11
0.69	345			5.14577e-05	-1.50987e-05	5.36258e-05	-16.35	0.00119222	-2.86103e-05	0.00119258	-1.368	0.00414661	-0.0001781	0.00415042	-2.46	0.00300933	-0.000172616	0.00301434	-3.282	-1.56805e-11
0.692	346			3.02644e-05	-1.57246e-05	3.41053e-05	-27.45	0.00120104	-2.94448e-05	0.00120128	-1.398	0.00416759	-0.000177384	0.0041714	-2.436	0.00300242	-0.000171901	0.00300719	-3.276	-2.146022e-11
0.694	347			1.77958e-05	-1.49161e-05	2.32199e-05	-39.96	0.00121642	-3.03985e-05	0.00121678	-1.434	0.00419024	-0.000178338	0.00419405	-2.436	0.00299694	-0.000171185	0.00300194	-3.264	-2.041317e-11
0.696	348			1.02893e-05	-1.49198e-05	1.81237e-05	-55.398	0.00122548	-3.18291e-05	0.00122584	-1.488	0.00420216	-0.000180007	0.00420597	-2.448	0.00299312	-0.000171185	0.00299789	-3.276	-2.393123e-11
0.698	349			6.65712e-06	-1.45995e-05	1.60449e-05	-65.478	0.00122453	-3.15907e-05	0.00122488	-1.476	0.00420406	-0.000180722	0.00420788	-2.46	0.00299098	-0.000172854	0.00299598	-3.306	-2.0832e-11
0.7	350			3.6806e-06	-1.40817e-05	1.4551e-05	-75.342	0.00121916	-3.11139e-05	0.00121964	-1.458	0.00419906	-0.000180007	0.00420287	-2.454	0.00298907	-0.000172378	0.00299408	-3.3	-2.079012e-11
0.702	351			3.52786e-06	-1.45026e-05	1.49198e-05	-76.32	0.00121117	-2.96832e-05	0.00121141	-1.398	0.00419024	-0.000179292	0.00419405	-2.448	0.0029874	-0.000171662	0.00299241	-3.288	-1.9408e-11
0.704	352			5.13348e-06	-1.34372e-05	1.43834e-05	-69.078	0.00121809	-3.01601e-05	0.00121845	-1.416	0.004195	-0.000180007	0.00419882	-2.454	0.00298811	-0.000171185	0.00299312	-3.282	-2.154393e-11
0.706	353			6.98495e-06	-1.3765e-05	1.5434e-05	-63.084	0.00122286	-3.11139e-05	0.00122321	-1.458	0.00419763	-0.000180007	0.00420144	-2.454	0.00298788	-0.000171185	0.00299264	-3.282	-1.877976e-11
0.708	354			1.10195e-05	-1.38619e-05	1.77064e-05	-51.504	0.00122262	-3.05178e-05	0.00122298	-1.428	0.004195	-0.000180722	0.00419882	-2.466	0.00298978	-0.000172378	0.00299479	-3.3	-2.079012e-11
0.71	355			1.47969e-05	-1.42158e-05	2.0519e-05	-43.842	0.00122619	-3.19483e-05	0.00122655	-1.494	0.00419691	-0.000181199	0.00420073	-2.466	0.00298978	-0.000171424	0.00299455	-3.282	-2.393121e-11
0.712	356			2.12715e-05	-1.4443e-05	2.57083e-05	-34.17	0.00122226	-3.07562e-05	0.00122262	-1.44	0.00418904	-0.000180484	0.00419286	-2.466	0.00299312	-0.000172378	0.00299813	-3.294	-2.066444e-11
0.714	357			3.45448e-05	-1.56948e-05	3.79386e-05	-24.432	0.00122882	-3.12331e-05	0.00122917	-1.452	0.00418594	-0.000180484	0.00418976	-2.466	0.00299789	-0.000172854	0.0030029	-3.3	-2.108325e-11
0.716	358			5.85841e-05	-1.63318e-05	6.08193e-05	-15.576	0.00125051	-3.25444e-05	0.00125087	-1.488	0.00419953	-0.000181676	0.00420359	-2.472	0.00301148	-0.000174523	0.00301625	-3.312	-2.673733e-11
0.718	359			9.75546e-05	-1.88501e-05	9.93577e-05	-10.938	0.00126446	-3.30212e-05	0.00126482	-1.494	0.00421265	-0.00018263	0.0042167	-2.478	0.0030482	-0.000176669	0.00305344	-3.312	-2.066443e-11
0.72	360			0.000146621	-2.09511e-05	0.000148104	-8.13	0.00126231	-3.27828e-05	0.00126279	-1.482	0.00422123	-0.000183106	0.00422505	-2.484	0.00310375	-0.000181199	0.00310923	-3.336	-2.485261e-11
0.722	361			0.00019771	-2.39314e-05	0.00019917	-6.894	0.00125612	-3.11139e-05	0.00125647	-1.416	0.00422671	-0.000183583	0.00423053	-2.484	0.00316907	-0.000185491	0.00317456	-3.348	-2.062256e-11
0.724	362			0.000233174	-2.68818e-05	0.000234724	-6.576	0.00125111	-3.13523e-05	0.00125147	-1.434	0.00422719	-0.000183345	0.00423124	-2.484	0.00321175	-0.000187875	0.00321724	-3.348	-2.053882e-11
0.726	363			0.000237466	-2.58685e-05	0.000238867	-6.21	0.00124563	-3.08754e-05	0.0012461	-1.416	0.00422528	-0.000184775	0.00422934	-2.502	0.00322296	-0.000188113	0.00322844	-3.342	-2.351244e-11
0.728	364			0.000224055	-2.59281e-05	0.000225545	-6.594	0.00124324	-3.08754e-05	0.00124372	-1.422	0.00422838	-0.000183822	0.00423244	-2.484	0.00321509	-0.000187398	0.00322057	-3.336	-2.083203e-11
0.73	365			0.000200839	-2.32757e-05	0.00020218	-6.606	0.00123883	-2.92064e-05	0.00123919	-1.35	0.00423124	-0.000184298	0.0042353	-2.49	0.00320031	-0.00018716	0.00320579	-3.342	-2.091578e-11
0.732	366			0.000182957	-2.36334e-05	0.000184477	-7.356	0.00123335	-3.00409e-05	0.0012337	-1.392	0.00423029	-0.000184537	0.00423434	-2.496	0.00318719	-0.000186206	0.00319268	-3.342	-1.681135e-11
0.734	367			0.000172944	-2.22028e-05	0.000174374	-7.308	0.00122822	-3.00409e-05	0.00122858	-1.398	0.00422838	-0.000184537	0.0042322	-2.496	0.0031798	-0.000185491	0.00318505	-3.336	-1.907298e-11
0.736	368			0.000160397	-2.19346e-05	0.000161887	-7.782	0.00121785	-2.88488e-05	0.00121821	-1.35	0.0042291	-0.000182868	0.00423315	-2.472	0.00317647	-0.000185491	0.00318195	-3.342	-1.857033e-11
0.738	369			0.000135423	-2.11896e-05	0.000137062	-8.892	0.00119019	-2.6703e-05	0.00119043	-1.278	0.00422886	-0.00018263	0.00423291	-2.472	0.00317837	-0.000184537	0.00318362	-3.324	-2.326114e-11
0.74	370			0.000112027	-2.03849e-05	0.000113875	-10.302	0.00114907	-2.55109e-05	0.0011493	-1.272	0.00422743	-0.000182391	0.00423148	-2.466	0.00319363	-0.000185491	0.00319888	-3.324	-2.233975e-11
0.742	371			9.1434e-05	-1.83583e-05	9.32519e-05	-11.346	0.00109423	-2.25307e-05	0.00109447	-1.176	0.00422791	-0.00018263	0.00423172	-2.472	0.00322653	-0.000186683	0.00323178	-3.306	-2.028753e-11
0.744	372			7.16154e-05	-1.74047e-05	7.37016e-05	-13.638	0.00106598	-2.1577e-05	0.00106622	-1.152	0.00422862	-0.000183345	0.00423267	-2.484	0.00323965	-0.00018716	0.00324513	-3.306	-2.464317e-11
0.746	373			4.93827e-05	-1.70768e-05	5.22437e-05	-19.056	0.00105763	-2.28883e-05	0.00105787	-1.236	0.00422695	-0.000183345	0.00423101	-2.478	0.00322534	-0.000186444	0.00323059	-3.306	-2.09995e-11
0.748	374			3.5912e-05	-1.63094e-05	3.94436e-05	-24.414	0.00105489	-2.24115e-05	0.00105525	-1.212	0.00422433	-0.000183345	0.00422838	-2.484	0.00321199	-0.000185967	0.00321724	-3.312	-2.133457e-11
0.75	375			2.86178e-05	-1.53707e-05	3.24848e-05	-28.23	0.00105346	-2.0981e-05	0.00105358	-1.134	0.00422314	-0.000184537	0.00422719	-2.496	0.0032046	-0.000187398	0.00321008	-3.348	-1.953366e-11
0.752	376			2.47509e-05	-1.52067e-05	2.90425e-05	-31.554	0.00104905	-2.16962e-05	0.00104929	-1.182	0.00421837	-0.000184298	0.00422242	-2.502	0.00319983	-0.000186683	0.00320531	-3.336	-1.819343e-11
0.754	377			1.7956e-05	-1.52589e-05	2.35589e-05	-40.344	0.00105	-2.18154e-05	0.00105024	-1.188	0.00422004	-0.000185252	0.00422385	-2.514	0.00319387	-0.000186206	0.00319935	-3.336	-2.041317e-11
0.756	378			7.17121e-06	-1.35415e-05	1.53222e-05	-62.088	0.00105072	-2.18154e-05	0.00105084	-1.188	0.00422075	-0.000185491	0.00422481	-2.514	0.0031829	-0.000185729	0.00318839	-3.336	-1.790025e-11
0.758	379			1.29641e-06	-1.29231e-05	1.29864e-05	-84.258	0.00108088	-2.36036e-05	0.00108112	-1.248	0.00424984	-0.000186444	0.00425389	-2.508	0.00317647	-0.000183345	0.00318171	-3.306	-2.460136e-11
0.76	380			-4.2841e-07	-1.21892e-05	1.21892e-05	-92.004	0.00110341	-2.49149e-05	0.00110365	-1.29	0.00427178	-0.000187636	0.00427607	-2.514	0.0031736	-0.000183345	0.00317909	-3.306	-1.819346e-11
0.762	381			-2.42146e-07	-1.226e-05	1.226e-05	-91.122	0.00117684	-2.87296e-05	0.0011772	-1.392	0.00434473	-0.000190736	0.00434902	-2.514	0.00317241	-0.000183822	0.00317766	-3.312	-2.577404e-11
0.764	382			-1.49757e-06	-1.51247e-05	1.51955e-05	-95.652	0.00121392	-3.05178e-05	0.00121439	-1.44	0.00438026	-0.000191451	0.00438455	-2.502	0.00317146	-0.000184298	0.0031767	-3.324	-2.166967e-11
0.766	383			-9.01524e-07	-1.2938e-05	1.29641e-05	-93.978	0.0012132	-2.9564e-05	0.00121356	-1.392	0.00437763	-0.000191451	0.00438169	-2.502	0.00316979	-0.00018406	0.00317504	-3.324	-1.940804e-11
0.768	384			1.35601e-06	-1.3683e-05	1.37464e-05	-84.336	0.00118149	-2.8968e-05	0.00118185	-1.404	0.00434473	-0.000190259	0.00434902	-2.508	0.00317074	-0.000184298	0.00317599	-3.324	-2.095759e-11
0.77	385			1.38544e-05	-1.44244e-05	1.99975e-05	-46.146	0.00115526	-2.69414e-05	0.00115562	-1.338	0.00431803	-0.000188828	0.00432208	-2.502	0.00318028	-0.000185014	0.00318576	-3.33	-2.192087e-11
0.772	386			3.69439e-05	-1.59183e-05	4.02259e-05	-23.304	0.00112391	-2.62262e-05	0.00112427	-1.338	0.004298	-0.000190021	0.00430205	-2.526	0.0032139	-0.000187636	0.00321938	-3.342	-1.714636e-11
0.774	387			7.18241e-05	-1.66484e-05	7.37277e-05	-13.05	0.00112534	-2.50341e-05	0.00112558	-1.272	0.00436237	-0.000191451	0.00436667	-2.508	0.00330187	-0.000191689	0.00330736	-3.324	-1.513605e-11
0.776	388			6.60536e-05	-1.81646e-05	6.85011e-05	-15.372	0.00113965	-2.40804e-05	0.00113989	-1.212	0.00446633	-0.000197173	0.00447062	-2.526	0.00338842	-0.000199319	0.00339414	-3.366	-2.037128e-11
0.778	389			3.69365e-05	-1.68645e-05	4.06022e-05	-24.54	0.00119639	-2.51533e-05	0.00119663	-1.2	0.00456241	-0.000202657	0.0045667	-2.544	0.00340678	-0.000200988	0.0034125	-3.372	-1.9408e-11
0.78	390			1.76915e-05	-1.56873e-05	2.36445e-05	-41.562	0.00121618	-2.71798e-05	0.00121654	-1.272	0.00459054	-0.00020218	0.00459483	-2.52	0.00339796	-0.000200273	0.00340392	-3.372	-1.982683e-11
0.782	391			5.63639e-06	-1.38693e-05	1.49683e-05	-67.878	0.00121678	-2.56301e-05	0.00121702	-1.2	0.00459436	-0.000202657	0.00459865	-2.52	0.00338961	-0.000200273	0.00339557	-3.378	-2.179522e-11
0.784	392			1.08034e-06	-1.43126e-05	1.43462e-05	-85.686	0.00122035	-2.63454e-05	0.00122059	-1.23	0.0045996	-0.00020218	0.00460437	-2.514	0.00338627	-0.000199319	0.00339223	-3.366	-1.769088e-11
0.786	393			-5.73698e-07	-1.39997e-05	1.40034e-05	-92.334	0.0012256	-2.69414e-05	0.00122584	-1.26	0.00460437	-0.00020218	0.00460866	-2.514	0.00338437	-0.000199557	0.00339009	-3.372	-1.957558e-11
0.788	394			-1.04681e-06	-1.39028e-05	1.39364e-05	-94.29	0.00122572	-2.69414e-05	0.00122596	-1.26	0.00460532	-0.00020361	0.00460961	-2.526	0.00338484	-0.00019908	0.00339057	-3.366	-1.790029e-11
0.79	395			-2.12343e-06	-1.41971e-05	1.43499e-05	-98.496	0.00122882	-2.86103e-05	0.00122917	-1.332	0.00460818	-0.000204087	0.00461248	-2.532	0.00338365	-0.000198604	0.00338961	-3.36	-1.915672e-11
0.792	396			-1.24053e-06	-1.46181e-05	1.46665e-05	-94.848	0.00123156	-2.68222e-05	0.00123192	-1.242	0.00461105	-0.000202657	0.00461534	-2.514	0.00338508	-0.000199557	0.0033908	-3.372	-2.129271e-11
0.794	397			-1.33366e-06	-1.38395e-05	1.38991e-05	-95.502	0.00123156	-2.7299e-05	0.00123192	-1.266	0.00461057	-0.000202657	0.00461486	-2.514	0.00338508	-0.000198842	0.0033908	-3.36	-1.936615e-11
0.796	398			-5.92325e-07	-1.45846e-05	1.45957e-05	-92.316	0.00123323	-2.64646e-05	0.00123347	-1.224	0.00461152	-0.000201226	0.00461581	-2.496	0.00338508	-0.000199796	0.0033908	-3.378	-2.05388e-11
0.798	399			-5.84874e-07	-1.45287e-05	1.45361e-05	-92.298	0.00123204	-2.63454e-05	0.00123227	-1.224	0.00461152	-0.00020218	0.00461581	-2.508	0.00338508	-0.00019908	0.0033908	-3.366	-2.05388e-11
0.8	400			-8.23293e-07	-1.46367e-05	1.46591e-05	-93.21	0.00123335	-2.69414e-05	0.00123359	-1.248	0.00461295	-0.000202657	0.00461724	-2.508	0.00338484	-0.000200034	0.00339057	-3.378	-2.108326e-11
0.802	401			6.89182e-07	-1.49422e-05	1.49534e-05	-87.354	0.00123239	-2.6107e-05	0.00123263	-1.212	0.00461248	-0.000202657	0.00461677	-2.514	0.00338723	-0.000200034	0.00339295	-3.378	-2.179526e-11
0.804	402			4.90624e-06	-1.54973e-05	1.62498e-05	-72.432	0.00123251	-2.87296e-05	0.00123275	-1.332	0.00461343	-0.000204087	0.00461772	-2.526	0.00339057	-0.000198365	0.00339629	-3.348	-1.702073e-11
0.806	403			1.06693e-05	-1.58512e-05	1.91034e-05	-56.052	0.00123299	-2.77759e-05	0.00123335	-1.284	0.00461486	-0.00020361	0.00461915	-2.52	0.00339843	-0.000200273	0.00340439	-3.372	-2.10414e-11
0.808	404			1.99751e-05	-1.61083e-05	2.56562e-05	-38.88	0.00123144	-2.98024e-05	0.00123168	-1.386	0.00461486	-0.000205041	0.00461963	-2.538	0.00340749	-0.000200511	0.00341345	-3.366	-1.735578e-11
0.81	405			2.78876e-05	-1.61343e-05	3.22165e-05	-30.048	0.00123156	-2.7299e-05	0.00123192	-1.266	0.00461438	-0.000203134	0.00461867	-2.52	0.00341727	-0.000201941	0.00342323	-3.378	-2.012e-11
0.812	406			3.38519e-05	-1.61008e-05	3.74878e-05	-25.434	0.00123239	-2.74183e-05	0.00123263	-1.272	0.00461534	-0.000204087	0.00461963	-2.532	0.00342323	-0.000202657	0.00342943	-3.384	-1.97012e-11
0.814	407			4.81422e-05	-1.75015e-05	5.12267e-05	-19.974	0.00123502	-2.75375e-05	0.00123537	-1.272	0.00461724	-0.000204087	0.00462154	-2.526	0.00343539	-0.000203849	0.00344135	-3.396	-2.00781e-11
0.816	408			7.20662e-05	-1.95318e-05	7.46665e-05	-15.162	0.00124396	-2.7299e-05	0.00124419	-1.254	0.00462535	-0.000204087	0.00462964	-2.52	0.00345756	-0.000204564	0.00346376	-3.384	-1.831908e-11
0.818	409			9.78936e-05	-2.20762e-05	0.000100352	-12.708	0.00125743	-2.92064e-05	0.00125778	-1.332	0.0046387	-0.000204564	0.00464299	-2.52	0.00348498	-0.000206948	0.00349118	-3.396	-2.464317e-11
0.82	410			0.000129388	-2.27393e-05	0.00013137	-9.966	0.00128282	-2.90872e-05	0.00128318	-1.296	0.00466827	-0.000205518	0.00467303	-2.52	0.00351788	-0.00020814	0.00352408	-3.384	-1.861229e-11
0.822	411			0.000167073	-2.60548e-05	0.000169092	-8.862	0.00135625	-3.26636e-05	0.00135661	-1.374	0.00475028	-0.000208856	0.00475505	-2.514	0.00356151	-0.000211717	0.00356795	-3.396	-2.305173e-11
0.824	412			0.000192494	-2.79547e-05	0.000194521	-8.262	0.00146437	-3.88625e-05	0.00146485	-1.518	0.00487044	-0.000214101	0.00487521	-2.514	0.00359823	-0.000213624	0.00360443	-3.396	-1.702076e-11
0.826	413			0.000195266	-2.75673e-05	0.000197203	-8.034	0.0015365	-4.35116e-05	0.00153709	-1.62	0.00495914	-0.000219346	0.0049639	-2.526	0.00362255	-0.000214339	0.00362898	-3.384	-1.61831e-11
0.828	414			0.000184775	-2.72096e-05	0.000186772	-8.376	0.00157047	-4.42269e-05	0.00157107	-1.608	0.00501826	-0.000222207	0.00502351	-2.532	0.00363614	-0.000215054	0.00364257	-3.384	-2.003623e-11
0.83	415			0.000164957	-2.70904e-05	0.000167162	-9.324	0.00156177	-4.41077e-05	0.00156236	-1.614	0.00505498	-0.000222207	0.00506023	-2.514	0.00366093	-0.000215054	0.00366713	-3.36	-2.041317e-11
0.832	416			0.000140817	-2.55109e-05	0.000143082	-10.26	0.00151301	-4.24387e-05	0.00151361	-1.602	0.00506023	-0.000224114	0.00506547	-2.532	0.00369193	-0.000216485	0.00369836	-3.354	-2.200466e-11
0.834	417			0.000121624	-2.39612e-05	0.000123949	-11.13	0.00146771	-3.99353e-05	0.00146831	-1.554	0.00505069	-0.000223161	0.00505593	-2.526	0.00371028	-0.000217677	0.00371672	-3.354	-2.041316e-11
0.836	418			0.000105769	-2.31863e-05	0.000108272	-12.354	0.00146032	-3.95777e-05	0.0014608	-1.548	0.0050669	-0.000223638	0.00507215	-2.52	0.00371958	-0.000217677	0.00372602	-3.348	-1.685322e-11
0.838	419			8.70829e-05	-2.28585e-05	9.00333e-05	-14.688	0.00144935	-3.79088e-05	0.00144983	-1.494	0.00506499	-0.000223161	0.00507024	-2.52	0.00371195	-0.000218154	0.00371839	-3.366	-2.292609e-11
0.84	420			8.06157e-05	-2.31565e-05	8.38642e-05	-16.008	0.00146485	-3.8028e-05	0.00146533	-1.488	0.00507072	-0.000224591	0.00507596	-2.532	0.00369574	-0.000218631	0.00370242	-3.384	-1.944991e-11
0.842	421			0.00010261	-2.44082e-05	0.000105471	-13.374	0.00150896	-4.12466e-05	0.00150955	-1.566	0.00508216	-0.000226499	0.00508693	-2.55	0.00368406	-0.000219346	0.00369073	-3.402	-1.890542e-11
0.844	422			9.70368e-05	-2.37228e-05	9.98979e-05	-13.728	0.00151504	-4.22003e-05	0.00151563	-1.596	0.00508073	-0.000226499	0.00508597	-2.55	0.00367118	-0.000218392	0.00367762	-3.402	-2.037127e-11
0.846	423			9.35202e-05	-2.28883e-05	9.62918e-05	-13.746	0.00152159	-4.13659e-05	0.00152219	-1.554	0.00507835	-0.000226022	0.00508311	-2.544	0.00365902	-0.000217677	0.00366546	-3.402	-2.016187e-11
0.848	424			8.57417e-05	-2.11598e-05	8.83047e-05	-13.848	0.00151873	-4.23195e-05	0.00151933	-1.596	0.00507167	-0.000226975	0.00507644	-2.556	0.00364639	-0.000216723	0.00365306	-3.396	-2.631845e-11
0.85	425			6.5655e-05	-2.00869e-05	6.86352e-05	-16.992	0.00150264	-4.20811e-05	0.00150324	-1.602	0.00506452	-0.000226022	0.00506929	-2.55	0.00363494	-0.000214339	0.00364138	-3.372	-1.513609e-11
0.852	426			6.08864e-05	-1.93418e-05	6.38668e-05	-17.598	0.0014881	-4.04122e-05	0.00148869	-1.554	0.00505164	-0.000225545	0.00505641	-2.556	0.00363208	-0.000212909	0.00363804	-3.354	-2.10833e-11
0.854	427			5.78763e-05	-1.8418e-05	6.07374e-05	-17.646	0.00148488	-4.10082e-05	0.00148536	-1.578	0.0050526	-0.000226022	0.00505784	-2.562	0.00363256	-0.000213147	0.00363876	-3.354	-2.108329e-11
0.856	428			5.97837e-05	-1.9312e-05	6.28238e-05	-17.88	0.00148333	-4.0293e-05	0.00148392	-1.554	0.00505212	-0.000226022	0.00505736	-2.556	0.00363518	-0.000214101	0.00364138	-3.372	-2.032943e-11
0.858	429			5.26609e-05	-1.8418e-05	5.57902e-05	-19.272	0.0014639	-3.89817e-05	0.00146449	-1.518	0.00504926	-0.000225068	0.00505403	-2.55	0.00364377	-0.000214578	0.00364996	-3.372	-2.133463e-11
0.86	430			5.11112e-05	-1.76133e-05	5.40616e-05	-18.996	0.00144006	-3.81472e-05	0.00144053	-1.512	0.0050464	-0.000225545	0.00505164	-2.556	0.00366212	-0.000215054	0.00366856	-3.36	-2.435e-11
0.862	431			5.96645e-05	-1.94014e-05	6.27344e-05	-18.006	0.00141502	-3.75512e-05	0.0014155	-1.518	0.00503495	-0.000225068	0.00503972	-2.556	0.00368573	-0.000216962	0.00369193	-3.366	-2.129267e-11
0.864	432			6.87544e-05	-1.92524e-05	7.1377e-05	-15.624	0.00140548	-3.76704e-05	0.00140596	-1.53	0.00503114	-0.000226499	0.00503591	-2.574	0.00370027	-0.000217677	0.00370647	-3.366	-1.965931e-11
0.866	433			6.94697e-05	-1.89246e-05	7.20029e-05	-15.228	0.00140572	-3.76704e-05	0.0014062	-1.536	0.00503448	-0.000227929	0.00503924	-2.586	0.00370575	-0.000219584	0.00371219	-3.39	-2.087386e-11
0.868	434			7.14664e-05	-1.86862e-05	7.38804e-05	-14.634	0.0014186	-3.69551e-05	0.00141907	-1.488	0.00504926	-0.000227929	0.0050545	-2.58	0.00370957	-0.0002203	0.00371601	-3.396	-1.93242e-11
0.87	435			8.03177e-05	-1.99379e-05	8.27615e-05	-13.926	0.00142647	-3.5763e-05	0.00142694	-1.434	0.00506261	-0.000228883	0.00506738	-2.586	0.00372173	-0.000222922	0.0037284	-3.426	-2.455945e-11
0.872	436			0.000108511	-2.16366e-05	0.000110656	-11.262	0.00142456	-3.56438e-05	0.00142504	-1.428	0.00507358	-0.000228883	0.00507835	-2.58	0.00376059	-0.000226022	0.00376751	-3.438	-2.233974e-11
0.874	437			0.000127942	-2.32161e-05	0.000130028	-10.278	0.0014248	-3.46901e-05	0.00142515	-1.392	0.00507978	-0.00023079	0.00508502	-2.598	0.00378968	-0.000228406	0.00379659	-3.45	-1.970117e-11
0.876	438			0.00014633	-2.48553e-05	0.000148446	-9.636	0.00142635	-3.2902e-05	0.0014267	-1.32	0.00508597	-0.00022936	0.00509074	-2.58	0.00381066	-0.000231267	0.00381757	-3.468	-1.584807e-11
0.878	439			0.000159741	-2.58089e-05	0.000161798	-9.174	0.00142957	-3.39749e-05	0.00142992	-1.356	0.00509265	-0.00023079	0.0050979	-2.592	0.00382854	-0.000232221	0.00383569	-3.468	-1.974306e-11
0.88	440			0.000170858	-2.68818e-05	0.000172944	-8.934	0.00143016	-3.5167e-05	0.00143052	-1.41	0.00509694	-0.000231267	0.00510266	-2.592	0.00384428	-0.000233413	0.00385143	-3.474	-1.932425e-11
0.882	441			0.000173033	-2.59877e-05	0.00017497	-8.538	0.00143207	-3.39749e-05	0.00143255	-1.356	0.00510791	-0.000231744	0.00511363	-2.592	0.00385429	-0.000233174	0.0038612	-3.462	-2.187903e-11
0.884	442			0.000160933	-2.54811e-05	0.00016293	-8.988	0.00143016	-3.50478e-05	0.00143064	-1.398	0.00511745	-0.000231744	0.00512269	-2.586	0.0038562	-0.00023389	0.00386311	-3.468	-1.85285e-11
0.886	443			0.000145973	-2.50937e-05	0.000148118	-9.744	0.00140632	-3.40941e-05	0.00140668	-1.386	0.00512126	-0.000232697	0.00512698	-2.598	0.00386573	-0.000234366	0.00387289	-3.468	-1.886356e-11
0.888	444			0.000122816	-2.41102e-05	0.000125171	-11.1	0.00134171	-2.93256e-05	0.00134207	-1.248	0.00511554	-0.00023079	0.00512078	-2.58	0.00389864	-0.000236512	0.00390579	-3.468	-1.710451e-11
0.89	445			8.46391e-05	-2.1875e-05	8.74107e-05	-14.472	0.00126506	-2.57493e-05	0.00126529	-1.164	0.00510123	-0.00022936	0.00510648	-2.574	0.00392726	-0.000236512	0.00393441	-3.444	-2.053881e-11
0.892	446			4.58362e-05	-2.01763e-05	5.00681e-05	-23.724	0.00121129	-2.36036e-05	0.00121141	-1.11	0.00508884	-0.00022936	0.0050936	-2.574	0.00393108	-0.000235797	0.00393823	-3.432	-1.676948e-11
0.894	447			1.70247e-05	-1.80007e-05	2.47733e-05	-46.59	0.00118662	-2.1577e-05	0.00118686	-1.038	0.00508168	-0.000227452	0.00508693	-2.562	0.00392035	-0.000234843	0.00392726	-3.426	-1.697886e-11
0.896	448			4.93976e-06	-1.71961e-05	1.7889e-05	-73.968	0.00117756	-2.13386e-05	0.0011778	-1.032	0.00507548	-0.000228406	0.00508025	-2.574	0.00391105	-0.00023389	0.0039182	-3.42	-1.68951e-11
0.898	449			-4.76841e-07	-1.68496e-05	1.68533e-05	-91.62	0.00117553	-2.11002e-05	0.00117577	-1.026	0.0050731	-0.000228406	0.00507835	-2.574	0.00390507	-0.000233174	0.00391224	-3.42	-1.739768e-11
0.9	450			-2.20539e-06	-1.75351e-05	1.76692e-05	-97.164	0.00117446	-2.0981e-05	0.00117458	-1.02	0.00507262	-0.000227929	0.00507787	-2.568	0.00390388	-0.000234366	0.00391081	-3.432	-2.502016e-11
0.902	451			-1.32249e-06	-1.6533e-05	1.65814e-05	-94.566	0.00117422	-2.11002e-05	0.00117446	-1.026	0.00507167	-0.000226499	0.00507692	-2.556	0.00390388	-0.000232459	0.00391057	-3.408	-2.20047e-11
0.904	452			-1.25543e-06	-1.66484e-05	1.66894e-05	-94.308	0.00117517	-2.1577e-05	0.00117529	-1.05	0.00507262	-0.000227452	0.00507739	-2.562	0.00390412	-0.000232221	0.00391105	-3.402	-2.133459e-11
0.906	453			-2.3842e-06	-1.68459e-05	1.70061e-05	-98.052	0.00117517	-2.20538e-05	0.00117541	-1.074	0.00507262	-0.000226022	0.00507787	-2.55	0.00390293	-0.000231029	0.00390986	-3.39	-1.764899e-11
0.908	454			-1.69129e-06	-1.73488e-05	1.7427e-05	-95.562	0.00118089	-2.16962e-05	0.00118101	-1.05	0.00507978	-0.000226975	0.00508502	-2.556	0.00390483	-0.000232221	0.00391176	-3.402	-2.363806e-11
0.91	455			-1.97069e-06	-1.7386e-05	1.74941e-05	-96.468	0.00119174	-2.26499e-05	0.00119198	-1.086	0.00508931	-0.000226022	0.00509408	-2.538	0.00390412	-0.000231029	0.00391105	-3.384	-2.003626e-11
0.912	456			-1.8552e-06	-1.67341e-05	1.68347e-05	-96.318	0.00121403	-2.39612e-05	0.00121439	-1.128	0.00511315	-0.000227452	0.00511792	-2.544	0.00390412	-0.000231029	0.00391105	-3.384	-1.85704e-11
0.914	457			-2.07128e-06	-1.90065e-05	1.91183e-05	-96.216	0.00124324	-2.63454e-05	0.00124348	-1.212	0.00514176	-0.000227929	0.00514701	-2.532	0.00390436	-0.000231029	0.00391105	-3.384	-1.555491e-11
0.916	458			-2.3395e-06	-1.89693e-05	1.91109e-05	-97.02	0.00127006	-2.80143e-05	0.00127042	-1.26	0.00516894	-0.000230313	0.00517371	-2.55	0.00390507	-0.000231029	0.003912	-3.384	-2.146019e-11
0.918	459			-2.95044e-06	-1.93828e-05	1.95989e-05	-98.658	0.00126577	-2.78951e-05	0.00126601	-1.26	0.00516561	-0.00022936	0.00517085	-2.538	0.00390436	-0.000231029	0.00391129	-3.384	-2.053884e-11
0.92	460			-1.92226e-06	-1.96249e-05	1.97144e-05	-95.586	0.00133062	-3.07562e-05	0.00133098	-1.32	0.00523379	-0.000231744	0.00523856	-2.532	0.00390603	-0.000230552	0.00391272	-3.372	-2.12508e-11
0.922	461			-2.9579e-06	-1.90326e-05	1.92524e-05	-98.832	0.00146259	-3.73127e-05	0.00146306	-1.458	0.00536588	-0.000239373	0.00537112	-2.556	0.00390628	-0.000231982	0.00391319	-3.396	-1.706264e-11
0.924	462			-3.07338e-06	-1.91071e-05	1.93493e-05	-99.138	0.00148285	-3.85048e-05	0.00148333	-1.482	0.00538495	-0.000240327	0.00539067	-2.55	0.00390771	-0.000231744	0.00391462	-3.396	-1.924046e-11
0.926	463			-3.0771e-06	-1.97628e-05	1.99937e-05	-98.85	0.00159002	-4.43461e-05	0.00159062	-1.596	0.00549462	-0.000246527	0.00549987	-2.568	0.00390938	-0.000232459	0.00391629	-3.402	-1.877982e-11
0.928	464			-1.46405e-06	-1.97926e-05	1.9841e-05	-94.23	0.00166059	-4.78032e-05	0.00166119	-1.65	0.00556996	-0.000252249	0.00557521	-2.592	0.00391415	-0.000234366	0.00392106	-3.426	-1.702074e-11
0.93	465			-5.66248e-07	-1.99453e-05	1.9949e-05	-91.62	0.00168789	-4.94721e-05	0.00168861	-1.68	0.00559953	-0.000253679	0.00560525	-2.592	0.00391939	-0.000235797	0.00392631	-3.444	-2.045502e-11
0.932	466			-6.55655e-07	-2.04259e-05	2.04333e-05	-91.83	0.00169135	-4.89953e-05	0.00169206	-1.656	0.00560668	-0.000254633	0.0056124	-2.598	0.00392154	-0.000236989	0.00392893	-3.456	-1.71045e-11
0.934	467			-2.83124e-07	-2.01092e-05	2.01055e-05	-90.798	0.00168312	-4.89953e-05	0.00168384	-1.662	0.00561097	-0.000257017	0.00561717	-2.616	0.00393441	-0.000238181	0.00394157	-3.462	-2.079007e-11
0.936	468			-1.38954e-06	-2.09847e-05	2.10257e-05	-93.78	0.0016749	-4.81608e-05	0.00167549	-1.644	0.00560954	-0.000256063	0.00561526	-2.61	0.00394014	-0.000240327	0.00394753	-3.492	-1.718828e-11
0.938	469			-1.32621e-06	-1.98336e-05	1.98745e-05	-93.816	0.0016656	-4.72071e-05	0.00166631	-1.62	0.00560573	-0.000255587	0.00561145	-2.61	0.00394633	-0.000239373	0.00395349	-3.468	-1.873794e-11
0.94	470			1.39327e-06	-1.94946e-05	1.95393e-05	-85.902	0.00164307	-4.61342e-05	0.00164378	-1.608	0.00560525	-0.000256063	0.00561097	-2.616	0.00396875	-0.000241042	0.00397614	-3.474	-1.915671e-11
0.942	471			2.4289e-06	-1.92077e-05	1.93567e-05	-82.788	0.00162125	-4.33924e-05	0.00162185	-1.53	0.00560096	-0.000255587	0.0056062	-2.61	0.00398806	-0.000241996	0.00399521	-3.468	-2.024562e-11
0.944	472			5.98285e-06	-1.8906e-05	1.98261e-05	-72.438	0.0015992	-4.20811e-05	0.00159968	-1.506	0.0056062	-0.00025511	0.00561193	-2.604	0.00401881	-0.000242949	0.0040262	-3.456	-2.032944e-11
0.946	473			1.27815e-05	-1.71923e-05	2.14205e-05	-53.364	0.00158323	-4.0889e-05	0.0015837	-1.476	0.00560668	-0.000256063	0.00561288	-2.616	0.00404194	-0.000243665	0.00404933	-3.45	-1.940802e-11
0.948	474			1.84776e-05	-1.95616e-05	2.69079e-05	-46.626	0.00156999	-4.04122e-05	0.00157047	-1.47	0.0056105	-0.000256063	0.00561622	-2.61	0.00406554	-0.000245335	0.00407293	-3.456	-2.359619e-11
0.95	475			2.73922e-05	-1.94238e-05	3.35763e-05	-35.34	0.0015533	-3.99353e-05	0.00155378	-1.47	0.00561622	-0.000257017	0.00562242	-2.616	0.00409582	-0.000246765	0.00410321	-3.45	-2.058068e-11
0.952	476			3.93505e-05	-2.00534e-05	4.41635e-05	-27.0	0.00153352	-3.89817e-05	0.00153399	-1.452	0.00562385	-0.000257017	0.00562957	-2.61	0.00413445	-0.000249865	0.00414208	-3.456	-2.011992e-11
0.954	477			3.92685e-05	-1.98596e-05	4.40071e-05	-26.826	0.00150026	-3.71935e-05	0.00150073	-1.416	0.00562528	-0.000257494	0.00563148	-2.616	0.00416949	-0.000250818	0.00417688	-3.444	-1.37121e-11
0.956	478			3.29504e-05	-1.97293e-05	3.84043e-05	-30.906	0.00146163	-3.63591e-05	0.00146211	-1.422	0.00561813	-0.000257017	0.00562432	-2.616	0.00419644	-0.000251533	0.00420406	-3.426	-2.372182e-11
0.958	479			2.90462e-05	-1.96398e-05	3.50627e-05	-34.062	0.00143362	-3.37365e-05	0.00143398	-1.344	0.00561526	-0.00025654	0.00562099	-2.61	0.00421694	-0.000253202	0.00422457	-3.438	-2.020375e-11
0.96	480			2.55668e-05	-1.87048e-05	3.16764e-05	-36.186	0.00142635	-3.36173e-05	0.0014267	-1.344	0.00561956	-0.000257494	0.00562528	-2.622	0.00422719	-0.000253679	0.00423506	-3.432	-2.133455e-11
0.962	481			2.34173e-05	-1.93344e-05	3.03687e-05	-39.54	0.00144614	-3.43325e-05	0.00144649	-1.362	0.00564292	-0.000259878	0.00564912	-2.634	0.00422814	-0.000255587	0.00423577	-3.456	-2.166963e-11
0.964	482			3.28983e-05	-1.93977e-05	3.81882e-05	-30.522	0.00146914	-3.48093e-05	0.00146962	-1.356	0.00565627	-0.000260355	0.00566199	-2.634	0.00422886	-0.00025654	0.00423673	-3.468	-1.622499e-11
0.966	483			4.07177e-05	-2.0668e-05	4.56611e-05	-26.91	0.00148488	-3.43325e-05	0.00148524	-1.326	0.00566295	-0.000260832	0.00566915	-2.634	0.00422719	-0.000258209	0.00423506	-3.492	-2.024562e-11
0.968	484			6.49844e-05	-2.10517e-05	6.83074e-05	-17.946	0.00150646	-3.58822e-05	0.00150681	-1.362	0.00565913	-0.000261785	0.00566486	-2.646	0.00422791	-0.000258209	0.00423577	-3.492	-2.263289e-11
0.97	485			9.31998e-05	-2.3529e-05	9.61279e-05	-14.166	0.00152839	-3.63591e-05	0.00152887	-1.362	0.00565484	-0.000260832	0.00566056	-2.64	0.00422814	-0.000259163	0.00423625	-3.504	-2.116701e-11
0.972	486			9.5502e-05	-2.25605e-05	9.81246e-05	-13.29	0.00152505	-3.61206e-05	0.00152541	-1.356	0.00564912	-0.000260355	0.00565532	-2.64	0.0042291	-0.000259163	0.0042372	-3.504	-2.367993e-11
0.974	487			0.000107736	-2.414e-05	0.000110411	-12.63	0.00153101	-3.58822e-05	0.00153137	-1.338	0.00564292	-0.000261309	0.00564912	-2.646	0.0042291	-0.000259878	0.0042372	-3.516	-2.058068e-11
0.976	488			8.64645e-05	-2.35365e-05	8.9616e-05	-15.222	0.00150634	-3.52862e-05	0.00150681	-1.338	0.00563958	-0.000261309	0.0056453	-2.652	0.00422838	-0.00025964	0.00423649	-3.51	-2.08738e-11
0.978	489			8.23368e-05	-2.25009e-05	8.53618e-05	-15.282	0.00149883	-3.64783e-05	0.0014993	-1.392	0.00563815	-0.000260832	0.00564387	-2.646	0.00423005	-0.000258209	0.00423792	-3.492	-2.133455e-11
0.98	490			9.06293e-05	-2.27989e-05	9.34531e-05	-14.112	0.00150038	-3.5167e-05	0.00150073	-1.338	0.0056372	-0.000260355	0.00564292	-2.646	0.00423554	-0.000259163	0.0042434	-3.504	-1.756521e-11
0.982	491			8.69189e-05	-2.24636e-05	8.97725e-05	-14.49	0.00148595	-3.55246e-05	0.00148643	-1.368	0.00563672	-0.000260832	0.00564292	-2.646	0.00424674	-0.000259878	0.00425461	-3.498	-2.225601e-11
0.984	492			7.44616e-05	-2.19495e-05	7.76281e-05	-16.422	0.00145973	-3.46901e-05	0.00146008	-1.356	0.00563672	-0.000261309	0.00564292	-2.652	0.0042589	-0.000260355	0.00426677	-3.498	-2.472701e-11
0.986	493			6.45001e-05	-2.06904e-05	6.77337e-05	-17.784	0.00144089	-3.27828e-05	0.00144125	-1.302	0.00563625	-0.000260355	0.00564197	-2.646	0.00426701	-0.000260117	0.00427487	-3.486	-2.058069e-11
0.988	494			5.50377e-05	-2.09437e-05	5.88896e-05	-20.826	0.00141967	-3.19483e-05	0.00142003	-1.284	0.00563481	-0.000259878	0.00564054	-2.64	0.00427821	-0.000260832	0.00428632	-3.486	-1.915668e-11
0.99	495			5.55965e-05	-2.05861e-05	5.92771e-05	-20.31	0.00140954	-3.14715e-05	0.0014099	-1.278	0.00563481	-0.000260355	0.00564054	-2.646	0.00428823	-0.000260593	0.00429609	-3.474	-1.672758e-11
0.992	496			5.87183e-05	-2.09064e-05	6.2332e-05	-19.596	0.00140322	-3.08754e-05	0.00140358	-1.254	0.00563529	-0.000259878	0.00564101	-2.64	0.00429872	-0.000261785	0.00430682	-3.48	-2.493634e-11
0.994	497			5.52239e-05	-2.15695e-05	5.92771e-05	-21.33	0.00140322	-3.07562e-05	0.00140358	-1.254	0.00563481	-0.000259878	0.00564054	-2.64	0.00429586	-0.000261785	0.00430372	-3.486	-2.133459e-11
0.996	498			5.20127e-05	-2.03924e-05	5.58647e-05	-21.402	0.0014025	-2.99216e-05	0.00140274	-1.218	0.00563625	-0.000259401	0.00564197	-2.634	0.00429323	-0.000261785	0.00430134	-3.486	-1.735578e-11
0.998	499			6.02456e-05	-2.14056e-05	6.39339e-05	-19.554	0.00140334	-3.07562e-05	0.0014037	-1.254	0.00563481	-0.000260832	0.00564054	-2.646	0.00430015	-0.000262501	0.00430802	-3.492	-2.133454e-11
1.0	500			7.39251e-05	-2.16441e-05	7.70246e-05	-16.314	0.00140537	-2.99216e-05	0.0014056	-1.218	0.00563529	-0.000259401	0.00564101	-2.634	0.00431111	-0.000263693	0.00431922	-3.498	-2.359619e-11
