variable x	variable x count			lockin1 x	lockin1 y	lockin1 r	lockin1 phi	lockin2 x	lockin2 y	lockin2 r	lockin2 phi	lockin3 x	lockin3 y	lockin3 r	lockin3 phi	smu1 meas	


0.0	0			2.83328e-05	-1.23494e-06	2.83589e-05	-2.49	-4.84849e-06	-7.46924e-07	4.90437e-06	-171.246	2.91766e-05	-3.87432e-07	2.91766e-05	-0.744	-1.869629e-11
0.0025	1			2.75524e-05	-1.32435e-06	2.7584e-05	-2.748	-1.80985e-05	-4.93603e-08	1.80976e-05	-179.844	2.74257e-05	9.01524e-07	2.74406e-05	1.89	-1.383798e-11
0.005	2			2.63994e-05	-1.60002e-06	2.64478e-05	-3.462	-3.25555e-05	6.79869e-07	3.25611e-05	178.8	2.70755e-05	9.16425e-07	2.70904e-05	1.944	-2.003652e-11
0.0075	3			2.60064e-05	-1.69688e-06	2.60622e-05	-3.732	-4.70283e-05	1.36346e-06	4.70469e-05	178.338	2.52874e-05	1.1325e-06	2.53172e-05	2.568	-1.748172e-11
0.01	4			2.45442e-05	-1.52179e-06	2.45908e-05	-3.54	-6.00407e-05	1.94834e-06	6.00668e-05	178.14	2.48851e-05	1.91481e-06	2.49521e-05	4.41	-2.229814e-11
0.0125	5			2.49596e-05	-1.60002e-06	2.50117e-05	-3.666	-7.22301e-05	2.56674e-06	7.22711e-05	177.96	2.52129e-05	1.09524e-06	2.52427e-05	2.496	-2.288451e-11
0.015	6			2.36855e-05	-1.41189e-06	2.37265e-05	-3.414	-8.57566e-05	3.7104e-06	8.58349e-05	177.522	2.39984e-05	1.71364e-06	2.4058e-05	4.098	-1.98271e-11
0.0175	7			2.36743e-05	-1.37091e-06	2.37153e-05	-3.312	-9.76627e-05	3.82963e-06	9.77223e-05	177.756	2.41027e-05	1.55718e-06	2.41549e-05	3.702	-1.80681e-11
0.02	8			2.48273e-05	-1.65776e-06	2.48813e-05	-3.816	-0.000110098	4.36607e-06	0.00011018	177.732	2.43114e-05	1.70619e-06	2.4371e-05	4.014	-1.526194e-11
0.0225	9			2.37414e-05	-1.88128e-06	2.38159e-05	-4.524	-0.000122451	5.4464e-06	0.000122563	177.456	2.40059e-05	2.42145e-06	2.41251e-05	5.772	-2.120923e-11
0.025	10			2.4805e-05	-1.93158e-06	2.48795e-05	-4.446	-0.000135073	5.4464e-06	0.000135169	177.69	2.37079e-05	1.66149e-06	2.37675e-05	4.02	-2.355463e-11
0.0275	11			2.44622e-05	-2.18862e-06	2.45591e-05	-5.112	-0.000148603	6.45223e-06	0.000148737	177.516	2.38643e-05	2.39165e-06	2.39835e-05	5.724	-1.714667e-11
0.03	12			2.43747e-05	-1.91668e-06	2.44492e-05	-4.494	-0.000162818	6.76516e-06	0.000162953	177.618	2.45647e-05	1.43797e-06	2.46019e-05	3.354	-1.685349e-11
0.0325	13			2.37861e-05	-1.89804e-06	2.38606e-05	-4.56	-0.000172981	7.72631e-06	0.000173152	177.438	2.37749e-05	1.31131e-06	2.38122e-05	3.162	-2.091602e-11
0.035	14			2.29572e-05	-2.54998e-06	2.30988e-05	-6.336	-0.000188024	9.03016e-06	0.000188203	177.246	2.43188e-05	2.59282e-06	2.44529e-05	6.084	-1.706293e-11
0.0375	15			2.29554e-05	-2.54253e-06	2.30951e-05	-6.318	-0.000198842	9.4772e-06	0.000199051	177.27	2.55929e-05	2.67477e-06	2.57344e-05	5.976	-1.676972e-11
0.04	16			2.29069e-05	-2.61144e-06	2.30541e-05	-6.498	-0.00021276	7.80827e-06	0.000212879	177.894	2.50862e-05	2.78653e-06	2.52427e-05	6.336	-2.049719e-11
0.0425	17			2.25735e-05	-3.69923e-06	2.28753e-05	-9.3	-0.000225545	1.06395e-05	0.000225754	177.294	2.59803e-05	2.54811e-06	2.6107e-05	5.61	-1.630904e-11
0.045	18			2.27821e-05	-2.0601e-06	2.28753e-05	-5.166	-0.000238032	1.09077e-05	0.000238241	177.372	2.6934e-05	2.20539e-06	2.70308e-05	4.68	-2.007839e-11
0.0475	19			2.22028e-05	-3.10877e-06	2.24208e-05	-7.968	-0.000250997	1.1474e-05	0.000251235	177.384	2.69712e-05	3.16651e-06	2.71575e-05	6.708	-1.861254e-11
0.05	20			2.20166e-05	-2.753e-06	2.21879e-05	-7.122	-0.00026414	1.17422e-05	0.000264378	177.45	2.75002e-05	3.96374e-06	2.77908e-05	8.208	-1.886382e-11
0.0525	21			2.1225e-05	-3.5409e-06	2.15174e-05	-9.468	-0.00027612	1.26064e-05	0.000276359	177.378	2.86774e-05	3.33787e-06	2.88711e-05	6.642	-2.020408e-11
0.055	22			2.19607e-05	-2.69712e-06	2.21265e-05	-7.002	-0.000289144	1.28151e-05	0.000289412	177.462	2.90723e-05	3.6806e-06	2.93107e-05	7.224	-1.878009e-11
0.0575	23			2.20892e-05	-2.96535e-06	2.22885e-05	-7.644	-0.000302644	1.31131e-05	0.000302913	177.516	2.94672e-05	4.1053e-06	2.97577e-05	7.932	-1.618339e-11
0.06	24			2.06494e-05	-3.51855e-06	2.09474e-05	-9.666	-0.000314983	1.46032e-05	0.000315281	177.342	3.01303e-05	3.24102e-06	3.03016e-05	6.15	-2.00784e-11
0.0625	25			2.11784e-05	-3.43287e-06	2.14541e-05	-9.204	-0.000327827	1.55569e-05	0.000328155	177.282	3.01079e-05	4.27666e-06	3.04059e-05	8.088	-1.279093e-11
0.065	26			2.0627e-05	-3.26151e-06	2.08841e-05	-8.982	-0.000340642	1.53781e-05	0.00034097	177.414	3.19185e-05	2.95044e-06	3.20452e-05	5.286	-2.296826e-11
0.0675	27			2.03104e-05	-3.86688e-06	2.06755e-05	-10.776	-0.000353547	1.60934e-05	0.000353875	177.39	3.20303e-05	3.91903e-06	3.22687e-05	6.978	-1.844499e-11
0.07	28			1.9638e-05	-3.80354e-06	2.00031e-05	-10.962	-0.000365736	1.6153e-05	0.000366034	177.468	3.21793e-05	3.08455e-06	3.23283e-05	5.478	-2.120921e-11
0.0725	29			1.96082e-05	-3.91531e-06	1.99956e-05	-11.292	-0.000379743	1.63914e-05	0.000380071	177.528	3.45337e-05	4.1053e-06	3.47721e-05	6.78	-1.354483e-11
0.075	30			1.95281e-05	-3.5111e-06	1.9841e-05	-10.188	-0.000394406	1.74047e-05	0.000394763	177.474	3.53979e-05	4.71625e-06	3.57183e-05	7.596	-1.551331e-11
0.0775	31			1.92468e-05	-4.00844e-06	1.96603e-05	-11.766	-0.000407131	1.83881e-05	0.000407519	177.414	3.61206e-05	3.91903e-06	3.63367e-05	6.192	-1.609962e-11
0.08	32			1.95989e-05	-3.25778e-06	1.98671e-05	-9.432	-0.000418993	1.93716e-05	0.00041944	177.354	3.67167e-05	4.0606e-06	3.69402e-05	6.318	-1.769113e-11
0.0825	33			1.82708e-05	-4.13324e-06	1.87327e-05	-12.738	-0.000431092	1.9163e-05	0.00043148	177.456	3.69924e-05	4.60449e-06	3.72829e-05	7.098	-2.079037e-11
0.085	34			1.88426e-05	-4.13324e-06	1.92915e-05	-12.372	-0.000442596	2.00571e-05	0.000443013	177.402	3.80802e-05	3.95629e-06	3.82888e-05	5.934	-1.907323e-11
0.0875	35			1.89358e-05	-3.44032e-06	1.9245e-05	-10.296	-0.000455679	2.05637e-05	0.000456097	177.414	3.9831e-05	3.68805e-06	4.00024e-05	5.298	-2.024594e-11
0.09	36			1.79951e-05	-4.20216e-06	1.84776e-05	-13.14	-0.000468077	2.11598e-05	0.000468494	177.408	4.01961e-05	5.06642e-06	4.05165e-05	7.182	-1.852878e-11
0.0925	37			1.78349e-05	-4.27853e-06	1.83416e-05	-13.488	-0.000481369	2.19346e-05	0.000481786	177.39	4.25579e-05	3.7104e-06	4.27219e-05	4.986	-1.903133e-11
0.095	38			1.78629e-05	-4.98819e-06	1.85465e-05	-15.6	-0.000495378	2.25307e-05	0.000495855	177.396	4.28485e-05	5.00682e-06	4.31391e-05	6.672	-1.857067e-11
0.0975	39			1.49645e-05	-4.73487e-06	1.56966e-05	-17.556	-0.000506405	2.31267e-05	0.000506882	177.384	4.43982e-05	4.7833e-06	4.4659e-05	6.15	-2.259129e-11
0.1	40			1.6708e-05	-4.7535e-06	1.73711e-05	-15.882	-0.000518624	2.29479e-05	0.000519041	177.462	4.75424e-05	5.23034e-06	4.78255e-05	6.282	-2.510422e-11
0.1025	41			1.83304e-05	-5.4464e-06	1.9122e-05	-16.542	-0.000533286	2.46168e-05	0.000533763	177.354	4.90921e-05	4.8131e-06	4.93305e-05	5.598	-1.790053e-11
0.105	42			1.90159e-05	-4.8783e-06	1.96324e-05	-14.382	-0.000546996	2.58685e-05	0.000547532	177.288	5.02693e-05	5.01427e-06	5.05226e-05	5.7	-2.183749e-11
0.1075	43			1.93977e-05	-5.1372e-06	2.00664e-05	-14.832	-0.000560049	2.59877e-05	0.000560585	177.342	4.96658e-05	5.64757e-06	4.99862e-05	6.492	-2.250757e-11
0.11	44			1.90792e-05	-5.40543e-06	1.98298e-05	-15.816	-0.000572864	2.65838e-05	0.00057346	177.342	5.21543e-05	5.19308e-06	5.24151e-05	5.694	-1.965958e-11
0.1125	45			1.9692e-05	-5.36631e-06	2.04091e-05	-15.24	-0.000584964	2.74779e-05	0.00058556	177.306	5.35401e-05	4.45548e-06	5.37264e-05	4.764	-1.982711e-11
0.115	46			1.97293e-05	-5.21916e-06	2.04091e-05	-14.814	-0.000598017	2.72394e-05	0.000598554	177.384	5.61702e-05	5.81148e-06	5.64682e-05	5.91	-2.326147e-11
0.1175	47			1.93046e-05	-5.88785e-06	2.01819e-05	-16.956	-0.000609998	2.80739e-05	0.000610594	177.36	5.92771e-05	4.7684e-06	5.94708e-05	4.602	-1.907324e-11
0.12	48			1.61306e-05	-6.22313e-06	1.72892e-05	-21.096	-0.000621144	2.91468e-05	0.00062174	177.312	6.03872e-05	5.15583e-06	6.06107e-05	4.884	-2.133485e-11
0.1225	49			1.36886e-05	-5.55816e-06	1.47727e-05	-22.092	-0.00063372	2.90276e-05	0.000634316	177.372	6.06107e-05	5.24524e-06	6.08417e-05	4.95	-1.991086e-11
0.125	50			1.48137e-05	-5.57865e-06	1.58289e-05	-20.634	-0.000649814	3.02793e-05	0.00065041	177.33	5.00458e-05	5.86364e-06	5.03885e-05	6.684	-1.371234e-11
0.1275	51			2.06978e-05	-6.29949e-06	2.16347e-05	-16.926	-0.000662033	3.21271e-05	0.000662748	177.222	6.44703e-05	5.20798e-06	6.46864e-05	4.62	-1.907321e-11
0.13	52			1.89823e-05	-5.8804e-06	1.98708e-05	-17.208	-0.000672583	3.14119e-05	0.000673238	177.324	7.16005e-05	5.69227e-06	7.18241e-05	4.548	-1.848692e-11
0.1325	53			1.26195e-05	-5.85805e-06	1.39122e-05	-24.894	-0.000685636	3.17099e-05	0.000686292	177.348	6.30324e-05	6.80241e-06	6.33975e-05	6.162	-2.225621e-11
0.135	54			2.0709e-05	-6.47086e-06	2.16943e-05	-17.346	-0.000704113	3.21271e-05	0.000704769	177.39	7.22562e-05	6.31067e-06	7.25244e-05	4.992	-1.593212e-11
0.1375	55			2.03644e-05	-5.56189e-06	2.11095e-05	-15.27	-0.000711385	3.30808e-05	0.0007121	177.336	7.49161e-05	4.92486e-06	7.50725e-05	3.762	-2.053906e-11
0.14	56			1.44654e-05	-5.67737e-06	1.55383e-05	-21.426	-0.000724021	3.33788e-05	0.000724737	177.354	7.27479e-05	6.07225e-06	7.30013e-05	4.77	-1.949201e-11
0.1425	57			2.48906e-05	-6.51556e-06	2.57288e-05	-14.67	-0.000740532	3.45709e-05	0.000741307	177.324	7.41784e-05	5.31229e-06	7.43722e-05	4.098	-1.59321e-11
0.145	58			1.53446e-05	-6.24362e-06	1.65665e-05	-22.14	-0.000746373	3.56438e-05	0.000747208	177.264	8.29627e-05	6.46713e-06	8.3216e-05	4.458	-1.731419e-11
0.1475	59			2.00347e-05	-7.10788e-06	2.12585e-05	-19.53	-0.000764791	3.56438e-05	0.000765566	177.33	7.04532e-05	6.80241e-06	7.0781e-05	5.52	-2.179561e-11
0.15	60			1.77325e-05	-6.38145e-06	1.88464e-05	-19.788	-0.000771824	3.62995e-05	0.000772659	177.306	9.11807e-05	6.24362e-06	9.13893e-05	3.918	-1.932452e-11
0.1525	61			1.73749e-05	-6.56027e-06	1.85726e-05	-20.682	-0.000790719	3.67167e-05	0.000791494	177.342	7.34632e-05	6.6832e-06	7.37761e-05	5.202	-2.007837e-11
0.155	62			2.11281e-05	-7.83807e-06	2.25344e-05	-20.352	-0.000797037	3.77896e-05	0.000797872	177.282	9.63961e-05	5.86364e-06	9.65823e-05	3.48	-1.865442e-11
0.1575	63			1.76654e-05	-7.69278e-06	1.92673e-05	-23.526	-0.000817243	3.85048e-05	0.000818077	177.3	7.86711e-05	7.01848e-06	7.89841e-05	5.1	-1.630902e-11
0.16	64			1.9122e-05	-7.10975e-06	2.04017e-05	-20.388	-0.000822071	3.80876e-05	0.000822846	177.348	9.80501e-05	6.58634e-06	9.82736e-05	3.846	-2.430846e-11
0.1625	65			2.18843e-05	-8.27765e-06	2.33987e-05	-20.718	-0.00084329	3.97565e-05	0.000844184	177.3	8.76193e-05	6.44478e-06	8.78577e-05	4.206	-2.007841e-11
0.165	66			1.49944e-05	-6.39263e-06	1.63001e-05	-23.082	-0.000846032	4.07698e-05	0.000846926	177.24	9.50103e-05	6.54164e-06	9.52412e-05	3.942	-1.609965e-11
0.1675	67			2.95733e-05	-7.7915e-06	3.05811e-05	-14.754	-0.000871304	4.06506e-05	0.000872198	177.33	0.00010071	5.67737e-06	0.000100874	3.228	-2.129297e-11
0.17	68			9.82179e-06	-7.56796e-06	1.23978e-05	-37.608	-0.000874225	4.18427e-05	0.000875179	177.258	8.93031e-05	7.83062e-06	8.96384e-05	5.016	-1.878009e-11
0.1725	69			3.26151e-05	-9.32446e-06	3.39209e-05	-15.954	-0.000895683	4.2856e-05	0.000896696	177.258	0.000116781	6.10951e-06	0.000116937	2.994	-2.192121e-11
0.175	70			1.2504e-05	-6.82476e-06	1.42456e-05	-28.626	-0.000905398	4.18427e-05	0.000906233	177.354	9.88771e-05	6.6981e-06	9.91081e-05	3.876	-1.429873e-11
0.1775	71			2.43691e-05	-8.68557e-06	2.58723e-05	-19.614	-0.000909928	4.30348e-05	0.000910763	177.288	0.000108183	5.64012e-06	0.000108332	2.988	-2.204688e-11
0.18	72			3.09276e-05	-8.57568e-06	3.20936e-05	-15.498	-0.000937108	4.45845e-05	0.000938062	177.276	0.000110127	7.53257e-06	0.000110388	3.918	-2.041348e-11
0.1825	73			1.04029e-05	-7.67416e-06	1.29268e-05	-36.408	-0.000938777	4.47037e-05	0.000939731	177.27	0.000112042	6.25852e-06	0.000112221	3.198	-2.368026e-11
0.185	74			3.85551e-05	-9.64856e-06	3.97416e-05	-14.046	-0.000953559	4.58958e-05	0.000954632	177.24	0.000123375	6.64595e-06	0.000123554	3.084	-1.601586e-11
0.1875	75			2.84222e-05	-8.69116e-06	2.97205e-05	-16.998	-0.000974897	4.74455e-05	0.000975851	177.21	9.9421e-05	7.74121e-06	9.9719e-05	4.452	-2.074855e-11
0.19	76			8.96869e-06	-7.40777e-06	1.16323e-05	-39.546	-0.000974182	4.57766e-05	0.000975136	177.306	0.000132688	6.70555e-06	0.000132852	2.892	-2.221439e-11
0.1925	77			4.3303e-05	-1.00304e-05	4.44485e-05	-13.038	-0.000993975	4.72071e-05	0.000994928	177.276	0.000140333	6.45968e-06	0.000140474	2.64	-1.982708e-11
0.195	78			3.01768e-05	-9.29466e-06	3.15739e-05	-17.118	-0.00101352	4.76839e-05	0.00101448	177.3	9.41386e-05	8.10629e-06	9.44887e-05	4.926	-2.028783e-11
0.1975	79			9.14192e-06	-8.77312e-06	1.26679e-05	-43.812	-0.001014	4.81608e-05	0.00101507	177.276	0.000118308	7.27925e-06	0.000118532	3.522	-1.907323e-11
0.2	80			3.40773e-05	-9.22015e-06	3.53029e-05	-15.138	-0.00102735	4.8876e-05	0.00102843	177.276	0.000172311	5.06642e-06	0.000172385	1.686	-2.175368e-11
0.2025	81			3.84601e-05	-9.59641e-06	3.96373e-05	-14.004	-0.00105501	5.13794e-05	0.0010562	177.21	0.000120685	7.69651e-06	0.000120931	3.648	-1.723043e-11
0.205	82			1.19545e-05	-8.64646e-06	1.47522e-05	-35.862	-0.00105561	5.01873e-05	0.0010568	177.276	9.1203e-05	9.46975e-06	9.16948e-05	5.928	-2.275885e-11
0.2075	83			3.19409e-05	-1.0144e-05	3.35129e-05	-17.616	-0.0010599	5.03066e-05	0.00106097	177.276	0.000151337	5.73698e-06	0.000151441	2.172	-2.01622e-11
0.21	84			5.20053e-05	-1.08556e-05	5.31266e-05	-11.79	-0.00110174	5.24523e-05	0.00110293	177.27	0.0001826	6.28832e-06	0.000182719	1.974	-2.041345e-11
0.2125	85			2.01688e-05	-9.36916e-06	2.22364e-05	-24.912	-0.00110222	5.26907e-05	0.00110341	177.258	0.000129075	8.2851e-06	0.000129343	3.678	-1.693725e-11
0.215	86			1.16043e-05	-8.66881e-06	1.4484e-05	-36.75	-0.00110102	5.23331e-05	0.00110222	177.276	0.000102699	8.55332e-06	0.000103057	4.776	-1.475938e-11
0.2175	87			5.44379e-05	-1.17049e-05	5.56821e-05	-12.132	-0.00111414	5.35252e-05	0.00111533	177.246	0.000151218	6.67575e-06	0.000151367	2.532	-1.87382e-11
0.22	88			5.77832e-05	-1.24351e-05	5.9102e-05	-12.144	-0.00114895	5.47173e-05	0.00115014	177.27	0.000174792	6.49694e-06	0.000174911	2.13	-1.760737e-11
0.2225	89			1.63839e-05	-1.03042e-05	1.9353e-05	-32.16	-0.00115228	5.53133e-05	0.0011536	177.246	0.000165732	7.3612e-06	0.00016591	2.55	-1.865443e-11
0.225	90			1.06581e-05	-9.89443e-06	1.45399e-05	-42.864	-0.0011524	5.44789e-05	0.0011536	177.288	0.000134022	8.04669e-06	0.000134231	3.438	-1.731421e-11
0.2275	91			4.37575e-05	-1.20551e-05	4.53854e-05	-15.402	-0.00116015	5.54326e-05	0.00116146	177.264	0.000140877	7.74866e-06	0.000141085	3.156	-2.016217e-11
0.23	92			7.05649e-05	-1.30274e-05	7.1757e-05	-10.458	-0.00120164	5.68631e-05	0.00120283	177.288	0.00014639	7.48041e-06	0.000146569	2.934	-1.798428e-11
0.2325	93			2.74965e-05	-1.06469e-05	2.94858e-05	-21.162	-0.00120807	5.90088e-05	0.0012095	177.204	0.000160039	7.80827e-06	0.000160218	2.802	-2.058096e-11
0.235	94			6.29577e-06	-1.03787e-05	1.21333e-05	-58.752	-0.00120629	5.80552e-05	0.00120748	177.24	0.000182779	6.94397e-06	0.000182928	2.184	-1.798429e-11
0.2375	95			1.91481e-05	-9.84973e-06	2.15323e-05	-27.222	-0.00120903	5.78167e-05	0.00121022	177.258	0.000176997	7.00357e-06	0.000177146	2.274	-1.794241e-11
0.24	96			6.7078e-05	-1.33329e-05	6.83931e-05	-11.244	-0.00123966	5.93665e-05	0.00124098	177.252	0.000159771	7.45061e-06	0.00015992	2.676	-1.957586e-11
0.2425	97			4.904e-05	-1.29529e-05	5.07238e-05	-14.796	-0.00127042	6.16317e-05	0.00127185	177.216	0.000124992	9.41759e-06	0.000125349	4.314	-1.471751e-11
0.245	98			1.83099e-05	-1.02595e-05	2.09884e-05	-29.25	-0.00126744	6.10356e-05	0.00126875	177.24	0.000136913	8.73214e-06	0.000137211	3.654	-1.743985e-11
0.2475	99			1.28933e-05	-1.07028e-05	1.67527e-05	-39.678	-0.00126768	6.05586e-05	0.00126899	177.258	0.000186742	7.65926e-06	0.000186891	2.358	-2.007843e-11
0.25	100			2.92734e-05	-1.22898e-05	3.17472e-05	-22.77	-0.00127066	6.10356e-05	0.00127209	177.252	0.000223012	6.0201e-06	0.000223101	1.548	-2.003652e-11
0.2525	101			7.33328e-05	-1.32062e-05	7.45137e-05	-10.206	-0.00131465	6.33006e-05	0.00131608	177.24	0.000211329	6.55654e-06	0.000211448	1.782	-2.443415e-11
0.255	102			5.41324e-05	-1.30647e-05	5.56859e-05	-13.566	-0.00133229	6.44927e-05	0.0013336	177.222	0.000138552	9.4772e-06	0.00013888	3.912	-1.367047e-11
0.2575	103			1.98261e-05	-1.188e-05	2.31155e-05	-30.924	-0.00133467	6.41351e-05	0.00133611	177.246	0.000123323	1.11759e-05	0.0001238	5.184	-1.89057e-11
0.26	104			1.37166e-05	-1.05687e-05	1.73153e-05	-37.602	-0.00133372	6.38966e-05	0.00133515	177.252	0.000141175	1.02819e-05	0.000141532	4.164	-1.656034e-11
0.2625	105			2.67477e-05	-1.18986e-05	2.92734e-05	-23.976	-0.00133467	6.36582e-05	0.00133611	177.264	0.000196517	8.34471e-06	0.000196696	2.43	-1.798432e-11
0.265	106			6.8434e-05	-1.5922e-05	7.02632e-05	-13.092	-0.00135411	6.59232e-05	0.00135554	177.21	0.00025511	5.27504e-06	0.000255169	1.188	-2.137675e-11
0.2675	107			8.03065e-05	-1.52626e-05	8.17408e-05	-10.758	-0.00139976	6.8665e-05	0.00140131	177.186	0.000234694	6.34792e-06	0.000234784	1.548	-1.89057e-11
0.27	108			3.80094e-05	-1.25282e-05	4.0021e-05	-18.24	-0.00140966	6.91419e-05	0.00141121	177.192	0.000170709	9.4772e-06	0.000170977	3.18	-1.80681e-11
0.2725	109			1.36458e-05	-1.16006e-05	1.79113e-05	-40.356	-0.00140835	6.79498e-05	0.0014099	177.234	0.000136943	1.06097e-05	0.00013736	4.434	-1.940833e-11
0.275	110			1.45659e-05	-1.27219e-05	1.93381e-05	-41.13	-0.00140823	6.81882e-05	0.00140978	177.222	0.000146897	1.08481e-05	0.000147314	4.224	-1.513636e-11
0.2775	111			3.84117e-05	-1.33999e-05	4.06841e-05	-19.23	-0.00140882	6.85458e-05	0.00141037	177.21	0.000175656	9.08977e-06	0.000175894	2.97	-2.171181e-11
0.28	112			7.55307e-05	-1.50055e-05	7.70097e-05	-11.232	-0.00142897	6.93803e-05	0.00143052	177.216	0.000230075	7.48041e-06	0.000230194	1.86	-1.974339e-11
0.2825	113			0.000102588	-1.67937e-05	0.000103951	-9.294	-0.00147665	7.18837e-05	0.00147832	177.21	0.000247391	6.49694e-06	0.00024748	1.506	-1.605775e-11
0.285	114			6.24736e-05	-1.5393e-05	6.43437e-05	-13.836	-0.00149298	7.3195e-05	0.00149477	177.192	0.000217796	8.10629e-06	0.000217945	2.136	-2.267512e-11
0.2875	115			1.67565e-05	-1.2517e-05	2.09064e-05	-36.744	-0.00149155	7.22413e-05	0.00149322	177.222	0.000196517	9.5368e-06	0.000196726	2.784	-2.485295e-11
0.29	116			7.51766e-06	-1.18316e-05	1.40146e-05	-57.558	-0.00149048	7.24797e-05	0.00149215	177.216	0.000175864	1.04309e-05	0.000176192	3.402	-2.083229e-11
0.2925	117			1.7509e-05	-1.29454e-05	2.17707e-05	-36.474	-0.0014906	7.27181e-05	0.00149227	177.204	0.000174345	9.98384e-06	0.000174613	3.282	-1.605773e-11
0.295	118			4.97962e-05	-1.45101e-05	5.18674e-05	-16.242	-0.0014937	7.21221e-05	0.00149537	177.234	0.000198097	9.23878e-06	0.000198306	2.676	-2.049724e-11
0.2975	119			9.93242e-05	-1.75127e-05	0.000100859	-9.996	-0.00152255	7.39102e-05	0.00152422	177.216	0.000231535	6.85456e-06	0.000231625	1.704	-1.878008e-11
0.3	120			0.000110388	-1.74717e-05	0.000111759	-8.988	-0.00157023	7.58176e-05	0.0015719	177.234	0.000207753	8.76194e-06	0.000207932	2.418	-1.534574e-11
0.3025	121			6.8665e-05	-1.67043e-05	7.06692e-05	-13.668	-0.00158704	7.71289e-05	0.00158883	177.216	0.000210227	9.41759e-06	0.000210435	2.568	-2.099981e-11
0.305	122			2.67179e-05	-1.43499e-05	3.0324e-05	-28.23	-0.00158501	7.78441e-05	0.0015868	177.186	0.000218303	1.01627e-05	0.000218512	2.67	-1.685352e-11
0.3075	123			1.78368e-05	-1.36197e-05	2.24413e-05	-37.362	-0.0015837	7.74865e-05	0.00158549	177.198	0.000218124	9.77522e-06	0.000218333	2.574	-1.86963e-11
0.31	124			1.74941e-05	-1.4037e-05	2.24264e-05	-38.724	-0.00158346	7.74865e-05	0.00158525	177.198	0.000212104	9.98384e-06	0.000212342	2.7	-1.932453e-11
0.3125	125			2.96236e-05	-1.3873e-05	3.27083e-05	-25.08	-0.00158382	7.79633e-05	0.00158561	177.18	0.000216992	1.0103e-05	0.00021723	2.676	-1.999464e-11
0.315	126			5.70717e-05	-1.5624e-05	5.91727e-05	-15.306	-0.001593	7.85594e-05	0.00159479	177.174	0.00025964	7.48041e-06	0.000259759	1.65	-2.192119e-11
0.3175	127			0.000113875	-1.81423e-05	0.000115313	-9.048	-0.00163627	7.99899e-05	0.00163806	177.198	0.000259282	7.2718e-06	0.000259401	1.614	-1.9157e-11
0.32	128			0.000118018	-1.87011e-05	0.000119493	-9.0	-0.001678	8.21357e-05	0.00167979	177.198	0.000202031	1.0103e-05	0.000202269	2.874	-1.819369e-11
0.3225	129			8.01985e-05	-1.84701e-05	8.22996e-05	-12.966	-0.0016904	8.29701e-05	0.0016923	177.186	0.000164927	1.1921e-05	0.000165344	4.14	-2.037157e-11
0.325	130			4.70059e-05	-1.57879e-05	4.95913e-05	-18.558	-0.00169075	8.28509e-05	0.00169266	177.192	0.000173868	1.24276e-05	0.000174315	4.092	-1.986897e-11
0.3275	131			3.95703e-05	-1.50279e-05	4.2327e-05	-20.796	-0.00169016	8.28509e-05	0.00169206	177.192	0.000220061	1.06395e-05	0.0002203	2.772	-1.647655e-11
0.33	132			4.72444e-05	-1.62647e-05	4.99638e-05	-18.99	-0.00168896	8.3447e-05	0.00169087	177.168	0.000244411	1.09375e-05	0.000244649	2.562	-2.221439e-11
0.3325	133			4.87643e-05	-1.67863e-05	5.15657e-05	-18.996	-0.00168873	8.35662e-05	0.00169063	177.168	0.000252279	9.26858e-06	0.000252428	2.106	-1.957581e-11
0.335	134			6.40755e-05	-1.67863e-05	6.62361e-05	-14.676	-0.00169099	8.35662e-05	0.00169302	177.168	0.000256004	9.05996e-06	0.000256183	2.028	-1.475939e-11
0.3375	135			9.67388e-05	-1.94387e-05	9.8676e-05	-11.358	-0.00171269	8.47583e-05	0.00171471	177.162	0.000287177	7.12278e-06	0.000287266	1.422	-2.229816e-11
0.34	136			0.00011722	-2.01316e-05	0.000118934	-9.744	-0.00176419	8.64272e-05	0.00176621	177.192	0.000320347	6.22871e-06	0.000320407	1.116	-2.305203e-11
0.3425	137			9.91081e-05	-1.92599e-05	0.000100956	-10.998	-0.00179554	8.9169e-05	0.00179756	177.156	0.000264021	1.01627e-05	0.000264229	2.202	-2.045535e-11
0.345	138			7.33291e-05	-1.88128e-05	7.56909e-05	-14.388	-0.00180794	8.84538e-05	0.00180984	177.192	0.000203968	1.34707e-05	0.000204415	3.78	-1.325161e-11
0.3475	139			4.46814e-05	-1.69129e-05	4.77734e-05	-20.73	-0.00181127	8.89306e-05	0.00181318	177.18	0.000171364	1.29939e-05	0.000171871	4.344	-2.062289e-11
0.35	140			2.32385e-05	-1.46926e-05	2.74853e-05	-32.292	-0.00181008	8.82153e-05	0.00181199	177.204	0.000162036	1.41264e-05	0.000162662	4.986	-2.326146e-11
0.3525	141			4.99638e-05	-1.68533e-05	5.2728e-05	-18.63	-0.00180984	8.89306e-05	0.00181175	177.18	0.000182212	1.40668e-05	0.000182749	4.422	-2.049723e-11
0.355	142			5.75262e-05	-1.79337e-05	6.02605e-05	-17.31	-0.00181151	8.86922e-05	0.00181342	177.192	0.000231207	1.09971e-05	0.000231476	2.724	-1.919885e-11
0.3575	143			6.16913e-05	-1.73823e-05	6.40904e-05	-15.732	-0.0018096	8.94074e-05	0.00181151	177.168	0.000276716	9.71562e-06	0.000276865	2.016	-1.760738e-11
0.36	144			9.30657e-05	-1.96175e-05	9.51146e-05	-11.898	-0.00181366	8.96459e-05	0.00181556	177.162	0.000308665	8.2553e-06	0.000308754	1.536	-2.070663e-11
0.3625	145			0.000138828	-2.29181e-05	0.000140713	-9.372	-0.00184251	9.13148e-05	0.00184465	177.162	0.000330212	7.3314e-06	0.000330271	1.278	-1.995275e-11
0.365	146			0.000166834	-2.39761e-05	0.000168548	-8.178	-0.00189639	9.41758e-05	0.00189853	177.15	0.00030029	9.05996e-06	0.000300409	1.734	-1.91989e-11
0.3675	147			0.000135065	-2.25307e-05	0.000136928	-9.468	-0.00192357	9.58447e-05	0.00192571	177.144	0.000258299	1.15634e-05	0.000258567	2.562	-1.869629e-11
0.37	148			8.90871e-05	-2.05414e-05	9.14265e-05	-12.984	-0.0019424	9.656e-05	0.00194431	177.15	0.000266554	1.09971e-05	0.000266792	2.364	-2.079042e-11
0.3725	149			4.4659e-05	-1.87458e-05	4.84365e-05	-22.758	-0.00194956	9.656e-05	0.0019517	177.162	0.000292005	9.86463e-06	0.000292184	1.938	-1.911513e-11
0.375	150			2.83794e-05	-1.77399e-05	3.34682e-05	-32.004	-0.00194956	9.63216e-05	0.0019517	177.168	0.000275316	1.20104e-05	0.000275584	2.502	-1.999466e-11
0.3775	151			3.56215e-05	-1.83956e-05	4.00844e-05	-27.306	-0.00194765	9.60832e-05	0.00194979	177.174	0.000238747	1.20402e-05	0.000239045	2.892	-2.254945e-11
0.38	152			5.47173e-05	-1.71886e-05	5.73474e-05	-17.436	-0.00194884	9.63216e-05	0.00195099	177.168	0.000209005	1.4782e-05	0.000209511	4.044	-2.066479e-11
0.3825	153			7.04755e-05	-1.88873e-05	7.29566e-05	-15.0	-0.00194956	9.63216e-05	0.0019517	177.174	0.000193478	1.51694e-05	0.000194103	4.494	-2.04135e-11
0.385	154			9.63365e-05	-2.10033e-05	9.86014e-05	-12.294	-0.00194908	9.51295e-05	0.00195099	177.198	0.000204326	1.37687e-05	0.000204802	3.858	-1.785867e-11
0.3875	155			0.000130602	-2.30075e-05	0.000132621	-9.99	-0.00195051	9.60832e-05	0.00195266	177.18	0.000254186	1.2219e-05	0.000254484	2.754	-2.116736e-11
0.39	156			0.000162915	-2.52501e-05	0.00016486	-8.808	-0.00196578	9.84673e-05	0.00196792	177.132	0.000331523	8.88115e-06	0.000331642	1.536	-1.794245e-11
0.3925	157			0.000200988	-2.58685e-05	0.000202627	-7.326	-0.00202347	0.000100852	0.00202586	177.144	0.000375899	7.24199e-06	0.000375988	1.104	-2.058096e-11
0.395	158			0.000192941	-2.65242e-05	0.000194759	-7.824	-0.00205876	0.000103713	0.00206114	177.114	0.00033501	1.01328e-05	0.000335159	1.734	-1.760737e-11
0.3975	159			0.000151933	-2.44082e-05	0.00015387	-9.12	-0.00207259	0.000103951	0.00207497	177.126	0.000282766	1.32025e-05	0.000283094	2.676	-2.28845e-11
0.4	160			0.000122399	-2.35738e-05	0.000124664	-10.89	-0.00209548	0.000104428	0.00209786	177.138	0.000228346	1.37985e-05	0.000228764	3.456	-1.798429e-11
0.4025	161			0.000100077	-2.27393e-05	0.00010261	-12.798	-0.00211097	0.000106097	0.00211336	177.12	0.000207604	1.50204e-05	0.00020817	4.14	-2.028781e-11
0.405	162			8.04667e-05	-2.1875e-05	8.33874e-05	-15.186	-0.00211169	0.000104428	0.00211407	177.162	0.000252964	1.37091e-05	0.000253351	3.108	-1.903137e-11
0.4075	163			4.40183e-05	-2.05637e-05	4.8578e-05	-25.02	-0.00211073	0.000104666	0.00211336	177.156	0.00033805	9.92423e-06	0.000338199	1.686	-2.342899e-11
0.41	164			3.3051e-05	-1.82764e-05	3.77598e-05	-28.938	-0.00211169	0.000104189	0.00211383	177.174	0.00037712	8.43412e-06	0.00037721	1.284	-2.125113e-11
0.4125	165			4.13584e-05	-1.95355e-05	4.57393e-05	-25.278	-0.00211073	0.000104428	0.00211336	177.162	0.000363709	8.37451e-06	0.000363799	1.32	-1.957583e-11
0.415	166			5.76528e-05	-1.95728e-05	6.08789e-05	-18.744	-0.00211097	0.000105143	0.00211336	177.144	0.000326904	9.92423e-06	0.000327053	1.74	-2.150236e-11
0.4175	167			7.35079e-05	-2.11896e-05	7.6503e-05	-16.074	-0.00211097	0.000105858	0.00211336	177.126	0.000284793	1.25766e-05	0.000285091	2.526	-1.480126e-11
0.42	168			0.000102789	-2.25605e-05	0.00010524	-12.378	-0.00211169	0.000105858	0.00211407	177.126	0.000270518	1.33217e-05	0.000270845	2.826	-1.727232e-11
0.4225	169			0.000134886	-2.47509e-05	0.000137136	-10.398	-0.00211956	0.000106097	0.00212194	177.126	0.000282587	1.2219e-05	0.000282856	2.478	-2.020404e-11
0.425	170			0.000198335	-2.79547e-05	0.000200302	-8.016	-0.00216772	0.000108481	0.00217034	177.132	0.000315787	1.13845e-05	0.000315996	2.07	-1.924079e-11
0.4275	171			0.000221194	-2.94448e-05	0.000223161	-7.578	-0.00222398	0.000110627	0.00222661	177.15	0.00030479	1.19806e-05	0.000305029	2.256	-2.409906e-11
0.43	172			0.000181408	-2.69414e-05	0.000183404	-8.442	-0.00223137	0.000111819	0.002234	177.132	0.000275763	1.28747e-05	0.000276061	2.676	-1.949205e-11
0.4325	173			0.000153662	-2.62858e-05	0.000155897	-9.708	-0.00223757	0.000112296	0.0022402	177.126	0.000288429	1.40071e-05	0.000288757	2.784	-2.024596e-11
0.435	174			0.000143082	-2.52427e-05	0.000145287	-9.99	-0.00226642	0.000114203	0.00226881	177.114	0.000288697	1.34111e-05	0.000289025	2.664	-1.748175e-11
0.4375	175			0.0001283	-2.53619e-05	0.000130774	-11.172	-0.00229503	0.000115872	0.00229789	177.108	0.000251861	1.6153e-05	0.000252368	3.672	-1.986899e-11
0.44	176			0.000115902	-2.42592e-05	0.000118405	-11.808	-0.00230457	0.000116826	0.00230743	177.096	0.000221104	1.77027e-05	0.00022182	4.578	-1.446622e-11
0.4425	177			0.00011313	-2.44678e-05	0.000115753	-12.192	-0.00230409	0.00011611	0.00230695	177.114	0.000212074	1.80305e-05	0.000212849	4.866	-1.848689e-11
0.445	178			0.000118047	-2.50937e-05	0.00012067	-11.994	-0.0023029	0.000116349	0.00230576	177.102	0.000245424	1.62126e-05	0.00024596	3.78	-2.301014e-11
0.4475	179			0.000111431	-2.38122e-05	0.000113935	-12.054	-0.00230338	0.000115395	0.002306	177.132	0.000290068	1.42754e-05	0.000290425	2.82	-1.9157e-11
0.45	180			0.000133605	-2.54215e-05	0.000135989	-10.77	-0.00230338	0.000115395	0.002306	177.132	0.000357928	1.16826e-05	0.000358107	1.866	-1.794241e-11
0.4525	181			0.000127942	-2.52427e-05	0.000130416	-11.154	-0.0023029	0.000115633	0.00230552	177.12	0.000431212	8.2851e-06	0.000431301	1.104	-2.259135e-11
0.455	182			9.53381e-05	-2.4587e-05	9.84673e-05	-14.448	-0.00230266	0.000116349	0.00230552	177.102	0.000474693	6.0201e-06	0.000474693	0.732	-1.999463e-11
0.4575	183			8.53245e-05	-2.56599e-05	8.91094e-05	-16.716	-0.0023029	0.00011611	0.00230552	177.114	0.000482621	6.19891e-06	0.00048268	0.738	-2.686331e-11
0.46	184			0.000106603	-2.60175e-05	0.000109733	-13.716	-0.00230385	0.000116587	0.00230648	177.102	0.00047672	5.78168e-06	0.00047672	0.702	-1.936642e-11
0.4625	185			0.000127465	-2.76269e-05	0.000130416	-12.222	-0.00231792	0.000116826	0.00232078	177.108	0.000461401	6.49694e-06	0.000461401	0.81	-1.806806e-11
0.465	186			0.00016749	-2.93256e-05	0.000170023	-9.924	-0.00238492	0.00012064	0.00238778	177.102	0.000450136	7.09298e-06	0.000450196	0.906	-2.468538e-11
0.4675	187			0.00017652	-2.96832e-05	0.000178994	-9.546	-0.00243069	0.000122786	0.00243355	177.102	0.000372173	1.14442e-05	0.000372292	1.77	-1.785866e-11
0.47	188			0.000156314	-2.85507e-05	0.000158907	-10.35	-0.00243165	0.000123263	0.00243451	177.096	0.000287475	1.53781e-05	0.000287892	3.072	-1.743984e-11
0.4725	189			0.000150622	-2.7299e-05	0.000153066	-10.266	-0.00242926	0.000123025	0.00243212	177.096	0.000264646	1.75835e-05	0.000265243	3.81	-2.03716e-11
0.475	190			0.000158251	-2.867e-05	0.000160814	-10.26	-0.00244142	0.000123979	0.00244428	177.09	0.000259938	1.66894e-05	0.000260474	3.678	-2.099984e-11
0.4775	191			0.000191272	-3.03687e-05	0.000193686	-9.012	-0.00247456	0.000125171	0.00247742	177.102	0.000249626	1.8716e-05	0.000250341	4.29	-1.9869e-11
0.48	192			0.000165136	-2.90872e-05	0.000167669	-9.978	-0.00251509	0.000126363	0.00251795	177.12	0.000216664	2.00869e-05	0.000217617	5.31	-2.095788e-11
0.4825	193			0.000167162	-3.01303e-05	0.000169844	-10.212	-0.0025325	0.000127316	0.00253536	177.12	0.000194372	2.14578e-05	0.000195504	6.3	-2.074853e-11
0.485	194			0.000168116	-2.95342e-05	0.000170679	-9.954	-0.00253321	0.00012827	0.00253631	177.096	0.000201047	2.08617e-05	0.00020212	5.922	-1.815184e-11
0.4875	195			0.000172288	-3.00409e-05	0.000174881	-9.888	-0.0025325	0.00012827	0.00253536	177.102	0.000236691	1.96696e-05	0.000237525	4.758	-2.275884e-11
0.49	196			0.000182928	-2.99515e-05	0.000185371	-9.294	-0.00253321	0.00012827	0.00253607	177.102	0.000267031	1.72259e-05	0.000267627	3.702	-1.940829e-11
0.4925	197			0.000206978	-3.06072e-05	0.000209213	-8.412	-0.00253321	0.000127793	0.00253631	177.108	0.000278296	1.81199e-05	0.000278892	3.732	-2.06229e-11
0.495	198			0.000204981	-3.03389e-05	0.000207216	-8.418	-0.00253297	0.000128032	0.00253583	177.102	0.000298204	1.66298e-05	0.000298681	3.198	-2.099982e-11
0.4975	199			0.000208379	-3.16205e-05	0.000210763	-8.622	-0.00253345	0.000128747	0.00253655	177.09	0.000339212	1.51396e-05	0.00033957	2.562	-1.86963e-11
0.5	200			0.000211359	-3.14119e-05	0.000213684	-8.448	-0.00253274	0.000128747	0.00253583	177.09	0.00036663	1.35303e-05	0.000366868	2.112	-1.886381e-11
0.5025	201			0.000220926	-3.21867e-05	0.00022328	-8.286	-0.00253321	0.000129939	0.00253631	177.06	0.000388684	1.35303e-05	0.000388922	1.992	-1.936646e-11
0.505	202			0.000251414	-3.56736e-05	0.000253918	-8.076	-0.00253107	0.000129462	0.00253417	177.066	0.000430169	1.12653e-05	0.000430288	1.5	-1.752359e-11
0.5075	203			0.000248076	-3.55246e-05	0.00025061	-8.142	-0.00253345	0.000129939	0.00253655	177.06	0.000517074	7.3314e-06	0.000517134	0.816	-1.597396e-11
0.51	204			0.000248225	-3.60312e-05	0.000250818	-8.256	-0.00255372	0.000131131	0.00255682	177.054	0.000606183	3.6359e-06	0.000606183	0.348	-1.94083e-11
0.5125	205			0.000241281	-3.59418e-05	0.000243933	-8.466	-0.00263096	0.000135423	0.0026343	177.054	0.000655893	5.9605e-07	0.000655893	0.054	-1.760734e-11
0.515	206			0.000208975	-3.45709e-05	0.000211836	-9.39	-0.00268437	0.000137807	0.00268747	177.06	0.000608388	4.58959e-06	0.000608448	0.438	-2.401531e-11
0.5175	207			0.000157298	-3.13225e-05	0.000160367	-11.256	-0.00268127	0.000136853	0.00268461	177.078	0.000531141	8.70234e-06	0.0005312	0.942	-1.999465e-11
0.52	208			0.000124753	-2.85805e-05	0.000128002	-12.894	-0.00267555	0.000136615	0.00267865	177.072	0.000474395	1.14442e-05	0.000474514	1.386	-1.907326e-11
0.5225	209			0.000122846	-2.93554e-05	0.000126303	-13.428	-0.00267436	0.000136615	0.00267746	177.072	0.000437083	1.23382e-05	0.000437262	1.62	-1.790056e-11
0.525	210			0.000130148	-2.97428e-05	0.000133515	-12.858	-0.0026827	0.0001359	0.0026858	177.096	0.000406923	1.23978e-05	0.000407102	1.752	-2.112546e-11
0.5275	211			0.000137419	-3.06966e-05	0.000140787	-12.588	-0.00270678	0.000137807	0.00271012	177.084	0.00037122	1.48416e-05	0.000371577	2.298	-1.630902e-11
0.53	212			0.000123412	-2.9415e-05	0.000126869	-13.398	-0.00274564	0.000139953	0.00274898	177.078	0.000338497	1.65106e-05	0.000338914	2.802	-2.041348e-11
0.5325	213			0.000104666	-2.90276e-05	0.0001086	-15.492	-0.00278784	0.000142098	0.00279118	177.078	0.000299932	1.80007e-05	0.000300469	3.444	-2.275886e-11
0.535	214			0.000102222	-2.85507e-05	0.000106127	-15.594	-0.00280859	0.000143052	0.00281216	177.084	0.000286223	1.97889e-05	0.000286939	3.954	-1.697919e-11
0.5375	215			0.000114173	-2.96832e-05	0.000117988	-14.568	-0.00281407	0.000144483	0.00281741	177.06	0.000280978	2.17558e-05	0.000281813	4.434	-2.284263e-11
0.54	216			0.000153602	-3.04581e-05	0.000156582	-11.208	-0.00281407	0.000145198	0.00281765	177.042	0.00027621	2.0981e-05	0.000276985	4.356	-1.723041e-11
0.5425	217			0.000185103	-3.28722e-05	0.000187994	-10.068	-0.00281455	0.000144006	0.00281812	177.066	0.00027013	2.20538e-05	0.000271084	4.674	-1.815182e-11
0.545	218			0.000215919	-3.39153e-05	0.000218541	-8.928	-0.00281455	0.00014329	0.00281812	177.084	0.000266852	2.10406e-05	0.000267686	4.518	-1.940831e-11
0.5475	219			0.000242651	-3.55246e-05	0.000245245	-8.328	-0.00281431	0.00014186	0.00281765	177.114	0.000249447	2.07425e-05	0.000250282	4.764	-2.003653e-11
0.55	220			0.000256749	-3.62399e-05	0.000259312	-8.028	-0.00281407	0.000143052	0.00281741	177.09	0.000248911	2.15174e-05	0.000249865	4.944	-2.187934e-11
0.5525	221			0.000278326	-3.68955e-05	0.00028077	-7.548	-0.00281407	0.000142098	0.00281765	177.108	0.00025052	2.2173e-05	0.000251533	5.07	-2.129298e-11
0.555	222			0.000297608	-3.86836e-05	0.000300111	-7.404	-0.00281407	0.000143767	0.00281765	177.072	0.000283064	2.04445e-05	0.00028378	4.14	-2.175369e-11
0.5575	223			0.000360282	-4.3005e-05	0.000362815	-6.804	-0.00281335	0.000145436	0.00281693	177.042	0.000335457	2.00273e-05	0.000336053	3.426	-1.693722e-11
0.56	224			0.000348361	-4.28858e-05	0.000350984	-7.02	-0.0028124	0.000146152	0.00281598	177.024	0.000409069	1.44244e-05	0.000409307	2.022	-2.187934e-11
0.5625	225			0.000369461	-4.46143e-05	0.000372143	-6.882	-0.0028124	0.000146628	0.00281598	177.012	0.000462236	1.35303e-05	0.000462415	1.674	-2.204689e-11
0.565	226			0.000372024	-4.48229e-05	0.000374706	-6.864	-0.00281216	0.00014639	0.00281574	177.018	0.000506703	1.15634e-05	0.000506822	1.314	-1.790051e-11
0.5675	227			0.000358971	-4.43759e-05	0.000361683	-7.044	-0.00282837	0.00014782	0.00283195	177.006	0.000544433	9.71562e-06	0.000544492	1.026	-1.647658e-11
0.57	228			0.000394942	-4.6313e-05	0.000397624	-6.684	-0.00289966	0.000152112	0.00290348	176.994	0.000568692	8.70234e-06	0.000568751	0.882	-1.781676e-11
0.5725	229			0.000353398	-4.38096e-05	0.00035611	-7.062	-0.00298454	0.000154973	0.00298835	177.024	0.000534121	1.04309e-05	0.00053424	1.122	-2.087419e-11
0.575	230			0.000291498	-4.074e-05	0.00029433	-7.95	-0.00299789	0.00015545	0.00300147	177.03	0.000457527	1.54973e-05	0.000457766	1.938	-2.079041e-11
0.5775	231			0.000245603	-3.93989e-05	0.000248732	-9.108	-0.00298883	0.000154735	0.00299264	177.036	0.000451269	1.56761e-05	0.000451567	1.998	-1.802615e-11
0.58	232			0.000211866	-3.70147e-05	0.000215084	-9.906	-0.00298335	0.00015545	0.00298692	177.012	0.000521485	1.30535e-05	0.000521664	1.434	-1.597397e-11
0.5825	233			0.000216247	-3.72233e-05	0.000219435	-9.762	-0.00298168	0.00015545	0.00298525	177.012	0.000602011	9.29838e-06	0.00060207	0.888	-1.810996e-11
0.585	234			0.000219018	-3.82366e-05	0.000222326	-9.9	-0.00298525	0.000154496	0.00298907	177.036	0.00062478	8.94075e-06	0.000624839	0.828	-1.82356e-11
0.5875	235			0.00020066	-3.71041e-05	0.000204057	-10.476	-0.00299217	0.000155688	0.00299598	177.018	0.000632826	7.39101e-06	0.000632826	0.672	-1.727232e-11
0.59	236			0.00018102	-3.62399e-05	0.000184597	-11.31	-0.00301315	0.00015545	0.00301696	177.042	0.000622574	9.35799e-06	0.000622693	0.864	-1.597397e-11
0.5925	237			0.00016451	-3.44815e-05	0.000168086	-11.838	-0.00303866	0.000158311	0.00304271	177.018	0.000602547	1.00136e-05	0.000602666	0.954	-1.622525e-11
0.595	238			0.000151754	-3.38557e-05	0.00015548	-12.57	-0.00307538	0.000159265	0.00307919	177.03	0.000562195	1.18018e-05	0.000562314	1.206	-1.924076e-11
0.5975	239			0.000147135	-3.37663e-05	0.00015095	-12.918	-0.0031202	0.000162126	0.00312425	177.024	0.000505213	1.4186e-05	0.000505451	1.608	-1.911512e-11
0.6	240			0.000128568	-3.38557e-05	0.000132949	-14.748	-0.00315525	0.000162602	0.0031593	177.048	0.00044507	1.75835e-05	0.000445427	2.262	-1.953395e-11
0.6025	241			0.00013134	-3.39451e-05	0.000135661	-14.484	-0.00316502	0.000162602	0.00316884	177.054	0.000409426	1.84776e-05	0.000409843	2.592	-1.924078e-11
0.605	242			0.000145287	-3.42431e-05	0.000149251	-13.254	-0.00316598	0.000163556	0.00316979	177.042	0.000375273	1.97293e-05	0.000375809	3.012	-1.769113e-11
0.6075	243			0.000169457	-3.5465e-05	0.000173123	-11.82	-0.00316454	0.000162841	0.00316836	177.054	0.00032288	2.25307e-05	0.000323655	3.996	-1.878005e-11
0.61	244			0.000207842	-3.75512e-05	0.00021121	-10.242	-0.0031655	0.000162126	0.00316931	177.066	0.000292899	2.24115e-05	0.000293734	4.38	-2.066478e-11
0.6125	245			0.000224114	-3.85942e-05	0.000227422	-9.768	-0.0031655	0.000162364	0.00316931	177.06	0.00034851	1.94908e-05	0.000349047	3.204	-1.865445e-11
0.615	246			0.000228168	-3.73723e-05	0.000231207	-9.3	-0.0031655	0.000162602	0.00316931	177.06	0.00042689	1.72259e-05	0.000427188	2.316	-1.844502e-11
0.6175	247			0.000238121	-3.92797e-05	0.00024134	-9.36	-0.00316598	0.000163318	0.00316979	177.048	0.000458183	1.6451e-05	0.000458481	2.064	-1.945018e-11
0.62	248			0.000219018	-3.74319e-05	0.000222177	-9.696	-0.00316502	0.000163794	0.00316884	177.036	0.000468316	1.66894e-05	0.000468614	2.04	-2.116736e-11
0.6225	249			0.000220836	-3.76406e-05	0.000224025	-9.672	-0.0031655	0.000163794	0.00316955	177.036	0.000464084	1.69278e-05	0.000464382	2.094	-2.326147e-11
0.625	250			0.000260832	-3.99949e-05	0.000263872	-8.712	-0.00316526	0.000164987	0.00316931	177.012	0.000446143	1.81199e-05	0.0004465	2.328	-2.020404e-11
0.6275	251			0.000318052	-4.3005e-05	0.000320943	-7.698	-0.00316478	0.00016594	0.00316884	177.0	0.000438573	1.91928e-05	0.00043899	2.508	-2.271698e-11
0.63	252			0.000328036	-4.38991e-05	0.000330957	-7.62	-0.00316335	0.000166656	0.00316741	176.982	0.0004254	2.06233e-05	0.000425877	2.784	-2.104169e-11
0.6325	253			0.000363709	-4.55084e-05	0.000366541	-7.128	-0.00316359	0.000166656	0.00316764	176.982	0.000416042	2.1279e-05	0.000416579	2.928	-1.844501e-11
0.635	254			0.000417979	-5.04854e-05	0.000421019	-6.882	-0.00316168	0.000165463	0.00316574	177.006	0.000419559	2.00869e-05	0.000420036	2.742	-1.999464e-11
0.6375	255			0.000454487	-5.29888e-05	0.000457587	-6.642	-0.00316264	0.00016594	0.00316669	176.994	0.000459196	1.88948e-05	0.000459613	2.358	-1.953396e-11
0.64	256			0.000510816	-5.70419e-05	0.000513975	-6.372	-0.00317623	0.000166179	0.00318028	177.0	0.00050706	1.54973e-05	0.000507299	1.752	-2.217252e-11
0.6425	257			0.000521485	-5.76975e-05	0.000524644	-6.312	-0.00323631	0.000169755	0.0032406	176.994	0.000539128	1.45436e-05	0.000539366	1.548	-2.246569e-11
0.645	258			0.000539187	-5.84724e-05	0.000542346	-6.186	-0.00334169	0.000175	0.00334598	177.0	0.0005343	1.60934e-05	0.000534538	1.728	-1.831937e-11
0.6475	259			0.000457527	-5.44193e-05	0.000460746	-6.78	-0.00339319	0.000178338	0.00339748	176.988	0.000512365	1.76431e-05	0.000512663	1.98	-2.120921e-11
0.65	260			0.000364007	-4.82204e-05	0.000367166	-7.536	-0.00338914	0.000179292	0.00339343	176.97	0.000509087	1.78219e-05	0.000509385	2.004	-1.890573e-11
0.6525	261			0.000286462	-4.49421e-05	0.000289978	-8.904	-0.00338151	0.000179769	0.00338627	176.952	0.000514451	1.78815e-05	0.000514749	1.992	-2.204685e-11
0.655	262			0.000241936	-4.16043e-05	0.000245454	-9.756	-0.00337841	0.0001781	0.00338294	176.976	0.00051463	1.94312e-05	0.000514988	2.16	-2.053913e-11
0.6575	263			0.000254812	-4.29752e-05	0.000258388	-9.564	-0.00337793	0.000179053	0.00338246	176.964	0.000516418	1.9014e-05	0.000516836	2.112	-1.689538e-11
0.66	264			0.000265302	-4.39885e-05	0.000268938	-9.408	-0.00338246	0.000179292	0.00338699	176.964	0.000517074	1.86564e-05	0.000517432	2.07	-1.61415e-11
0.6625	265			0.000279726	-4.49421e-05	0.000283303	-9.12	-0.00339486	0.000180007	0.00339963	176.964	0.000512127	1.88948e-05	0.000512425	2.112	-2.581624e-11
0.665	266			0.000304343	-4.65515e-05	0.00030786	-8.688	-0.00340964	0.000180961	0.00341441	176.964	0.000504617	1.79411e-05	0.000504974	2.04	-1.802619e-11
0.6675	267			0.000315251	-4.67899e-05	0.000318708	-8.436	-0.00343086	0.000182153	0.00343539	176.958	0.000493649	2.05041e-05	0.000494126	2.382	-2.313577e-11
0.67	268			0.000330927	-4.76839e-05	0.000334324	-8.19	-0.00343753	0.00018263	0.00344206	176.952	0.000480058	1.98485e-05	0.000480415	2.37	-1.614151e-11
0.6725	269			0.000348331	-4.95913e-05	0.000351788	-8.1	-0.00345184	0.000183106	0.00345661	176.958	0.000493113	2.01465e-05	0.00049353	2.34	-1.54295e-11
0.675	270			0.000316562	-4.75647e-05	0.000320079	-8.538	-0.00347687	0.000184298	0.0034814	176.964	0.000558201	1.68682e-05	0.000558499	1.734	-1.986902e-11
0.6775	271			0.000281038	-4.6313e-05	0.000284793	-9.348	-0.00350596	0.000186206	0.00351073	176.958	0.000655595	1.32323e-05	0.000655714	1.158	-1.911514e-11
0.68	272			0.000237704	-4.33328e-05	0.000241638	-10.32	-0.0035453	0.000186683	0.00355007	176.982	0.00067592	1.38283e-05	0.00067604	1.17	-2.041346e-11
0.6825	273			0.000189067	-4.18427e-05	0.000193656	-12.474	-0.00358202	0.000188113	0.00358655	176.994	0.000655536	1.32323e-05	0.000655714	1.158	-1.408928e-11
0.685	274			0.000171066	-4.10082e-05	0.000175954	-13.464	-0.00360633	0.00018859	0.0036111	177.006	0.000628177	1.35899e-05	0.000628356	1.242	-1.790055e-11
0.6875	275			0.000145615	-4.00546e-05	0.000151039	-15.354	-0.00361587	0.000189305	0.00362064	177.006	0.000615541	1.44244e-05	0.00061572	1.344	-2.246564e-11
0.69	276			0.000145317	-3.91605e-05	0.000150503	-15.066	-0.00361635	0.000188828	0.00362112	177.006	0.000609878	1.36495e-05	0.000610057	1.284	-1.57646e-11
0.6925	277			0.000161231	-4.09486e-05	0.000166357	-14.226	-0.0036173	0.00018859	0.00362207	177.012	0.000608329	1.5855e-05	0.000608508	1.494	-1.999464e-11
0.695	278			0.000198306	-4.09486e-05	0.000202478	-11.658	-0.00361611	0.000188828	0.00362088	177.006	0.000604633	1.62722e-05	0.000604872	1.542	-1.651845e-11
0.6975	279			0.000265004	-4.49421e-05	0.000268759	-9.624	-0.0036173	0.000189782	0.00362207	176.994	0.000599209	1.63318e-05	0.000599448	1.56	-1.919888e-11
0.7	280			0.000313343	-4.78032e-05	0.000316979	-8.67	-0.00361682	0.000189067	0.00362159	177.006	0.000595752	1.60338e-05	0.000595991	1.542	-1.660219e-11
0.7025	281			0.000322165	-4.74455e-05	0.000325622	-8.37	-0.00361706	0.000189544	0.00362183	177.0	0.000594918	1.6153e-05	0.000595156	1.56	-1.668597e-11
0.705	282			0.000326874	-4.77436e-05	0.000330331	-8.304	-0.0036173	0.000189305	0.00362207	177.0	0.000588898	1.62722e-05	0.000589076	1.584	-2.037157e-11
0.7075	283			0.000380995	-5.0545e-05	0.000384333	-7.554	-0.00361802	0.000187875	0.00362255	177.024	0.000584189	1.53781e-05	0.000584368	1.512	-2.342892e-11
0.71	284			0.000396611	-5.1141e-05	0.000399889	-7.344	-0.00361706	0.000189305	0.00362183	177.0	0.000574116	1.69278e-05	0.000574354	1.692	-2.208875e-11
0.7125	285			0.000418069	-5.3108e-05	0.000421407	-7.236	-0.00361706	0.000189305	0.00362183	177.006	0.000571195	1.80603e-05	0.000571493	1.812	-2.032964e-11
0.715	286			0.000472965	-5.5969e-05	0.000476243	-6.75	-0.00361611	0.000189782	0.00362088	176.994	0.000572268	1.73451e-05	0.000572566	1.74	-1.80262e-11
0.7175	287			0.000480833	-5.8234e-05	0.000484349	-6.9	-0.00361563	0.000190974	0.0036204	176.976	0.000588778	1.7047e-05	0.000589017	1.662	-1.878006e-11
0.72	288			0.000485482	-5.80552e-05	0.000489	-6.816	-0.00361659	0.000191689	0.00362159	176.964	0.000597958	1.6153e-05	0.000598196	1.554	-2.037157e-11
0.7225	289			0.000502411	-5.83532e-05	0.000505749	-6.624	-0.00361563	0.000193597	0.00362064	176.934	0.000603143	1.72855e-05	0.000603382	1.644	-2.074854e-11
0.725	290			0.000513617	-5.99625e-05	0.000517134	-6.654	-0.00361468	0.000194312	0.00361945	176.922	0.000605527	1.63914e-05	0.000605766	1.554	-1.794242e-11
0.7275	291			0.00051165	-6.18105e-05	0.000515345	-6.888	-0.00361253	0.000194074	0.00361754	176.922	0.000607554	1.59742e-05	0.000607792	1.506	-1.928266e-11
0.73	292			0.000511054	-6.16317e-05	0.000514749	-6.876	-0.00361063	0.000195266	0.00361587	176.898	0.000613514	1.72259e-05	0.000613753	1.608	-1.756549e-11
0.7325	293			0.000519518	-6.12144e-05	0.000523094	-6.714	-0.00361778	0.000194312	0.00362255	176.928	0.000625852	1.59146e-05	0.000626031	1.458	-2.187934e-11
0.735	294			0.000505213	-6.14529e-05	0.000508968	-6.93	-0.00364758	0.000196458	0.00365259	176.916	0.000632945	1.63318e-05	0.000633184	1.476	-1.957583e-11
0.7375	295			0.000475945	-5.87704e-05	0.000479581	-7.038	-0.00372364	0.000200273	0.00372888	176.922	0.000620846	1.63914e-05	0.000621084	1.518	-1.949202e-11
0.74	296			0.00043148	-5.66246e-05	0.000435175	-7.476	-0.0038345	0.000204802	0.00383975	176.94	0.000571195	1.92524e-05	0.000571553	1.932	-1.86963e-11
0.7425	297			0.000354113	-5.22139e-05	0.000357928	-8.382	-0.00389864	0.000208617	0.00390388	176.934	0.000506107	2.25307e-05	0.000506584	2.55	-1.35448e-11
0.745	298			0.000293436	-4.97105e-05	0.000297608	-9.606	-0.00390795	0.000209094	0.00391343	176.934	0.000491265	2.4736e-05	0.000491861	2.886	-2.003655e-11
0.7475	299			0.000281455	-4.91145e-05	0.000285687	-9.888	-0.0039015	0.000209094	0.003907	176.928	0.0005222	2.34843e-05	0.000522677	2.58	-1.970149e-11
0.75	300			0.000329735	-5.24523e-05	0.000333847	-9.03	-0.00389744	0.000210048	0.00390293	176.916	0.000564996	2.32459e-05	0.000565413	2.358	-2.129297e-11
0.7525	301			0.000376822	-5.56114e-05	0.000380876	-8.394	-0.00389673	0.000210525	0.00390221	176.904	0.00060207	2.19346e-05	0.000602487	2.088	-1.936645e-11
0.755	302			0.000428023	-5.78167e-05	0.000431957	-7.686	-0.00389935	0.000209809	0.00390483	176.922	0.000604454	2.06829e-05	0.000604812	1.962	-1.413116e-11
0.7575	303			0.000454845	-5.98433e-05	0.000458779	-7.494	-0.00389983	0.00020814	0.00390507	176.94	0.000594858	2.10406e-05	0.000595216	2.028	-2.058099e-11
0.76	304			0.000480356	-6.09162e-05	0.00048423	-7.218	-0.00390197	0.00020814	0.00390723	176.946	0.000584129	2.1279e-05	0.000584487	2.088	-2.338709e-11
0.7625	305			0.000454547	-5.90684e-05	0.000458421	-7.404	-0.0039015	0.00020814	0.00390676	176.946	0.000574116	2.1875e-05	0.000574533	2.184	-1.831935e-11
0.765	306			0.000434758	-5.73995e-05	0.000438573	-7.518	-0.00390245	0.000207425	0.00390771	176.952	0.000562493	2.13982e-05	0.00056285	2.184	-1.576459e-11
0.7675	307			0.000450792	-5.76379e-05	0.000454487	-7.278	-0.00391105	0.000207425	0.00391629	176.964	0.000547949	2.25307e-05	0.000548426	2.358	-1.630903e-11
0.77	308			0.000455799	-5.96645e-05	0.000459673	-7.452	-0.00393108	0.000209332	0.00393632	176.946	0.000535492	2.30075e-05	0.000535969	2.466	-2.08742e-11
0.7725	309			0.000432374	-5.78763e-05	0.000436248	-7.62	-0.00395468	0.000210525	0.00396016	176.952	0.000527147	2.40208e-05	0.000527684	2.616	-1.82356e-11
0.775	310			0.000427844	-5.79956e-05	0.000431718	-7.716	-0.00396875	0.000213147	0.00397423	176.922	0.000569288	2.31863e-05	0.000569765	2.334	-2.108359e-11
0.7775	311			0.000432851	-5.84128e-05	0.000436785	-7.68	-0.00397685	0.00021577	0.00398257	176.892	0.000619117	2.19942e-05	0.000619534	2.034	-2.104167e-11
0.78	312			0.000392796	-5.60286e-05	0.00039673	-8.112	-0.00399712	0.0002172	0.0040026	176.886	0.000626389	2.19346e-05	0.000626747	2.01	-1.505256e-11
0.7825	313			0.000370922	-5.56114e-05	0.000375094	-8.52	-0.00402167	0.000219108	0.0040274	176.88	0.000604574	2.40208e-05	0.00060505	2.28	-1.555514e-11
0.785	314			0.000333728	-5.39424e-05	0.000338079	-9.18	-0.00404957	0.000221015	0.00405529	176.874	0.000579957	2.4736e-05	0.000580493	2.442	-2.020403e-11
0.7875	315			0.000337483	-5.28099e-05	0.000341596	-8.892	-0.0040746	0.000221253	0.00408033	176.892	0.000555459	2.6107e-05	0.000556055	2.694	-1.878003e-11
0.79	316			0.000303151	-5.22139e-05	0.000307621	-9.768	-0.00411013	0.000223638	0.00411609	176.88	0.000518743	2.81335e-05	0.000519518	3.108	-1.986902e-11
0.7925	317			0.000252249	-4.92337e-05	0.000257017	-11.04	-0.00414923	0.000224591	0.00415495	176.898	0.000477197	2.99216e-05	0.000478091	3.594	-1.861254e-11
0.795	318			0.000198067	-4.74455e-05	0.00020367	-13.464	-0.0041838	0.000226022	0.00418952	176.904	0.000435295	3.21867e-05	0.000436487	4.23	-2.158616e-11
0.7975	319			0.000168086	-4.45845e-05	0.000173868	-14.838	-0.00420478	0.000226975	0.00421074	176.91	0.000405254	3.25444e-05	0.000406565	4.596	-2.049719e-11
0.8	320			0.000173272	-4.51209e-05	0.000179053	-14.586	-0.00421479	0.00022626	0.00422052	176.928	0.000391902	3.24848e-05	0.000393214	4.746	-2.028782e-11
0.8025	321			0.000167967	-4.44057e-05	0.000173748	-14.79	-0.00421789	0.000226499	0.00422385	176.922	0.000410082	3.21867e-05	0.000411334	4.488	-1.882195e-11
0.805	322			0.000229538	-4.86376e-05	0.000234605	-11.964	-0.00421694	0.000225545	0.00422266	176.934	0.000440123	2.9266e-05	0.000441136	3.81	-2.083231e-11
0.8075	323			0.000263633	-4.97701e-05	0.000268282	-10.68	-0.00421789	0.000225306	0.00422361	176.94	0.000589076	2.29479e-05	0.000589553	2.232	-1.965958e-11
0.81	324			0.000305356	-5.23927e-05	0.000309827	-9.732	-0.00421932	0.00022483	0.00422505	176.946	0.000760797	1.51396e-05	0.000760976	1.14	-1.96596e-11
0.8125	325			0.000352802	-5.62074e-05	0.000357272	-9.042	-0.00421885	0.000226022	0.00422457	176.934	0.000817601	1.15634e-05	0.00081766	0.81	-2.208874e-11
0.815	326			0.000391187	-5.84128e-05	0.000395538	-8.484	-0.00421885	0.000225783	0.00422457	176.934	0.000839654	1.05501e-05	0.000839714	0.726	-1.806804e-11
0.8175	327			0.000443818	-6.19893e-05	0.00044811	-7.944	-0.00421861	0.00022626	0.00422457	176.928	0.00084627	1.03713e-05	0.00084633	0.702	-1.903135e-11
0.82	328			0.000486078	-6.42543e-05	0.000490312	-7.524	-0.00421813	0.000225306	0.00422385	176.94	0.000849489	9.05996e-06	0.000849549	0.612	-2.355464e-11
0.8225	329			0.000513855	-6.50291e-05	0.000517968	-7.206	-0.00421789	0.000225068	0.00422361	176.946	0.0008508	1.00136e-05	0.00085086	0.678	-1.798433e-11
0.825	330			0.000558201	-6.80094e-05	0.000562314	-6.942	-0.00421861	0.00022626	0.00422457	176.928	0.000850741	9.59641e-06	0.0008508	0.648	-1.77749e-11
0.8275	331			0.000569288	-6.85458e-05	0.0005734	-6.858	-0.00421861	0.000225545	0.00422457	176.94	0.000850204	1.10865e-05	0.000850264	0.75	-1.756547e-11
0.83	332			0.000569943	-6.81286e-05	0.000573996	-6.816	-0.00421932	0.000225783	0.00422505	176.934	0.000850145	9.71562e-06	0.000850204	0.66	-1.777487e-11
0.8325	333			0.000599209	-7.04532e-05	0.000603322	-6.702	-0.00421837	0.000225783	0.00422409	176.934	0.000851098	1.00136e-05	0.000851158	0.678	-2.129297e-11
0.835	334			0.000611249	-7.12876e-05	0.000615362	-6.648	-0.00421813	0.000226022	0.00422385	176.928	0.00084943	1.12653e-05	0.000849489	0.762	-2.020409e-11
0.8375	335			0.000616495	-7.14068e-05	0.000620607	-6.6	-0.00421861	0.000226975	0.00422457	176.916	0.000849012	1.12653e-05	0.000849072	0.762	-1.894759e-11
0.84	336			0.000627045	-7.22413e-05	0.000631157	-6.57	-0.00421861	0.000227691	0.00422457	176.91	0.000849728	1.14442e-05	0.000849787	0.774	-1.760735e-11
0.8425	337			0.000652555	-7.45063e-05	0.000656787	-6.516	-0.00421765	0.00022936	0.00422338	176.886	0.000848297	1.20998e-05	0.000848416	0.822	-2.305204e-11
0.845	338			0.00068808	-7.59964e-05	0.000692252	-6.3	-0.00421837	0.00022936	0.00422433	176.886	0.000845913	1.30535e-05	0.000846032	0.888	-2.489485e-11
0.8475	339			0.000691418	-7.70693e-05	0.00069565	-6.36	-0.00421861	0.000229598	0.00422457	176.88	0.000845794	1.24574e-05	0.000845913	0.846	-1.693729e-11
0.85	340			0.000707272	-7.88574e-05	0.000711683	-6.36	-0.00422004	0.000229121	0.004226	176.892	0.000840489	1.4782e-05	0.000840608	1.008	-1.760741e-11
0.8525	341			0.000770453	-8.30893e-05	0.000774864	-6.15	-0.00422195	0.000229598	0.00422791	176.886	0.000835303	1.51396e-05	0.000835422	1.044	-2.250757e-11
0.855	342			0.000739578	-8.18972e-05	0.000744108	-6.318	-0.00422743	0.000231267	0.00423339	176.868	0.000824574	1.56165e-05	0.000824694	1.086	-1.731421e-11
0.8575	343			0.00077403	-8.36854e-05	0.0007785	-6.168	-0.00423697	0.000231982	0.00424293	176.862	0.000820462	1.63318e-05	0.00082064	1.14	-1.974338e-11
0.86	344			0.000771228	-8.29105e-05	0.000775639	-6.132	-0.00425628	0.000232936	0.00426248	176.862	0.000821535	1.72259e-05	0.000821713	1.2	-1.802622e-11
0.8625	345			0.000743631	-8.21953e-05	0.000748161	-6.306	-0.00429872	0.000235797	0.00430492	176.856	0.000813667	1.69278e-05	0.000813846	1.194	-1.978525e-11
0.865	346			0.000743095	-8.16588e-05	0.000747565	-6.27	-0.0043681	0.000240327	0.00437453	176.85	0.000786368	1.82987e-05	0.000786606	1.338	-1.986902e-11
0.8675	347			0.000704113	-8.06456e-05	0.000708703	-6.528	-0.00446895	0.000246765	0.00447538	176.838	0.000729863	2.15174e-05	0.00073022	1.692	-2.062285e-11
0.87	348			0.000629548	-7.68309e-05	0.000634197	-6.96	-0.00456336	0.000253202	0.00457004	176.82	0.000641946	2.57493e-05	0.000642482	2.298	-1.584832e-11
0.8725	349			0.000613097	-7.56984e-05	0.000617746	-7.038	-0.00460437	0.000254633	0.00461105	176.832	0.000557605	3.20079e-05	0.000558559	3.288	-1.517822e-11
0.875	350			0.000486614	-6.8963e-05	0.000491504	-8.064	-0.00461343	0.000254633	0.00461963	176.838	0.000503901	3.28424e-05	0.000504974	3.732	-2.19212e-11
0.8775	351			0.000484051	-6.8367e-05	0.000488881	-8.034	-0.00460961	0.000254633	0.00461629	176.838	0.000479879	3.49882e-05	0.000481131	4.17	-2.146056e-11
0.88	352			0.00053722	-7.20029e-05	0.000542048	-7.632	-0.00461152	0.000254156	0.00461772	176.844	0.000469627	3.55246e-05	0.000470998	4.332	-1.936643e-11
0.8825	353			0.000541691	-7.1228e-05	0.0005464	-7.488	-0.00461438	0.000253202	0.00462106	176.85	0.000465157	3.49882e-05	0.000466468	4.302	-2.070662e-11
0.885	354			0.000553314	-7.27181e-05	0.000558082	-7.482	-0.00461772	0.000254156	0.00462392	176.844	0.000462772	3.5763e-05	0.000464143	4.422	-1.915701e-11
0.8875	355			0.000531856	-7.03936e-05	0.000536446	-7.536	-0.00462773	0.000253202	0.00463393	176.868	0.000462653	3.45113e-05	0.000463964	4.272	-1.819373e-11
0.89	356			0.000537399	-7.08704e-05	0.000542048	-7.506	-0.00462916	0.000253202	0.00463536	176.868	0.000461103	3.42133e-05	0.000462355	4.248	-2.250758e-11
0.8925	357			0.000536267	-6.97975e-05	0.000540797	-7.416	-0.00462678	0.000252726	0.00463346	176.868	0.000467004	3.30212e-05	0.000468196	4.044	-1.73142e-11
0.895	358			0.000541572	-6.92015e-05	0.000545982	-7.278	-0.00462821	0.000252249	0.00463489	176.874	0.000481607	3.15311e-05	0.000482621	3.744	-1.794245e-11
0.8975	359			0.000609402	-7.36122e-05	0.000613812	-6.888	-0.00463012	0.000252249	0.00463679	176.88	0.000504855	3.09946e-05	0.000505809	3.516	-1.915701e-11
0.9	360			0.000632171	-7.49831e-05	0.000636581	-6.762	-0.00463441	0.000252726	0.00464061	176.874	0.000563208	2.87296e-05	0.000563983	2.922	-2.079042e-11
0.9025	361			0.000582043	-7.21817e-05	0.000586513	-7.068	-0.00464395	0.000253202	0.00465062	176.88	0.000681881	2.23519e-05	0.000682238	1.878	-1.919893e-11
0.905	362			0.000697199	-8.08244e-05	0.000701848	-6.612	-0.00465015	0.000252726	0.00465634	176.886	0.000809137	1.71663e-05	0.000809316	1.218	-1.714666e-11
0.9075	363			0.000571612	-7.38506e-05	0.000576381	-7.356	-0.00466731	0.00025511	0.00467399	176.868	0.000899557	1.1623e-05	0.000899676	0.744	-2.556496e-11
0.91	364			0.000507418	-7.01551e-05	0.000512246	-7.866	-0.00466684	0.000254156	0.00467303	176.88	0.000953916	1.00136e-05	0.000953916	0.606	-1.957584e-11
0.9125	365			0.000542048	-7.20029e-05	0.000546817	-7.56	-0.00468686	0.00025654	0.00469306	176.868	0.000958446	1.02521e-05	0.000958566	0.618	-2.225628e-11
0.915	366			0.00050712	-7.08108e-05	0.000512067	-7.944	-0.00470546	0.000257494	0.00471166	176.868	0.000948314	1.13249e-05	0.000948433	0.69	-1.534574e-11
0.9175	367			0.000501219	-7.02147e-05	0.000506166	-7.968	-0.00472501	0.000258448	0.00473168	176.868	0.00093079	1.23978e-05	0.000930909	0.768	-1.945018e-11
0.92	368			0.000496153	-7.00955e-05	0.0005011	-8.034	-0.00473168	0.000259401	0.00473836	176.856	0.000922207	1.26362e-05	0.000922207	0.786	-1.999468e-11
0.9225	369			0.000447633	-6.68769e-05	0.00045258	-8.496	-0.00475219	0.000261785	0.00475934	176.844	0.000899915	1.59742e-05	0.000900034	1.02	-1.82356e-11
0.925	370			0.000427665	-6.6102e-05	0.000432732	-8.778	-0.00477508	0.000263216	0.00478223	176.838	0.00087047	1.91928e-05	0.000870589	1.26	-2.217255e-11
0.9275	371			0.000454249	-6.81882e-05	0.000459315	-8.532	-0.00478986	0.0002656	0.00479701	176.826	0.000849131	2.1577e-05	0.00084937	1.464	-1.982713e-11
0.93	372			0.000457169	-6.99167e-05	0.000462415	-8.694	-0.0048013	0.000268938	0.00480846	176.79	0.000835065	2.34843e-05	0.000835422	1.614	-2.141859e-11
0.9325	373			0.000470283	-7.04532e-05	0.000475528	-8.514	-0.00482085	0.000269892	0.00482801	176.79	0.000811461	2.57493e-05	0.000811938	1.824	-1.991089e-11
0.935	374			0.000465991	-6.93803e-05	0.000471117	-8.466	-0.0048385	0.000271799	0.00484565	176.784	0.000791792	2.70606e-05	0.000792269	1.962	-2.041348e-11
0.9375	375			0.000524942	-7.34334e-05	0.000530068	-7.956	-0.0048714	0.000272276	0.00487855	176.802	0.000757579	2.88488e-05	0.000758175	2.184	-2.070665e-11
0.94	376			0.000536326	-7.39102e-05	0.000541393	-7.842	-0.00491241	0.000275137	0.00492004	176.79	0.000709418	3.09946e-05	0.000710014	2.508	-1.836124e-11
0.9425	377			0.000493113	-7.17049e-05	0.000498299	-8.268	-0.00494149	0.00027466	0.00494865	176.814	0.000674609	3.33788e-05	0.000675444	2.832	-1.823562e-11
0.945	378			0.000432314	-6.86054e-05	0.000437738	-9.012	-0.00496772	0.000275137	0.00497487	176.826	0.00064123	3.44517e-05	0.000642184	3.084	-2.192127e-11
0.9475	379			0.000344576	-6.28238e-05	0.000350239	-10.326	-0.00500014	0.000275137	0.0050073	176.85	0.000592355	3.71935e-05	0.000593547	3.594	-2.028782e-11
0.95	380			0.000296058	-6.00817e-05	0.000302078	-11.466	-0.0050278	0.000276567	0.00503495	176.85	0.000557784	3.88625e-05	0.000559215	3.984	-2.200496e-11
0.9525	381			0.000244798	-5.75783e-05	0.000251474	-13.224	-0.0050464	0.000276567	0.00505403	176.856	0.000526313	3.95777e-05	0.000527743	4.302	-2.388964e-11
0.955	382			0.000224174	-5.74591e-05	0.000231386	-14.37	-0.0050545	0.000276567	0.00506166	176.862	0.000497941	4.04122e-05	0.00049961	4.644	-2.032968e-11
0.9575	383			0.00024134	-5.75187e-05	0.000248076	-13.398	-0.00505784	0.000277521	0.00506499	176.856	0.00050116	4.00546e-05	0.000502829	4.578	-1.953395e-11
0.96	384			0.000260176	-5.86512e-05	0.000266673	-12.696	-0.00505927	0.000277044	0.00506642	176.862	0.000517014	4.01738e-05	0.000518564	4.446	-2.250757e-11
0.9625	385			0.000265541	-5.9128e-05	0.000272037	-12.546	-0.00505975	0.000279428	0.0050669	176.838	0.000540975	3.70743e-05	0.000542287	3.924	-1.991088e-11
0.965	386			0.000333847	-6.17509e-05	0.00033951	-10.476	-0.00505975	0.000280859	0.0050669	176.82	0.000554565	3.56438e-05	0.000555757	3.678	-1.635093e-11
0.9675	387			0.000348272	-6.07374e-05	0.000353517	-9.888	-0.00505975	0.000281336	0.0050669	176.814	0.000565652	3.56438e-05	0.000566725	3.606	-2.049724e-11
0.97	388			0.000366332	-6.17509e-05	0.000371518	-9.558	-0.00505927	0.000282289	0.0050669	176.808	0.000569228	3.56438e-05	0.00057042	3.588	-2.11255e-11
0.9725	389			0.000391306	-6.27642e-05	0.000396254	-9.114	-0.00505927	0.000280859	0.00506642	176.82	0.000568274	3.50478e-05	0.000569347	3.528	-2.234004e-11
0.975	390			0.000430526	-6.51483e-05	0.000435473	-8.604	-0.00505975	0.000282289	0.00506738	176.802	0.000569347	3.52862e-05	0.00057042	3.558	-2.313578e-11
0.9775	391			0.000452103	-6.77709e-05	0.000457169	-8.526	-0.00505975	0.000282289	0.0050669	176.802	0.00056899	3.5167e-05	0.000570063	3.546	-1.970148e-11
0.98	392			0.000453176	-6.78306e-05	0.000458183	-8.514	-0.00505975	0.000281813	0.0050669	176.808	0.00056899	3.52862e-05	0.000570063	3.558	-2.59e-11
0.9825	393			0.000446679	-6.78306e-05	0.000451805	-8.634	-0.00505927	0.000282289	0.0050669	176.802	0.000569347	3.45709e-05	0.00057042	3.486	-1.718858e-11
0.985	394			0.000478389	-6.97379e-05	0.000483455	-8.292	-0.00505975	0.000282289	0.0050669	176.802	0.00056899	3.52862e-05	0.000570063	3.558	-2.007841e-11
0.9875	395			0.000503961	-7.11684e-05	0.000508968	-8.034	-0.00505927	0.000282289	0.0050669	176.802	0.000567798	3.5167e-05	0.00056887	3.546	-2.099982e-11
0.99	396			0.000534836	-7.26585e-05	0.000539724	-7.734	-0.0050588	0.000281336	0.00506595	176.814	0.000570659	3.44517e-05	0.000571731	3.462	-2.104172e-11
0.9925	397			0.000608508	-7.78441e-05	0.000613514	-7.29	-0.0050588	0.000281336	0.00506595	176.814	0.000574593	3.33788e-05	0.000575546	3.324	-1.848692e-11
0.995	398			0.000687901	-8.16588e-05	0.000692789	-6.768	-0.00505832	0.000282289	0.00506595	176.808	0.000587944	3.3498e-05	0.000588898	3.27	-2.007842e-11
0.9975	399			0.000776056	-8.76789e-05	0.000781003	-6.444	-0.00505975	0.000281336	0.00506738	176.814	0.000615362	3.2902e-05	0.000616197	3.072	-1.702105e-11
1.0	400			0.000852529	-9.28645e-05	0.000857595	-6.216	-0.00506023	0.000282766	0.00506786	176.796	0.000678662	2.9564e-05	0.000679258	2.496	-2.280078e-11
