variable x	variable x count			lockin1 x	lockin1 y	lockin1 r	lockin1 phi	lockin2 x	lockin2 y	lockin2 r	lockin2 phi	lockin3 x	lockin3 y	lockin3 r	lockin3 phi	smu1 meas	


1.0	0			0.00062919	-8.82153e-05	0.000635389	-7.98	-0.00566867	0.000314714	0.0056763	176.82	0.000669722	3.66571e-05	0.000670675	3.138	-1.689517e-11
0.9975	1			0.000625852	-8.78577e-05	0.000631932	-7.986	-0.00565913	0.000314714	0.00566486	176.814	0.00059003	4.03526e-05	0.000591341	3.918	-1.790038e-11
0.995	2			0.000630502	-8.70232e-05	0.000636462	-7.848	-0.00565723	0.000314714	0.00566295	176.814	0.000458183	4.76839e-05	0.000460686	5.946	-1.991071e-11
0.9925	3			0.000649098	-8.83345e-05	0.000655059	-7.74	-0.00565532	0.000314714	0.00566295	176.814	0.000280442	5.45385e-05	0.000285687	11.016	-1.877989e-11
0.99	4			0.000694875	-9.00035e-05	0.000700716	-7.38	-0.00565723	0.000314714	0.00566295	176.814	0.000188054	5.70419e-05	0.000196517	16.884	-1.81098e-11
0.9875	5			0.000773314	-9.3699e-05	0.000779036	-6.9	-0.00564387	0.000314714	0.0056496	176.808	0.000221849	5.66246e-05	0.000228942	14.316	-2.028763e-11
0.985	6			0.000876311	-0.000100613	0.000882033	-6.546	-0.00559619	0.000312807	0.00560191	176.796	0.000313284	5.01873e-05	0.000317277	9.102	-2.300992e-11
0.9825	7			0.000969294	-0.000104309	0.000974897	-6.132	-0.00550845	0.000308992	0.00551608	176.778	0.000418248	4.5717e-05	0.000420751	6.24	-2.158599e-11
0.98	8			0.00103629	-0.000108719	0.00104202	-5.988	-0.00540736	0.00030327	0.00541309	176.79	0.000506882	4.13063e-05	0.000508551	4.662	-2.29262e-11
0.9775	9			0.00106729	-0.000110269	0.00107289	-5.892	-0.00532725	0.000299456	0.00533298	176.778	0.000558559	3.91605e-05	0.00055993	4.008	-1.019413e-11
0.975	10			0.00108326	-0.000111104	0.00108898	-5.856	-0.00527003	0.000297548	0.00527766	176.76	0.000572924	3.85048e-05	0.000574235	3.846	-2.22561e-11
0.9725	11			0.00108493	-0.000111819	0.00109065	-5.88	-0.00521663	0.000293734	0.00522426	176.766	0.0005675	3.99949e-05	0.00056893	4.032	-2.104151e-11
0.97	12			0.00108708	-0.000110746	0.00109268	-5.814	-0.00519183	0.000291826	0.00519946	176.766	0.000557546	3.8624e-05	0.000558916	3.966	-1.668577e-11
0.9675	13			0.00108231	-0.000109792	0.00108779	-5.79	-0.00516894	0.000289919	0.00517467	176.772	0.000548009	4.0293e-05	0.000549499	4.212	-1.781663e-11
0.965	14			0.00108815	-0.00011015	0.00109363	-5.778	-0.00514987	0.000288012	0.00515559	176.796	0.000527147	3.99949e-05	0.000528697	4.344	-2.510407e-11
0.9625	15			0.0010866	-0.000109911	0.0010922	-5.772	-0.0051327	0.000286104	0.00513843	176.802	0.000502292	4.06506e-05	0.000503901	4.626	-1.986881e-11
0.96	16			0.00109137	-0.0001086	0.00109673	-5.676	-0.00510982	0.000280382	0.00511554	176.844	0.000448706	4.24387e-05	0.000450673	5.412	-2.0874e-11
0.9575	17			0.00110126	-0.000107885	0.00110651	-5.592	-0.00509837	0.000278475	0.00510409	176.856	0.000431897	4.27964e-05	0.000433983	5.658	-1.953381e-11
0.955	18			0.00109435	-0.000107766	0.00109959	-5.622	-0.00508121	0.000276567	0.00508693	176.88	0.000431063	4.24387e-05	0.000433149	5.622	-2.112528e-11
0.9525	19			0.00107885	-0.000106931	0.0010841	-5.658	-0.00507167	0.000276567	0.0050793	176.88	0.000439825	4.17831e-05	0.000441791	5.436	-2.17535e-11
0.95	20			0.00107945	-0.000105739	0.00108457	-5.592	-0.00506213	0.00027466	0.00506786	176.892	0.000442447	4.04122e-05	0.000444295	5.226	-1.85286e-11
0.9475	21			0.0010531	-0.000104309	0.00105823	-5.646	-0.00505832	0.00027466	0.00506404	176.886	0.000451686	4.10082e-05	0.000453593	5.196	-2.091589e-11
0.945	22			0.00103427	-0.000102282	0.00103927	-5.64	-0.00505832	0.00027466	0.00506213	176.886	0.000460329	3.97565e-05	0.000462057	4.944	-1.46336e-11
0.9425	23			0.000996001	-0.000100375	0.00100113	-5.754	-0.00506023	0.000276567	0.00506786	176.868	0.000474336	4.04718e-05	0.000476064	4.884	-2.074832e-11
0.94	24			0.000896934	-9.44142e-05	0.000901941	-6.006	-0.00506213	0.000276567	0.00506976	176.874	0.000489358	3.88625e-05	0.000490848	4.542	-2.058082e-11
0.9375	25			0.000831727	-9.07187e-05	0.000836615	-6.222	-0.00506213	0.000276567	0.00506976	176.874	0.000497583	3.77896e-05	0.000499014	4.35	-2.104151e-11
0.935	26			0.000768069	-8.77385e-05	0.000773076	-6.516	-0.00506213	0.000276567	0.00506976	176.85	0.000509325	3.77896e-05	0.000510756	4.242	-2.049703e-11
0.9325	27			0.000630025	-7.95131e-05	0.000634912	-7.182	-0.00506023	0.000276567	0.00506786	176.85	0.000523511	3.65975e-05	0.000524823	4.002	-2.192102e-11
0.93	28			0.000463011	-6.94995e-05	0.000468137	-8.532	-0.00506213	0.000276567	0.00506976	176.874	0.000537995	3.4869e-05	0.000539128	3.714	-2.455959e-11
0.9275	29			0.000299336	-5.94857e-05	0.000305178	-11.232	-0.00506213	0.00027466	0.00506786	176.892	0.00054938	3.45709e-05	0.000550512	3.6	-2.213042e-11
0.925	30			0.000214816	-5.44789e-05	0.000221611	-14.208	-0.00506213	0.000272753	0.00506786	176.91	0.000556711	3.32596e-05	0.000557724	3.426	-2.225607e-11
0.9225	31			0.000174166	-5.07834e-05	0.000181437	-16.236	-0.00506023	0.000272753	0.00506595	176.91	0.000562731	3.14119e-05	0.000563625	3.198	-2.20048e-11
0.92	32			0.000167967	-4.98893e-05	0.000175239	-16.518	-0.00506213	0.000270845	0.00506786	176.928	0.000567976	3.0935e-05	0.000568811	3.12	-1.509428e-11
0.9175	33			0.000175715	-5.18563e-05	0.000183166	-16.434	-0.00506213	0.000272753	0.00506786	176.91	0.000569765	3.22463e-05	0.000570659	3.246	-2.288429e-11
0.915	34			0.000176252	-5.16775e-05	0.000183643	-16.326	-0.00506213	0.000272753	0.00506786	176.91	0.000568811	3.07562e-05	0.000569645	3.102	-1.93243e-11
0.9125	35			0.000171841	-5.09026e-05	0.000179232	-16.494	-0.00506213	0.000270845	0.00506786	176.928	0.000570003	2.93256e-05	0.000570778	2.946	-2.129276e-11
0.91	36			0.00020969	-5.3406e-05	0.000216366	-14.286	-0.00506213	0.000272753	0.00506786	176.91	0.000567976	2.94448e-05	0.000568751	2.97	-2.146031e-11
0.9075	37			0.00019467	-5.39424e-05	0.000202001	-15.486	-0.00506213	0.000270845	0.00506786	176.928	0.000565771	2.99813e-05	0.000566546	3.036	-1.819355e-11
0.905	38			0.000181735	-5.3406e-05	0.000189424	-16.368	-0.00506023	0.000270845	0.00506595	176.928	0.000560883	3.05774e-05	0.000561718	3.126	-2.225605e-11
0.9025	39			0.000172437	-5.3108e-05	0.000180424	-17.112	-0.00506023	0.000272753	0.00506595	176.91	0.0005523	3.13523e-05	0.000553194	3.252	-2.259113e-11
0.9	40			0.000144483	-5.16775e-05	0.000153423	-19.662	-0.00506023	0.000272753	0.00506595	176.91	0.00052822	3.3498e-05	0.000529293	3.63	-1.64345e-11
0.8975	41			0.000148357	-5.0843e-05	0.000156821	-18.9	-0.00506023	0.000272753	0.00506595	176.91	0.0004797	3.70743e-05	0.000481131	4.428	-1.823542e-11
0.895	42			0.000132919	-4.99489e-05	0.000141979	-20.58	-0.00506023	0.000272753	0.00506595	176.91	0.000364127	4.27964e-05	0.00036663	6.702	-2.275867e-11
0.8925	43			0.000142277	-5.1439e-05	0.000151278	-19.872	-0.00505832	0.00027466	0.00506404	176.886	0.00021124	4.98893e-05	0.000217021	13.29	-2.200478e-11
0.89	44			0.000139595	-4.94721e-05	0.000148118	-19.494	-0.0050545	0.000272753	0.00505832	176.904	8.41622e-05	5.55518e-05	0.000100852	33.42	-2.2633e-11
0.8875	45			0.000176311	-5.10814e-05	0.000183524	-16.14	-0.00504497	0.000272753	0.00505069	176.898	4.97701e-05	5.79359e-05	7.63838e-05	49.332	-1.61832e-11
0.885	46			0.000178219	-5.10218e-05	0.000185371	-15.954	-0.00503543	0.000272753	0.00504115	176.892	6.08566e-05	5.78763e-05	8.39834e-05	43.566	-2.481086e-11
0.8825	47			0.000183106	-5.21543e-05	0.000190378	-15.888	-0.00501826	0.000272753	0.00502399	176.88	8.25231e-05	5.70419e-05	0.000100315	34.662	-1.877988e-11
0.88	48			0.000241519	-5.42405e-05	0.00024754	-12.648	-0.00500491	0.000272753	0.00500873	176.874	0.000107348	5.51643e-05	0.0001207	27.198	-2.020388e-11
0.8775	49			0.000244798	-5.37636e-05	0.000250639	-12.384	-0.00498393	0.000273706	0.00498965	176.85	0.00012973	5.51643e-05	0.000140966	23.04	-1.861241e-11
0.875	50			0.000256779	-5.48365e-05	0.00026256	-12.054	-0.0049744	0.000271799	0.00498012	176.862	0.000145019	5.35848e-05	0.000154615	20.286	-1.743965e-11
0.8725	51			0.000270607	-5.6267e-05	0.000276389	-11.742	-0.0049639	0.000269892	0.00497058	176.88	0.000159861	5.30782e-05	0.000168444	18.366	-2.208855e-11
0.87	52			0.000268878	-5.57306e-05	0.0002746	-11.706	-0.00495723	0.000269892	0.00496295	176.88	0.000171573	5.20351e-05	0.000179292	16.878	-2.166973e-11
0.8675	53			0.00027776	-5.52537e-05	0.000283184	-11.238	-0.00494865	0.000267984	0.00495532	176.892	0.000198842	5.01277e-05	0.000205071	14.148	-1.940813e-11
0.865	54			0.000280859	-5.62074e-05	0.000286402	-11.304	-0.0049372	0.000265123	0.00494292	176.916	0.000229032	4.69091e-05	0.0002338	11.574	-2.166972e-11
0.8625	55			0.000302853	-5.5969e-05	0.000307979	-10.47	-0.00491908	0.000263216	0.0049248	176.934	0.000271561	4.39885e-05	0.000275107	9.204	-1.886366e-11
0.86	56			0.000361206	-5.98433e-05	0.000366153	-9.402	-0.00485519	0.000258448	0.00486091	176.94	0.000318946	4.14851e-05	0.000321629	7.416	-1.785845e-11
0.8575	57			0.000375452	-5.97241e-05	0.00038016	-9.036	-0.00480846	0.00025654	0.00481418	176.946	0.000350179	4.01142e-05	0.000352474	6.534	-1.769097e-11
0.855	58			0.000397148	-5.99625e-05	0.000401618	-8.58	-0.004756	0.000253679	0.00476077	176.94	0.000386687	3.68359e-05	0.000388416	5.442	-2.267483e-11
0.8525	59			0.000418546	-6.22277e-05	0.000423135	-8.454	-0.00466922	0.000248911	0.00467494	176.946	0.000432851	3.52862e-05	0.000434281	4.662	-2.01201e-11
0.85	60			0.000409486	-6.10356e-05	0.000414016	-8.472	-0.0046511	0.000248911	0.00465682	176.934	0.000439407	3.45411e-05	0.000440748	4.494	-1.877989e-11
0.8475	61			0.000395657	-6.06778e-05	0.000400307	-8.712	-0.00466254	0.000249865	0.00466827	176.928	0.000436934	3.44815e-05	0.000438305	4.512	-1.848673e-11
0.845	62			0.000403406	-6.00817e-05	0.000407817	-8.472	-0.00466827	0.000249865	0.00467399	176.934	0.000442686	3.41537e-05	0.000443997	4.416	-2.338687e-11
0.8425	63			0.00040436	-6.04989e-05	0.00040883	-8.508	-0.00466064	0.000248911	0.00466636	176.94	0.000452461	3.41537e-05	0.000453772	4.32	-2.162787e-11
0.84	64			0.000398936	-6.03797e-05	0.000403466	-8.604	-0.00465587	0.000247957	0.00466159	176.94	0.000458719	3.25444e-05	0.000459911	4.062	-1.949182e-11
0.8375	65			0.000388386	-6.0797e-05	0.000393154	-8.892	-0.00465396	0.000247957	0.00465968	176.946	0.000462236	3.16503e-05	0.000463309	3.918	-2.074831e-11
0.835	66			0.000379862	-6.13932e-05	0.000384809	-9.174	-0.00464538	0.00024605	0.0046511	176.958	0.000462653	3.11139e-05	0.000463726	3.852	-2.28843e-11
0.8325	67			0.000366034	-6.15125e-05	0.00037116	-9.534	-0.0046244	0.00024605	0.00463012	176.946	0.000465753	3.06966e-05	0.000466766	3.774	-1.882176e-11
0.83	68			0.000353517	-6.06778e-05	0.000358703	-9.738	-0.00461963	0.00024605	0.00462535	176.94	0.000465335	3.11139e-05	0.000466349	3.834	-1.810974e-11
0.8275	69			0.000350656	-6.15125e-05	0.00035602	-9.942	-0.00461963	0.000245096	0.00462535	176.952	0.000467541	3.05774e-05	0.000468554	3.744	-1.794221e-11
0.825	70			0.000346186	-6.09758e-05	0.00035149	-9.978	-0.00461581	0.000247004	0.00462154	176.934	0.000468137	3.10543e-05	0.00046915	3.798	-1.69371e-11
0.8225	71			0.000349762	-6.09758e-05	0.000355007	-9.888	-0.00461391	0.000247004	0.00461963	176.934	0.00047666	3.22463e-05	0.000477733	3.876	-2.150218e-11
0.82	72			0.000368657	-6.19297e-05	0.000373842	-9.528	-0.00461581	0.000247004	0.00462154	176.934	0.000497226	3.01601e-05	0.00049812	3.474	-2.179538e-11
0.8175	73			0.000428857	-6.51483e-05	0.000433804	-8.634	-0.00462154	0.000247957	0.00462726	176.928	0.000558499	2.73586e-05	0.000559155	2.808	-1.764904e-11
0.815	74			0.000540499	-7.11088e-05	0.000545148	-7.488	-0.00460437	0.000247957	0.00461009	176.91	0.0006699	2.14578e-05	0.000670258	1.836	-2.079021e-11
0.8125	75			0.000640813	-7.6652e-05	0.000645343	-6.816	-0.00452998	0.000245096	0.0045357	176.898	0.000782315	1.56761e-05	0.000782494	1.152	-1.718834e-11
0.81	76			0.000699703	-8.02879e-05	0.000704352	-6.546	-0.0044184	0.00023842	0.00442412	176.898	0.000839535	1.15634e-05	0.000839595	0.792	-2.053885e-11
0.8075	77			0.00072277	-8.1182e-05	0.0007273	-6.402	-0.00432113	0.000234605	0.00432685	176.892	0.000848535	1.19806e-05	0.000848595	0.81	-2.300997e-11
0.805	78			0.00071812	-8.11224e-05	0.00072265	-6.444	-0.00427344	0.00023079	0.00427821	176.898	0.000796441	1.40071e-05	0.00079656	1.014	-2.242359e-11
0.8025	79			0.000700299	-7.90958e-05	0.000704769	-6.444	-0.00424865	0.000229836	0.00425342	176.892	0.00067145	1.92524e-05	0.000671688	1.644	-1.857049e-11
0.8	80			0.000677589	-7.83806e-05	0.00068206	-6.594	-0.00423434	0.000229836	0.00423911	176.892	0.000518981	2.68818e-05	0.000519697	2.97	-2.091583e-11
0.7975	81			0.000660066	-7.56388e-05	0.000664357	-6.534	-0.00422862	0.000227929	0.00423434	176.916	0.000431301	3.01601e-05	0.000432374	4.002	-2.246548e-11
0.795	82			0.000661019	-7.4089e-05	0.000665192	-6.39	-0.00422576	0.000227929	0.00423148	176.904	0.000389399	3.2306e-05	0.00039071	4.752	-1.986882e-11
0.7925	83			0.000652377	-7.28373e-05	0.00065637	-6.366	-0.00422004	0.000226022	0.00422481	176.922	0.000369551	3.18887e-05	0.000370922	4.932	-1.936619e-11
0.79	84			0.000634912	-7.14664e-05	0.000638906	-6.42	-0.00421813	0.000225068	0.0042229	176.934	0.000369074	3.20675e-05	0.000370504	4.968	-1.919867e-11
0.7875	85			0.000634912	-7.1526e-05	0.000638906	-6.426	-0.00421908	0.000225068	0.00422385	176.934	0.000374498	3.20675e-05	0.000375869	4.902	-1.865424e-11
0.785	86			0.0006308	-7.05128e-05	0.000634734	-6.378	-0.00421718	0.000225068	0.0042229	176.934	0.000377716	3.28424e-05	0.000379147	4.974	-1.848673e-11
0.7825	87			0.000618521	-7.00359e-05	0.000622455	-6.462	-0.00421813	0.000225068	0.0042229	176.94	0.000381293	3.11139e-05	0.000382604	4.668	-2.317747e-11
0.78	88			0.000590626	-6.86054e-05	0.00059456	-6.624	-0.00421718	0.000224114	0.0042229	176.952	0.000378551	3.12331e-05	0.000379862	4.722	-2.141845e-11
0.7775	89			0.00060815	-6.89034e-05	0.000612084	-6.462	-0.00421813	0.000223161	0.0042229	176.958	0.000347974	3.32e-05	0.000349523	5.454	-2.03295e-11
0.775	90			0.000584129	-6.75325e-05	0.000588063	-6.594	-0.00421813	0.000222207	0.0042229	176.976	0.000284376	3.44517e-05	0.000286462	6.918	-2.02876e-11
0.7725	91			0.000553433	-6.58636e-05	0.000557367	-6.786	-0.00421908	0.000221253	0.00422385	176.988	0.000211836	3.89221e-05	0.000215412	10.41	-2.066457e-11
0.77	92			0.000515703	-6.37178e-05	0.000519577	-7.038	-0.00421718	0.0002203	0.0042229	177.006	0.000182689	3.89817e-05	0.000186802	12.048	-1.995257e-11
0.7675	93			0.000481667	-6.09162e-05	0.000485482	-7.206	-0.00421813	0.000221253	0.0042229	176.994	0.000179709	4.02334e-05	0.000184179	12.624	-2.284241e-11
0.765	94			0.000438334	-5.90684e-05	0.000442268	-7.674	-0.00421718	0.0002203	0.0042229	177.006	0.00018108	3.97565e-05	0.000185431	12.39	-1.961754e-11
0.7625	95			0.000360491	-5.47769e-05	0.000364603	-8.634	-0.00421908	0.000221253	0.00422385	177.0	0.000184	3.93393e-05	0.000188173	12.084	-1.907303e-11
0.76	96			0.000328841	-5.29292e-05	0.000333073	-9.138	-0.00421813	0.000221253	0.0042229	176.988	0.000189961	3.8624e-05	0.000193835	11.496	-2.070638e-11
0.7575	97			0.000291826	-5.06046e-05	0.000296177	-9.828	-0.00421813	0.000221253	0.0042229	176.988	0.0001992	3.89817e-05	0.000202955	11.076	-2.01201e-11
0.755	98			0.00023377	-4.89356e-05	0.000238837	-11.814	-0.00421718	0.000223161	0.0042229	176.97	0.00021881	3.86836e-05	0.000222207	10.038	-1.790038e-11
0.7525	99			0.000202538	-4.72667e-05	0.000207962	-13.122	-0.00421718	0.000223161	0.0042229	176.97	0.0002476	3.8624e-05	0.00025058	8.874	-1.991068e-11
0.75	100			0.000148118	-4.30348e-05	0.000154258	-16.194	-0.00421908	0.000223161	0.00422385	176.958	0.000279607	3.8326e-05	0.00028223	7.812	-1.75234e-11
0.7475	101			0.00010711	-4.10678e-05	0.00011468	-20.958	-0.00421718	0.000223161	0.00422195	176.97	0.000310721	3.54054e-05	0.000312747	6.51	-1.873799e-11
0.745	102			6.57742e-05	-3.80876e-05	7.60262e-05	-30.06	-0.00421336	0.000221253	0.00421908	176.982	0.000322225	3.43921e-05	0.000324072	6.096	-1.681145e-11
0.7425	103			5.95155e-05	-3.79684e-05	7.06022e-05	-32.526	-0.00420097	0.000221253	0.00420573	176.976	0.000266733	3.65975e-05	0.000269236	7.818	-2.041328e-11
0.74	104			7.91554e-05	-3.90711e-05	8.82749e-05	-26.268	-0.00418285	0.0002203	0.00418761	176.982	0.000215829	3.82068e-05	0.000219227	10.05	-2.166973e-11
0.7375	105			0.000103772	-3.96075e-05	0.000111074	-20.88	-0.00416473	0.000219346	0.00416949	176.976	0.00017053	3.98161e-05	0.000175119	13.158	-2.351249e-11
0.735	106			0.000130118	-4.1038e-05	0.000136436	-17.502	-0.00414661	0.000218392	0.00415137	176.97	0.000166536	3.91605e-05	0.000171066	13.242	-2.112523e-11
0.7325	107			0.000158072	-4.20513e-05	0.000163586	-14.886	-0.00413898	0.000219346	0.00414374	176.958	0.000179649	3.88625e-05	0.000183822	12.204	-1.656012e-11
0.73	108			0.000186206	-4.38693e-05	0.000191302	-13.248	-0.00412849	0.000218392	0.00413421	176.958	0.000186921	3.86836e-05	0.000190855	11.706	-2.062269e-11
0.7275	109			0.000219942	-4.59852e-05	0.00022471	-11.802	-0.00411418	0.000217439	0.00411895	176.964	0.000204922	3.73723e-05	0.000208319	10.344	-2.037136e-11
0.725	110			0.000233323	-4.6164e-05	0.000237853	-11.184	-0.00410083	0.000218392	0.0041056	176.946	0.000228585	3.74319e-05	0.000231625	9.306	-2.003632e-11
0.7225	111			0.000262292	-4.7833e-05	0.000266643	-10.332	-0.00407031	0.000214578	0.00407508	176.97	0.000259997	3.55842e-05	0.000262441	7.794	-1.928246e-11
0.72	112			0.000308337	-5.0992e-05	0.000312539	-9.39	-0.00401786	0.000211717	0.00402263	176.97	0.000284852	3.23656e-05	0.0002867	6.486	-1.978507e-11
0.7175	113			0.000317784	-5.13198e-05	0.000321897	-9.174	-0.00397208	0.000208856	0.00397685	176.982	0.000301303	3.17695e-05	0.000302972	6.024	-1.957564e-11
0.715	114			0.00031832	-5.13198e-05	0.000322463	-9.156	-0.00394538	0.000205041	0.00395015	177.012	0.000297489	3.31404e-05	0.000299336	6.366	-2.217229e-11
0.7125	115			0.000299694	-5.00085e-05	0.000303837	-9.474	-0.00392345	0.000204087	0.00392821	177.012	0.000299575	3.18887e-05	0.000301244	6.078	-2.079018e-11
0.71	116			0.000283094	-4.95913e-05	0.000287415	-9.93	-0.00390531	0.000203134	0.00391009	177.012	0.000303032	3.20675e-05	0.00030476	6.048	-2.120904e-11
0.7075	117			0.000265094	-4.80118e-05	0.000269415	-10.26	-0.00390054	0.000203134	0.00390531	177.006	0.000306966	3.19483e-05	0.000308635	5.946	-1.664389e-11
0.705	118			0.000242294	-4.71773e-05	0.000246825	-11.016	-0.00389673	0.000203134	0.0039015	177.006	0.000311973	3.12927e-05	0.000313522	5.736	-1.706274e-11
0.7025	119			0.000217767	-4.45249e-05	0.000222267	-11.556	-0.00389577	0.000204087	0.00389959	176.994	0.000318708	3.16503e-05	0.000320258	5.682	-1.798412e-11
0.7	120			0.000214756	-4.50017e-05	0.000219435	-11.832	-0.00390054	0.000204087	0.00390436	176.994	0.000337603	3.02793e-05	0.000338973	5.13	-2.108337e-11
0.6975	121			0.000245245	-4.64024e-05	0.000249596	-10.71	-0.00390245	0.000205041	0.00390723	176.988	0.000397744	2.75971e-05	0.000398697	3.966	-2.196283e-11
0.695	122			0.000308873	-4.97701e-05	0.000312867	-9.15	-0.00388815	0.000205041	0.00389291	176.976	0.000506882	2.03253e-05	0.000507299	2.298	-1.924056e-11
0.6925	123			0.000384333	-5.44491e-05	0.000388147	-8.058	-0.00381185	0.000201226	0.00381662	176.976	0.000608925	1.45436e-05	0.000609044	1.374	-1.949182e-11
0.69	124			0.000416698	-5.62074e-05	0.000420453	-7.68	-0.00370599	0.00019455	0.00370981	176.982	0.00064439	1.27555e-05	0.000644509	1.134	-2.13765e-11
0.6875	125			0.000430675	-5.70419e-05	0.00043443	-7.542	-0.00363733	0.000191689	0.0036421	176.976	0.000639204	1.27555e-05	0.000639383	1.146	-2.162783e-11
0.685	126			0.000440361	-5.82638e-05	0.000444205	-7.536	-0.00362398	0.000191689	0.00362779	176.964	0.000625078	1.28747e-05	0.000625256	1.188	-2.066456e-11
0.6825	127			0.000451328	-5.88896e-05	0.000455143	-7.428	-0.0036173	0.000190736	0.00362112	176.97	0.000614289	1.48416e-05	0.000614408	1.392	-2.120898e-11
0.68	128			0.00044799	-5.76975e-05	0.000451686	-7.332	-0.00361539	0.000188828	0.00361921	177.0	0.000609461	1.4186e-05	0.00060964	1.338	-1.96594e-11
0.6775	129			0.000436546	-5.65054e-05	0.000440182	-7.368	-0.00361539	0.000189782	0.00361921	176.994	0.000604216	1.43648e-05	0.000604395	1.362	-1.852857e-11
0.675	130			0.000434758	-5.53133e-05	0.000438275	-7.242	-0.00361635	0.000187875	0.00362016	177.012	0.000592414	1.49012e-05	0.000592593	1.446	-1.970128e-11
0.6725	131			0.000427188	-5.43001e-05	0.000430586	-7.242	-0.00361539	0.000187875	0.00361921	177.024	0.00053579	1.76431e-05	0.000536088	1.89	-2.120901e-11
0.67	132			0.000426771	-5.34656e-05	0.000430049	-7.134	-0.00361635	0.000187875	0.00362016	177.024	0.00043756	2.06829e-05	0.000438096	2.706	-2.066454e-11
0.6675	133			0.000411453	-5.29888e-05	0.00041485	-7.332	-0.00361635	0.000187875	0.00362016	177.024	0.000317039	2.59877e-05	0.000318112	4.692	-2.032949e-11
0.665	134			0.000389935	-5.1439e-05	0.000393273	-7.512	-0.00361635	0.000187875	0.00362016	177.012	0.000244262	2.93852e-05	0.00024605	6.87	-1.944997e-11
0.6625	135			0.000371398	-4.96509e-05	0.000374677	-7.608	-0.00361635	0.000187875	0.00362016	177.024	0.000225724	3.04581e-05	0.00022775	7.686	-1.873797e-11
0.66	136			0.000362458	-4.94721e-05	0.000365855	-7.77	-0.00361635	0.000187875	0.00362016	177.024	0.000232697	2.867e-05	0.000234486	7.032	-2.028761e-11
0.6575	137			0.000366034	-4.96509e-05	0.000369372	-7.716	-0.0036173	0.000187875	0.00362112	177.012	0.000241877	2.89084e-05	0.000243605	6.822	-1.702081e-11
0.655	138			0.000354411	-4.95913e-05	0.000357809	-7.962	-0.0036173	0.000187875	0.00362016	177.012	0.000242294	3.05774e-05	0.000244202	7.194	-2.204663e-11
0.6525	139			0.000337305	-4.99489e-05	0.000341	-8.412	-0.00361635	0.000187875	0.00362016	177.024	0.000240327	2.99216e-05	0.000242234	7.098	-2.087398e-11
0.65	140			0.000312807	-4.80416e-05	0.000316503	-8.724	-0.00361539	0.000187875	0.00361826	177.012	0.000217319	3.06966e-05	0.000219465	8.04	-2.091584e-11
0.6475	141			0.000247361	-4.47633e-05	0.000251414	-10.248	-0.00361635	0.000186921	0.00362016	177.036	0.000175239	3.27232e-05	0.000178278	10.578	-2.141842e-11
0.645	142			0.000214399	-4.18427e-05	0.000218452	-11.04	-0.00361826	0.000185967	0.00362207	177.048	0.000128389	3.55246e-05	0.000133217	15.48	-2.02457e-11
0.6425	143			0.000197829	-4.05314e-05	0.000201941	-11.568	-0.00362112	0.000186921	0.00362493	177.036	0.000107587	3.62995e-05	0.000113547	18.66	-1.764903e-11
0.64	144			0.000198663	-3.96373e-05	0.000202597	-11.28	-0.00361826	0.000185967	0.00362207	177.06	0.000108243	3.62995e-05	0.000114203	18.546	-1.769094e-11
0.6375	145			0.000215174	-4.10082e-05	0.000219048	-10.776	-0.00360395	0.000185014	0.00360776	177.054	0.000119806	3.52862e-05	0.000124873	16.428	-1.991067e-11
0.635	146			0.000224949	-4.07102e-05	0.000228644	-10.254	-0.00357629	0.000185014	0.00358011	177.03	0.000141502	3.44517e-05	0.000145675	13.686	-2.070643e-11
0.6325	147			0.000238896	-4.1187e-05	0.000242473	-9.774	-0.00354291	0.00018406	0.00354673	177.018	0.000163616	3.37961e-05	0.000167073	11.682	-2.481081e-11
0.63	148			0.000242711	-4.19023e-05	0.000246348	-9.786	-0.00350477	0.000182153	0.00350858	177.018	0.000183643	3.17099e-05	0.000186385	9.816	-1.882172e-11
0.6275	149			0.000217916	-4.03526e-05	0.000221611	-10.476	-0.00346853	0.000180245	0.00347234	177.018	0.000198604	3.15907e-05	0.000201107	9.048	-2.099957e-11
0.625	150			0.000195325	-3.85644e-05	0.00019908	-11.16	-0.00343992	0.000178338	0.00344373	177.024	0.000216664	3.17099e-05	0.000218929	8.34	-1.91568e-11
0.6225	151			0.000156702	-3.66571e-05	0.000160933	-13.14	-0.00341322	0.000176431	0.00341703	177.036	0.000231744	2.9564e-05	0.000233592	7.272	-2.426635e-11
0.62	152			0.000127614	-3.58226e-05	0.000132502	-15.666	-0.00339319	0.000174523	0.003397	177.042	0.00023538	2.72394e-05	0.000236929	6.606	-1.919864e-11
0.6175	153			0.00011766	-3.50478e-05	0.000122786	-16.578	-0.00338079	0.000174523	0.00338461	177.03	0.000231982	2.86103e-05	0.000233711	7.044	-2.187912e-11
0.615	154			0.000121177	-3.53458e-05	0.000126184	-16.236	-0.00337984	0.00017357	0.00338365	177.054	0.000222743	2.84315e-05	0.000224532	7.272	-1.907301e-11
0.6125	155			0.000130714	-3.57034e-05	0.000135482	-15.258	-0.00337984	0.000174523	0.00338365	177.042	0.000200928	2.84911e-05	0.000202895	8.082	-2.481082e-11
0.61	156			0.000155748	-3.66571e-05	0.00015998	-13.236	-0.0033827	0.000172616	0.00338556	177.078	0.000205697	2.79547e-05	0.000207604	7.74	-2.481082e-11
0.6075	157			0.000212253	-4.04122e-05	0.000216008	-10.77	-0.00338365	0.000174523	0.00338747	177.048	0.000268402	2.4438e-05	0.000269474	5.208	-1.907302e-11
0.605	158			0.000273766	-4.30348e-05	0.000277104	-8.934	-0.00334741	0.000172616	0.00335123	177.036	0.000372173	1.91332e-05	0.00037271	2.946	-2.079016e-11
0.6025	159			0.00029123	-4.36308e-05	0.000294508	-8.52	-0.00325204	0.000168801	0.00325491	177.018	0.000428321	1.71663e-05	0.000428678	2.298	-2.154403e-11
0.6	160			0.000263872	-4.16043e-05	0.00026715	-8.958	-0.00318529	0.000164987	0.0031891	177.03	0.000437738	1.59146e-05	0.000438036	2.088	-1.417282e-11
0.5975	161			0.000213505	-3.95181e-05	0.000217141	-10.482	-0.00316717	0.000163079	0.00317098	177.036	0.000432672	1.65106e-05	0.00043297	2.19	-1.589e-11
0.595	162			0.000182153	-3.78492e-05	0.000186087	-11.73	-0.00316526	0.000163079	0.00316812	177.048	0.00044054	1.6749e-05	0.000440897	2.178	-1.802596e-11
0.5925	163			0.000168682	-3.69551e-05	0.000172676	-12.348	-0.00316431	0.000163079	0.00316717	177.048	0.000447752	1.55569e-05	0.00044799	1.992	-2.053887e-11
0.59	164			0.000198782	-3.79088e-05	0.000202359	-10.794	-0.00316526	0.000162126	0.00316812	177.06	0.000453057	1.60934e-05	0.000453355	2.04	-1.978501e-11
0.5875	165			0.000231744	-3.91009e-05	0.000234962	-9.576	-0.00316335	0.000161172	0.00316621	177.066	0.000456097	1.49608e-05	0.000456335	1.884	-2.058071e-11
0.585	166			0.00024909	-3.92797e-05	0.00025213	-8.958	-0.00316335	0.000161172	0.00316621	177.078	0.000456037	1.46628e-05	0.000456275	1.842	-2.037134e-11
0.5825	167			0.000256004	-4.01738e-05	0.000259103	-8.91	-0.00316431	0.000160218	0.00316717	177.096	0.000454905	1.42456e-05	0.000455083	1.794	-1.928241e-11
0.58	168			0.000265898	-4.13659e-05	0.000269117	-8.838	-0.00316526	0.000160218	0.00316812	177.096	0.000447931	1.45436e-05	0.000448169	1.86	-2.041322e-11
0.5775	169			0.000261607	-4.10082e-05	0.000264825	-8.904	-0.00316335	0.000160218	0.00316621	177.09	0.000421168	1.62126e-05	0.000421466	2.208	-2.024568e-11
0.575	170			0.000257136	-4.07698e-05	0.000260355	-9.006	-0.00316526	0.000161172	0.00316812	177.072	0.000343325	2.11002e-05	0.000343921	3.522	-1.840289e-11
0.5725	171			0.000235082	-3.95777e-05	0.00023836	-9.552	-0.00316335	0.000161172	0.00316621	177.066	0.000213982	2.6107e-05	0.000215591	6.972	-1.890546e-11
0.57	172			0.000191689	-3.70743e-05	0.000195266	-10.944	-0.00316431	0.000161172	0.00316717	177.078	0.000148178	2.90276e-05	0.000150979	11.082	-2.221413e-11
0.5675	173			0.000168742	-3.59418e-05	0.000172497	-12.018	-0.00316526	0.000161172	0.00316812	177.072	0.000127078	2.93852e-05	0.000130416	13.038	-1.848664e-11
0.565	174			0.000172914	-3.64783e-05	0.000176669	-11.898	-0.00316717	0.000161172	0.00317003	177.072	0.000111938	2.9862e-05	0.000115812	14.934	-1.995251e-11
0.5625	175			0.000172974	-3.56438e-05	0.000176609	-11.64	-0.00317098	0.000162126	0.00317384	177.066	0.000112474	3.00409e-05	0.000116408	14.982	-1.676951e-11
0.56	176			0.000200451	-3.75512e-05	0.000203908	-10.596	-0.00316717	0.000162126	0.00317003	177.06	0.000127138	3.05178e-05	0.000130774	13.512	-1.991066e-11
0.5575	177			0.000226797	-3.78492e-05	0.000229896	-9.468	-0.00314523	0.000161172	0.00314809	177.066	0.000157238	2.83719e-05	0.000159741	10.236	-2.284229e-11
0.555	178			0.000234068	-3.773e-05	0.000237049	-9.15	-0.00310041	0.000159265	0.00310327	177.06	0.000176967	2.68222e-05	0.000179053	8.628	-2.032947e-11
0.5525	179			0.000239671	-3.81472e-05	0.000242711	-9.03	-0.003047	0.00015545	0.00304987	177.066	0.000174643	2.69414e-05	0.000176729	8.772	-2.292611e-11
0.55	180			0.000238062	-3.80876e-05	0.000241102	-9.084	-0.00301935	0.000152589	0.00302221	177.09	0.000167371	2.66434e-05	0.000169457	9.06	-2.070641e-11
0.5475	181			0.000216187	-3.58226e-05	0.000219108	-9.39	-0.00299741	0.000151635	0.00300027	177.096	0.000147165	2.71202e-05	0.000149609	10.446	-1.844478e-11
0.545	182			0.000242771	-3.79088e-05	0.000245752	-8.868	-0.00298788	0.000151635	0.00299074	177.084	0.000138224	2.75971e-05	0.000140906	11.304	-2.803561e-11
0.5425	183			0.000235558	-3.74319e-05	0.000238539	-9.03	-0.00298597	0.000151635	0.00298978	177.084	0.000127674	2.87892e-05	0.000130833	12.72	-2.213031e-11
0.54	184			0.000246407	-3.82664e-05	0.000249388	-8.826	-0.00298788	0.000152589	0.00299074	177.072	0.000151874	2.70606e-05	0.000154258	10.104	-2.070639e-11
0.5375	185			0.000250699	-3.71935e-05	0.000253441	-8.43	-0.00297453	0.000150681	0.00297834	177.09	0.000229062	2.28287e-05	0.000230194	5.7	-2.217223e-11
0.535	186			0.000235082	-3.61803e-05	0.000237823	-8.736	-0.00290586	0.00014782	0.00290872	177.084	0.000292899	1.95504e-05	0.000293614	3.828	-2.028756e-11
0.5325	187			0.000177563	-3.39153e-05	0.000180782	-10.806	-0.0028391	0.000144006	0.00284196	177.084	0.000299277	1.94908e-05	0.000299873	3.732	-1.790031e-11
0.53	188			0.000129343	-3.15907e-05	0.000133158	-13.71	-0.00281717	0.000143052	0.00282098	177.072	0.000261368	1.99081e-05	0.000262143	4.368	-1.810971e-11
0.5275	189			0.000101567	-3.01005e-05	0.000105918	-16.482	-0.00281431	0.000142098	0.00281622	177.096	0.00023836	2.02061e-05	0.000239194	4.854	-2.108328e-11
0.525	190			8.16588e-05	-2.73288e-05	8.60994e-05	-18.492	-0.00281335	0.000142098	0.00281622	177.096	0.000266196	1.94312e-05	0.000266911	4.176	-2.221414e-11
0.5225	191			7.09598e-05	-2.71202e-05	7.59666e-05	-20.898	-0.00281335	0.000142098	0.00281622	177.096	0.000293138	1.81199e-05	0.000293734	3.546	-1.944992e-11
0.52	192			6.56848e-05	-2.6554e-05	7.08406e-05	-21.984	-0.00281335	0.000142098	0.00281622	177.096	0.000322046	1.6153e-05	0.000322463	2.874	-2.472702e-11
0.5175	193			6.77709e-05	-2.75077e-05	7.31354e-05	-22.08	-0.00281335	0.000141145	0.00281622	177.108	0.000339391	1.53185e-05	0.000339689	2.592	-2.074819e-11
0.515	194			8.93776e-05	-2.79845e-05	9.36394e-05	-17.382	-0.00281335	0.000140191	0.00281526	177.138	0.000351073	1.47224e-05	0.000351371	2.4	-1.865417e-11
0.5125	195			0.000118137	-2.9564e-05	0.000121773	-14.04	-0.00281335	0.000141145	0.00281526	177.126	0.000355126	1.45436e-05	0.000355424	2.352	-1.991065e-11
0.51	196			0.00014037	-3.08158e-05	0.000143708	-12.378	-0.00281335	0.000141145	0.00281526	177.108	0.000350894	1.51396e-05	0.000351192	2.472	-2.129273e-11
0.5075	197			0.000124277	-3.07264e-05	0.000128002	-13.872	-0.00281335	0.000142098	0.00281526	177.096	0.000336887	1.75239e-05	0.000337364	2.982	-1.85704e-11
0.505	198			0.000125946	-3.13821e-05	0.00012979	-13.992	-0.00281335	0.000143052	0.00281526	177.084	0.000299932	1.80007e-05	0.000300469	3.444	-2.171151e-11
0.5025	199			0.000138015	-3.12927e-05	0.000141532	-12.768	-0.00281526	0.000142098	0.00281812	177.102	0.000239016	2.15174e-05	0.000239969	5.154	-2.066448e-11
0.5	200			0.000165255	-3.20377e-05	0.000168354	-10.968	-0.00281431	0.000142098	0.00281622	177.096	0.000174702	2.32459e-05	0.000176252	7.596	-2.020378e-11
0.4975	201			0.000178934	-3.37067e-05	0.000182093	-10.662	-0.0027981	0.000141145	0.00280096	177.096	0.000165285	2.25307e-05	0.000166834	7.77	-2.300979e-11
0.495	202			0.000193031	-3.34086e-05	0.000195892	-9.816	-0.00276186	0.000141145	0.00276376	177.072	0.000177802	2.1875e-05	0.000179172	7.032	-2.342864e-11
0.4925	203			0.000213535	-3.39451e-05	0.000216217	-9.03	-0.00272276	0.000138284	0.00272466	177.084	0.000179709	2.2173e-05	0.00018108	7.05	-2.330299e-11
0.49	204			0.000199051	-3.28424e-05	0.000201733	-9.36	-0.00269605	0.000136376	0.00269796	177.096	0.000173987	2.2173e-05	0.000175417	7.278	-1.7649e-11
0.4875	205			0.000206382	-3.32894e-05	0.000209034	-9.156	-0.00268652	0.000136376	0.00268842	177.072	0.000159682	2.29479e-05	0.000161291	8.184	-2.493641e-11
0.485	206			0.000226052	-3.43921e-05	0.000228644	-8.646	-0.00268461	0.000135423	0.00268747	177.102	0.000155033	2.31863e-05	0.000156821	8.508	-2.690485e-11
0.4825	207			0.000265421	-3.62101e-05	0.000267865	-7.764	-0.00267221	0.000134469	0.00267507	177.114	0.000204981	2.00273e-05	0.000205935	5.58	-2.472703e-11
0.48	208			0.00030035	-3.79982e-05	0.000302764	-7.212	-0.00260545	0.000130654	0.00260831	177.126	0.000239433	1.83583e-05	0.000240148	4.392	-1.827722e-11
0.4775	209			0.00027016	-3.62995e-05	0.000272604	-7.65	-0.00254919	0.000127793	0.00255109	177.108	0.000213564	1.95504e-05	0.000214518	5.244	-2.623474e-11
0.475	210			0.000219525	-3.30808e-05	0.000221998	-8.568	-0.00253393	0.000127793	0.00253583	177.108	0.000155509	2.25903e-05	0.000157119	8.28	-2.016188e-11
0.4725	211			0.000153513	-2.94746e-05	0.000156314	-10.86	-0.00253202	0.00012684	0.00253488	177.12	0.000127138	2.33651e-05	0.000129283	10.41	-1.635066e-11
0.47	212			9.79607e-05	-2.49447e-05	0.00010109	-14.268	-0.00253107	0.000125886	0.00253297	177.15	0.000128866	2.1875e-05	0.000130714	9.642	-2.16278e-11
0.4675	213			5.85022e-05	-2.29181e-05	6.28238e-05	-21.372	-0.00253202	0.000125886	0.00253488	177.15	0.000151099	2.19942e-05	0.000152708	8.292	-2.024565e-11
0.465	214			3.4869e-05	-2.23519e-05	4.1418e-05	-32.652	-0.00253202	0.000125886	0.00253393	177.15	0.000187696	1.94312e-05	0.000188709	5.91	-1.831909e-11
0.4625	215			2.78653e-05	-2.17931e-05	3.53681e-05	-38.016	-0.00253202	0.000124932	0.00253393	177.168	0.000224532	1.86564e-05	0.000225306	4.758	-1.844475e-11
0.46	216			2.42518e-05	-2.23519e-05	3.2984e-05	-42.648	-0.00253202	0.000124932	0.00253488	177.168	0.000254871	1.68086e-05	0.000255467	3.78	-2.21303e-11
0.4575	217			2.92362e-05	-2.28063e-05	3.70743e-05	-37.95	-0.00253202	0.000125886	0.00253393	177.15	0.000272574	1.6153e-05	0.000273051	3.396	-2.384748e-11
0.455	218			4.78553e-05	-2.43784e-05	5.3704e-05	-26.988	-0.00253297	0.000125886	0.00253583	177.15	0.000281217	1.6451e-05	0.000281693	3.354	-1.982687e-11
0.4525	219			8.46316e-05	-2.58983e-05	8.85059e-05	-17.01	-0.00253393	0.000127793	0.00253583	177.108	0.000286462	1.5855e-05	0.000286879	3.174	-1.852853e-11
0.45	220			0.000125528	-2.78206e-05	0.000128568	-12.498	-0.00252821	0.000125886	0.00253107	177.132	0.000289442	1.53185e-05	0.0002898	3.03	-1.844479e-11
0.4475	221			0.000161716	-2.95491e-05	0.000164398	-10.356	-0.00250436	0.000124932	0.00250627	177.132	0.000267984	1.5855e-05	0.000268402	3.39	-2.464328e-11
0.445	222			0.000192792	-3.19185e-05	0.000195415	-9.396	-0.00247099	0.000123979	0.00247385	177.114	0.000229002	1.76431e-05	0.000229658	4.422	-1.7649e-11
0.4425	223			0.000197143	-3.0935e-05	0.000199587	-8.91	-0.0024481	0.000123025	0.00245	177.114	0.000194849	1.77623e-05	0.000195623	5.208	-2.125081e-11
0.44	224			0.000218631	-3.2604e-05	0.000221045	-8.478	-0.00243856	0.000121117	0.00244142	177.138	0.000192464	1.88948e-05	0.000193418	5.616	-2.10833e-11
0.4375	225			0.0002338	-3.13225e-05	0.000235857	-7.632	-0.0024233	0.000122071	0.00242521	177.102	0.000237764	1.63318e-05	0.00023836	3.93	-2.003625e-11
0.435	226			0.000224651	-3.14715e-05	0.000226826	-7.974	-0.00235941	0.000118256	0.00236131	177.12	0.000254633	1.51396e-05	0.00025511	3.414	-2.01619e-11
0.4325	227			0.000167937	-2.82825e-05	0.000170291	-9.552	-0.00231268	0.000116349	0.00231363	177.114	0.000214399	1.72855e-05	0.000215114	4.62	-2.024564e-11
0.43	228			0.00014487	-2.72394e-05	0.000147403	-10.644	-0.00230314	0.000114441	0.00230505	177.132	0.000135125	1.94312e-05	0.000136496	8.184	-1.702074e-11
0.4275	229			0.000142843	-2.7299e-05	0.000145436	-10.818	-0.00230218	0.000114441	0.00230409	177.15	0.000100673	2.11002e-05	0.000102878	11.85	-1.74815e-11
0.425	230			0.000118673	-2.36334e-05	0.000120998	-11.25	-0.00230314	0.000112534	0.00230505	177.198	8.1629e-05	2.19942e-05	8.45497e-05	15.078	-2.058071e-11
0.4225	231			8.32384e-05	-2.19942e-05	8.60994e-05	-14.778	-0.00230123	0.000112534	0.00230314	177.198	8.46391e-05	2.17856e-05	8.74107e-05	14.436	-2.104142e-11
0.42	232			4.38096e-05	-2.06531e-05	4.8429e-05	-25.206	-0.00230123	0.000112534	0.00230314	177.18	9.81991e-05	2.10406e-05	0.000100434	12.108	-1.735582e-11
0.4175	233			2.51682e-05	-1.96026e-05	3.19036e-05	-37.902	-0.00230123	0.000112534	0.00230314	177.18	0.000118942	1.95802e-05	0.000120521	9.348	-1.626688e-11
0.415	234			1.70396e-05	-2.00124e-05	2.62783e-05	-49.566	-0.00230123	0.000113488	0.00230314	177.162	0.000160546	1.84478e-05	0.000161589	6.552	-2.28004e-11
0.4125	235			3.27381e-05	-2.08766e-05	3.88252e-05	-32.514	-0.00230218	0.000114441	0.00230409	177.15	0.000212074	1.66298e-05	0.00021273	4.482	-1.71464e-11
0.41	236			6.15572e-05	-2.27393e-05	6.56252e-05	-20.274	-0.00229932	0.000113488	0.00230123	177.162	0.000267508	1.30237e-05	0.000267835	2.79	-1.718829e-11
0.4075	237			0.000111104	-2.50564e-05	0.00011389	-12.708	-0.00228311	0.000112534	0.00228502	177.156	0.000307979	1.15038e-05	0.000308188	2.142	-2.62766e-11
0.405	238			0.000148044	-2.60399e-05	0.000150316	-9.972	-0.00225355	0.000112534	0.00225545	177.12	0.000299605	1.13845e-05	0.000299843	2.178	-1.425655e-11
0.4025	239			0.00016977	-2.69563e-05	0.000171893	-9.018	-0.00223543	0.000112534	0.00223733	177.114	0.000261785	1.26958e-05	0.000262083	2.778	-2.091576e-11
0.4	240			0.000194401	-2.79547e-05	0.000196398	-8.178	-0.00221063	0.000109673	0.00221254	177.15	0.000254156	1.30237e-05	0.000254484	2.934	-1.919863e-11
0.3975	241			0.000185699	-2.72394e-05	0.000187696	-8.34	-0.00215055	0.000107766	0.00215246	177.126	0.000240714	1.39475e-05	0.000241132	3.318	-2.062259e-11
0.395	242			0.000124575	-2.52129e-05	0.000127078	-11.436	-0.00211622	0.000105858	0.00211813	177.132	0.000196488	1.57059e-05	0.000197113	4.572	-2.208844e-11
0.3925	243			8.64868e-05	-2.22625e-05	8.92882e-05	-14.424	-0.0021105	0.000104905	0.0021124	177.144	0.000161738	1.65702e-05	0.000162573	5.856	-2.418251e-11
0.39	244			6.83372e-05	-2.06829e-05	7.14068e-05	-16.83	-0.0021105	0.000104905	0.0021124	177.144	0.000130565	1.73749e-05	0.000131697	7.59	-1.953365e-11
0.3875	245			4.40183e-05	-1.81497e-05	4.76243e-05	-22.374	-0.0021105	0.000102997	0.0021124	177.198	9.30731e-05	1.88948e-05	9.49805e-05	11.478	-2.221411e-11
0.385	246			4.19545e-05	-1.84999e-05	4.58511e-05	-23.784	-0.0021105	0.000102044	0.0021124	177.216	6.93505e-05	2.04445e-05	7.23009e-05	16.428	-2.217223e-11
0.3825	247			3.60536e-05	-1.84776e-05	4.0509e-05	-27.126	-0.00210859	0.000102044	0.0021105	177.21	6.66087e-05	2.03253e-05	6.96485e-05	16.968	-2.439188e-11
0.38	248			4.70059e-05	-1.87979e-05	5.06269e-05	-21.792	-0.0021105	0.000102997	0.0021124	177.198	7.30758e-05	2.05041e-05	7.5907e-05	15.678	-2.409876e-11
0.3775	249			5.28174e-05	-1.96547e-05	5.63564e-05	-20.412	-0.00210859	0.000103951	0.0021105	177.156	0.000120163	1.84478e-05	0.000121564	8.724	-2.619286e-11
0.375	250			8.6457e-05	-2.12715e-05	8.90424e-05	-13.818	-0.0020981	0.000103951	0.00209905	177.162	0.000215382	1.29641e-05	0.00021577	3.45	-2.229783e-11
0.3725	251			0.000108347	-2.22326e-05	0.000110604	-11.598	-0.00207807	0.000102044	0.00207902	177.168	0.000290694	1.01627e-05	0.000290873	2.004	-1.924051e-11
0.37	252			0.000138589	-2.39537e-05	0.000140646	-9.804	-0.00205614	0.000102044	0.00205709	177.138	0.000325086	8.43412e-06	0.000325205	1.488	-2.091575e-11
0.3675	253			0.000146152	-2.43263e-05	0.000148163	-9.45	-0.00200559	9.82289e-05	0.0020075	177.18	0.000293346	9.71562e-06	0.000293495	1.902	-2.196279e-11
0.365	254			0.000120081	-2.35216e-05	0.000122362	-11.082	-0.00196458	9.82289e-05	0.00196649	177.126	0.000219435	1.22488e-05	0.000219763	3.192	-2.062259e-11
0.3625	255			8.8573e-05	-2.12417e-05	9.10838e-05	-13.482	-0.00195075	9.63216e-05	0.00195266	177.162	0.000156642	1.46926e-05	0.000157327	5.358	-2.17115e-11
0.36	256			4.83247e-05	-1.86191e-05	5.17892e-05	-21.06	-0.00194979	9.63216e-05	0.0019517	177.174	0.000135065	1.52887e-05	0.000135929	6.468	-1.903105e-11
0.3575	257			4.11945e-05	-1.77399e-05	4.48527e-05	-23.298	-0.00194836	9.58447e-05	0.00195027	177.18	0.000127614	1.65404e-05	0.000128687	7.386	-2.229786e-11
0.355	258			2.48105e-05	-1.7509e-05	3.03612e-05	-35.202	-0.00194884	9.48911e-05	0.00195075	177.21	0.000101209	1.79113e-05	0.000102789	10.044	-1.840283e-11
0.3525	259			3.68881e-05	-1.78145e-05	4.09635e-05	-25.776	-0.00194932	9.39374e-05	0.00195075	177.228	6.80392e-05	1.90438e-05	7.06618e-05	15.648	-2.246536e-11
0.35	260			5.33389e-05	-1.8716e-05	5.65278e-05	-19.332	-0.00194884	9.44142e-05	0.00195075	177.216	6.5506e-05	1.83881e-05	6.80392e-05	15.684	-1.974304e-11
0.3475	261			8.53394e-05	-2.04147e-05	8.7746e-05	-13.452	-0.00194693	9.48911e-05	0.00194884	177.198	9.89144e-05	1.66298e-05	0.000100285	9.552	-2.213031e-11
0.345	262			0.000114754	-2.08394e-05	0.000116624	-10.29	-0.00192595	9.48911e-05	0.00192786	177.168	0.000172854	1.33813e-05	0.000173361	4.428	-2.217221e-11
0.3425	263			0.000109286	-2.12343e-05	0.000111334	-10.992	-0.00189782	9.39374e-05	0.00189973	177.162	0.000259878	9.38779e-06	0.000260057	2.07	-2.146024e-11
0.34	264			8.6755e-05	-2.0139e-05	8.90573e-05	-13.062	-0.00185061	9.05995e-05	0.00185252	177.198	0.000298949	7.15259e-06	0.000299009	1.374	-2.321923e-11
0.3375	265			5.41809e-05	-1.8336e-05	5.71983e-05	-18.69	-0.00181676	8.9169e-05	0.00181866	177.186	0.000224502	1.10567e-05	0.00022477	2.826	-2.359616e-11
0.335	266			3.26114e-05	-1.63467e-05	3.64783e-05	-26.616	-0.00181008	8.96459e-05	0.00181199	177.162	0.000142724	1.44244e-05	0.000143469	5.778	-1.949176e-11
0.3325	267			1.52813e-05	-1.49459e-05	2.13684e-05	-44.34	-0.00180913	9.01227e-05	0.00181103	177.138	0.000114054	1.42456e-05	0.000114918	7.122	-2.409879e-11
0.33	268			2.09437e-05	-1.54824e-05	2.60399e-05	-36.468	-0.00181008	8.82153e-05	0.00181151	177.204	0.000116617	1.62424e-05	0.000117749	7.938	-2.585778e-11
0.3275	269			2.81186e-05	-1.56538e-05	3.21793e-05	-29.094	-0.0018096	8.77385e-05	0.00181151	177.216	9.80799e-05	1.65702e-05	9.94806e-05	9.606	-2.296793e-11
0.325	270			5.05003e-05	-1.60263e-05	5.29813e-05	-17.598	-0.00181294	8.82153e-05	0.00181485	177.198	7.69203e-05	1.65106e-05	7.86786e-05	12.114	-2.300983e-11
0.3225	271			9.03537e-05	-1.82466e-05	9.21716e-05	-11.412	-0.0018096	8.77385e-05	0.00181151	177.216	0.000102371	1.508e-05	0.000103474	8.388	-2.045503e-11
0.32	272			0.000122108	-1.99677e-05	0.000123725	-9.288	-0.0017829	8.6308e-05	0.00178481	177.228	0.000160874	1.20402e-05	0.000161321	4.29	-2.409874e-11
0.3175	273			9.98308e-05	-1.85223e-05	0.00010153	-10.512	-0.0017376	8.53543e-05	0.00173903	177.174	0.000210405	1.06395e-05	0.000210674	2.898	-1.928238e-11
0.315	274			3.78194e-05	-1.50055e-05	4.06879e-05	-21.63	-0.00169373	8.3447e-05	0.00169516	177.174	0.00021726	1.03415e-05	0.000217498	2.73	-2.807752e-11
0.3125	275			2.0817e-05	-1.47001e-05	2.54811e-05	-35.226	-0.00169135	8.15396e-05	0.00169278	177.222	0.000179828	1.18912e-05	0.000180245	3.786	-2.141836e-11
0.31	276			6.26969e-06	-1.43126e-05	1.56203e-05	-66.336	-0.00168896	8.20165e-05	0.00169087	177.21	0.000110716	1.4037e-05	0.00011161	7.236	-2.71561e-11
0.3075	277			1.24351e-05	-1.47895e-05	1.93157e-05	-49.932	-0.00168896	8.24933e-05	0.0016904	177.198	9.85269e-05	1.43946e-05	9.957e-05	8.316	-2.087385e-11
0.305	278			2.39165e-05	-1.4551e-05	2.79919e-05	-31.314	-0.00168992	8.15396e-05	0.00169183	177.234	0.000101209	1.38283e-05	0.000102133	7.782	-2.510395e-11
0.3025	279			6.19632e-05	-1.59816e-05	6.39898e-05	-14.46	-0.0016923	8.24933e-05	0.00169421	177.204	0.000102282	1.51992e-05	0.000103415	8.46	-2.594152e-11
0.3	280			0.000110515	-1.82093e-05	0.000112005	-9.354	-0.00168038	8.10628e-05	0.00168181	177.228	0.000133396	1.21296e-05	0.000133962	5.202	-2.187903e-11
0.2975	281			0.000103482	-1.86713e-05	0.000105151	-10.224	-0.00163556	8.01091e-05	0.00163699	177.186	0.000173629	1.07885e-05	0.000173957	3.558	-1.999434e-11
0.295	282			5.78689e-05	-1.54601e-05	5.98955e-05	-14.958	-0.0015936	7.72481e-05	0.0015955	177.21	0.000156821	1.23978e-05	0.000157298	4.518	-2.116698e-11
0.2925	283			1.5326e-05	-1.39177e-05	2.07053e-05	-42.222	-0.00158406	7.62944e-05	0.00158549	177.24	0.00014341	1.21892e-05	0.000143916	4.872	-2.414064e-11
0.29	284			1.58698e-06	-1.27182e-05	1.28151e-05	-82.872	-0.00158358	7.62944e-05	0.00158501	177.228	0.00013274	1.1772e-05	0.000133247	5.082	-1.949176e-11
0.2875	285			8.78429e-06	-1.24798e-05	1.52589e-05	-54.846	-0.00158406	7.62944e-05	0.00158549	177.24	9.08379e-05	1.42158e-05	9.19406e-05	8.892	-2.246534e-11
0.285	286			3.56662e-05	-1.41264e-05	3.83633e-05	-21.606	-0.00158501	7.67712e-05	0.00158644	177.216	9.85567e-05	1.31131e-05	9.9421e-05	7.578	-1.903108e-11
0.2825	287			9.56138e-05	-1.80082e-05	9.72901e-05	-10.662	-0.00158358	7.62944e-05	0.00158549	177.228	0.000135601	1.07885e-05	0.000136049	4.554	-1.89473e-11
0.28	288			0.000100889	-1.8105e-05	0.000102498	-10.17	-0.00154877	7.39102e-05	0.00155021	177.252	0.000162483	1.01627e-05	0.000162811	3.582	-1.831909e-11
0.2775	289			5.61702e-05	-1.49087e-05	5.81148e-05	-14.862	-0.00150157	7.29566e-05	0.00150252	177.204	0.000141115	1.15634e-05	0.000141562	4.686	-2.539708e-11
0.275	290			2.20911e-05	-1.22563e-05	2.5265e-05	-29.01	-0.00149012	7.05724e-05	0.00149155	177.27	0.000104934	1.25468e-05	0.000105709	6.816	-2.393128e-11
0.2725	291			3.46081e-06	-1.23978e-05	1.28672e-05	-74.394	-0.00149012	7.1526e-05	0.00149155	177.234	0.000106216	1.24574e-05	0.000106961	6.69	-2.393121e-11
0.27	292			8.5645e-06	-1.24686e-05	1.51247e-05	-55.506	-0.0014906	7.1526e-05	0.00149155	177.234	9.36096e-05	1.26958e-05	9.44738e-05	7.722	-2.300985e-11
0.2675	293			5.03997e-05	-1.46554e-05	5.24858e-05	-16.212	-0.00149442	7.24797e-05	0.00149585	177.216	0.000105888	1.20104e-05	0.000106574	6.474	-1.944992e-11
0.265	294			8.89231e-05	-1.65628e-05	9.04505e-05	-10.554	-0.0014782	7.20029e-05	0.00147916	177.198	0.000158847	1.00434e-05	0.000159145	3.618	-2.158586e-11
0.2625	295			5.6878e-05	-1.47001e-05	5.87481e-05	-14.49	-0.00142194	6.77113e-05	0.00142289	177.264	0.000148595	9.14937e-06	0.000148864	3.528	-2.217213e-11
0.26	296			2.46355e-05	-1.24947e-05	2.76231e-05	-26.886	-0.00141001	6.81882e-05	0.00141145	177.228	0.000102461	1.17422e-05	0.000103117	6.54	-2.183711e-11
0.2575	297			6.83221e-06	-1.11312e-05	1.30572e-05	-58.452	-0.00140763	6.5804e-05	0.00140906	177.318	7.93044e-05	1.22786e-05	8.02581e-05	8.802	-2.196275e-11
0.255	298			1.24127e-05	-1.12914e-05	1.67788e-05	-42.288	-0.00140763	6.77113e-05	0.00140906	177.234	7.77249e-05	1.35601e-05	7.88872e-05	9.912	-2.074819e-11
0.2525	299			3.84452e-05	-1.33925e-05	4.07102e-05	-19.2	-0.00140954	6.72345e-05	0.00141049	177.252	9.60534e-05	1.14143e-05	9.67388e-05	6.786	-2.581586e-11
0.25	300			7.09412e-05	-1.45063e-05	7.24089e-05	-11.556	-0.00138665	6.62808e-05	0.00138808	177.264	0.00016001	8.61293e-06	0.000160248	3.084	-1.371208e-11
0.2475	301			4.24052e-05	-1.27107e-05	4.42716e-05	-16.686	-0.00134373	6.43735e-05	0.00134517	177.246	0.000140638	9.23878e-06	0.000140936	3.768	-1.940799e-11
0.245	302			1.07959e-05	-1.14516e-05	1.57357e-05	-46.674	-0.00133372	6.34198e-05	0.00133515	177.264	8.41324e-05	1.12653e-05	8.49073e-05	7.626	-2.30098e-11
0.2425	303			8.19942e-06	-1.16602e-05	1.42493e-05	-54.882	-0.00133372	6.2943e-05	0.00133515	177.282	6.68769e-05	1.17124e-05	6.78902e-05	9.948	-2.007809e-11
0.24	304			3.27418e-05	-1.15075e-05	3.4705e-05	-19.362	-0.00133467	6.2943e-05	0.00133611	177.282	6.97677e-05	1.19508e-05	7.08108e-05	9.732	-2.606714e-11
0.2375	305			5.70791e-05	-1.35564e-05	5.86661e-05	-13.362	-0.00131799	6.2943e-05	0.00131942	177.252	0.00013134	7.98708e-06	0.000131608	3.492	-2.032939e-11
0.235	306			3.34682e-05	-1.23829e-05	3.56848e-05	-20.298	-0.00127745	6.10356e-05	0.00127841	177.252	0.000143469	7.89767e-06	0.000143708	3.156	-1.743956e-11
0.2325	307			7.26435e-06	-1.09114e-05	1.31056e-05	-56.346	-0.00126744	6.00817e-05	0.00126839	177.276	9.29539e-05	1.12355e-05	9.36394e-05	6.9	-2.066443e-11
0.23	308			1.0416e-05	-9.57033e-06	1.4145e-05	-42.564	-0.00126792	6.00817e-05	0.00126887	177.276	6.55656e-05	1.11461e-05	6.64894e-05	9.648	-2.342866e-11
0.2275	309			4.37575e-05	-1.18465e-05	4.53296e-05	-15.144	-0.00126696	5.9128e-05	0.00126792	177.318	7.44169e-05	1.11759e-05	7.52513e-05	8.544	-2.062256e-11
0.225	310			4.89766e-05	-1.23494e-05	5.05077e-05	-14.148	-0.00123692	5.86512e-05	0.00123788	177.282	0.000119597	9.71562e-06	0.000119985	4.65	-2.334486e-11
0.2225	311			1.50726e-05	-1.09785e-05	1.86489e-05	-36.054	-0.0012107	5.72207e-05	0.00121117	177.288	0.00011772	8.91095e-06	0.000118047	4.338	-1.894728e-11
0.22	312			4.46293e-06	-9.95776e-06	1.09114e-05	-65.838	-0.00120688	5.76975e-05	0.00120784	177.246	7.99303e-05	1.04607e-05	8.06157e-05	7.458	-1.944985e-11
0.2175	313			3.04432e-05	-1.19508e-05	3.27046e-05	-21.432	-0.00120736	5.67439e-05	0.00120784	177.294	6.91121e-05	1.04309e-05	6.98869e-05	8.598	-1.91567e-11
0.215	314			5.56225e-05	-1.27704e-05	5.7068e-05	-12.93	-0.00118495	5.53133e-05	0.0011859	177.312	0.000104607	8.34471e-06	0.000104934	4.572	-2.020379e-11
0.2125	315			2.05488e-05	-1.03601e-05	2.3015e-05	-26.748	-0.00115634	5.53133e-05	0.00115729	177.258	9.6113e-05	9.26858e-06	9.656e-05	5.514	-1.584804e-11
0.21	316			5.31974e-06	-9.36544e-06	1.07661e-05	-60.396	-0.00115205	5.53133e-05	0.00115252	177.252	9.00035e-05	9.17917e-06	9.04803e-05	5.832	-1.944987e-11
0.2075	317			3.18291e-05	-1.05352e-05	3.35278e-05	-18.306	-0.001153	5.48365e-05	0.00115395	177.27	7.3791e-05	9.86463e-06	7.44467e-05	7.626	-2.011995e-11
0.205	318			4.99117e-05	-1.14143e-05	5.12006e-05	-12.882	-0.00112582	5.29292e-05	0.00112677	177.306	9.89144e-05	9.32819e-06	9.93316e-05	5.4	-1.91567e-11
0.2025	319			1.4484e-05	-9.8609e-06	1.75164e-05	-34.248	-0.00110436	5.19755e-05	0.00110532	177.288	7.08704e-05	9.507e-06	7.14962e-05	7.65	-2.242349e-11
0.2	320			7.75984e-06	-9.90188e-06	1.25766e-05	-51.9	-0.0011015	5.19755e-05	0.00110245	177.3	8.06456e-05	8.97056e-06	8.11522e-05	6.366	-1.848659e-11
0.1975	321			4.07884e-05	-1.03526e-05	4.20848e-05	-14.238	-0.00109864	5.24523e-05	0.00109959	177.252	9.31029e-05	8.52352e-06	9.34904e-05	5.238	-2.296791e-11
0.195	322			2.96758e-05	-9.4921e-06	3.11586e-05	-17.73	-0.0010624	5.00681e-05	0.00106335	177.288	8.11224e-05	9.00036e-06	8.1629e-05	6.342	-2.108327e-11
0.1925	323			7.40963e-06	-9.21643e-06	1.18241e-05	-51.204	-0.00105572	4.95913e-05	0.00105668	177.306	5.73101e-05	1.04905e-05	5.8234e-05	10.398	-2.208842e-11
0.19	324			2.49707e-05	-9.46975e-06	2.67104e-05	-20.766	-0.00105668	4.95913e-05	0.00105716	177.306	8.69338e-05	8.76194e-06	8.73809e-05	5.754	-1.869603e-11
0.1875	325			3.01452e-05	-9.7864e-06	3.16913e-05	-17.982	-0.00102664	4.81608e-05	0.00102711	177.306	9.1732e-05	8.16589e-06	9.20896e-05	5.1	-2.430814e-11
0.185	326			8.32236e-06	-8.12864e-06	1.16304e-05	-44.316	-0.00101472	4.72071e-05	0.00101519	177.312	4.72965e-05	1.06991e-05	4.84886e-05	12.744	-2.59415e-11
0.1825	327			2.27542e-05	-9.15682e-06	2.45274e-05	-21.918	-0.00101424	4.86376e-05	0.00101519	177.234	7.33738e-05	9.26858e-06	7.394e-05	7.212	-1.982682e-11
0.18	328			2.61144e-05	-9.74169e-06	2.7869e-05	-20.454	-0.000985153	4.64919e-05	0.000986107	177.288	8.96459e-05	7.21219e-06	8.99439e-05	4.602	-2.242346e-11
0.1775	329			7.9461e-06	-7.32395e-06	1.08071e-05	-42.648	-0.000974659	4.64919e-05	0.000975374	177.258	3.79311e-05	9.81247e-06	3.91754e-05	14.502	-1.890544e-11
0.175	330			2.53433e-05	-8.79174e-06	2.68222e-05	-19.128	-0.000970844	4.52998e-05	0.000971559	177.318	7.25766e-05	7.78591e-06	7.29864e-05	6.126	-2.011996e-11
0.1725	331			1.09785e-05	-9.02644e-06	1.4212e-05	-39.414	-0.000939135	4.52998e-05	0.000940088	177.234	7.25766e-05	7.92748e-06	7.30087e-05	6.24	-2.175334e-11
0.17	332			1.45399e-05	-7.6108e-06	1.641e-05	-27.618	-0.000939135	4.41077e-05	0.00093985	177.3	4.38022e-05	9.46975e-06	4.48155e-05	12.204	-1.777459e-11
0.1675	333			2.65652e-05	-9.10839e-06	2.80814e-05	-18.924	-0.000919823	4.3154e-05	0.000920776	177.312	7.93342e-05	6.77261e-06	7.96174e-05	4.878	-2.204653e-11
0.165	334			9.47347e-06	-7.43198e-06	1.20402e-05	-38.1	-0.000905279	4.29156e-05	0.000905994	177.282	5.35327e-05	8.73214e-06	5.42405e-05	9.264	-2.485258e-11
0.1625	335			2.70047e-05	-8.29255e-06	2.82453e-05	-17.064	-0.000899795	4.29156e-05	0.000900511	177.264	5.9657e-05	7.93493e-06	6.01786e-05	7.584	-2.007807e-11
0.16	336			1.37054e-05	-7.78219e-06	1.57581e-05	-29.58	-0.000876907	4.05314e-05	0.000877623	177.348	6.31888e-05	6.96632e-06	6.35763e-05	6.294	-2.78262e-11
0.1575	337			1.91146e-05	-8.04669e-06	2.07388e-05	-22.818	-0.000873808	4.07698e-05	0.000874523	177.324	4.90102e-05	8.29255e-06	4.97105e-05	9.606	-2.007807e-11
0.155	338			1.67043e-05	-7.10043e-06	1.81497e-05	-23.022	-0.000849012	3.95777e-05	0.000849728	177.324	6.06182e-05	6.82476e-06	6.09981e-05	6.426	-2.313543e-11
0.1525	339			1.55681e-05	-7.052e-06	1.70917e-05	-24.36	-0.000845198	3.98161e-05	0.000845913	177.3	4.72295e-05	8.73214e-06	4.80267e-05	10.476	-2.615091e-11
0.15	340			1.63988e-05	-6.46341e-06	1.76245e-05	-21.51	-0.00082374	3.81472e-05	0.000824217	177.336	5.72728e-05	7.59962e-06	5.7772e-05	7.566	-2.024561e-11
0.1475	341			1.6112e-05	-7.29415e-06	1.76841e-05	-24.354	-0.000817541	3.81472e-05	0.000818256	177.324	4.81831e-05	7.17494e-06	4.87121e-05	8.478	-1.542922e-11
0.145	342			1.42679e-05	-6.69065e-06	1.57581e-05	-25.116	-0.00079656	3.67167e-05	0.000797275	177.354	5.06791e-05	8.00198e-06	5.13049e-05	8.976	-2.229779e-11
0.1425	343			1.71402e-05	-7.50649e-06	1.87122e-05	-23.64	-0.000789408	3.71935e-05	0.000789884	177.294	5.07238e-05	7.84552e-06	5.13198e-05	8.79	-1.932422e-11
0.14	344			1.24165e-05	-7.33885e-06	1.44244e-05	-30.57	-0.000771049	3.50478e-05	0.000771765	177.39	4.37724e-05	7.54747e-06	4.44206e-05	9.792	-1.924043e-11
0.1375	345			1.79225e-05	-6.37028e-06	1.90177e-05	-19.566	-0.00075889	3.52862e-05	0.000759605	177.324	5.15061e-05	7.33885e-06	5.20276e-05	8.106	-2.728172e-11
0.135	346			1.42046e-05	-6.67575e-06	1.56948e-05	-25.158	-0.0007453	3.48093e-05	0.000746015	177.312	3.71712e-05	8.66508e-06	3.8177e-05	13.122	-2.133452e-11
0.1325	347			1.34521e-05	-5.70717e-06	1.46106e-05	-22.986	-0.000729803	3.31404e-05	0.00073028	177.384	4.1865e-05	6.25852e-06	4.23344e-05	8.502	-2.3638e-11
0.13	348			1.58326e-05	-6.56399e-06	1.71402e-05	-22.512	-0.000719789	3.19483e-05	0.000720266	177.444	4.70954e-05	6.31067e-06	4.75126e-05	7.638	-2.28004e-11
0.1275	349			1.34223e-05	-5.59169e-06	1.45361e-05	-22.608	-0.000704769	3.26636e-05	0.000705246	177.348	3.11437e-05	7.22709e-06	3.19707e-05	13.074	-1.618306e-11
0.125	350			1.27853e-05	-6.54536e-06	1.43611e-05	-27.102	-0.000689749	3.14715e-05	0.000690226	177.384	3.53756e-05	7.02593e-06	3.60685e-05	11.232	-2.062256e-11
0.1225	351			1.57246e-05	-5.61032e-06	1.66931e-05	-19.632	-0.000676397	3.14715e-05	0.000676874	177.318	4.49272e-05	6.57889e-06	4.54115e-05	8.334	-2.112513e-11
0.12	352			1.46069e-05	-5.57306e-06	1.56352e-05	-20.868	-0.000665668	3.14715e-05	0.000666145	177.294	3.89593e-05	7.53257e-06	3.9682e-05	10.95	-1.823527e-11
0.1175	353			1.39997e-05	-5.6662e-06	1.51024e-05	-22.02	-0.00065184	2.90872e-05	0.000652079	177.438	3.30957e-05	7.61452e-06	3.396e-05	12.966	-1.836091e-11
0.115	354			1.40966e-05	-5.41288e-06	1.51024e-05	-20.988	-0.000636343	2.98024e-05	0.000636581	177.3	3.18515e-05	7.01848e-06	3.26114e-05	12.426	-2.5062e-11
0.1125	355			1.39326e-05	-5.27877e-06	1.48975e-05	-20.742	-0.000622515	2.93256e-05	0.000622753	177.3	3.42878e-05	6.32557e-06	3.4869e-05	10.452	-2.108324e-11
0.11	356			1.30013e-05	-4.97329e-06	1.39177e-05	-20.916	-0.000608686	2.76567e-05	0.000609163	177.384	3.43176e-05	5.23034e-06	3.47125e-05	8.67	-2.5062e-11
0.1075	357			1.50353e-05	-5.77423e-06	1.61045e-05	-21.006	-0.000594143	2.76567e-05	0.00059462	177.336	3.39153e-05	6.51184e-06	3.45337e-05	10.872	-1.886352e-11
0.105	358			1.36495e-05	-5.02172e-06	1.45436e-05	-20.19	-0.000581745	2.64646e-05	0.000582222	177.372	3.14566e-05	5.50601e-06	3.19334e-05	9.93	-2.200466e-11
0.1025	359			1.3806e-05	-4.61566e-06	1.45548e-05	-18.474	-0.000567202	2.64646e-05	0.00056744	177.324	3.0026e-05	5.10368e-06	3.04581e-05	9.648	-2.238157e-11
0.1	360			1.54191e-05	-5.76678e-06	1.64659e-05	-20.502	-0.000554089	2.59877e-05	0.000554565	177.312	2.89829e-05	4.63429e-06	2.9348e-05	9.096	-2.292606e-11
0.0975	361			1.51881e-05	-4.82428e-06	1.59332e-05	-17.616	-0.000541691	2.52725e-05	0.000542168	177.306	2.80068e-05	5.64757e-06	2.85731e-05	11.412	-2.30517e-11
0.095	362			1.48006e-05	-4.52626e-06	1.54787e-05	-16.992	-0.000529531	2.50341e-05	0.00052977	177.276	3.05102e-05	6.92907e-06	3.12852e-05	12.798	-1.986869e-11
0.0925	363			1.62089e-05	-5.22661e-06	1.70321e-05	-17.874	-0.000514749	2.33651e-05	0.000514988	177.384	3.06519e-05	5.23779e-06	3.1099e-05	9.702	-2.284228e-11
0.09	364			1.61642e-05	-4.22823e-06	1.6708e-05	-14.652	-0.000497583	2.31267e-05	0.00049806	177.336	2.791e-05	6.18401e-06	2.8588e-05	12.498	-2.619285e-11
0.0875	365			1.60673e-05	-4.60821e-06	1.67155e-05	-15.996	-0.000486137	2.18154e-05	0.000486495	177.414	2.95119e-05	5.40915e-06	3.00111e-05	10.392	-2.204653e-11
0.085	366			1.69353e-05	-4.90996e-06	1.76319e-05	-16.164	-0.000472786	2.16962e-05	0.000473263	177.36	2.76939e-05	4.74605e-06	2.81037e-05	9.738	-2.00362e-11
0.0825	367			1.68533e-05	-4.4145e-06	1.74196e-05	-14.67	-0.000456335	2.05041e-05	0.000456693	177.426	2.86476e-05	5.06642e-06	2.90946e-05	10.026	-1.89054e-11
0.08	368			1.68608e-05	-4.59331e-06	1.74755e-05	-15.234	-0.000447156	2.03849e-05	0.000447394	177.378	2.753e-05	4.15e-06	2.78429e-05	8.58	-1.995238e-11
0.0775	369			1.77698e-05	-3.99727e-06	1.82131e-05	-12.672	-0.000430109	1.88352e-05	0.000430347	177.48	2.63677e-05	4.87271e-06	2.68148e-05	10.482	-2.166957e-11
0.075	370			1.83211e-05	-5.15583e-06	1.90289e-05	-15.708	-0.000418426	1.9312e-05	0.000418784	177.354	2.54737e-05	4.24686e-06	2.58313e-05	9.48	-2.518765e-11
0.0725	371			1.8865e-05	-3.74393e-06	1.92301e-05	-11.22	-0.000404598	1.78815e-05	0.000404837	177.45	2.62336e-05	3.09946e-06	2.64124e-05	6.75	-1.95336e-11
0.07	372			1.86601e-05	-3.59864e-06	1.90028e-05	-10.908	-0.000392558	1.76431e-05	0.000392796	177.414	2.55035e-05	4.30646e-06	2.58611e-05	9.6	-2.032938e-11
0.0675	373			1.94461e-05	-3.09573e-06	1.9692e-05	-9.036	-0.000378015	1.6451e-05	0.000378134	177.504	2.62411e-05	5.29739e-06	2.67701e-05	11.418	-2.217218e-11
0.065	374			1.9353e-05	-3.10691e-06	1.95989e-05	-9.108	-0.000363829	1.5855e-05	0.000364067	177.492	2.57195e-05	4.15e-06	2.60548e-05	9.168	-2.09576e-11
0.0625	375			2.0668e-05	-3.56512e-06	2.09698e-05	-9.78	-0.000350596	1.60934e-05	0.000350835	177.354	2.6025e-05	3.38258e-06	2.62411e-05	7.416	-2.129263e-11
0.06	376			2.04408e-05	-2.55929e-06	2.0601e-05	-7.128	-0.000337126	1.51396e-05	0.000337364	177.42	2.54662e-05	4.60449e-06	2.58834e-05	10.248	-2.271663e-11
0.0575	377			2.05786e-05	-3.69178e-06	2.09027e-05	-10.164	-0.000323417	1.44244e-05	0.000323536	177.426	2.60548e-05	4.37352e-06	2.64199e-05	9.54	-2.079008e-11
0.055	378			2.10853e-05	-3.27082e-06	2.13386e-05	-8.814	-0.000309231	1.37091e-05	0.000309469	177.444	2.47509e-05	2.75673e-06	2.49e-05	6.36	-1.689504e-11
0.0525	379			2.16627e-05	-3.37885e-06	2.19234e-05	-8.856	-0.00029576	1.39475e-05	0.000295999	177.288	2.6405e-05	3.54649e-06	2.66508e-05	7.65	-2.372177e-11
0.05	380			2.12268e-05	-3.51669e-06	2.15174e-05	-9.396	-0.000281813	1.27555e-05	0.000281932	177.384	2.48627e-05	3.28572e-06	2.50788e-05	7.53	-2.38474e-11
0.0475	381			2.13349e-05	-2.51459e-06	2.14801e-05	-6.72	-0.0002687	1.13249e-05	0.000268819	177.582	2.48255e-05	3.82963e-06	2.51235e-05	8.772	-2.003613e-11
0.045	382			2.29256e-05	-2.46616e-06	2.30559e-05	-6.132	-0.000253202	1.14442e-05	0.000253441	177.39	2.43337e-05	3.09201e-06	2.45274e-05	7.242	-2.16277e-11
0.0425	383			2.20315e-05	-2.29479e-06	2.21507e-05	-5.94	-0.000241996	9.89443e-06	0.000242115	177.648	2.44455e-05	2.47361e-06	2.45721e-05	5.79	-2.213024e-11
0.04	384			2.30969e-05	-3.34533e-06	2.33391e-05	-8.238	-0.000224949	9.89443e-06	0.000225068	177.474	2.39314e-05	3.48689e-06	2.41847e-05	8.304	-1.806776e-11
0.0375	385			2.39463e-05	-2.46243e-06	2.40729e-05	-5.862	-0.00021422	8.94075e-06	0.00021422	177.594	2.52278e-05	2.85359e-06	2.53917e-05	6.468	-1.790024e-11
0.035	386			2.27169e-05	-2.18676e-06	2.28212e-05	-5.49	-0.000198127	9.11957e-06	0.000198246	177.348	2.38867e-05	2.22029e-06	2.39984e-05	5.322	-2.267473e-11
0.0325	387			2.39128e-05	-2.51086e-06	2.40431e-05	-5.994	-0.000186563	8.10629e-06	0.000186683	177.504	2.3991e-05	2.16813e-06	2.40878e-05	5.178	-2.288413e-11
0.03	388			2.30224e-05	-2.35812e-06	2.31453e-05	-5.844	-0.000170828	7.92748e-06	0.000170947	177.342	2.37302e-05	2.414e-06	2.38494e-05	5.82	-2.409871e-11
0.0275	389			2.36147e-05	-2.30224e-06	2.37265e-05	-5.562	-0.000158788	7.21219e-06	0.000158907	177.39	2.44082e-05	2.07128e-06	2.44976e-05	4.854	-2.904074e-11
0.025	390			2.39873e-05	-1.30386e-06	2.40245e-05	-3.108	-0.000143767	6.0797e-06	0.000143887	177.57	2.4669e-05	2.19049e-06	2.47658e-05	5.082	-1.505227e-11
0.0225	391			2.46839e-05	-2.23146e-06	2.47845e-05	-5.16	-0.000131727	5.48366e-06	0.000131787	177.612	2.31491e-05	1.1474e-06	2.31789e-05	2.85	-1.568052e-11
0.02	392			2.48664e-05	-1.37464e-06	2.49037e-05	-3.162	-0.00011915	5.12603e-06	0.00011921	177.534	2.48627e-05	2.71948e-06	2.50117e-05	6.258	-2.032935e-11
0.0175	393			2.45423e-05	-2.16813e-06	2.46355e-05	-5.046	-0.000106276	3.99354e-06	0.000106276	177.846	2.43337e-05	1.27406e-06	2.4371e-05	3.012	-1.521979e-11
0.015	394			2.55631e-05	-9.08974e-07	2.55817e-05	-2.028	-9.29539e-05	4.52998e-06	9.30433e-05	177.198	2.47286e-05	2.08618e-06	2.4818e-05	4.824	-2.552267e-11
0.0125	395			2.47919e-05	-1.59816e-06	2.48404e-05	-3.684	-7.89766e-05	2.59282e-06	7.90064e-05	178.104	2.47733e-05	1.22935e-06	2.48105e-05	2.85	-2.510388e-11
0.01	396			2.59021e-05	-1.97442e-06	2.59766e-05	-4.356	-6.5655e-05	2.77163e-06	6.56848e-05	177.558	2.57717e-05	1.95952e-06	2.58462e-05	4.35	-2.27166e-11
0.0075	397			2.60809e-05	-6.96633e-07	2.6092e-05	-1.524	-5.10814e-05	2.23519e-06	5.11112e-05	177.48	2.58983e-05	1.63168e-06	2.59579e-05	3.606	-2.053878e-11
0.005	398			2.71724e-05	-7.07809e-07	2.71836e-05	-1.488	-3.58748e-05	6.55655e-07	3.58748e-05	178.944	2.74108e-05	1.34111e-06	2.74406e-05	2.814	-1.957547e-11
0.0025	399			2.78653e-05	-6.74281e-07	2.7869e-05	-1.386	-2.14652e-05	6.33303e-07	2.14652e-05	178.308	2.86252e-05	1.1474e-06	2.86476e-05	2.304	-1.982677e-11
0.0	400			2.97168e-05	-1.28151e-06	2.97428e-05	-2.466	-3.08455e-06	-2.3842e-07	3.09201e-06	-175.614	3.04432e-05	8.71722e-07	3.04581e-05	1.644	-2.263284e-11
