variable x	variable x count			lockin1 x	lockin1 y	lockin1 r	lockin1 phi	lockin2 x	lockin2 y	lockin2 r	lockin2 phi	lockin3 x	lockin3 y	lockin3 r	lockin3 phi	lockin4 x	lockin4 y	lockin4 r	lockin4 phi	smu1 meas	


0.0	0			1.08928e-05	-8.56821e-08	1.08928e-05	-0.438	1.2409e-05	2.68967e-06	1.26958e-05	12.246	6.18774e-06	1.31503e-06	6.32557e-06	12.012	4.6436e-06	-2.41587e-06	5.23499e-06	-27.474	-1.660213e-11
0.002	1			1.17869e-05	4.8429e-08	1.17869e-05	0.24	1.23084e-05	2.61144e-06	1.25804e-05	11.988	1.57953e-05	1.39327e-06	1.58568e-05	5.046	1.4253e-05	-2.17279e-06	1.44179e-05	-8.664	-1.831936e-11
0.004	2			1.2517e-05	-3.87432e-07	1.25245e-05	-1.77	1.25319e-05	2.24636e-06	1.27294e-05	10.164	2.65205e-05	-2.36557e-07	2.65205e-05	-0.51	2.6459e-05	-2.77349e-06	2.66043e-05	-5.982	-1.932449e-11
0.006	3			1.283e-05	-1.36719e-06	1.29045e-05	-6.078	1.40183e-05	2.58164e-06	1.4253e-05	10.44	3.65584e-05	3.63218e-07	3.65602e-05	0.57	3.60685e-05	-3.84825e-06	3.62734e-05	-6.09	-2.183741e-11
0.008	4			1.3657e-05	-8.27018e-07	1.36793e-05	-3.45	1.42158e-05	2.12343e-06	1.4376e-05	8.508	4.47745e-05	-5.886e-07	4.47782e-05	-0.756	4.38506e-05	-4.1202e-06	4.40443e-05	-5.37	-2.25913e-11
0.01	5			1.51359e-05	-1.36346e-06	1.51955e-05	-5.136	1.58624e-05	2.72693e-06	1.60934e-05	9.762	5.53841e-05	-5.58797e-07	5.53841e-05	-0.576	5.4952e-05	-4.69017e-06	5.51532e-05	-4.878	-2.548113e-11
0.012	6			1.56761e-05	-9.57407e-07	1.57059e-05	-3.492	1.65739e-05	1.41562e-06	1.66335e-05	4.884	6.33639e-05	-1.60933e-06	6.33863e-05	-1.452	6.3092e-05	-4.87643e-06	6.32782e-05	-4.416	-2.133482e-11
0.014	7			1.68235e-05	-1.09524e-06	1.68608e-05	-3.72	1.78964e-05	2.45498e-06	1.8064e-05	7.812	7.33291e-05	-1.93717e-06	7.33552e-05	-1.512	7.24089e-05	-5.29367e-06	7.26026e-05	-4.182	-1.773296e-11
0.016	8			1.71216e-05	-5.47621e-07	1.7129e-05	-1.83	1.84031e-05	1.64659e-06	1.84776e-05	5.112	8.21282e-05	-1.41934e-06	8.21431e-05	-0.99	8.13683e-05	-4.93604e-06	8.15173e-05	-3.468	-2.091595e-11
0.018	9			1.78107e-05	-1.10269e-06	1.78443e-05	-3.534	1.95951e-05	1.2517e-06	1.96324e-05	3.66	9.01748e-05	-2.17186e-06	9.02009e-05	-1.38	8.68631e-05	-6.03127e-06	8.70754e-05	-3.972	-2.125109e-11
0.02	10			1.8444e-05	-1.03936e-06	1.84738e-05	-3.216	2.0601e-05	2.9728e-06	2.08133e-05	8.214	9.93763e-05	-2.33205e-06	9.94061e-05	-1.338	9.72305e-05	-6.54164e-06	9.74541e-05	-3.846	-1.924074e-11
0.022	11			1.7658e-05	-1.2219e-06	1.7699e-05	-3.954	2.15174e-05	2.70458e-06	2.16888e-05	7.17	0.000108153	-2.03402e-06	0.000108175	-1.08	0.000103966	-6.713e-06	0.000104182	-3.69	-1.773297e-11
0.024	12			1.88389e-05	-1.76207e-06	1.89209e-05	-5.34	2.36743e-05	1.86638e-06	2.37488e-05	4.506	0.000117034	-3.42728e-06	0.000117079	-1.674	0.000111722	-6.6534e-06	0.000111916	-3.408	-2.003647e-11
0.026	13			1.90438e-05	-2.79399e-07	1.90475e-05	-0.834	2.4859e-05	2.32832e-06	2.4967e-05	5.352	0.000125513	-3.18141e-06	0.000125551	-1.452	0.000120126	-7.3165e-06	0.000120342	-3.486	-1.362857e-11
0.028	14			1.91742e-05	-1.02446e-06	1.92003e-05	-3.054	2.53805e-05	2.53694e-06	2.55072e-05	5.712	0.00013464	-3.24847e-06	0.000134678	-1.38	0.000128292	-7.59217e-06	0.000128516	-3.384	-1.98271e-11
0.03	15			1.9353e-05	-8.64271e-07	1.93754e-05	-2.556	2.79137e-05	1.92971e-06	2.79808e-05	3.954	0.000145533	-4.96957e-06	0.000145615	-1.956	0.00013727	-7.88277e-06	0.000137501	-3.288	-2.41409e-11
0.032	16			2.01316e-05	-1.25543e-06	2.01688e-05	-3.564	2.84911e-05	1.89618e-06	2.85545e-05	3.81	0.000154474	-4.85036e-06	0.000154541	-1.794	0.000145608	-8.20315e-06	0.000145846	-3.222	-2.150236e-11
0.034	17			1.98708e-05	-1.07662e-06	1.99006e-05	-3.09	3.01005e-05	2.02657e-06	3.01675e-05	3.852	0.000165344	-4.88761e-06	0.000165419	-1.692	0.000153915	-9.13447e-06	0.000154191	-3.396	-1.940826e-11
0.036	18			1.96883e-05	-9.83484e-07	1.97106e-05	-2.862	3.19222e-05	1.46032e-06	3.19558e-05	2.622	0.000174985	-5.32719e-06	0.00017506	-1.74	0.000162893	-9.00781e-06	0.000163146	-3.162	-1.894759e-11
0.038	19			2.05078e-05	-1.10642e-06	2.05376e-05	-3.078	3.33528e-05	2.32087e-06	3.34347e-05	3.984	0.000185371	-5.87109e-06	0.000185461	-1.806	0.00017161	-9.5666e-06	0.000171878	-3.186	-2.024588e-11
0.04	20			2.02024e-05	-1.28523e-06	2.02433e-05	-3.636	3.47944e-05	2.27244e-06	3.48652e-05	3.738	0.000194759	-5.60287e-06	0.000194849	-1.644	0.00017956	-1.02968e-05	0.000179858	-3.282	-2.079037e-11
0.042	21			2.08953e-05	-1.06917e-06	2.09213e-05	-2.922	3.72792e-05	2.30224e-06	3.735e-05	3.534	0.000206114	-6.91417e-06	0.000206233	-1.914	0.00019014	-1.08183e-05	0.000190438	-3.258	-1.727228e-11
0.044	22			2.06457e-05	-1.21073e-06	2.06829e-05	-3.354	3.93356e-05	2.39165e-06	3.94101e-05	3.48	0.000215978	-6.46713e-06	0.000216068	-1.71	0.00019616	-1.13249e-05	0.000196488	-3.3	-2.150235e-11
0.046	23			2.0601e-05	-1.88128e-06	2.06867e-05	-5.214	4.0442e-05	1.42307e-06	4.04681e-05	2.022	0.000225634	-7.12278e-06	0.000225754	-1.8	0.000205369	-1.12057e-05	0.000205667	-3.114	-1.99527e-11
0.048	24			2.02061e-05	-6.10951e-07	2.02173e-05	-1.728	4.28448e-05	1.59816e-06	4.28746e-05	2.136	0.000237317	-6.91417e-06	0.000237406	-1.662	0.000216038	-1.20998e-05	0.000216366	-3.204	-2.099979e-11
0.05	25			2.09959e-05	-4.91742e-07	2.10033e-05	-1.338	4.546e-05	2.3544e-06	4.55196e-05	2.97	0.000247361	-8.49372e-06	0.00024751	-1.962	0.000223846	-1.23084e-05	0.000224174	-3.138	-1.819371e-11
0.052	26			2.13423e-05	-1.65776e-06	2.14056e-05	-4.44	4.87382e-05	1.35974e-06	4.87606e-05	1.602	0.000257673	-8.91095e-06	0.000257822	-1.974	0.000231654	-1.28747e-05	0.000232012	-3.174	-2.028781e-11
0.054	27			2.11262e-05	-1.39699e-06	2.11747e-05	-3.774	4.91666e-05	1.77325e-06	4.92001e-05	2.07	0.000267716	-9.17917e-06	0.000267865	-1.962	0.00023985	-1.44244e-05	0.000240297	-3.438	-1.429868e-11
0.056	28			2.09362e-05	-1.37836e-06	2.09847e-05	-3.762	5.11298e-05	2.06755e-06	5.11745e-05	2.316	0.000279011	-8.94075e-06	0.00027916	-1.83	0.000249567	-1.38283e-05	0.000249954	-3.162	-1.898945e-11
0.058	29			2.13758e-05	-1.70246e-06	2.14429e-05	-4.548	5.37524e-05	1.42679e-06	5.37711e-05	1.524	0.000289144	-9.92423e-06	0.000289293	-1.962	0.000256034	-1.45436e-05	0.000256451	-3.246	-2.012029e-11
0.06	30			2.15062e-05	-1.7807e-06	2.15807e-05	-4.728	5.55704e-05	1.99304e-06	5.56076e-05	2.058	0.000300469	-1.04607e-05	0.000300648	-1.986	0.00026715	-1.47522e-05	0.000267537	-3.162	-2.083224e-11
0.062	31			2.0668e-05	-2.23146e-06	2.07872e-05	-6.156	5.79993e-05	1.5162e-06	5.80179e-05	1.5	0.000311287	-1.06097e-05	0.000311496	-1.944	0.0002732	-1.50204e-05	0.000273617	-3.144	-1.609959e-11
0.064	32			2.22923e-05	-1.98932e-06	2.23817e-05	-5.094	6.11064e-05	1.56463e-06	6.1125e-05	1.47	0.000320675	-1.09673e-05	0.000320854	-1.956	0.000281425	-1.53781e-05	0.000281842	-3.126	-1.949204e-11
0.066	33			2.12752e-05	-2.34695e-06	2.14056e-05	-6.282	6.23432e-05	1.40817e-06	6.23581e-05	1.296	0.000331761	-1.11461e-05	0.00033194	-1.92	0.000290306	-1.56761e-05	0.000290724	-3.084	-1.442432e-11
0.068	34			2.0899e-05	-1.97814e-06	2.09921e-05	-5.406	6.46901e-05	2.06755e-06	6.47237e-05	1.83	0.000341775	-1.23084e-05	0.000341984	-2.058	0.000298204	-1.65106e-05	0.000298681	-3.168	-2.066471e-11
0.07	35			2.14354e-05	-2.10853e-06	2.1536e-05	-5.61	6.70743e-05	1.93344e-06	6.71041e-05	1.656	0.000352176	-1.14143e-05	0.000352355	-1.854	0.00030631	-1.6898e-05	0.000306757	-3.156	-1.40055e-11
0.072	36			2.17521e-05	-1.93717e-06	2.18378e-05	-5.088	6.92424e-05	1.84775e-06	6.92648e-05	1.53	0.000362964	-1.207e-05	0.000363173	-1.902	0.000314863	-1.69874e-05	0.00031531	-3.09	-1.727232e-11
0.074	37			2.3164e-05	-2.28362e-06	2.32757e-05	-5.622	7.20699e-05	1.66894e-06	7.20886e-05	1.326	0.000374408	-1.2666e-05	0.000374617	-1.932	0.000323983	-1.73451e-05	0.00032446	-3.06	-1.865435e-11
0.076	38			2.18229e-05	-1.52365e-06	2.18787e-05	-3.99	7.47596e-05	9.16425e-07	7.4767e-05	0.708	0.000385346	-1.38283e-05	0.000385584	-2.052	0.00033194	-1.75239e-05	0.000332387	-3.018	-1.844496e-11
0.078	39			2.15807e-05	-2.0303e-06	2.16776e-05	-5.376	7.59182e-05	1.54973e-06	7.59368e-05	1.17	0.000395985	-1.35899e-05	0.000396224	-1.962	0.000341238	-1.85074e-05	0.000341745	-3.102	-1.986897e-11
0.08	40			2.17744e-05	-1.43424e-06	2.18191e-05	-3.768	7.847e-05	1.26661e-06	7.84812e-05	0.924	0.000406208	-1.41562e-05	0.000406446	-1.992	0.000349315	-1.86564e-05	0.000349822	-3.054	-1.949202e-11
0.082	41			2.31379e-05	-1.78815e-06	2.32087e-05	-4.416	8.23182e-05	1.18465e-06	8.23294e-05	0.828	0.000417771	-1.43052e-05	0.000418009	-1.962	0.000358136	-1.96398e-05	0.000358673	-3.138	-1.773301e-11
0.084	42			2.25605e-05	-1.72482e-06	2.26275e-05	-4.368	8.29031e-05	1.87383e-06	8.29254e-05	1.296	0.000427933	-1.4633e-05	0.000428172	-1.956	0.000367166	-1.96995e-05	0.000367703	-3.072	-2.129298e-11
0.086	43			2.2743e-05	-1.68384e-06	2.28063e-05	-4.23	8.61068e-05	1.60188e-06	8.61217e-05	1.068	0.000438722	-1.53185e-05	0.00043899	-1.998	0.000374468	-1.98187e-05	0.000374975	-3.024	-1.672783e-11
0.088	44			2.34322e-05	-2.03402e-06	2.35216e-05	-4.962	9.00966e-05	1.10642e-06	9.01041e-05	0.708	0.000450017	-1.59146e-05	0.000450255	-2.022	0.000384839	-2.05041e-05	0.000385405	-3.048	-1.408928e-11
0.09	45			2.27542e-05	-2.25382e-06	2.28622e-05	-5.652	8.97576e-05	1.61678e-06	8.97725e-05	1.032	0.000459315	-1.59146e-05	0.000459613	-1.98	0.000391902	-2.09213e-05	0.000392439	-3.054	-2.401529e-11
0.092	46			2.23072e-05	-2.28734e-06	2.24226e-05	-5.85	9.25963e-05	7.59963e-07	9.25963e-05	0.474	0.000471892	-1.7047e-05	0.00047219	-2.064	0.000400754	-2.1875e-05	0.00040135	-3.12	-1.823555e-11
0.094	47			2.27356e-05	-1.60933e-06	2.27952e-05	-4.038	9.68357e-05	1.1474e-06	9.68431e-05	0.684	0.00048268	-1.65702e-05	0.000482978	-1.962	0.000409903	-2.17558e-05	0.000410499	-3.036	-1.974332e-11
0.096	48			2.4561e-05	-2.78653e-06	2.47174e-05	-6.468	9.89665e-05	1.32621e-06	9.8974e-05	0.774	0.000493113	-1.72855e-05	0.000493411	-2.004	0.000417771	-2.32459e-05	0.000418397	-3.18	-1.75236e-11
0.098	49			2.36445e-05	-1.88873e-06	2.3719e-05	-4.56	0.000102111	-1.49013e-07	0.000102111	-0.084	0.000505034	-1.82391e-05	0.000505332	-2.064	0.000425937	-2.30075e-05	0.000426563	-3.09	-1.924072e-11
0.1	50			2.45237e-05	-3.15161e-06	2.47249e-05	-7.32	0.000105195	1.40072e-06	0.000105195	0.768	0.000516478	-1.81795e-05	0.000516836	-2.016	0.000436546	-2.42592e-05	0.000437202	-3.18	-1.609961e-11
0.102	51			2.41363e-05	-2.51086e-06	2.42667e-05	-5.934	0.000106305	2.3842e-07	0.000106305	0.132	0.000525955	-1.81795e-05	0.000526253	-1.974	0.000441911	-2.33055e-05	0.000442537	-3.018	-1.656032e-11
0.104	52			2.37526e-05	-3.14416e-06	2.39612e-05	-7.536	0.000108645	1.38582e-06	0.000108652	0.732	0.000537399	-1.87756e-05	0.000537757	-1.998	0.000452878	-2.3842e-05	0.000453534	-3.012	-1.945015e-11
0.106	53			2.32497e-05	-2.82006e-06	2.3421e-05	-6.912	0.000112899	1.1772e-06	0.000112907	0.6	0.000550035	-1.94908e-05	0.000550393	-2.022	0.000459852	-2.49745e-05	0.000460507	-3.102	-2.091605e-11
0.108	54			2.4099e-05	-3.03613e-06	2.4289e-05	-7.176	0.000114292	7.00358e-07	0.000114292	0.354	0.000559751	-1.93716e-05	0.000560049	-1.98	0.000469567	-2.50937e-05	0.000470223	-3.054	-2.024592e-11
0.11	55			2.53768e-05	-2.39165e-06	2.54923e-05	-5.382	0.000116349	4.91742e-07	0.000116349	0.24	0.00057048	-2.00869e-05	0.000570837	-2.016	0.000477316	-2.56897e-05	0.000478031	-3.072	-2.196309e-11
0.112	56			2.41102e-05	-3.47199e-06	2.43598e-05	-8.19	0.00012143	2.53322e-07	0.00012143	0.12	0.000583235	-2.05637e-05	0.000583593	-2.016	0.000485959	-2.65838e-05	0.000486733	-3.126	-1.84031e-11
0.114	57			2.50527e-05	-2.48851e-06	2.51756e-05	-5.67	0.000125208	9.61132e-07	0.000125208	0.444	0.000593845	-2.06233e-05	0.000594202	-1.986	0.000493113	-2.70606e-05	0.000493828	-3.138	-1.555512e-11
0.116	58			2.61777e-05	-3.52414e-06	2.64124e-05	-7.668	0.000128598	1.05799e-06	0.000128605	0.474	0.000603441	-2.09213e-05	0.000603858	-1.98	0.000501577	-2.61666e-05	0.000502232	-2.988	-2.414093e-11
0.118	59			2.60846e-05	-3.0324e-06	2.62597e-05	-6.624	0.000133687	5.14094e-07	0.000133687	0.222	0.000618044	-2.27691e-05	0.000618462	-2.106	0.000510398	-2.7299e-05	0.000511114	-3.06	-1.798432e-11
0.12	60			2.6174e-05	-2.79771e-06	2.6323e-05	-6.096	0.000132241	1.89991e-06	0.000132249	0.822	0.00062621	-2.15174e-05	0.000626627	-1.962	0.000519697	-2.78355e-05	0.000520412	-3.06	-2.08323e-11
0.122	61			2.55556e-05	-2.88339e-06	2.57158e-05	-6.438	0.000139506	6.78006e-07	0.000139506	0.276	0.000641886	-2.27691e-05	0.000642303	-2.028	0.000527088	-2.84315e-05	0.000527862	-3.084	-1.685346e-11
0.124	62			2.41623e-05	-3.10691e-06	2.43635e-05	-7.326	0.000139334	-1.34111e-07	0.000139334	-0.054	0.00064886	-2.37824e-05	0.000649277	-2.094	0.000533883	-2.82527e-05	0.000534657	-3.024	-1.559703e-11
0.126	63			2.32087e-05	-3.60237e-06	2.34843e-05	-8.814	0.00014417	2.45871e-07	0.00014417	0.096	0.000664238	-2.414e-05	0.000664715	-2.076	0.000543181	-2.85507e-05	0.000543956	-3.006	-1.840312e-11
0.128	64			2.30522e-05	-2.60027e-06	2.32012e-05	-6.426	0.000140675	9.31326e-07	0.000140675	0.378	0.000672344	-2.414e-05	0.000672761	-2.052	0.000552896	-2.96236e-05	0.000553671	-3.06	-1.86125e-11
0.13	65			2.4289e-05	-3.22239e-06	2.45014e-05	-7.554	0.000150301	8.86623e-07	0.000150301	0.336	0.000685517	-2.44976e-05	0.000685934	-2.046	0.000558916	-2.97428e-05	0.000559751	-3.048	-2.250758e-11
0.132	66			2.16217e-05	-3.39375e-06	2.18825e-05	-8.916	0.000147716	4.17234e-07	0.000147716	0.162	0.000696901	-2.46168e-05	0.000697318	-2.016	0.000571195	-2.98024e-05	0.00057191	-2.988	-1.689535e-11
0.134	67			2.59803e-05	-3.51669e-06	2.62187e-05	-7.71	0.000153967	8.34469e-07	0.000153967	0.312	0.000707988	-2.49149e-05	0.000708405	-2.016	0.000579003	-3.10543e-05	0.000579838	-3.066	-2.053915e-11
0.136	68			2.56078e-05	-3.57257e-06	2.58536e-05	-7.938	0.000159481	3.12926e-07	0.000159481	0.114	0.000721041	-2.6107e-05	0.000721518	-2.07	0.00058699	-3.08754e-05	0.000587825	-3.006	-1.371238e-11
0.138	69			2.59207e-05	-3.24102e-06	2.61256e-05	-7.122	0.000156098	2.53322e-07	0.000156098	0.096	0.000729386	-2.6405e-05	0.000729863	-2.07	0.000598017	-3.14119e-05	0.000598852	-3.0	-1.266525e-11
0.14	70			2.83086e-05	-3.74021e-06	2.85545e-05	-7.524	0.000165829	-1.86265e-07	0.000165829	-0.06	0.000741247	-2.71798e-05	0.000741724	-2.094	0.000604395	-3.2306e-05	0.000605289	-3.06	-1.46756e-11
0.142	71			2.69787e-05	-4.26549e-06	2.73102e-05	-8.976	0.000164867	-5.14094e-07	0.000164867	-0.18	0.000754301	-2.75971e-05	0.000754777	-2.094	0.00061572	-3.31404e-05	0.000616614	-3.078	-2.485298e-11
0.144	72			3.17621e-05	-4.36979e-06	3.20601e-05	-7.83	0.000173741	-5.96051e-08	0.000173741	-0.018	0.000762049	-2.71202e-05	0.000762466	-2.034	0.00062168	-3.36173e-05	0.000622574	-3.09	-1.844497e-11
0.146	73			3.08345e-05	-3.94884e-06	3.10841e-05	-7.296	0.000178085	-5.73698e-07	0.000178085	-0.18	0.000781301	-2.87296e-05	0.000781897	-2.1	0.000632349	-3.2902e-05	0.000633243	-2.976	-1.836125e-11
0.148	74			3.33267e-05	-4.01217e-06	3.35651e-05	-6.858	0.000182212	2.98025e-08	0.000182212	0.018	0.000786249	-2.89084e-05	0.000786785	-2.106	0.000639085	-3.35576e-05	0.000639979	-3.0	-1.668594e-11
0.15	75			3.20303e-05	-3.72158e-06	3.22463e-05	-6.624	0.000182302	-7.45062e-07	0.000182302	-0.228	0.000800375	-2.98024e-05	0.000800971	-2.13	0.000648919	-3.42133e-05	0.000649814	-3.018	-1.626712e-11
0.152	76			3.32186e-05	-3.67688e-06	3.34235e-05	-6.306	0.000195117	-4.17234e-07	0.000195117	-0.12	0.00081617	-2.99216e-05	0.000816707	-2.1	0.000655357	-3.5167e-05	0.000656251	-3.066	-1.702103e-11
0.154	77			3.1438e-05	-3.97119e-06	3.16876e-05	-7.194	0.000184984	1.78815e-07	0.000184984	0.054	0.000818793	-2.91468e-05	0.000819329	-2.034	0.000665013	-3.62399e-05	0.000666026	-3.114	-1.434059e-11
0.156	78			2.98285e-05	-4.29156e-06	3.01377e-05	-8.184	0.000195713	-1.75834e-06	0.000195713	-0.51	0.000838403	-3.11735e-05	0.000838939	-2.13	0.000672225	-3.54054e-05	0.000673179	-3.012	-1.852878e-11
0.158	79			3.10356e-05	-3.59119e-06	3.12442e-05	-6.6	0.000200183	-1.34111e-06	0.000200183	-0.378	0.000849072	-3.14119e-05	0.000849668	-2.118	0.000678185	-3.5465e-05	0.000679139	-2.994	-1.693725e-11
0.16	80			2.26871e-05	-3.83708e-06	2.30112e-05	-9.6	0.000189991	-3.87432e-07	0.000189991	-0.108	0.000857774	-3.05774e-05	0.000858311	-2.04	0.000690524	-3.67763e-05	0.000691477	-3.048	-1.924078e-11
0.162	81			3.01079e-05	-4.02334e-06	3.03724e-05	-7.614	0.000209511	-1.93717e-06	0.000209511	-0.522	0.000870947	-3.24848e-05	0.000871543	-2.136	0.000690881	-3.65379e-05	0.000691835	-3.024	-1.764923e-11
0.164	82			2.15286e-05	-3.12926e-06	2.17521e-05	-8.262	0.000192226	-1.2219e-06	0.000192226	-0.354	0.000880782	-3.32e-05	0.000881437	-2.154	0.000708584	-3.70743e-05	0.000709537	-2.994	-2.401527e-11
0.166	83			2.27505e-05	-4.80565e-06	2.32497e-05	-11.922	0.000210852	-1.01329e-06	0.000210852	-0.27	0.000897292	-3.2902e-05	0.000897888	-2.1	0.000710133	-3.81472e-05	0.000711206	-3.072	-2.02459e-11
0.168	84			2.50676e-05	-4.80193e-06	2.55221e-05	-10.842	0.000208319	-1.1325e-06	0.000208319	-0.306	0.000903968	-3.3498e-05	0.000904564	-2.118	0.000719789	-3.85048e-05	0.000720803	-3.06	-1.857065e-11
0.17	85			1.58848e-05	-4.1202e-06	1.641e-05	-14.538	0.000199796	-8.34469e-07	0.000199796	-0.234	0.000914697	-3.31404e-05	0.000915293	-2.076	0.000731234	-3.87433e-05	0.000732306	-3.03	-1.785867e-11
0.172	86			2.48329e-05	-4.41077e-06	2.52241e-05	-10.068	0.000219674	-9.23876e-07	0.000219674	-0.234	0.000926975	-3.42133e-05	0.000927571	-2.106	0.000731651	-3.88029e-05	0.000732664	-3.03	-2.288447e-11
0.174	87			2.34061e-05	-4.12765e-06	2.37637e-05	-9.996	0.000212342	-1.40072e-06	0.000212342	-0.372	0.000941399	-3.46901e-05	0.000942115	-2.106	0.000750784	-4.01142e-05	0.000751857	-3.06	-2.150239e-11
0.176	88			1.59034e-05	-3.76628e-06	1.6343e-05	-13.308	0.000216127	-1.40072e-06	0.000216127	-0.366	0.000952248	-3.52862e-05	0.000952963	-2.118	0.000753585	-3.93393e-05	0.000754599	-2.988	-1.898945e-11
0.178	89			2.9985e-05	-3.20004e-06	3.01526e-05	-6.084	0.000224055	-1.87755e-06	0.000224055	-0.474	0.000952724	-3.5763e-05	0.00095332	-2.142	0.000759248	-3.99353e-05	0.000760321	-3.006	-2.074851e-11
0.18	90			2.47658e-05	-3.66943e-06	2.50378e-05	-8.418	0.000216425	-1.1623e-06	0.000216425	-0.306	0.000971798	-3.5763e-05	0.000972394	-2.106	0.000778917	-4.09486e-05	0.00077999	-3.006	-1.894756e-11
0.182	91			1.65516e-05	-4.3996e-06	1.71253e-05	-14.874	0.000238956	-2.62262e-06	0.000238986	-0.63	0.000999577	-3.69551e-05	0.00100029	-2.112	0.000777964	-4.10678e-05	0.000779036	-3.018	-1.639279e-11
0.184	92			3.62175e-05	-4.64174e-06	3.65118e-05	-7.302	0.000244172	-2.02657e-06	0.000244172	-0.474	0.000995882	-3.63591e-05	0.000996597	-2.082	0.000787321	-4.17831e-05	0.000788394	-3.036	-1.89057e-11
0.186	93			3.05439e-05	-3.90413e-06	3.07935e-05	-7.284	0.000215084	-1.51993e-06	0.000215084	-0.402	0.000992902	-3.68359e-05	0.000993617	-2.124	0.000806335	-4.20215e-05	0.000807408	-2.982	-1.76911e-11
0.188	94			2.06531e-05	-4.51881e-06	2.11411e-05	-12.336	0.00023228	-1.49012e-06	0.00023228	-0.366	0.00101853	-3.8028e-05	0.00101925	-2.136	0.000806574	-4.32136e-05	0.000807706	-3.066	-2.217252e-11
0.19	95			4.07437e-05	-5.4017e-06	4.11014e-05	-7.548	0.000280472	-3.24847e-06	0.000280501	-0.66	0.00105584	-3.95777e-05	0.00105656	-2.142	0.000815514	-4.33328e-05	0.000816707	-3.042	-1.886382e-11
0.192	96			3.75549e-05	-4.15e-06	3.77821e-05	-6.306	0.000252219	-2.77163e-06	0.000252249	-0.63	0.00104726	-3.92201e-05	0.00104798	-2.142	0.00083131	-4.375e-05	0.000832442	-3.012	-2.233999e-11
0.194	97			2.66285e-05	-4.16863e-06	2.69489e-05	-8.892	0.000227601	-1.10269e-06	0.000227601	-0.276	0.00103725	-3.87433e-05	0.00103796	-2.136	0.000837628	-4.45845e-05	0.00083882	-3.042	-1.957581e-11
0.196	98			4.50055e-05	-5.13348e-06	4.5296e-05	-6.504	0.000252577	-1.99677e-06	0.000252577	-0.45	0.00105131	-3.89817e-05	0.00105203	-2.118	0.000843707	-4.47037e-05	0.00084484	-3.03	-1.421489e-11
0.198	99			4.88462e-05	-4.95467e-06	4.90958e-05	-5.79	0.000285598	-3.45708e-06	0.000285627	-0.69	0.00109387	-4.11274e-05	0.00109471	-2.148	0.000855211	-4.52998e-05	0.000856403	-3.03	-1.40474e-11
0.2	100			3.7458e-05	-4.7535e-06	3.77561e-05	-7.224	0.000284733	-2.50341e-06	0.000284763	-0.504	0.00111712	-4.13659e-05	0.00111783	-2.118	0.000868622	-4.6313e-05	0.000869874	-3.048	-1.844499e-11
0.202	101			3.94436e-05	-5.83383e-06	3.9872e-05	-8.412	0.000271292	-2.71203e-06	0.000271292	-0.57	0.00110198	-4.11274e-05	0.00110269	-2.136	0.000871304	-4.62534e-05	0.000872497	-3.036	-1.848689e-11
0.204	102			4.95876e-05	-4.96584e-06	4.98334e-05	-5.718	0.000262262	-2.59282e-06	0.000262262	-0.564	0.00109089	-4.16043e-05	0.00109173	-2.184	0.000878755	-4.64323e-05	0.000880007	-3.024	-1.836124e-11
0.206	103			4.91927e-05	-5.20798e-06	4.94646e-05	-6.042	0.000263812	-2.20539e-06	0.000263812	-0.474	0.00110377	-4.10082e-05	0.00110448	-2.124	0.000887338	-4.69091e-05	0.00088853	-3.024	-2.401532e-11
0.208	104			4.22376e-05	-5.01427e-06	4.25319e-05	-6.768	0.000292363	-3.03985e-06	0.000292363	-0.594	0.0011536	-4.32732e-05	0.00115431	-2.142	0.000904802	-4.85184e-05	0.000905994	-3.066	-2.066473e-11
0.21	105			4.112e-05	-5.18191e-06	4.14441e-05	-7.182	0.000315668	-4.05314e-06	0.000315698	-0.732	0.00118423	-4.48229e-05	0.00118519	-2.16	0.000908975	-4.80416e-05	0.000910286	-3.024	-1.819369e-11
0.212	106			4.1187e-05	-5.02172e-06	4.14888e-05	-6.948	0.000306668	-3.01005e-06	0.000306698	-0.558	0.00117505	-4.36308e-05	0.00117577	-2.124	0.000910882	-4.85184e-05	0.000912193	-3.048	-1.819368e-11
0.214	107			4.78181e-05	-5.27504e-06	4.81086e-05	-6.294	0.000280799	-3.36768e-06	0.000280799	-0.684	0.00114907	-4.32732e-05	0.00114978	-2.154	0.000916246	-4.83992e-05	0.000917438	-3.018	-1.635092e-11
0.216	108			4.71885e-05	-5.62149e-06	4.75238e-05	-6.792	0.000270488	-2.53321e-06	0.000270518	-0.534	0.00115813	-4.45845e-05	0.00115896	-2.202	0.000933174	-4.85184e-05	0.000934366	-2.97	-1.882194e-11
0.218	109			3.18552e-05	-5.02917e-06	3.22463e-05	-8.964	0.000272812	-2.86104e-06	0.000272842	-0.6	0.00118674	-4.43461e-05	0.00118757	-2.136	0.000944022	-4.98297e-05	0.000945333	-3.018	-2.30101e-11
0.22	110			2.75114e-05	-4.33999e-06	2.78504e-05	-8.958	0.000320258	-4.85781e-06	0.000320287	-0.87	0.00123561	-4.69687e-05	0.00123657	-2.172	0.000944618	-4.94721e-05	0.000945929	-2.994	-2.087412e-11
0.222	111			4.04979e-05	-5.95304e-06	4.093e-05	-8.358	0.000350686	-4.97702e-06	0.000350716	-0.81	0.00125433	-4.66111e-05	0.00125516	-2.124	0.000945333	-5.04258e-05	0.000946645	-3.054	-1.67697e-11
0.224	112			4.64732e-05	-6.6385e-06	4.69426e-05	-8.124	0.000324728	-4.26176e-06	0.000324758	-0.75	0.00124217	-4.74455e-05	0.00124312	-2.184	0.000961903	-5.20947e-05	0.000963334	-3.096	-1.911511e-11
0.226	113			2.70793e-05	-4.15373e-06	2.73922e-05	-8.718	0.000266524	-1.93717e-06	0.000266524	-0.414	0.00121821	-4.61342e-05	0.00121904	-2.166	0.000978597	-5.23331e-05	0.000979908	-3.06	-1.555515e-11
0.228	114			1.40183e-05	-3.88551e-06	1.45436e-05	-15.48	0.000261964	-2.74183e-06	0.000261964	-0.6	0.00122906	-4.69687e-05	0.00122989	-2.184	0.000980861	-5.14986e-05	0.000982173	-3.0	-2.129297e-11
0.23	115			2.30373e-05	-3.45336e-06	2.32944e-05	-8.526	0.000295343	-3.06965e-06	0.000295373	-0.594	0.00125111	-4.78032e-05	0.00125206	-2.19	0.000979789	-5.09026e-05	0.0009811	-2.97	-1.605772e-11
0.232	116			3.47907e-05	-5.54326e-06	3.52266e-05	-9.048	0.000339182	-4.67899e-06	0.000339212	-0.786	0.00128866	-4.86376e-05	0.00128961	-2.154	0.000983246	-5.25715e-05	0.000984676	-3.06	-1.80681e-11
0.234	117			3.32261e-05	-5.59542e-06	3.36918e-05	-9.558	0.000348808	-4.26176e-06	0.000348838	-0.696	0.00132335	-5.03066e-05	0.0013243	-2.172	0.0010047	-5.32868e-05	0.00100613	-3.03	-1.484315e-11
0.236	118			1.46591e-05	-5.17446e-06	1.55458e-05	-19.434	0.000319453	-3.33787e-06	0.000319483	-0.6	0.00132538	-4.97105e-05	0.00132633	-2.142	0.00101984	-5.38828e-05	0.00102127	-3.018	-1.601588e-11
0.238	119			5.49297e-06	-4.64919e-06	7.19543e-06	-40.23	0.000294806	-1.87755e-06	0.000294806	-0.36	0.00130714	-4.91145e-05	0.00130809	-2.148	0.00101913	-5.44789e-05	0.00102056	-3.06	-2.062281e-11
0.24	120			1.36272e-05	-4.54675e-06	1.43648e-05	-18.45	0.000295343	-1.96697e-06	0.000295343	-0.378	0.00129736	-4.8876e-05	0.00129832	-2.154	0.00101746	-5.48365e-05	0.00101889	-3.078	-1.924078e-11
0.242	121			2.60064e-05	-4.7833e-06	2.64422e-05	-10.422	0.000316592	-3.99354e-06	0.000316622	-0.72	0.00131238	-5.01873e-05	0.00131334	-2.184	0.00102104	-5.37636e-05	0.00102247	-3.006	-1.718855e-11
0.244	122			2.57735e-05	-4.62498e-06	2.61852e-05	-10.17	0.000305476	-2.3246e-06	0.000305505	-0.432	0.00132108	-5.00681e-05	0.00132204	-2.166	0.00104011	-5.50749e-05	0.00104154	-3.03	-1.894756e-11
0.246	123			1.50391e-05	-4.58214e-06	1.57208e-05	-16.944	0.000307592	-2.71203e-06	0.000307592	-0.498	0.00135422	-5.17371e-05	0.0013553	-2.184	0.00105942	-5.60286e-05	0.00106097	-3.024	-1.563891e-11
0.248	124			4.05314e-06	-4.51322e-06	6.0648e-06	-48.054	0.000336619	-3.06965e-06	0.000336649	-0.522	0.00139404	-5.30484e-05	0.00139499	-2.172	0.00106204	-5.72207e-05	0.00106359	-3.084	-1.337729e-11
0.25	125			5.05711e-06	-4.54675e-06	6.80055e-06	-41.952	0.000357093	-3.75511e-06	0.000357093	-0.6	0.00141156	-5.31676e-05	0.00141252	-2.154	0.00106037	-5.61478e-05	0.00106192	-3.024	-1.827746e-11
0.252	126			1.46628e-05	-4.75164e-06	1.54135e-05	-17.946	0.0003652	-4.47038e-06	0.000365259	-0.702	0.0014093	-5.3406e-05	0.00141037	-2.172	0.00106061	-5.67439e-05	0.00106216	-3.06	-1.450808e-11
0.254	127			2.29852e-05	-5.97353e-06	2.37488e-05	-14.568	0.000349971	-4.55978e-06	0.00035	-0.744	0.00139893	-5.28099e-05	0.00139988	-2.16	0.0010717	-5.69823e-05	0.00107325	-3.036	-2.079039e-11
0.256	128			2.16273e-05	-5.36258e-06	2.22811e-05	-13.92	0.000321122	-3.78491e-06	0.000321122	-0.672	0.00139392	-5.31676e-05	0.00139488	-2.178	0.00109292	-5.76975e-05	0.00109447	-3.018	-1.274905e-11
0.258	129			1.08947e-05	-4.3046e-06	1.17142e-05	-21.552	0.000294836	-1.81795e-06	0.000294836	-0.354	0.00139094	-5.32868e-05	0.00139201	-2.19	0.00110806	-5.90088e-05	0.00110961	-3.042	-1.618339e-11
0.26	130			2.87035e-06	-4.77399e-06	5.56934e-06	-58.968	0.000293376	-2.50341e-06	0.000293406	-0.486	0.00139797	-5.36444e-05	0.00139905	-2.196	0.00110818	-5.86512e-05	0.00110973	-3.024	-1.614147e-11
0.262	131			4.53557e-06	-3.31925e-06	5.62056e-06	-36.192	0.000336917	-4.17235e-06	0.000336947	-0.708	0.00143886	-5.53133e-05	0.00143994	-2.196	0.00110651	-5.79359e-05	0.00110806	-2.994	-1.965954e-11
0.264	132			1.29194e-05	-3.99633e-06	1.35229e-05	-17.184	0.000393631	-5.33464e-06	0.000393691	-0.774	0.00148702	-5.61478e-05	0.0014881	-2.16	0.00110663	-5.92472e-05	0.00110818	-3.06	-2.129294e-11
0.266	133			2.7204e-05	-4.65478e-06	2.75989e-05	-9.708	0.000411185	-6.22871e-06	0.000411244	-0.864	0.00150681	-5.79359e-05	0.001508	-2.202	0.00112141	-5.98433e-05	0.00112296	-3.054	-2.016221e-11
0.268	134			2.54755e-05	-6.10764e-06	2.61964e-05	-13.482	0.000391873	-6.10951e-06	0.000391932	-0.888	0.00151182	-5.73399e-05	0.00151289	-2.172	0.00114537	-6.10356e-05	0.00114704	-3.048	-1.714666e-11
0.27	135			1.51862e-05	-6.25479e-06	1.64249e-05	-22.386	0.000375899	-4.7088e-06	0.000375958	-0.714	0.00151897	-5.81744e-05	0.00152016	-2.19	0.00115729	-6.27046e-05	0.00115896	-3.096	-1.790052e-11
0.272	136			4.63056e-06	-5.24338e-06	6.99612e-06	-48.546	0.000352742	-3.6955e-06	0.000352772	-0.594	0.0015055	-5.79359e-05	0.00150657	-2.202	0.0011592	-6.22277e-05	0.00116075	-3.072	-1.861251e-11
0.274	137			2.5239e-06	-4.72556e-06	5.35513e-06	-61.878	0.000332834	-2.92064e-06	0.000332834	-0.504	0.00148571	-5.66246e-05	0.00148679	-2.178	0.00115765	-6.16317e-05	0.00115932	-3.042	-1.605771e-11
0.276	138			1.02446e-05	-4.89879e-06	1.13547e-05	-25.548	0.000338407	-4.05314e-06	0.000338437	-0.684	0.00148381	-5.71015e-05	0.00148488	-2.196	0.00115646	-6.13932e-05	0.00115813	-3.036	-2.179552e-11
0.278	139			2.82918e-05	-5.75933e-06	2.88711e-05	-11.502	0.000358971	-4.7982e-06	0.000359001	-0.762	0.00149728	-5.66246e-05	0.00149835	-2.16	0.00116623	-6.18701e-05	0.0011679	-3.036	-2.401525e-11
0.28	140			4.37594e-05	-6.50811e-06	4.42399e-05	-8.46	0.00037864	-4.7684e-06	0.00037867	-0.72	0.00153375	-5.88896e-05	0.00153495	-2.196	0.0011958	-6.37774e-05	0.00119746	-3.048	-2.141859e-11
0.282	141			3.43903e-05	-6.52488e-06	3.50031e-05	-10.746	0.000405671	-5.12603e-06	0.000405701	-0.72	0.00158263	-6.02009e-05	0.0015837	-2.178	0.00121034	-6.49695e-05	0.00121213	-3.072	-1.798427e-11
0.284	142			2.05917e-05	-6.01637e-06	2.14522e-05	-16.284	0.000412436	-6.31812e-06	0.000412466	-0.876	0.00160981	-6.17509e-05	0.001611	-2.196	0.00121737	-6.44927e-05	0.00121904	-3.03	-2.079035e-11
0.286	143			8.09884e-06	-5.61777e-06	9.85531e-06	-34.74	0.00041333	-5.18563e-06	0.00041339	-0.714	0.00162245	-6.23469e-05	0.00162364	-2.196	0.00121856	-6.56848e-05	0.00122023	-3.084	-2.020404e-11
0.288	144			3.08083e-06	-4.81497e-06	5.71462e-06	-57.372	0.000427933	-6.43733e-06	0.000427963	-0.858	0.00163675	-6.25853e-05	0.00163794	-2.19	0.00121237	-6.44927e-05	0.00121403	-3.042	-1.689533e-11
0.29	145			1.34707e-05	-5.56561e-06	1.45753e-05	-22.446	0.000449153	-7.80827e-06	0.000449212	-0.996	0.00164855	-6.33006e-05	0.00164974	-2.196	0.00121332	-6.52079e-05	0.00121499	-3.078	-1.861253e-11
0.292	146			4.00024e-05	-6.87133e-06	4.05873e-05	-9.744	0.000436099	-6.67575e-06	0.000436129	-0.876	0.00162531	-6.25853e-05	0.0016265	-2.202	0.00122846	-6.60424e-05	0.00123025	-3.072	-1.697912e-11
0.294	147			6.16056e-05	-7.65926e-06	6.20787e-05	-7.086	0.000394108	-5.81148e-06	0.000394167	-0.846	0.00159467	-6.23469e-05	0.00159586	-2.238	0.00126124	-6.79498e-05	0.00126303	-3.078	-2.288446e-11
0.296	148			5.56412e-05	-6.82476e-06	5.60584e-05	-6.99	0.0003576	-4.50018e-06	0.00035763	-0.72	0.00158001	-6.1274e-05	0.0015812	-2.22	0.00127757	-6.71153e-05	0.00127924	-3.006	-2.192121e-11
0.298	149			3.88885e-05	-6.95515e-06	3.95069e-05	-10.134	0.000354381	-4.11275e-06	0.000354411	-0.666	0.00159491	-6.10356e-05	0.0015961	-2.19	0.00128055	-6.73537e-05	0.00128222	-3.006	-1.919883e-11
0.3	150			2.38271e-05	-5.88599e-06	2.45423e-05	-13.866	0.000357451	-3.87433e-06	0.000357451	-0.618	0.00162042	-6.33006e-05	0.00162161	-2.232	0.00128663	-6.89034e-05	0.00128854	-3.066	-1.454997e-11
0.302	151			1.12877e-05	-5.65875e-06	1.26251e-05	-26.61	0.000406446	-4.94721e-06	0.000406506	-0.696	0.00167752	-6.41351e-05	0.00167871	-2.184	0.00128306	-6.90226e-05	0.00128485	-3.078	-2.032968e-11
0.304	152			9.79012e-06	-5.73698e-06	1.13473e-05	-30.36	0.000444146	-6.22871e-06	0.000444205	-0.804	0.00171006	-6.62808e-05	0.00171138	-2.214	0.0012765	-6.8069e-05	0.00127829	-3.054	-2.17118e-11
0.306	153			3.39823e-05	-6.66085e-06	3.46305e-05	-11.088	0.000493471	-9.11957e-06	0.00049353	-1.05	0.00174511	-6.78306e-05	0.00174654	-2.226	0.00128425	-6.8665e-05	0.00128616	-3.06	-2.032965e-11
0.308	154			7.22748e-05	-8.8588e-06	7.2815e-05	-6.984	0.000516359	-9.35799e-06	0.000516478	-1.032	0.00176526	-6.89034e-05	0.00176669	-2.232	0.00131822	-7.11684e-05	0.00132013	-3.09	-1.785864e-11
0.31	155			8.01538e-05	-8.39686e-06	8.05934e-05	-5.982	0.000519935	-9.5368e-06	0.000520054	-1.05	0.00178314	-6.96187e-05	0.00178445	-2.232	0.00134362	-7.23605e-05	0.00134564	-3.084	-1.915699e-11
0.312	156			6.96783e-05	-8.61293e-06	7.02073e-05	-7.044	0.000512544	-9.59641e-06	0.000512663	-1.068	0.00179411	-6.94995e-05	0.00179554	-2.214	0.0013516	-7.24797e-05	0.00135351	-3.066	-2.079038e-11
0.314	157			5.28733e-05	-9.03761e-06	5.36407e-05	-9.696	0.000475051	-7.39101e-06	0.00047511	-0.888	0.00177205	-6.87842e-05	0.00177348	-2.22	0.0013522	-7.29566e-05	0.00135411	-3.084	-2.460159e-11
0.316	158			3.58487e-05	-7.42453e-06	3.66087e-05	-11.7	0.000424685	-5.48366e-06	0.000424745	-0.732	0.00174094	-6.68769e-05	0.00174225	-2.196	0.00135303	-7.28373e-05	0.00135494	-3.078	-1.622525e-11
0.318	159			2.55742e-05	-6.79123e-06	2.64609e-05	-14.868	0.000380697	-4.94721e-06	0.000380756	-0.744	0.00171245	-6.68769e-05	0.00171388	-2.238	0.00135923	-7.29566e-05	0.00136114	-3.072	-1.89476e-11
0.32	160			2.21395e-05	-6.30322e-06	2.30224e-05	-15.882	0.000374438	-4.29156e-06	0.000374498	-0.648	0.00170708	-6.61616e-05	0.0017084	-2.214	0.00135709	-7.20029e-05	0.00135911	-3.036	-1.69791e-11
0.322	161			3.78604e-05	-6.09088e-06	3.83484e-05	-9.138	0.000405611	-5.54326e-06	0.000405671	-0.78	0.00172389	-6.74729e-05	0.0017252	-2.238	0.00135721	-7.22413e-05	0.00135911	-3.042	-2.158615e-11
0.324	162			6.96448e-05	-9.18662e-06	7.02483e-05	-7.512	0.000435891	-6.73535e-06	0.00043595	-0.882	0.00175107	-6.77113e-05	0.00175238	-2.214	0.00138295	-7.36718e-05	0.00138498	-3.048	-2.514611e-11
0.326	163			7.96025e-05	-9.47347e-06	8.0165e-05	-6.786	0.000473859	-7.2718e-06	0.000473918	-0.876	0.00180889	-7.03339e-05	0.00181032	-2.22	0.00141049	-7.59368e-05	0.00141264	-3.078	-1.593204e-11
0.328	164			7.5337e-05	-9.25368e-06	7.59033e-05	-7.002	0.00050861	-8.70234e-06	0.00050867	-0.978	0.00185133	-7.20029e-05	0.00185252	-2.22	0.0014186	-7.59368e-05	0.00142062	-3.066	-2.120919e-11
0.33	165			7.27293e-05	-8.73959e-06	7.32508e-05	-6.852	0.000540558	-9.5368e-06	0.000540618	-1.008	0.00188971	-7.3195e-05	0.00189091	-2.214	0.00142134	-7.71289e-05	0.00142349	-3.102	-1.810993e-11
0.332	166			6.46417e-05	-8.65763e-06	6.52154e-05	-7.626	0.000547353	-1.03713e-05	0.000547413	-1.086	0.00191403	-7.48639e-05	0.00191546	-2.238	0.00143016	-7.74865e-05	0.00143231	-3.096	-2.125109e-11
0.334	167			5.55033e-05	-8.23668e-06	5.61106e-05	-8.442	0.000548009	-1.02521e-05	0.000548128	-1.068	0.00192881	-7.53407e-05	0.00193024	-2.238	0.00143588	-7.70097e-05	0.00143791	-3.066	-1.873813e-11
0.336	168			4.73859e-05	-7.69278e-06	4.8008e-05	-9.216	0.000546996	-9.71562e-06	0.000547055	-1.014	0.0019424	-7.53407e-05	0.00194383	-2.214	0.00144268	-7.74865e-05	0.00144482	-3.072	-1.739792e-11
0.338	169			4.29864e-05	-6.95142e-06	4.35414e-05	-9.186	0.00054026	-8.88115e-06	0.00054032	-0.942	0.0019455	-7.51023e-05	0.00194717	-2.208	0.00144923	-7.80826e-05	0.00145126	-3.078	-2.079039e-11
0.34	170			4.81906e-05	-8.78057e-06	4.89841e-05	-10.326	0.000536386	-9.5368e-06	0.000536446	-1.02	0.00193525	-7.48639e-05	0.00193668	-2.208	0.001449	-7.86786e-05	0.00145114	-3.108	-1.785866e-11
0.342	171			6.08528e-05	-9.52935e-06	6.15907e-05	-8.898	0.000510994	-8.64273e-06	0.000511054	-0.966	0.00191236	-7.51023e-05	0.00191403	-2.244	0.00146247	-8.04667e-05	0.00146461	-3.15	-2.007836e-11
0.344	172			5.94596e-05	-1.00844e-05	6.0309e-05	-9.624	0.00046158	-6.61614e-06	0.00046164	-0.822	0.00188494	-7.27181e-05	0.00188638	-2.208	0.00148237	-8.05859e-05	0.00148464	-3.108	-2.137671e-11
0.346	173			5.58684e-05	-8.83645e-06	5.65613e-05	-8.988	0.000441911	-6.13931e-06	0.00044197	-0.792	0.0018828	-7.39102e-05	0.00188423	-2.244	0.00149775	-8.04667e-05	0.0014999	-3.072	-2.30939e-11
0.348	174			4.95242e-05	-8.29255e-06	5.02134e-05	-9.504	0.000426831	-5.60287e-06	0.000426831	-0.75	0.0018735	-7.39102e-05	0.00187493	-2.256	0.00149906	-8.07052e-05	0.00150121	-3.078	-1.681159e-11
0.35	175			4.88239e-05	-8.26648e-06	4.95168e-05	-9.606	0.00043142	-5.90089e-06	0.00043142	-0.78	0.00187875	-7.3195e-05	0.00188018	-2.226	0.00149787	-7.90362e-05	0.0014999	-3.018	-2.007839e-11
0.352	176			5.60584e-05	-7.97963e-06	5.66209e-05	-8.094	0.000450494	-6.0201e-06	0.000450553	-0.762	0.00189758	-7.43871e-05	0.00189901	-2.238	0.00150431	-8.09436e-05	0.00150657	-3.078	-1.798429e-11
0.354	177			6.22948e-05	-8.62783e-06	6.28908e-05	-7.884	0.000485899	-6.85456e-06	0.000485959	-0.804	0.00194407	-7.6056e-05	0.0019455	-2.232	0.0015185	-8.18972e-05	0.00152064	-3.084	-1.417301e-11
0.356	178			6.48838e-05	-9.17172e-06	6.55246e-05	-8.046	0.000543062	-1.00732e-05	0.000543121	-1.056	0.00200655	-7.8917e-05	0.00200821	-2.25	0.00152839	-8.24933e-05	0.00153054	-3.09	-1.802615e-11
0.358	179			6.73686e-05	-8.5645e-06	6.79125e-05	-7.242	0.000574414	-9.4772e-06	0.000574473	-0.942	0.00205018	-8.10628e-05	0.00205185	-2.262	0.00154234	-8.4043e-05	0.0015446	-3.114	-2.246561e-11
0.36	180			6.6441e-05	-8.82155e-06	6.70259e-05	-7.56	0.000594143	-1.07289e-05	0.000594262	-1.032	0.00207926	-8.22549e-05	0.00208093	-2.262	0.00155187	-8.51159e-05	0.00155414	-3.138	-1.660217e-11
0.362	181			6.60871e-05	-9.23133e-06	6.67241e-05	-7.95	0.00060964	-1.2517e-05	0.000609759	-1.176	0.00210215	-8.3447e-05	0.00210382	-2.268	0.00155879	-8.53543e-05	0.00156117	-3.132	-2.179556e-11
0.364	182			5.48663e-05	-8.12119e-06	5.54624e-05	-8.418	0.000599924	-1.16826e-05	0.000599984	-1.11	0.00211574	-8.36854e-05	0.00211741	-2.262	0.00157083	-8.49967e-05	0.00157309	-3.096	-1.936641e-11
0.366	183			3.57667e-05	-7.92003e-06	3.66347e-05	-12.48	0.000569765	-9.11957e-06	0.000569824	-0.912	0.00211908	-8.3447e-05	0.00212075	-2.25	0.00158406	-8.66656e-05	0.00158656	-3.132	-2.016214e-11
0.368	184			1.91444e-05	-8.50117e-06	2.09474e-05	-23.94	0.000546698	-8.88115e-06	0.000546757	-0.93	0.00211836	-8.3447e-05	0.00212003	-2.25	0.00159229	-8.66656e-05	0.00159455	-3.114	-1.794242e-11
0.37	185			1.53893e-05	-7.33513e-06	1.70433e-05	-25.476	0.0005433	-9.71562e-06	0.00054336	-1.02	0.0021167	-8.36854e-05	0.00211836	-2.256	0.00159121	-8.60696e-05	0.0015936	-3.096	-2.053908e-11
0.372	186			2.6785e-05	-7.77474e-06	2.78914e-05	-16.182	0.000546817	-9.11957e-06	0.000546876	-0.954	0.0021074	-8.24933e-05	0.00210907	-2.238	0.00158942	-8.6904e-05	0.00159181	-3.126	-1.91989e-11
0.374	187			3.30994e-05	-8.08394e-06	3.40717e-05	-13.722	0.000532035	-8.64273e-06	0.000532094	-0.93	0.00208546	-8.15396e-05	0.00208713	-2.238	0.00158919	-8.6308e-05	0.00159157	-3.108	-2.062286e-11
0.376	188			3.90711e-05	-8.89233e-06	4.00695e-05	-12.816	0.000525001	-8.2255e-06	0.000525061	-0.894	0.00207831	-8.20165e-05	0.00207998	-2.256	0.00159348	-8.71425e-05	0.00159586	-3.126	-1.773299e-11
0.378	189			5.33278e-05	-8.40059e-06	5.39834e-05	-8.952	0.000522438	-9.05996e-06	0.000522498	-0.99	0.00207998	-8.20165e-05	0.00208165	-2.25	0.00161041	-8.72617e-05	0.00161279	-3.102	-2.141866e-11
0.38	190			6.63889e-05	-9.90561e-06	6.71227e-05	-8.484	0.000521425	-8.64273e-06	0.000521485	-0.948	0.00208212	-8.22549e-05	0.00208379	-2.262	0.00162769	-8.79769e-05	0.00163008	-3.09	-1.710478e-11
0.382	191			7.09523e-05	-1.0293e-05	7.16937e-05	-8.256	0.000507597	-8.70234e-06	0.000507656	-0.984	0.00207664	-8.20165e-05	0.00207831	-2.256	0.00164033	-8.82153e-05	0.00164271	-3.078	-1.7733e-11
0.384	192			6.51074e-05	-1.05575e-05	6.59605e-05	-9.21	0.000481846	-7.03338e-06	0.000481905	-0.834	0.00207426	-8.22549e-05	0.00207593	-2.268	0.0016563	-8.96459e-05	0.00165869	-3.096	-2.074852e-11
0.386	193			5.34581e-05	-9.22015e-06	5.42479e-05	-9.786	0.000479044	-7.45061e-06	0.000479104	-0.888	0.00209238	-8.32085e-05	0.00209381	-2.274	0.00166798	-8.96459e-05	0.00167049	-3.072	-2.154423e-11
0.388	194			4.37985e-05	-8.68744e-06	4.46516e-05	-11.214	0.000502888	-6.61614e-06	0.000502948	-0.75	0.00213267	-8.41622e-05	0.00213434	-2.262	0.00167394	-9.02419e-05	0.00167633	-3.084	-1.57227e-11
0.39	195			3.09052e-05	-7.75611e-06	3.18626e-05	-14.082	0.000543538	-8.52352e-06	0.000543598	-0.894	0.00219776	-8.70232e-05	0.00219943	-2.262	0.00168479	-9.13148e-05	0.0016873	-3.102	-1.936641e-11
0.392	196			1.50838e-05	-7.41336e-06	1.68086e-05	-26.172	0.000568394	-7.86787e-06	0.000568453	-0.792	0.0022483	-8.89306e-05	0.00225021	-2.262	0.00169528	-9.31029e-05	0.00169779	-3.144	-1.559701e-11
0.394	197			3.79795e-06	-6.21568e-06	7.28297e-06	-58.566	0.000583891	-9.00036e-06	0.00058395	-0.882	0.00227524	-9.03611e-05	0.00227715	-2.274	0.00169671	-9.23877e-05	0.00169934	-3.114	-1.530385e-11
0.396	198			-2.1048e-07	-6.30136e-06	6.30136e-06	-91.908	0.000599328	-9.95403e-06	0.000599388	-0.948	0.0022936	-9.05995e-05	0.00229551	-2.262	0.00169481	-9.203e-05	0.00169719	-3.108	-2.129298e-11
0.398	199			2.46988e-06	-7.27925e-06	7.68533e-06	-71.256	0.000615004	-1.05501e-05	0.000615124	-0.984	0.00230528	-9.03611e-05	0.00230719	-2.244	0.00169504	-9.21492e-05	0.00169755	-3.108	-2.267507e-11
0.4	200			8.52725e-06	-7.36493e-06	1.12672e-05	-40.812	0.000631217	-1.17422e-05	0.000631336	-1.062	0.00231482	-9.15532e-05	0.00231673	-2.256	0.00169528	-9.15532e-05	0.00169767	-3.09	-2.016218e-11
0.402	201			2.6066e-05	-7.91816e-06	2.72413e-05	-16.896	0.000651482	-1.10865e-05	0.000651602	-0.972	0.00231983	-9.17916e-05	0.00232174	-2.262	0.00169624	-9.27453e-05	0.00169874	-3.126	-2.07904e-11
0.404	202			3.77598e-05	-8.46019e-06	3.86967e-05	-12.624	0.000660185	-1.26362e-05	0.000660304	-1.098	0.00232078	-9.203e-05	0.00232269	-2.268	0.0016991	-9.28645e-05	0.0017016	-3.126	-2.00784e-11
0.406	203			4.16229e-05	-7.68906e-06	4.23251e-05	-10.464	0.000640754	-1.1921e-05	0.000640873	-1.062	0.00232364	-9.203e-05	0.00232531	-2.268	0.00172234	-9.39374e-05	0.00172485	-3.12	-1.949204e-11
0.408	204			4.18855e-05	-9.07673e-06	4.28578e-05	-12.228	0.000616912	-1.09673e-05	0.000616971	-1.02	0.00232269	-9.203e-05	0.0023246	-2.268	0.00174857	-9.50103e-05	0.00175119	-3.108	-2.34709e-11
0.41	205			4.42772e-05	-9.59268e-06	4.53035e-05	-12.222	0.0006097	-1.13249e-05	0.000609819	-1.056	0.00232102	-9.203e-05	0.00232269	-2.268	0.00175691	-9.58447e-05	0.00175954	-3.12	-1.467563e-11
0.412	206			4.2381e-05	-1.0185e-05	4.3588e-05	-13.512	0.000594858	-1.04905e-05	0.000594918	-1.008	0.00231768	-9.17916e-05	0.00231935	-2.262	0.00176538	-9.62024e-05	0.001768	-3.114	-1.890569e-11
0.414	207			3.53253e-05	-9.2276e-06	3.65099e-05	-14.64	0.000579003	-8.2851e-06	0.000579063	-0.816	0.0023246	-9.15532e-05	0.0023265	-2.256	0.0017804	-9.73945e-05	0.00178314	-3.132	-1.945019e-11
0.416	208			3.11381e-05	-9.82924e-06	3.26524e-05	-17.514	0.000568751	-1.00732e-05	0.00056887	-1.014	0.00232865	-9.32221e-05	0.00233032	-2.286	0.00179268	-9.77521e-05	0.0017953	-3.12	-1.551327e-11
0.418	209			2.0696e-05	-9.51631e-06	2.27803e-05	-24.69	0.000542108	-8.52352e-06	0.000542168	-0.894	0.00232436	-9.25069e-05	0.00232603	-2.274	0.00180412	-9.87058e-05	0.00180674	-3.132	-1.262337e-11
0.42	210			9.34495e-06	-7.79337e-06	1.21687e-05	-39.822	0.000495497	-6.55654e-06	0.000495557	-0.756	0.00229646	-9.25069e-05	0.00229837	-2.304	0.00181223	-9.87058e-05	0.00181485	-3.114	-1.819373e-11
0.422	211			1.43797e-06	-7.77846e-06	7.90885e-06	-79.524	0.00047815	-5.66247e-06	0.00047821	-0.678	0.00229098	-9.17916e-05	0.00229289	-2.292	0.00181628	-9.87058e-05	0.0018189	-3.108	-2.133481e-11
0.424	212			1.35974e-07	-7.04828e-06	7.04828e-06	-88.89	0.000476541	-5.42405e-06	0.000476601	-0.648	0.0022905	-9.13148e-05	0.00229217	-2.28	0.00181604	-9.87058e-05	0.00181866	-3.108	-2.510421e-11
0.426	213			-8.19568e-07	-7.1768e-06	7.2215e-06	-96.504	0.000485899	-5.96049e-06	0.000485899	-0.702	0.00229932	-9.13148e-05	0.00230099	-2.268	0.00181533	-9.70368e-05	0.00181819	-3.06	-1.907323e-11
0.428	214			-5.14094e-07	-6.6236e-06	6.64222e-06	-94.434	0.000511054	-7.21219e-06	0.000511114	-0.804	0.00232579	-9.3699e-05	0.0023277	-2.304	0.00181556	-9.77521e-05	0.00181819	-3.078	-1.810995e-11
0.43	215			9.31327e-08	-7.47482e-06	7.47296e-06	-89.286	0.000548247	-8.34471e-06	0.000548307	-0.87	0.00236131	-9.46526e-05	0.00236322	-2.292	0.00181533	-9.79905e-05	0.00181795	-3.084	-2.112542e-11
0.432	216			2.43635e-06	-7.67602e-06	8.05227e-06	-72.384	0.000612441	-9.95403e-06	0.000612561	-0.924	0.00242473	-9.79905e-05	0.00242664	-2.31	0.00181556	-9.91826e-05	0.00181819	-3.126	-2.0204e-11
0.434	217			4.57655e-06	-7.46365e-06	8.75449e-06	-58.476	0.000673238	-1.1623e-05	0.000673357	-0.99	0.00248434	-0.000100375	0.00248648	-2.31	0.00181652	-0.000100375	0.00181938	-3.162	-1.467559e-11
0.436	218			9.79943e-06	-7.28483e-06	1.22097e-05	-36.612	0.000709955	-1.42456e-05	0.000710074	-1.146	0.00251986	-0.000101328	0.00252201	-2.298	0.00182129	-9.98979e-05	0.00182391	-3.138	-1.664409e-11
0.438	219			1.79597e-05	-8.72469e-06	1.99658e-05	-25.902	0.000711385	-1.33515e-05	0.000711504	-1.074	0.00254251	-0.00010252	0.00254442	-2.31	0.00184727	-0.000102997	0.00185014	-3.186	-1.802617e-11
0.44	220			2.14019e-05	-9.64111e-06	2.34713e-05	-24.246	0.000695471	-1.29343e-05	0.00069559	-1.062	0.00255348	-0.000103713	0.00255562	-2.322	0.00187851	-0.000104189	0.00188137	-3.174	-2.087417e-11
0.442	221			1.96585e-05	-8.43225e-06	2.13907e-05	-23.214	0.000693146	-1.23382e-05	0.000693206	-1.014	0.00255801	-0.00010252	0.00256015	-2.292	0.00188733	-0.000104189	0.00189019	-3.156	-1.894758e-11
0.444	222			1.94648e-05	-7.99639e-06	2.10424e-05	-22.326	0.000695113	-1.21594e-05	0.000695173	-1.002	0.00256063	-0.000102997	0.00256254	-2.304	0.00188733	-0.000104428	0.00189019	-3.162	-1.505256e-11
0.446	223			2.0709e-05	-8.0709e-06	2.22252e-05	-21.288	0.000683848	-1.26958e-05	0.000683967	-1.062	0.00255944	-0.000103713	0.00256158	-2.316	0.0018983	-0.000103951	0.00190116	-3.132	-2.070663e-11
0.448	224			2.03998e-05	-8.89046e-06	2.22531e-05	-23.544	0.00065494	-9.4772e-06	0.000654999	-0.828	0.00255372	-0.00010252	0.00255562	-2.292	0.00191856	-0.000105858	0.00192142	-3.15	-2.288452e-11
0.45	225			1.65758e-05	-7.93679e-06	1.8377e-05	-25.584	0.000625316	-9.05996e-06	0.000625376	-0.828	0.00254585	-0.000102759	0.00254776	-2.31	0.00193811	-0.000106812	0.00194121	-3.15	-2.032965e-11
0.452	226			8.96311e-06	-8.23481e-06	1.21724e-05	-42.57	0.000602487	-7.86787e-06	0.000602547	-0.75	0.00254299	-0.000101805	0.00254513	-2.286	0.00195027	-0.00010705	0.00195338	-3.138	-1.618337e-11
0.454	227			2.77908e-06	-9.01899e-06	9.43622e-06	-72.87	0.000590924	-8.2255e-06	0.000590984	-0.792	0.00254108	-0.000102044	0.00254299	-2.292	0.00195529	-0.000108004	0.00195839	-3.156	-1.986902e-11
0.456	228			-1.01701e-06	-7.28856e-06	7.35748e-06	-97.938	0.000591163	-8.94075e-06	0.000591222	-0.864	0.00254513	-0.000102044	0.00254728	-2.292	0.00195552	-0.00010705	0.00195839	-3.126	-1.752363e-11
0.458	229			-9.35052e-07	-8.2106e-06	8.26275e-06	-96.486	0.000606541	-8.94075e-06	0.00060666	-0.84	0.00256015	-0.000102282	0.00256206	-2.286	0.00195505	-0.000107289	0.00195791	-3.138	-2.401532e-11
0.46	230			-8.28881e-07	-8.33167e-06	8.37265e-06	-95.676	0.000629548	-1.09673e-05	0.000629667	-0.996	0.00258376	-0.000102997	0.00258566	-2.28	0.00195457	-0.000106335	0.00195743	-3.114	-1.584832e-11
0.462	231			1.50875e-07	-8.17335e-06	8.17335e-06	-88.938	0.000663999	-1.20998e-05	0.000664119	-1.044	0.0026188	-0.000104666	0.00262095	-2.286	0.001956	-0.000106574	0.00195886	-3.114	-2.112548e-11
0.464	232			-8.32606e-07	-8.78802e-06	8.82713e-06	-95.406	0.000674788	-1.28151e-05	0.000674907	-1.086	0.00262882	-0.000104666	0.00263073	-2.28	0.001956	-0.00010705	0.00195886	-3.126	-1.618339e-11
0.466	233			3.91157e-07	-8.88674e-06	8.89419e-06	-87.48	0.000692192	-1.37687e-05	0.000692312	-1.134	0.00264551	-0.000106812	0.00264765	-2.31	0.00195552	-0.00010705	0.00195839	-3.126	-1.584831e-11
0.468	234			2.38234e-06	-9.62807e-06	9.91678e-06	-76.098	0.000675086	-1.34111e-05	0.000675205	-1.134	0.00262477	-0.00010562	0.00262691	-2.304	0.00195576	-0.000108004	0.00195886	-3.156	-1.844497e-11
0.47	235			5.49856e-06	-9.85531e-06	1.12858e-05	-60.834	0.00066388	-1.20402e-05	0.000663999	-1.038	0.00261141	-0.000105143	0.00261356	-2.304	0.00195552	-0.000108004	0.00195862	-3.162	-2.250757e-11
0.472	236			9.93913e-06	-1.03843e-05	1.43741e-05	-46.248	0.000652019	-1.19806e-05	0.000652138	-1.05	0.0025983	-0.000105143	0.00260045	-2.316	0.00195934	-0.000108481	0.0019622	-3.162	-1.630902e-11
0.474	237			1.36886e-05	-9.29838e-06	1.65479e-05	-34.182	0.000645641	-1.28151e-05	0.00064582	-1.134	0.00261332	-0.000106574	0.00261547	-2.334	0.00197984	-0.000109196	0.00198294	-3.156	-1.346104e-11
0.476	238			1.28095e-05	-9.57778e-06	1.59909e-05	-36.78	0.000622693	-1.09673e-05	0.000622753	-1.008	0.00262882	-0.000107527	0.00263096	-2.34	0.00201751	-0.000111342	0.00202061	-3.156	-1.940828e-11
0.478	239			9.4772e-06	-8.01316e-06	1.2409e-05	-40.206	0.000621084	-1.01328e-05	0.000621144	-0.936	0.00264432	-0.000107527	0.00264646	-2.322	0.00203468	-0.000111342	0.00203778	-3.132	-2.179557e-11
0.48	240			6.27901e-06	-7.9759e-06	1.01477e-05	-51.78	0.00062013	-1.06097e-05	0.00062025	-0.978	0.00264837	-0.000108004	0.00265051	-2.328	0.00203754	-0.00011158	0.0020404	-3.132	-2.577436e-11
0.482	241			4.60449e-06	-7.64622e-06	8.92399e-06	-58.938	0.000631098	-1.00732e-05	0.000631157	-0.912	0.00265981	-0.000108004	0.00266196	-2.322	0.00203587	-0.000112057	0.00203897	-3.144	-1.764921e-11
0.484	242			5.7556e-06	-8.53842e-06	1.02968e-05	-56.01	0.000652853	-1.11461e-05	0.000652973	-0.978	0.00268413	-0.000109435	0.00268628	-2.334	0.00203826	-0.00011158	0.00204135	-3.132	-1.756549e-11
0.486	243			8.62783e-06	-8.52725e-06	1.21277e-05	-44.658	0.000676874	-1.04905e-05	0.000676934	-0.882	0.00272252	-0.000110388	0.00272466	-2.322	0.00205447	-0.000113965	0.00205757	-3.174	-2.053909e-11
0.488	244			9.99687e-06	-8.18638e-06	1.29194e-05	-39.306	0.000698689	-1.06097e-05	0.000698749	-0.87	0.00277497	-0.000112534	0.00277735	-2.322	0.00208427	-0.000115633	0.00208737	-3.174	-2.041345e-11
0.49	245			6.16166e-06	-9.18476e-06	1.10604e-05	-56.136	0.000708822	-1.1623e-05	0.000708882	-0.936	0.00280978	-0.000114441	0.00281216	-2.328	0.00210811	-0.000117541	0.00211145	-3.186	-2.028782e-11
0.492	246			3.67501e-06	-8.4099e-06	9.17731e-06	-66.384	0.000706378	-1.03117e-05	0.000706438	-0.834	0.00281788	-0.000114441	0.00282027	-2.322	0.00211717	-0.000118256	0.00212051	-3.192	-1.915696e-11
0.494	247			1.60188e-06	-8.36892e-06	8.51793e-06	-79.152	0.00070614	-1.10865e-05	0.0007062	-0.9	0.00282098	-0.000114441	0.00282337	-2.322	0.00211932	-0.000117541	0.00212242	-3.168	-1.915702e-11
0.496	248			-8.99661e-07	-7.12278e-06	7.1768e-06	-97.188	0.000706974	-1.07289e-05	0.000707034	-0.87	0.00282289	-0.000114918	0.00282528	-2.328	0.00211813	-0.000117064	0.00212122	-3.156	-2.166993e-11
0.498	249			-2.58909e-07	-8.04482e-06	8.04482e-06	-91.842	0.000707094	-1.2219e-05	0.000707213	-0.984	0.00282337	-0.000115395	0.00282575	-2.34	0.00211789	-0.000116826	0.00212099	-3.156	-1.802615e-11
0.5	250			-9.68583e-07	-8.02806e-06	8.0858e-06	-96.876	0.000707451	-1.2219e-05	0.000707511	-0.99	0.00282241	-0.000115157	0.0028248	-2.334	0.00211813	-0.000117779	0.00212146	-3.18	-1.903132e-11
0.502	251			-1.17906e-06	-8.0858e-06	8.16962e-06	-98.292	0.000708286	-1.18018e-05	0.000708405	-0.954	0.00282384	-0.000114918	0.00282623	-2.328	0.00211789	-0.000117302	0.00212099	-3.168	-1.660223e-11
0.504	252			-4.9733e-07	-8.44157e-06	8.4546e-06	-93.366	0.000709955	-1.16826e-05	0.000710074	-0.942	0.00282456	-0.000115157	0.00282694	-2.328	0.00211741	-0.000116826	0.00212051	-3.156	-1.739794e-11
0.506	253			-3.76256e-07	-7.95542e-06	7.96287e-06	-92.7	0.000715021	-1.15038e-05	0.00071514	-0.918	0.00282837	-0.000115395	0.00283076	-2.328	0.00211741	-0.000117541	0.00212075	-3.174	-1.957582e-11
0.508	254			8.86623e-07	-8.65391e-06	8.69675e-06	-84.15	0.000724975	-1.20998e-05	0.000725094	-0.954	0.00283886	-0.000115633	0.00284125	-2.328	0.00211813	-0.000118494	0.00212146	-3.204	-1.940831e-11
0.51	255			4.27107e-06	-9.54798e-06	1.04569e-05	-65.892	0.00074083	-1.31727e-05	0.000740949	-1.014	0.00285174	-0.000116349	0.00285412	-2.334	0.00211765	-0.000118018	0.00212099	-3.186	-1.882192e-11
0.512	256			1.0172e-05	-9.30583e-06	1.37855e-05	-42.45	0.000763241	-1.4484e-05	0.00076336	-1.086	0.00286938	-0.000117064	0.00287177	-2.334	0.00211932	-0.000118256	0.00212266	-3.192	-1.77749e-11
0.514	257			1.6153e-05	-9.6169e-06	1.87979e-05	-30.762	0.000783805	-1.50204e-05	0.000783984	-1.092	0.00288965	-0.000117064	0.00289179	-2.316	0.00212385	-0.000118018	0.00212719	-3.18	-1.73561e-11
0.516	258			2.17782e-05	-1.04923e-05	2.41735e-05	-25.722	0.000812951	-1.62722e-05	0.00081313	-1.146	0.00293447	-0.000118733	0.00293685	-2.316	0.00214292	-0.000119448	0.00214626	-3.186	-1.718856e-11
0.518	259			2.34471e-05	-1.0632e-05	2.57456e-05	-24.39	0.000841323	-1.77623e-05	0.000841502	-1.206	0.00300695	-0.000123025	0.00300933	-2.34	0.00218512	-0.000122071	0.00218846	-3.198	-2.372217e-11
0.52	260			2.03328e-05	-1.15e-05	2.33595e-05	-29.49	0.000857834	-1.87756e-05	0.000858013	-1.254	0.00305177	-0.000124217	0.00305416	-2.328	0.00221445	-0.000123263	0.00221802	-3.186	-2.116734e-11
0.522	261			1.25319e-05	-1.06916e-05	1.64715e-05	-40.464	0.000869159	-1.9014e-05	0.000869397	-1.248	0.00307156	-0.000125886	0.00307395	-2.346	0.00221874	-0.000124217	0.00222231	-3.198	-1.71048e-11
0.524	262			5.85619e-06	-9.80875e-06	1.14218e-05	-59.16	0.0008539	-1.89544e-05	0.000854138	-1.272	0.00305893	-0.000125409	0.00306155	-2.346	0.00221564	-0.000122548	0.00221898	-3.162	-1.945015e-11
0.526	263			2.38234e-06	-1.03973e-05	1.06656e-05	-77.088	0.000849847	-1.9014e-05	0.000850026	-1.278	0.00305463	-0.000125171	0.00305726	-2.34	0.00221135	-0.000122548	0.00221469	-3.168	-2.330331e-11
0.528	264			1.37464e-06	-9.39338e-06	9.4921e-06	-81.672	0.000825886	-1.68682e-05	0.000826064	-1.17	0.0030296	-0.000123979	0.00303222	-2.34	0.00220992	-0.000122548	0.00221325	-3.174	-1.890572e-11
0.53	265			3.08642e-06	-1.06712e-05	1.1107e-05	-73.86	0.000813249	-1.74047e-05	0.000813428	-1.224	0.00301959	-0.00012374	0.00302221	-2.346	0.0022123	-0.000122548	0.00221564	-3.162	-1.777489e-11
0.532	266			5.16142e-06	-1.05836e-05	1.17738e-05	-64.002	0.000782911	-1.65106e-05	0.00078303	-1.206	0.00300361	-0.000122786	0.003006	-2.34	0.00222637	-0.00012374	0.00222994	-3.18	-1.827748e-11
0.534	267			8.2404e-06	-9.74169e-06	1.27592e-05	-49.77	0.000764791	-1.44244e-05	0.00076491	-1.08	0.00302126	-0.000124694	0.00302388	-2.364	0.00226237	-0.000125886	0.00226595	-3.186	-2.120925e-11
0.536	268			7.56609e-06	-1.07661e-05	1.31578e-05	-54.894	0.00076795	-1.45436e-05	0.000768069	-1.086	0.0030563	-0.000126363	0.00305893	-2.364	0.00229551	-0.000128509	0.00229909	-3.204	-2.493668e-11
0.538	269			4.00472e-06	-1.01012e-05	1.0863e-05	-68.37	0.000783447	-1.45436e-05	0.000783566	-1.062	0.00308539	-0.000127316	0.00308801	-2.358	0.00230886	-0.000129462	0.00231244	-3.204	-2.208875e-11
0.54	270			8.08392e-07	-1.02372e-05	1.0267e-05	-85.476	0.000789408	-1.47224e-05	0.000789527	-1.062	0.00309564	-0.000127793	0.00309826	-2.364	0.00231124	-0.000128747	0.00231482	-3.186	-2.087417e-11
0.542	271			-1.07848e-06	-1.08034e-05	1.08556e-05	-95.7	0.000782434	-1.5855e-05	0.000782613	-1.158	0.00308944	-0.000127793	0.0030923	-2.364	0.00231029	-0.000128747	0.00231363	-3.186	-2.129297e-11
0.544	272			-1.16975e-06	-9.39897e-06	9.46788e-06	-97.086	0.000770394	-1.55569e-05	0.000770573	-1.152	0.00307681	-0.000127555	0.00307943	-2.37	0.00231005	-0.000128032	0.00231363	-3.168	-2.024593e-11
0.546	273			-1.2368e-06	-9.4921e-06	9.57033e-06	-97.416	0.000747625	-1.40071e-05	0.000747744	-1.068	0.00305416	-0.000125409	0.00305678	-2.352	0.00231053	-0.000127316	0.00231387	-3.15	-2.22981e-11
0.548	274			-5.55072e-07	-8.18266e-06	8.19942e-06	-93.882	0.000735942	-1.2517e-05	0.000736061	-0.972	0.00304295	-0.000124932	0.00304557	-2.346	0.00231053	-0.000127793	0.00231387	-3.162	-1.982709e-11
0.55	275			-5.886e-07	-8.57195e-06	8.59058e-06	-93.924	0.000727002	-1.41264e-05	0.00072718	-1.11	0.00303341	-0.000125886	0.00303628	-2.376	0.00230981	-0.00012684	0.00231315	-3.138	-2.012028e-11
0.552	276			-2.90574e-07	-8.17335e-06	8.17707e-06	-92.034	0.000708643	-1.27555e-05	0.000708703	-1.026	0.00301577	-0.000124217	0.00301816	-2.352	0.00231029	-0.000127078	0.00231363	-3.144	-1.77749e-11
0.554	277			-9.49953e-07	-9.00222e-06	9.05065e-06	-96.012	0.000718538	-1.12057e-05	0.000718597	-0.888	0.00302698	-0.000124694	0.00302936	-2.358	0.00231005	-0.000128747	0.00231363	-3.186	-1.752359e-11
0.556	278			6.33304e-08	-7.80827e-06	7.8064e-06	-89.526	0.000759188	-1.34111e-05	0.000759307	-1.014	0.00306632	-0.000127078	0.00306894	-2.37	0.00230981	-0.00012827	0.00231315	-3.174	-2.053913e-11
0.558	279			3.04544e-06	-8.65763e-06	9.17545e-06	-70.614	0.000808779	-1.43648e-05	0.000808898	-1.014	0.00311257	-0.000129462	0.00311519	-2.376	0.00231005	-0.000129701	0.00231363	-3.21	-2.099981e-11
0.56	280			9.51445e-06	-9.84786e-06	1.36924e-05	-45.978	0.000862125	-1.62722e-05	0.000862304	-1.08	0.0031593	-0.000130654	0.00316192	-2.364	0.00231053	-0.000130654	0.00231434	-3.234	-2.330324e-11
0.562	281			2.12454e-05	-1.02129e-05	2.35719e-05	-25.668	0.000888113	-1.81199e-05	0.000888292	-1.164	0.00317551	-0.000131846	0.00317813	-2.376	0.00231268	-0.00013137	0.00231625	-3.246	-2.091602e-11
0.564	282			3.60201e-05	-1.15038e-05	3.78101e-05	-17.712	0.000891749	-1.79411e-05	0.000891928	-1.152	0.0031779	-0.000132562	0.00318076	-2.382	0.00232412	-0.000132085	0.0023277	-3.252	-2.058101e-11
0.566	283			5.80403e-05	-1.21296e-05	5.9292e-05	-11.802	0.000883523	-1.75239e-05	0.000883702	-1.134	0.00318052	-0.0001328	0.00318338	-2.388	0.00235583	-0.000133277	0.00235964	-3.234	-1.857065e-11
0.568	284			7.89803e-05	-1.37352e-05	8.01687e-05	-9.864	0.000863556	-1.65702e-05	0.000863735	-1.098	0.00319411	-0.000134231	0.00319697	-2.4	0.00240614	-0.000136853	0.00241019	-3.252	-1.953396e-11
0.57	285			7.34036e-05	-1.37948e-05	7.46888e-05	-10.644	0.0008418	-1.508e-05	0.000841979	-1.02	0.00321247	-0.000134231	0.00321509	-2.388	0.00244428	-0.000139476	0.00244834	-3.264	-1.442432e-11
0.572	286			5.47471e-05	-1.32584e-05	5.63303e-05	-13.608	0.00081915	-1.56761e-05	0.00081927	-1.092	0.003222	-0.000133992	0.00322486	-2.376	0.00246049	-0.000138761	0.00246431	-3.228	-2.099984e-11
0.574	287			3.98273e-05	-1.22786e-05	4.16751e-05	-17.13	0.000814382	-1.42456e-05	0.000814501	-1.002	0.0032251	-0.000134231	0.00322796	-2.376	0.0024562	-0.000139237	0.00246026	-3.246	-1.664411e-11
0.576	288			2.84055e-05	-1.11946e-05	3.05327e-05	-21.504	0.00080866	-1.37091e-05	0.000808779	-0.972	0.00322391	-0.000134707	0.00322677	-2.388	0.00244834	-0.000138284	0.00245215	-3.228	-1.538762e-11
0.578	289			1.61492e-05	-1.03675e-05	1.91891e-05	-32.688	0.000818077	-1.38879e-05	0.000818197	-0.972	0.00323392	-0.000134469	0.00323679	-2.376	0.00243665	-0.000137092	0.00244047	-3.216	-1.614154e-11
0.58	290			7.61452e-06	-1.09412e-05	1.33291e-05	-55.152	0.000847522	-1.5855e-05	0.000847641	-1.068	0.00326301	-0.000135661	0.00326587	-2.382	0.00242759	-0.000137568	0.00243141	-3.24	-2.02878e-11
0.582	291			3.24102e-06	-9.70444e-06	1.0226e-05	-71.52	0.000884477	-1.56761e-05	0.000884596	-1.014	0.00329949	-0.0001359	0.00330235	-2.358	0.00242282	-0.00013733	0.00242664	-3.24	-1.676972e-11
0.584	292			3.11808e-06	-1.01068e-05	1.05762e-05	-72.846	0.000911836	-1.77623e-05	0.000912074	-1.11	0.00332738	-0.000138284	0.00333025	-2.376	0.00242163	-0.000136853	0.00242569	-3.234	-1.79424e-11
0.586	293			6.15048e-06	-1.03936e-05	1.20737e-05	-59.376	0.000941042	-1.9312e-05	0.000941161	-1.17	0.00336386	-0.000139714	0.00336672	-2.376	0.00243141	-0.000138045	0.00243522	-3.246	-2.192123e-11
0.588	294			1.03675e-05	-1.03079e-05	1.46181e-05	-44.826	0.000921253	-1.84776e-05	0.000921492	-1.146	0.00337936	-0.000140191	0.00338222	-2.376	0.00246598	-0.000139714	0.00247003	-3.24	-2.284258e-11
0.59	295			1.03638e-05	-1.18241e-05	1.57208e-05	-48.756	0.000887278	-1.80007e-05	0.000887517	-1.164	0.0033908	-0.000140906	0.0033939	-2.376	0.00251295	-0.000141622	0.002517	-3.222	-1.790052e-11
0.592	296			6.80613e-06	-1.10232e-05	1.29529e-05	-58.302	0.000925902	-1.91928e-05	0.000926141	-1.182	0.00345422	-0.000142814	0.00345732	-2.364	0.00253631	-0.000143052	0.00254013	-3.222	-2.196306e-11
0.594	297			3.22984e-06	-1.13845e-05	1.18316e-05	-74.142	0.000976808	-2.12194e-05	0.000977047	-1.242	0.0035124	-0.000145436	0.00351526	-2.37	0.00254275	-0.000143052	0.0025468	-3.216	-2.053914e-11
0.596	298			-1.97441e-07	-1.08295e-05	1.08295e-05	-91.038	0.00101233	-2.41996e-05	0.00101257	-1.368	0.00354935	-0.000149013	0.00355245	-2.4	0.00254132	-0.000143052	0.00254537	-3.216	-1.63928e-11
0.598	299			-5.2527e-07	-1.07475e-05	1.07587e-05	-92.79	0.00104464	-2.56301e-05	0.001045	-1.404	0.00358297	-0.000149966	0.00358607	-2.394	0.00254132	-0.000142814	0.00254537	-3.216	-1.810997e-11
0.6	300			-1.04309e-06	-1.07326e-05	1.07773e-05	-95.538	0.00103915	-2.50341e-05	0.00103951	-1.38	0.00357653	-0.000149489	0.00357963	-2.388	0.00254084	-0.00014186	0.00254466	-3.192	-1.73142e-11
0.602	301			-1.14367e-06	-1.03638e-05	1.04234e-05	-96.294	0.00102902	-2.39612e-05	0.00102926	-1.332	0.00356652	-0.000148536	0.00356962	-2.382	0.00254084	-0.000141622	0.00254489	-3.186	-1.936644e-11
0.604	302			-7.67413e-07	-1.06916e-05	1.0714e-05	-94.104	0.00102366	-2.45572e-05	0.0010239	-1.368	0.0035608	-0.000148297	0.0035639	-2.382	0.00254084	-0.000140906	0.00254466	-3.174	-1.496878e-11
0.606	303			-9.68583e-07	-1.0226e-05	1.0267e-05	-95.4	0.000986703	-2.36036e-05	0.000986941	-1.368	0.00352336	-0.000147105	0.00352623	-2.388	0.0025418	-0.000140906	0.00254561	-3.174	-2.024591e-11
0.608	304			-1.22563e-06	-1.02856e-05	1.03526e-05	-96.786	0.000941876	-2.12194e-05	0.000942115	-1.29	0.00347783	-0.000144959	0.00348093	-2.382	0.00254084	-0.000141383	0.00254466	-3.186	-1.77749e-11
0.61	305			-5.84874e-07	-1.1772e-05	1.17794e-05	-92.838	0.00095785	-2.0981e-05	0.00095797	-1.248	0.00349428	-0.000144721	0.00349714	-2.37	0.00254108	-0.000142098	0.00254513	-3.198	-2.179555e-11
0.612	306			-1.65031e-06	-1.07699e-05	1.08928e-05	-98.694	0.000980027	-2.19346e-05	0.000980265	-1.284	0.00351693	-0.000146867	0.00352003	-2.388	0.00254084	-0.000143529	0.00254466	-3.234	-1.861251e-11
0.614	307			4.09784e-08	-1.07475e-05	1.07438e-05	-89.772	0.00101293	-2.32459e-05	0.00101317	-1.308	0.00354959	-0.000148059	0.00355245	-2.382	0.00254084	-0.000142575	0.00254489	-3.21	-1.873819e-11
0.616	308			2.55556e-06	-1.14069e-05	1.16863e-05	-77.37	0.00104333	-2.3842e-05	0.00104357	-1.302	0.00357653	-0.000149013	0.00357963	-2.382	0.00254013	-0.000143529	0.00254418	-3.234	-1.98271e-11
0.618	309			8.63156e-06	-1.14814e-05	1.43611e-05	-53.058	0.00106574	-2.51533e-05	0.00106598	-1.35	0.00359298	-0.000150681	0.00359608	-2.4	0.00254084	-0.000144959	0.00254489	-3.264	-1.886384e-11
0.62	310			3.00073e-05	-1.25617e-05	3.25295e-05	-22.71	0.00109089	-2.65838e-05	0.00109125	-1.392	0.00360228	-0.000151158	0.00360538	-2.4	0.00254513	-0.000144721	0.00254942	-3.252	-2.162805e-11
0.622	311			8.0273e-05	-1.56761e-05	8.17892e-05	-11.052	0.00111891	-2.87296e-05	0.00111926	-1.47	0.0036111	-0.00015235	0.00361444	-2.412	0.00257279	-0.000146628	0.00257708	-3.258	-1.555519e-11
0.624	312			0.000137561	-1.90065e-05	0.000138872	-7.866	0.00110698	-2.75375e-05	0.00110734	-1.422	0.00361539	-0.00015235	0.00361849	-2.412	0.00264384	-0.000151635	0.00264813	-3.282	-1.496878e-11
0.626	313			0.000150443	-2.0221e-05	0.000151799	-7.656	0.00107337	-2.50341e-05	0.00107373	-1.332	0.00360872	-0.000151874	0.00361182	-2.406	0.00268747	-0.000154735	0.002692	-3.294	-2.041347e-11
0.628	314			0.000134842	-1.98112e-05	0.000136294	-8.358	0.00104857	-2.46764e-05	0.00104881	-1.344	0.00359823	-0.000152589	0.00360133	-2.424	0.00268938	-0.000154735	0.00269391	-3.294	-1.559704e-11
0.63	315			0.000118301	-1.81721e-05	0.000119687	-8.73	0.00101865	-2.33651e-05	0.00101889	-1.308	0.00358297	-0.000151874	0.00358607	-2.424	0.00268747	-0.000154735	0.002692	-3.294	-1.723043e-11
0.632	316			0.000101276	-1.70768e-05	0.000102707	-9.57	0.00098253	-2.19346e-05	0.000982769	-1.272	0.003567	-0.000151635	0.00357009	-2.43	0.00268961	-0.000154019	0.00269391	-3.276	-1.656031e-11
0.634	317			8.66284e-05	-1.55718e-05	8.80142e-05	-10.188	0.000943068	-2.03849e-05	0.000943188	-1.236	0.00355269	-0.000149966	0.00355579	-2.412	0.00270011	-0.000154019	0.0027044	-3.258	-1.894761e-11
0.636	318			7.41859e-05	-1.4402e-05	7.55717e-05	-10.986	0.000884894	-1.80007e-05	0.000885133	-1.164	0.00351931	-0.000149489	0.00352241	-2.43	0.0027125	-0.000153304	0.00271679	-3.234	-1.42987e-11
0.638	319			6.24959e-05	-1.34931e-05	6.39339e-05	-12.18	0.000828627	-1.50204e-05	0.000828747	-1.032	0.00348379	-0.000147582	0.00348689	-2.424	0.0027218	-0.000153304	0.00272633	-3.222	-1.743981e-11
0.64	320			5.27056e-05	-1.29939e-05	5.42852e-05	-13.848	0.00080419	-1.39475e-05	0.000804309	-0.99	0.00346924	-0.000147344	0.00347234	-2.43	0.00272276	-0.000153542	0.00272705	-3.228	-1.178579e-11
0.642	321			4.53817e-05	-1.30907e-05	4.72295e-05	-16.086	0.000800613	-1.33515e-05	0.000800733	-0.948	0.00346877	-0.00014782	0.0034721	-2.436	0.00271894	-0.000154496	0.00272347	-3.252	-2.02878e-11
0.644	322			4.01738e-05	-1.26511e-05	4.21109e-05	-17.472	0.000808123	-1.38283e-05	0.000808243	-0.978	0.00347711	-0.00014782	0.00348045	-2.43	0.00271441	-0.000153542	0.0027187	-3.234	-1.953393e-11
0.646	323			3.78939e-05	-1.16677e-05	3.96448e-05	-17.112	0.000836615	-1.37091e-05	0.000836734	-0.936	0.00350524	-0.000149013	0.00350834	-2.43	0.00271155	-0.000154019	0.00271584	-3.246	-2.200496e-11
0.648	324			3.66794e-05	-1.25915e-05	3.87805e-05	-18.936	0.00088549	-1.53781e-05	0.00088561	-0.99	0.00355245	-0.000151158	0.00355555	-2.436	0.00270773	-0.00015545	0.00271226	-3.282	-2.120922e-11
0.65	325			3.34831e-05	-1.22712e-05	3.56513e-05	-20.118	0.000943545	-1.66894e-05	0.000943664	-1.014	0.00361158	-0.000153304	0.00361468	-2.43	0.00270511	-0.000156642	0.00270964	-3.312	-1.890573e-11
0.652	326			2.82453e-05	-1.13547e-05	3.04432e-05	-21.894	0.00100971	-1.95504e-05	0.00100995	-1.104	0.00368072	-0.000156642	0.00368406	-2.436	0.00270297	-0.000155688	0.0027075	-3.294	-1.890574e-11
0.654	327			2.26201e-05	-1.17869e-05	2.55109e-05	-27.516	0.0010227	-2.11002e-05	0.00102282	-1.176	0.00372173	-0.000159265	0.00372507	-2.448	0.0027218	-0.000157596	0.00272633	-3.312	-2.158618e-11
0.656	328			1.33217e-05	-1.15708e-05	1.76431e-05	-40.974	0.00100327	-1.96696e-05	0.00100351	-1.122	0.0037594	-0.000160695	0.00376298	-2.448	0.00276734	-0.000159503	0.00277211	-3.3	-1.513635e-11
0.658	329			7.26435e-06	-1.15149e-05	1.36123e-05	-57.744	0.000995047	-1.99081e-05	0.000995167	-1.146	0.00379063	-0.000162364	0.00379421	-2.448	0.00280572	-0.000162126	0.00281049	-3.306	-2.12511e-11
0.66	330			4.37725e-06	-1.17533e-05	1.25394e-05	-69.564	0.000997312	-2.00273e-05	0.000997551	-1.146	0.00380971	-0.000161649	0.00381304	-2.424	0.00282027	-0.000162364	0.00282504	-3.294	-2.0581e-11
0.662	331			2.6934e-06	-1.14404e-05	1.17496e-05	-76.734	0.00100315	-2.13386e-05	0.00100339	-1.212	0.0038202	-0.000163079	0.00382377	-2.442	0.00282408	-0.000161172	0.00282861	-3.264	-1.865442e-11
0.664	332			-1.67639e-07	-1.16863e-05	1.16826e-05	-90.816	0.00100637	-2.12194e-05	0.00100661	-1.2	0.00382425	-0.000162602	0.00382783	-2.43	0.00282432	-0.000161887	0.00282885	-3.282	-2.275884e-11
0.666	333			-9.57407e-07	-1.12206e-05	1.12579e-05	-94.872	0.00101031	-2.08617e-05	0.00101054	-1.182	0.00382854	-0.000163079	0.00383188	-2.436	0.00282265	-0.00016141	0.00282718	-3.27	-2.041347e-11
0.668	334			-9.98385e-07	-1.03862e-05	1.04271e-05	-95.484	0.00101805	-2.02657e-05	0.00101817	-1.134	0.00383569	-0.000162841	0.00383903	-2.43	0.00282313	-0.000160695	0.00282766	-3.258	-1.417305e-11
0.67	335			-6.78006e-07	-1.17273e-05	1.17459e-05	-93.306	0.0010208	-2.07425e-05	0.00102104	-1.158	0.00383903	-0.000162364	0.00384261	-2.418	0.00282194	-0.000161172	0.00282647	-3.27	-2.058096e-11
0.672	336			-2.98025e-07	-1.13287e-05	1.13287e-05	-91.5	0.00103606	-2.13386e-05	0.00103629	-1.176	0.00385429	-0.000163079	0.00385787	-2.418	0.00282313	-0.000161172	0.00282766	-3.27	-1.970146e-11
0.674	337			-1.31503e-06	-1.13287e-05	1.13994e-05	-96.612	0.00104225	-2.28883e-05	0.00104249	-1.254	0.00386097	-0.000163556	0.00386454	-2.424	0.00282241	-0.000160457	0.00282694	-3.252	-2.543926e-11
0.676	338			-1.59816e-06	-1.18875e-05	1.19918e-05	-97.65	0.00105716	-2.36036e-05	0.00105751	-1.278	0.00387503	-0.000164271	0.00387861	-2.424	0.0028217	-0.000160695	0.00282623	-3.258	-2.146051e-11
0.678	339			-1.27406e-06	-1.18726e-05	1.19359e-05	-96.126	0.00106979	-2.27691e-05	0.00107003	-1.218	0.00388791	-0.000165463	0.00389124	-2.436	0.00282194	-0.00016141	0.00282647	-3.27	-1.86544e-11
0.68	340			-8.12117e-07	-1.14032e-05	1.14292e-05	-94.062	0.00107659	-2.46764e-05	0.00107682	-1.308	0.00389458	-0.00016594	0.00389816	-2.436	0.00282289	-0.000160695	0.00282742	-3.258	-1.79424e-11
0.682	341			-1.44915e-06	-1.22786e-05	1.23568e-05	-96.72	0.00108207	-2.52725e-05	0.00108231	-1.338	0.00390054	-0.00016594	0.00390388	-2.436	0.00282194	-0.000161172	0.00282671	-3.27	-1.517824e-11
0.684	342			-1.4566e-06	-1.23531e-05	1.24351e-05	-96.714	0.00109804	-2.41996e-05	0.0010984	-1.26	0.00391677	-0.00016594	0.00392011	-2.424	0.00282146	-0.000161887	0.00282599	-3.282	-2.238189e-11
0.686	343			9.64857e-07	-1.17683e-05	1.18055e-05	-85.302	0.0011288	-2.52725e-05	0.00112904	-1.284	0.00394443	-0.000167132	0.003948	-2.424	0.00282122	-0.000161172	0.00282599	-3.27	-2.112545e-11
0.688	344			9.05624e-06	-1.35229e-05	1.62722e-05	-56.172	0.00117005	-2.86103e-05	0.00117029	-1.398	0.00397876	-0.00016904	0.00398257	-2.43	0.0028217	-0.000162841	0.00282647	-3.306	-1.840315e-11
0.69	345			1.93157e-05	-1.37464e-05	2.37079e-05	-35.424	0.00122691	-3.08754e-05	0.00122739	-1.44	0.00402907	-0.000171662	0.00403264	-2.436	0.00282528	-0.000163079	0.00282981	-3.3	-1.907325e-11
0.692	346			4.08592e-05	-1.50391e-05	4.35414e-05	-20.202	0.00127316	-3.31404e-05	0.00127364	-1.488	0.00408223	-0.000174523	0.00408605	-2.442	0.00285031	-0.000164033	0.00285508	-3.294	-1.509444e-11
0.694	347			6.51483e-05	-1.66894e-05	6.72531e-05	-14.364	0.00127304	-3.25444e-05	0.0012734	-1.458	0.00414136	-0.000177146	0.00414518	-2.448	0.00292732	-0.00016904	0.00293209	-3.306	-2.556496e-11
0.696	348			5.9631e-05	-1.58773e-05	6.17099e-05	-14.91	0.00122941	-2.93256e-05	0.00122977	-1.362	0.00416735	-0.000178815	0.00417116	-2.454	0.00299813	-0.000174046	0.00300314	-3.324	-1.55552e-11
0.698	349			3.61095e-05	-1.53744e-05	3.92462e-05	-23.058	0.00122917	-3.09946e-05	0.00122965	-1.44	0.00419191	-0.000180484	0.00419572	-2.46	0.003006	-0.00017357	0.003011	-3.306	-1.714665e-11
0.7	350			2.21321e-05	-1.48193e-05	2.66322e-05	-33.804	0.00122143	-3.14715e-05	0.00122178	-1.476	0.00419143	-0.000180722	0.00419524	-2.466	0.00299837	-0.000172854	0.00300337	-3.3	-1.501071e-11
0.702	351			1.71216e-05	-1.42567e-05	2.22774e-05	-39.78	0.00121976	-3.07562e-05	0.00122011	-1.44	0.00419071	-0.000179053	0.00419453	-2.448	0.00299408	-0.000171901	0.00299908	-3.288	-2.141859e-11
0.704	352			1.78964e-05	-1.42158e-05	2.28548e-05	-38.454	0.00123144	-3.11139e-05	0.0012318	-1.446	0.00419906	-0.000180007	0.00420287	-2.454	0.00299145	-0.000171185	0.00299622	-3.276	-1.836125e-11
0.706	353			2.10555e-05	-1.47634e-05	2.57121e-05	-35.034	0.00124181	-3.18291e-05	0.00124229	-1.464	0.0042043	-0.000180722	0.00420812	-2.46	0.00298907	-0.000171662	0.00299408	-3.288	-2.451789e-11
0.708	354			2.46615e-05	-1.40891e-05	2.84017e-05	-29.736	0.0012436	-3.25444e-05	0.00124396	-1.5	0.00420192	-0.000181199	0.00420573	-2.466	0.00298859	-0.000171424	0.0029936	-3.282	-2.585813e-11
0.71	355			2.94113e-05	-1.44579e-05	3.27716e-05	-26.172	0.00123919	-3.13523e-05	0.00123955	-1.446	0.00419238	-0.000180484	0.0041962	-2.46	0.00298931	-0.000171901	0.00299431	-3.288	-1.957583e-11
0.712	356			3.6035e-05	-1.4823e-05	3.8963e-05	-22.356	0.00122584	-3.14715e-05	0.00122619	-1.47	0.00417116	-0.000179292	0.00417498	-2.46	0.00298859	-0.000171185	0.00299336	-3.276	-1.769112e-11
0.714	357			4.62721e-05	-1.56724e-05	4.88537e-05	-18.708	0.00122309	-3.0637e-05	0.00122345	-1.434	0.00415924	-0.000178576	0.00416306	-2.454	0.00298931	-0.000172616	0.00299431	-3.3	-1.555516e-11
0.716	358			6.10878e-05	-1.58661e-05	6.31143e-05	-14.556	0.00126661	-3.17099e-05	0.00126696	-1.434	0.00419	-0.000180007	0.00419381	-2.46	0.00299026	-0.000171901	0.00299527	-3.288	-1.434062e-11
0.718	359			6.76182e-05	-1.73227e-05	6.98012e-05	-14.37	0.00127924	-3.14715e-05	0.0012796	-1.41	0.00420263	-0.000180961	0.00420645	-2.466	0.00299527	-0.000174523	0.00300027	-3.336	-1.957585e-11
0.72	360			6.80839e-05	-1.62908e-05	7.00024e-05	-13.458	0.0012703	-3.18291e-05	0.00127078	-1.434	0.00420836	-0.000181199	0.00421217	-2.466	0.00300981	-0.000174762	0.00301482	-3.324	-1.73142e-11
0.722	361			6.95777e-05	-1.70172e-05	7.16303e-05	-13.74	0.00125838	-3.01601e-05	0.00125862	-1.374	0.00421289	-0.000181914	0.00421694	-2.472	0.00302817	-0.000176669	0.00303341	-3.342	-1.919889e-11
0.724	362			7.00024e-05	-1.60859e-05	7.18241e-05	-12.936	0.00125051	-3.02793e-05	0.00125087	-1.386	0.00421956	-0.000183106	0.00422338	-2.484	0.00304295	-0.000177146	0.0030482	-3.33	-2.15443e-11
0.726	363			7.00844e-05	-1.73302e-05	7.21966e-05	-13.89	0.00124682	-3.14715e-05	0.00124729	-1.44	0.0042229	-0.000182391	0.00422695	-2.472	0.0030513	-0.000177623	0.00305654	-3.33	-2.204689e-11
0.728	364			7.2137e-05	-1.6343e-05	7.39661e-05	-12.762	0.00124551	-2.96832e-05	0.00124586	-1.362	0.00422505	-0.000182391	0.00422886	-2.472	0.00305726	-0.000178576	0.0030625	-3.342	-2.146055e-11
0.73	365			8.04295e-05	-1.71402e-05	8.22362e-05	-12.03	0.00124765	-3.02793e-05	0.00124801	-1.392	0.00422814	-0.000182868	0.0042322	-2.478	0.00306655	-0.00017953	0.0030718	-3.348	-1.940833e-11
0.732	366			9.38033e-05	-1.86266e-05	9.56361e-05	-11.226	0.00124992	-3.02793e-05	0.00125016	-1.386	0.00423053	-0.000184298	0.00423458	-2.49	0.00307943	-0.000180007	0.00308491	-3.348	-1.89895e-11
0.734	367			0.000114643	-1.8716e-05	0.000116162	-9.27	0.00124992	-3.19483e-05	0.00125027	-1.464	0.00423005	-0.000184537	0.00423411	-2.496	0.00309922	-0.000180961	0.00310446	-3.342	-2.200499e-11
0.736	368			0.000137673	-2.06978e-05	0.000139215	-8.55	0.00124706	-3.02793e-05	0.00124729	-1.386	0.00422886	-0.000183583	0.00423291	-2.484	0.00312378	-0.000183106	0.00312926	-3.354	-2.200498e-11
0.738	369			0.000154034	-2.17633e-05	0.000155562	-8.04	0.00123728	-2.92064e-05	0.00123764	-1.35	0.00422767	-0.000183345	0.00423172	-2.478	0.00314786	-0.00018406	0.0031531	-3.348	-1.706295e-11
0.74	370			0.00015133	-2.16888e-05	0.000152879	-8.154	0.00120152	-2.76567e-05	0.00120188	-1.314	0.00422719	-0.00018263	0.00423124	-2.472	0.00317909	-0.000185967	0.00318457	-3.348	-1.898947e-11
0.742	371			0.000134007	-2.02061e-05	0.00013552	-8.574	0.00114251	-2.49149e-05	0.00114275	-1.242	0.00422743	-0.000182391	0.00423148	-2.466	0.0032201	-0.000187875	0.00322558	-3.342	-2.00784e-11
0.744	372			0.000111714	-2.02135e-05	0.000113525	-10.254	0.0010897	-2.11002e-05	0.00108994	-1.104	0.00422838	-0.000182391	0.0042322	-2.466	0.00325324	-0.000190259	0.00325872	-3.348	-1.911516e-11
0.746	373			9.02717e-05	-1.8187e-05	9.20896e-05	-11.388	0.00106467	-2.03849e-05	0.00106478	-1.092	0.00422624	-0.000183345	0.00423005	-2.478	0.00325896	-0.000190021	0.00326444	-3.336	-1.965961e-11
0.748	374			6.0268e-05	-1.78964e-05	6.28685e-05	-16.536	0.00105406	-2.07425e-05	0.00105429	-1.128	0.00422123	-0.00018263	0.00422528	-2.472	0.00323679	-0.000187875	0.00324227	-3.324	-2.00366e-11
0.75	375			2.5943e-05	-1.56985e-05	3.0324e-05	-31.17	0.00105	-2.0981e-05	0.00105024	-1.14	0.00421956	-0.000183106	0.00422338	-2.484	0.00320436	-0.00018716	0.00320984	-3.342	-1.945017e-11
0.752	376			6.79123e-06	-1.46554e-05	1.61492e-05	-65.124	0.001045	-2.13386e-05	0.00104512	-1.164	0.00421456	-0.000184537	0.00421861	-2.508	0.00318362	-0.000186206	0.0031891	-3.342	-2.137678e-11
0.754	377			8.4937e-07	-1.35042e-05	1.35266e-05	-86.4	0.00104023	-2.14578e-05	0.00104047	-1.176	0.00421003	-0.00018406	0.00421408	-2.502	0.00317742	-0.000185491	0.00318266	-3.336	-2.187938e-11
0.756	378			-9.42502e-07	-1.3467e-05	1.34968e-05	-93.99	0.00103236	-2.16962e-05	0.0010326	-1.2	0.00420097	-0.000183822	0.00420502	-2.502	0.0031748	-0.00018406	0.00318004	-3.318	-1.806805e-11
0.758	379			-1.54973e-06	-1.18614e-05	1.19582e-05	-97.428	0.00101829	-1.99081e-05	0.00101853	-1.116	0.00418809	-0.000183345	0.00419214	-2.502	0.00317408	-0.000184298	0.00317957	-3.318	-1.940831e-11
0.76	380			-1.69129e-06	-1.15932e-05	1.17124e-05	-98.298	0.00100733	-2.12194e-05	0.00100745	-1.2	0.00417688	-0.000182868	0.0041807	-2.502	0.00317408	-0.000182391	0.00317933	-3.288	-2.003652e-11
0.762	381			-1.41934e-06	-1.04942e-05	1.05873e-05	-97.686	0.0010109	-1.97889e-05	0.00101114	-1.116	0.00418046	-0.000182868	0.00418451	-2.502	0.00317504	-0.000182153	0.00318028	-3.282	-1.924079e-11
0.764	382			-4.17234e-07	-1.11908e-05	1.11946e-05	-92.13	0.00104857	-2.14578e-05	0.00104881	-1.17	0.00421956	-0.000184537	0.00422338	-2.502	0.0031748	-0.000182153	0.0031798	-3.282	-1.442435e-11
0.766	383			-1.29268e-06	-1.20067e-05	1.20737e-05	-96.132	0.00108267	-2.46764e-05	0.0010829	-1.302	0.00425199	-0.000186444	0.00425604	-2.508	0.00317432	-0.000182391	0.00317957	-3.288	-2.133485e-11
0.768	384			-8.04666e-07	-1.13473e-05	1.13734e-05	-94.05	0.00111759	-2.46764e-05	0.00111783	-1.266	0.00428727	-0.000187636	0.00429156	-2.502	0.0031748	-0.00018263	0.0031798	-3.288	-1.584833e-11
0.77	385			-8.86623e-07	-1.1582e-05	1.16118e-05	-94.362	0.00113691	-2.51533e-05	0.00113726	-1.26	0.00430563	-0.000188352	0.00430968	-2.502	0.0031736	-0.00018406	0.00317885	-3.318	-1.844502e-11
0.772	386			-1.14367e-06	-1.31764e-05	1.32211e-05	-94.944	0.00117422	-2.74183e-05	0.00117458	-1.338	0.00434402	-0.000190259	0.00434807	-2.508	0.0031736	-0.000184298	0.00317909	-3.324	-1.840315e-11
0.774	387			-2.30969e-07	-1.44281e-05	1.44281e-05	-90.912	0.00122572	-3.01601e-05	0.00122607	-1.41	0.00439313	-0.000192882	0.00439718	-2.508	0.0031736	-0.000185014	0.00317909	-3.336	-1.697913e-11
0.776	388			5.56934e-06	-1.37389e-05	1.48193e-05	-67.926	0.00130654	-3.25444e-05	0.00130702	-1.422	0.00446776	-0.000196458	0.00447205	-2.514	0.00317194	-0.000186444	0.00317742	-3.36	-2.263316e-11
0.778	389			1.30647e-05	-1.39997e-05	1.91481e-05	-46.974	0.00138367	-3.54054e-05	0.00138415	-1.464	0.00453809	-0.000197888	0.00454238	-2.496	0.0031748	-0.000186921	0.00318028	-3.366	-2.007837e-11
0.78	390			2.72655e-05	-1.51843e-05	3.12107e-05	-29.106	0.00140537	-3.56438e-05	0.00140584	-1.446	0.00456765	-0.000201703	0.00457194	-2.52	0.00319363	-0.000189782	0.00319912	-3.402	-1.798432e-11
0.782	391			5.10516e-05	-1.70545e-05	5.3827e-05	-18.468	0.001364	-3.50478e-05	0.00136448	-1.47	0.00457528	-0.00020218	0.00458005	-2.526	0.00325967	-0.000193358	0.0032654	-3.396	-2.007845e-11
0.784	392			6.14454e-05	-1.717e-05	6.37998e-05	-15.612	0.00128032	-2.87296e-05	0.00128067	-1.284	0.00457814	-0.00020218	0.00458243	-2.526	0.00335576	-0.000199557	0.00336172	-3.402	-1.651845e-11
0.786	393			4.4998e-05	-1.63728e-05	4.78814e-05	-19.992	0.00122906	-2.63454e-05	0.00122929	-1.224	0.00458148	-0.00020218	0.00458577	-2.526	0.00340225	-0.000201226	0.00340845	-3.384	-2.217255e-11
0.788	394			2.21917e-05	-1.60263e-05	2.73661e-05	-35.832	0.00121439	-2.58685e-05	0.00121463	-1.218	0.00458434	-0.000200749	0.00458863	-2.508	0.00340129	-0.000200511	0.00340725	-3.372	-1.346107e-11
0.79	395			7.8865e-06	-1.43648e-05	1.63839e-05	-61.218	0.00121177	-2.46764e-05	0.00121201	-1.164	0.00458959	-0.000201226	0.00459388	-2.508	0.00339295	-0.000200273	0.00339867	-3.378	-2.104171e-11
0.792	396			1.4566e-06	-1.39885e-05	1.40593e-05	-84.054	0.00121523	-2.45572e-05	0.00121558	-1.158	0.00459293	-0.000201703	0.00459769	-2.508	0.00338699	-0.000200034	0.00339295	-3.378	-1.840314e-11
0.794	397			0.0	-1.46367e-05	1.4633e-05	-89.988	0.00122119	-2.63454e-05	0.00122143	-1.23	0.00460055	-0.00020218	0.00460485	-2.514	0.0033858	-0.000200034	0.00339176	-3.378	-1.710481e-11
0.796	398			-1.38209e-06	-1.45436e-05	1.46069e-05	-95.424	0.00122512	-2.51533e-05	0.00122536	-1.176	0.00460437	-0.000202657	0.00460866	-2.514	0.00338532	-0.000200034	0.00339128	-3.384	-1.58902e-11
0.798	399			-1.76579e-06	-1.40183e-05	1.41226e-05	-97.17	0.00122882	-2.68222e-05	0.00122906	-1.248	0.00460771	-0.00020218	0.004612	-2.508	0.00338508	-0.000198842	0.00339104	-3.36	-2.234002e-11
0.8	400			-2.17931e-06	-1.44169e-05	1.45771e-05	-98.586	0.00122846	-2.77759e-05	0.0012287	-1.29	0.00460961	-0.000202657	0.00461391	-2.514	0.00338508	-0.000198842	0.00339104	-3.36	-1.978524e-11
0.802	401			-1.8105e-06	-1.40407e-05	1.41524e-05	-97.344	0.00123084	-2.6703e-05	0.00123108	-1.242	0.00460961	-0.000202657	0.00461438	-2.514	0.00338532	-0.000199319	0.00339128	-3.366	-1.823565e-11
0.804	402			-1.28151e-06	-1.47373e-05	1.47895e-05	-94.962	0.00123204	-2.6703e-05	0.00123227	-1.242	0.004612	-0.000202657	0.00461629	-2.514	0.00338508	-0.000198842	0.00339104	-3.36	-1.878009e-11
0.806	403			-1.24425e-06	-1.43089e-05	1.43573e-05	-94.968	0.00123299	-2.68222e-05	0.00123323	-1.242	0.00461248	-0.00020218	0.00461677	-2.508	0.00338556	-0.000198842	0.00339152	-3.36	-2.17537e-11
0.808	404			-9.53682e-07	-1.35899e-05	1.36197e-05	-94.014	0.00123335	-2.6107e-05	0.00123359	-1.212	0.004612	-0.000202657	0.00461629	-2.514	0.00338461	-0.000198842	0.00339057	-3.36	-1.924076e-11
0.81	405			-5.77424e-07	-1.41934e-05	1.42046e-05	-92.328	0.0012337	-2.69414e-05	0.00123394	-1.248	0.00461295	-0.000202657	0.00461772	-2.508	0.00338604	-0.000199796	0.00339176	-3.372	-2.049725e-11
0.812	406			-2.414e-06	-1.38581e-05	1.4063e-05	-99.882	0.00123299	-2.69414e-05	0.00123323	-1.248	0.00461295	-0.000203134	0.00461772	-2.52	0.00338508	-0.00019908	0.0033908	-3.366	-2.288452e-11
0.814	407			-1.21445e-06	-1.37129e-05	1.3765e-05	-95.058	0.00123585	-2.71798e-05	0.00123609	-1.254	0.00461438	-0.000202657	0.00461867	-2.514	0.0033858	-0.000199319	0.00339176	-3.366	-1.970146e-11
0.816	408			-1.43797e-06	-1.33031e-05	1.33776e-05	-96.162	0.00123955	-2.68222e-05	0.00123978	-1.236	0.0046182	-0.000202657	0.00462249	-2.514	0.00338556	-0.000199557	0.00339128	-3.372	-1.38799e-11
0.818	409			1.31131e-06	-1.47485e-05	1.48044e-05	-84.912	0.00125099	-2.74183e-05	0.00125123	-1.254	0.00462821	-0.000203134	0.0046325	-2.508	0.0033858	-0.000200273	0.00339176	-3.384	-1.848689e-11
0.82	410			2.08245e-06	-1.48155e-05	1.49571e-05	-81.996	0.00126792	-2.84911e-05	0.00126828	-1.284	0.00464442	-0.000205518	0.00464919	-2.532	0.00338556	-0.000200273	0.00339128	-3.384	-1.739802e-11
0.822	411			2.49223e-06	-1.47485e-05	1.49534e-05	-80.4	0.00129069	-3.08754e-05	0.00129116	-1.368	0.00466588	-0.000206471	0.00467065	-2.532	0.00338461	-0.000200034	0.00339057	-3.378	-1.685352e-11
0.824	412			3.34533e-06	-1.41636e-05	1.4551e-05	-76.704	0.00132085	-3.15907e-05	0.0013212	-1.368	0.00469592	-0.000207425	0.00470069	-2.526	0.00338461	-0.000199557	0.00339033	-3.372	-2.066475e-11
0.826	413			3.42356e-06	-1.5393e-05	1.57693e-05	-77.448	0.00137735	-3.50478e-05	0.00137783	-1.452	0.00475267	-0.000210286	0.00475743	-2.526	0.00338508	-0.000199557	0.00339104	-3.372	-1.78168e-11
0.828	414			9.48465e-06	-1.59071e-05	1.85185e-05	-59.19	0.00147737	-3.96969e-05	0.00147785	-1.536	0.00485137	-0.000214101	0.00485566	-2.526	0.00338961	-0.000200511	0.00339557	-3.384	-2.158618e-11
0.83	415			2.05674e-05	-1.68459e-05	2.65838e-05	-39.312	0.00158883	-4.44653e-05	0.00158942	-1.602	0.00496581	-0.000219823	0.00497058	-2.532	0.00340153	-0.000201703	0.00340749	-3.39	-1.865443e-11
0.832	416			4.31391e-05	-1.84925e-05	4.69352e-05	-23.202	0.00164259	-4.78032e-05	0.00164319	-1.662	0.00504163	-0.000223161	0.00504687	-2.532	0.0034423	-0.000204564	0.00344826	-3.402	-2.284261e-11
0.834	417			9.6709e-05	-2.21954e-05	9.92198e-05	-12.924	0.00164426	-4.62534e-05	0.00164486	-1.608	0.00508359	-0.000224114	0.00508884	-2.52	0.00353195	-0.000209809	0.00353791	-3.396	-2.648636e-11
0.836	418			0.000183844	-2.81633e-05	0.00018599	-8.706	0.00163234	-4.6015e-05	0.00163294	-1.614	0.00508884	-0.000224114	0.0050936	-2.52	0.00363781	-0.000216247	0.00364424	-3.402	-2.355462e-11
0.838	419			0.000269206	-3.24252e-05	0.000271173	-6.864	0.00164247	-4.76839e-05	0.00164319	-1.662	0.00507596	-0.000224114	0.00508073	-2.526	0.00370695	-0.000220061	0.00371338	-3.396	-2.049724e-11
0.84	420			0.000304194	-3.4869e-05	0.000306191	-6.534	0.00165487	-4.91145e-05	0.00165559	-1.698	0.00507835	-0.000225545	0.00508311	-2.538	0.0037346	-0.000222207	0.00374104	-3.402	-1.605772e-11
0.842	421			0.000285598	-3.35576e-05	0.000287564	-6.702	0.00164676	-4.75647e-05	0.00164736	-1.656	0.00507596	-0.000226975	0.00508073	-2.556	0.00372483	-0.000222207	0.0037315	-3.414	-1.693727e-11
0.844	422			0.000240893	-3.14119e-05	0.000242949	-7.428	0.00163568	-4.78032e-05	0.00163627	-1.674	0.00506929	-0.000226022	0.00507453	-2.55	0.00368644	-0.000220538	0.00369312	-3.426	-2.146053e-11
0.846	423			0.000201375	-2.90276e-05	0.000203461	-8.196	0.00161982	-4.64919e-05	0.00162054	-1.644	0.00506261	-0.000225068	0.00506786	-2.544	0.00365473	-0.000218869	0.00366141	-3.426	-1.915703e-11
0.848	424			0.000158013	-2.52427e-05	0.000160039	-9.066	0.00159014	-4.52998e-05	0.00159086	-1.632	0.00506166	-0.000226022	0.0050669	-2.55	0.00363757	-0.000216008	0.003644	-3.396	-1.70629e-11
0.85	425			0.000132442	-2.32161e-05	0.000134469	-9.936	0.00156928	-4.5419e-05	0.00156987	-1.656	0.00505832	-0.000226499	0.00506356	-2.562	0.00363041	-0.000215293	0.00363661	-3.39	-2.217252e-11
0.852	426			0.000133903	-2.31267e-05	0.00013587	-9.792	0.00156785	-4.43461e-05	0.00156844	-1.62	0.00505498	-0.000225068	0.00506023	-2.544	0.00362875	-0.000215054	0.00363518	-3.39	-2.229815e-11
0.854	427			0.000118316	-2.13684e-05	0.000120223	-10.23	0.00154603	-4.32732e-05	0.00154663	-1.602	0.00504735	-0.000225545	0.0050526	-2.556	0.00362827	-0.000214339	0.00363447	-3.378	-1.823564e-11
0.856	428			0.000105471	-2.09511e-05	0.000107497	-11.226	0.00153209	-4.35116e-05	0.00153268	-1.62	0.00505021	-0.000225068	0.00505498	-2.544	0.00363161	-0.000212909	0.00363757	-3.354	-1.446623e-11
0.858	429			8.28211e-05	-1.95206e-05	8.50861e-05	-13.254	0.00150193	-4.05314e-05	0.00150252	-1.548	0.00505355	-0.000225068	0.00505832	-2.55	0.00364091	-0.000214339	0.00364734	-3.372	-1.882197e-11
0.86	430			7.22115e-05	-1.96995e-05	7.48341e-05	-15.258	0.0014726	-3.96969e-05	0.00147308	-1.542	0.00505117	-0.000224114	0.00505593	-2.538	0.00365712	-0.000215054	0.00366355	-3.366	-1.932454e-11
0.862	431			5.70419e-05	-1.79709e-05	5.97837e-05	-17.46	0.00144375	-3.75512e-05	0.00144423	-1.488	0.00505069	-0.000225068	0.00505546	-2.55	0.00367118	-0.000215531	0.00367738	-3.36	-1.702105e-11
0.864	432			4.71773e-05	-1.74941e-05	5.03066e-05	-20.31	0.00142694	-3.82664e-05	0.00142754	-1.536	0.00504401	-0.000225545	0.00504926	-2.556	0.00367309	-0.000216008	0.00367929	-3.366	-2.012034e-11
0.866	433			3.92871e-05	-1.71663e-05	4.28709e-05	-23.592	0.00142515	-3.69551e-05	0.00142563	-1.482	0.00504449	-0.000226022	0.00504926	-2.562	0.00366689	-0.000216962	0.00367309	-3.384	-1.986905e-11
0.868	434			3.13672e-05	-1.70247e-05	3.56885e-05	-28.482	0.00143433	-3.69551e-05	0.00143481	-1.47	0.0050545	-0.000227452	0.00505927	-2.568	0.00366069	-0.000216485	0.00366689	-3.384	-1.823561e-11
0.87	435			2.94895e-05	-1.61679e-05	3.36247e-05	-28.728	0.00143731	-3.62399e-05	0.00143779	-1.44	0.00505736	-0.000226975	0.00506261	-2.568	0.00365879	-0.000217677	0.00366522	-3.402	-1.953395e-11
0.872	436			3.02644e-05	-1.59071e-05	3.41909e-05	-27.726	0.00144506	-3.76704e-05	0.00144554	-1.488	0.00506595	-0.000228883	0.00507072	-2.586	0.00365926	-0.000217677	0.0036657	-3.402	-2.099983e-11
0.874	437			2.88637e-05	-1.67416e-05	3.33639e-05	-30.108	0.00144971	-3.73127e-05	0.00145007	-1.47	0.00506976	-0.000228406	0.00507501	-2.574	0.00365855	-0.000218631	0.00366499	-3.42	-1.848693e-11
0.876	438			2.58685e-05	-1.68012e-05	3.08382e-05	-32.994	0.00145031	-3.76704e-05	0.00145067	-1.482	0.00507167	-0.000228406	0.00507692	-2.58	0.0036564	-0.000218392	0.00366308	-3.42	-1.986902e-11
0.878	439			1.77474e-05	-1.60263e-05	2.3909e-05	-42.06	0.0014509	-3.5763e-05	0.00145126	-1.41	0.00507167	-0.000228406	0.00507644	-2.58	0.0036483	-0.000218631	0.00365473	-3.426	-1.785869e-11
0.88	440			2.93182e-06	-1.52664e-05	1.55458e-05	-79.122	0.00145222	-3.70743e-05	0.00145269	-1.464	0.00507262	-0.00022936	0.00507787	-2.586	0.00363304	-0.0002172	0.00363947	-3.42	-1.764926e-11
0.882	441			-1.09897e-06	-1.47448e-05	1.4782e-05	-94.254	0.00145317	-3.70743e-05	0.00145365	-1.464	0.00507215	-0.00022936	0.00507692	-2.586	0.00362636	-0.0002172	0.0036328	-3.426	-1.96596e-11
0.884	442			-2.47733e-06	-1.46554e-05	1.48565e-05	-99.594	0.00145222	-3.62399e-05	0.00145269	-1.428	0.00507167	-0.000229836	0.00507692	-2.592	0.00362565	-0.000217677	0.00363208	-3.432	-1.89476e-11
0.886	443			-1.30013e-06	-1.56165e-05	1.56687e-05	-94.746	0.00145508	-3.60014e-05	0.00145555	-1.416	0.00507358	-0.000228883	0.00507835	-2.58	0.00362541	-0.000218869	0.00363208	-3.456	-1.71048e-11
0.888	444			-1.06172e-06	-1.49496e-05	1.49795e-05	-94.056	0.00145841	-3.67167e-05	0.00145889	-1.44	0.00507548	-0.000229836	0.00508073	-2.592	0.00362445	-0.000219108	0.00363113	-3.456	-1.609965e-11
0.89	445			1.55345e-06	-1.5352e-05	1.54265e-05	-84.21	0.00146509	-3.75512e-05	0.00146557	-1.464	0.0050793	-0.000230313	0.00508502	-2.592	0.00362398	-0.000218392	0.00363041	-3.45	-1.802623e-11
0.892	446			6.713e-06	-1.53297e-05	1.67304e-05	-66.348	0.00147141	-3.74319e-05	0.00147188	-1.452	0.00508502	-0.000231267	0.00509027	-2.598	0.00362827	-0.000219823	0.00363494	-3.462	-1.484317e-11
0.894	447			1.75537e-05	-1.69427e-05	2.4397e-05	-43.98	0.00146473	-3.73127e-05	0.00146521	-1.452	0.00508597	-0.000231267	0.0050917	-2.598	0.00364424	-0.0002203	0.00365092	-3.456	-1.760738e-11
0.896	448			3.41723e-05	-1.7725e-05	3.84974e-05	-27.408	0.00143123	-3.43325e-05	0.00143171	-1.374	0.00508502	-0.00022936	0.00509027	-2.58	0.00368978	-0.000222684	0.00369646	-3.45	-2.388966e-11
0.898	449			5.42107e-05	-1.90252e-05	5.74479e-05	-19.338	0.00135279	-2.94448e-05	0.00135315	-1.242	0.00507835	-0.00022936	0.00508359	-2.58	0.00377823	-0.000228168	0.00378515	-3.456	-1.568082e-11
0.9	450			6.12405e-05	-2.01949e-05	6.44815e-05	-18.252	0.00126684	-2.47956e-05	0.00126708	-1.116	0.00507501	-0.000228406	0.00507978	-2.574	0.00386931	-0.000233413	0.00387646	-3.45	-1.790057e-11
0.902	451			4.73897e-05	-1.88501e-05	5.09995e-05	-21.69	0.00121117	-2.26499e-05	0.00121129	-1.068	0.00507358	-0.000228883	0.00507882	-2.58	0.0039151	-0.00023532	0.00392202	-3.438	-1.940829e-11
0.904	452			2.63565e-05	-1.78107e-05	3.18105e-05	-34.044	0.00118686	-2.0981e-05	0.00118697	-1.008	0.0050731	-0.000226975	0.00507835	-2.556	0.00391963	-0.000234843	0.00392655	-3.426	-2.049726e-11
0.906	453			9.08232e-06	-1.71961e-05	1.94424e-05	-62.154	0.00117672	-2.0981e-05	0.00117696	-1.014	0.00507215	-0.000227452	0.00507692	-2.562	0.00391248	-0.000234128	0.00391939	-3.42	-1.940834e-11
0.908	454			2.01167e-07	-1.63877e-05	1.63839e-05	-89.286	0.00117517	-2.06233e-05	0.00117529	-1.002	0.00507167	-0.000227452	0.00507692	-2.562	0.00390771	-0.000233174	0.00391462	-3.414	-2.380591e-11
0.91	455			-4.61938e-07	-1.57506e-05	1.57544e-05	-91.674	0.00117517	-2.11002e-05	0.00117541	-1.026	0.0050731	-0.000226975	0.00507835	-2.556	0.00390436	-0.000232459	0.00391129	-3.408	-1.450809e-11
0.912	456			-1.41934e-06	-1.70806e-05	1.71365e-05	-94.74	0.00117577	-2.16962e-05	0.00117589	-1.056	0.00507262	-0.000227452	0.00507787	-2.562	0.0039046	-0.000232221	0.00391153	-3.402	-2.401535e-11
0.914	457			-1.8254e-06	-1.6343e-05	1.64361e-05	-96.366	0.00117756	-2.14578e-05	0.0011778	-1.044	0.00507501	-0.000226499	0.00508025	-2.55	0.00390436	-0.000232221	0.00391129	-3.402	-1.957585e-11
0.916	458			-1.75462e-06	-1.62908e-05	1.63802e-05	-96.144	0.0011834	-2.22923e-05	0.00118364	-1.074	0.00508073	-0.000228406	0.00508597	-2.568	0.00390507	-0.000230552	0.00391176	-3.378	-1.438247e-11
0.918	459			-1.51993e-06	-1.64063e-05	1.64734e-05	-95.28	0.00119186	-2.37228e-05	0.0011921	-1.14	0.00508931	-0.000227452	0.00509456	-2.556	0.00390483	-0.000230313	0.00391176	-3.372	-1.991091e-11
0.92	460			-1.26661e-06	-1.80119e-05	1.80491e-05	-94.014	0.00119174	-2.27691e-05	0.00119198	-1.092	0.00508884	-0.000226499	0.0050936	-2.544	0.00390483	-0.000231029	0.00391176	-3.384	-1.258155e-11
0.922	461			-2.50341e-06	-1.80193e-05	1.81907e-05	-97.908	0.00119198	-2.18154e-05	0.00119222	-1.05	0.00509074	-0.000225545	0.00509599	-2.532	0.00390483	-0.000231505	0.00391176	-3.396	-2.070664e-11
0.924	462			-1.87383e-06	-1.84664e-05	1.85558e-05	-95.79	0.00122476	-2.31267e-05	0.001225	-1.08	0.0051246	-0.000227452	0.00512937	-2.538	0.00390507	-0.000231505	0.003912	-3.396	-1.752361e-11
0.926	463			-2.55929e-06	-1.83583e-05	1.85297e-05	-97.926	0.00132943	-2.99216e-05	0.00132979	-1.284	0.00522855	-0.000233651	0.00523379	-2.556	0.00390483	-0.000232221	0.00391176	-3.402	-1.777493e-11
0.928	464			-2.61889e-06	-1.92971e-05	1.94722e-05	-97.722	0.00140477	-3.40941e-05	0.00140513	-1.386	0.0053058	-0.000236989	0.00531104	-2.556	0.00390507	-0.00023389	0.003912	-3.426	-1.806808e-11
0.93	465			-2.32832e-06	-1.93828e-05	1.95169e-05	-96.846	0.00155724	-4.20811e-05	0.00155772	-1.542	0.00545886	-0.000246527	0.00546458	-2.586	0.00390436	-0.000233413	0.00391153	-3.42	-2.012032e-11
0.932	466			-2.73065e-06	-1.98894e-05	2.00757e-05	-97.818	0.00166834	-4.79224e-05	0.00166906	-1.644	0.00556663	-0.000252249	0.00557187	-2.592	0.00390436	-0.000235558	0.00391153	-3.45	-2.074853e-11
0.934	467			-1.8403e-06	-1.99677e-05	2.00459e-05	-95.268	0.00168062	-4.86376e-05	0.00168134	-1.656	0.00557855	-0.000253679	0.00558427	-2.598	0.00390555	-0.000235558	0.00391272	-3.45	-1.790055e-11
0.936	468			-2.82378e-06	-1.91816e-05	1.93828e-05	-98.376	0.00169218	-4.97105e-05	0.0016929	-1.68	0.00558904	-0.000253679	0.00559476	-2.598	0.00390436	-0.000236035	0.00391176	-3.456	-2.296831e-11
0.938	469			-1.79187e-06	-1.88613e-05	1.89395e-05	-95.424	0.0016892	-4.8876e-05	0.00168992	-1.656	0.00558665	-0.000253679	0.0055919	-2.598	0.00390436	-0.000236035	0.00391176	-3.462	-2.041349e-11
0.94	470			-1.72482e-06	-1.86899e-05	1.87681e-05	-95.268	0.00168491	-4.95913e-05	0.00168563	-1.68	0.00558284	-0.00025511	0.00558856	-2.61	0.00390483	-0.000234843	0.00391176	-3.444	-2.003654e-11
0.942	471			-8.38194e-07	-1.77586e-05	1.77735e-05	-92.7	0.00167561	-4.80416e-05	0.00167621	-1.638	0.00557092	-0.00025511	0.00557664	-2.616	0.00390364	-0.00023532	0.00391057	-3.45	-2.338708e-11
0.944	472			-1.98187e-06	-1.70955e-05	1.72035e-05	-96.606	0.00166107	-4.75647e-05	0.00166167	-1.638	0.00555852	-0.000253202	0.00556424	-2.604	0.0039046	-0.00023389	0.00391176	-3.426	-2.146053e-11
0.946	473			-1.25543e-06	-1.69129e-05	1.69539e-05	-94.236	0.00164426	-4.69687e-05	0.00164498	-1.632	0.0055404	-0.000252249	0.00554612	-2.604	0.00390531	-0.000233651	0.00391224	-3.42	-2.154427e-11
0.948	474			-1.70619e-06	-1.66708e-05	1.67527e-05	-95.832	0.00160945	-4.41077e-05	0.00161017	-1.566	0.00550511	-0.000250341	0.00551084	-2.598	0.00390531	-0.000233651	0.00391224	-3.42	-1.626715e-11
0.95	475			-2.0303e-06	-1.61791e-05	1.6302e-05	-97.14	0.00160886	-4.48229e-05	0.00160945	-1.59	0.00550607	-0.000251295	0.00551179	-2.61	0.00390507	-0.00023389	0.003912	-3.426	-2.012032e-11
0.952	476			-1.31131e-06	-1.66373e-05	1.66857e-05	-94.5	0.00161958	-4.55382e-05	0.0016203	-1.608	0.00551656	-0.000251772	0.00552228	-2.61	0.0039046	-0.000233413	0.00391176	-3.42	-1.731421e-11
0.954	477			-2.0154e-06	-1.71663e-05	1.72817e-05	-96.69	0.00162328	-4.58958e-05	0.00162388	-1.614	0.00552133	-0.000252249	0.00552657	-2.61	0.00390436	-0.000234128	0.00391153	-3.432	-2.070668e-11
0.956	478			-4.76841e-07	-1.7278e-05	1.72817e-05	-91.572	0.00163723	-4.61342e-05	0.00163794	-1.614	0.00553277	-0.000252726	0.00553849	-2.616	0.00390388	-0.000234843	0.00391081	-3.444	-2.03297e-11
0.958	479			1.20328e-06	-1.80454e-05	1.8079e-05	-86.184	0.00163615	-4.5419e-05	0.00163675	-1.59	0.00553086	-0.000252249	0.00553659	-2.61	0.0039046	-0.00023532	0.00391176	-3.45	-1.714669e-11
0.96	480			6.42988e-06	-1.75686e-05	1.87048e-05	-69.888	0.00166262	-4.6015e-05	0.00166322	-1.584	0.00555566	-0.000254156	0.00556138	-2.616	0.00390843	-0.000236512	0.00391558	-3.462	-1.676971e-11
0.962	481			2.16068e-05	-1.88985e-05	2.87035e-05	-41.166	0.00168455	-4.75647e-05	0.00168515	-1.614	0.00557664	-0.000256063	0.00558284	-2.628	0.00392035	-0.000238896	0.00392774	-3.486	-1.836126e-11
0.964	482			5.36258e-05	-2.05339e-05	5.74219e-05	-20.952	0.00171245	-4.74455e-05	0.00171316	-1.584	0.00560382	-0.000258448	0.00560954	-2.64	0.00395158	-0.000241519	0.00395873	-3.498	-1.798433e-11
0.966	483			0.000115179	-2.32534e-05	0.000117504	-11.412	0.00173069	-4.85184e-05	0.00173128	-1.602	0.00562623	-0.000260355	0.00563243	-2.646	0.00401142	-0.000247719	0.00401905	-3.528	-1.635092e-11
0.968	484			0.00018295	-2.73661e-05	0.000184984	-8.508	0.00172532	-4.6015e-05	0.00172592	-1.524	0.00563768	-0.000261309	0.00564387	-2.652	0.00409606	-0.000253202	0.00410393	-3.534	-2.146052e-11
0.97	485			0.000236989	-3.09946e-05	0.000239016	-7.446	0.00171018	-4.47037e-05	0.00171078	-1.494	0.00563815	-0.000259401	0.00564387	-2.628	0.00416759	-0.000257494	0.00417545	-3.534	-2.376407e-11
0.972	486			0.000247957	-3.12033e-05	0.000249894	-7.17	0.00168563	-4.39885e-05	0.00168622	-1.494	0.00563863	-0.000260832	0.00564435	-2.646	0.00420716	-0.000260355	0.00421503	-3.54	-1.400557e-11
0.974	487			0.000231565	-2.99515e-05	0.000233502	-7.368	0.00165392	-4.24387e-05	0.00165451	-1.47	0.00563768	-0.000261309	0.00564387	-2.652	0.00422338	-0.000260832	0.00423148	-3.534	-1.589023e-11
0.976	488			0.000223429	-3.00111e-05	0.000225426	-7.644	0.00164223	-4.18427e-05	0.00164283	-1.458	0.0056372	-0.000260355	0.00564292	-2.64	0.00422791	-0.000260355	0.00423601	-3.522	-1.84869e-11
0.978	489			0.000212074	-3.01303e-05	0.00021422	-8.082	0.00162721	-4.16043e-05	0.00162781	-1.464	0.00563625	-0.000259878	0.00564197	-2.64	0.00422934	-0.000260593	0.0042372	-3.522	-1.91989e-11
0.98	490			0.000211419	-2.94448e-05	0.000213445	-7.926	0.00162566	-4.13659e-05	0.00162614	-1.458	0.00563481	-0.000259878	0.00564054	-2.64	0.00422958	-0.000260832	0.00423744	-3.528	-1.639285e-11
0.982	491			0.000191362	-2.8819e-05	0.000193537	-8.556	0.0016048	-3.96969e-05	0.00160528	-1.416	0.00563434	-0.000259401	0.00564054	-2.634	0.00423124	-0.000260355	0.00423911	-3.522	-1.77749e-11
0.984	492			0.000171692	-2.6405e-05	0.000173719	-8.742	0.00157631	-3.8624e-05	0.00157679	-1.404	0.00563386	-0.000259878	0.00564006	-2.64	0.00423816	-0.000259878	0.00424603	-3.51	-1.509447e-11
0.986	493			0.000152321	-2.56599e-05	0.000154466	-9.558	0.00152136	-3.54054e-05	0.00152183	-1.332	0.00563386	-0.000259401	0.00563958	-2.634	0.0042682	-0.000262024	0.00427607	-3.51	-2.179556e-11
0.988	494			0.000138582	-2.61964e-05	0.000141055	-10.698	0.00146521	-3.24252e-05	0.00146557	-1.266	0.00563529	-0.000259401	0.00564101	-2.634	0.00431469	-0.000264646	0.0043228	-3.51	-2.112548e-11
0.99	495			0.000110895	-2.40506e-05	0.000113458	-12.228	0.00143255	-3.17099e-05	0.0014329	-1.266	0.00563434	-0.000259878	0.00564054	-2.64	0.00432327	-0.000263216	0.00433138	-3.48	-1.857069e-11
0.992	496			9.61726e-05	-2.25605e-05	9.87654e-05	-13.188	0.00141717	-3.18291e-05	0.00141741	-1.284	0.00563386	-0.000260832	0.00564006	-2.646	0.0043228	-0.000263454	0.0043309	-3.486	-1.781683e-11
0.994	497			8.59504e-05	-2.21432e-05	8.87518e-05	-14.424	0.00141168	-3.0637e-05	0.00141204	-1.242	0.00563386	-0.000259401	0.00563958	-2.634	0.00431994	-0.000263216	0.00432804	-3.486	-1.756554e-11
0.996	498			7.20923e-05	-2.19644e-05	7.53407e-05	-16.932	0.00141049	-3.09946e-05	0.00141085	-1.254	0.00563386	-0.000259401	0.00563958	-2.634	0.00430682	-0.000262262	0.00431469	-3.48	-1.940833e-11
0.998	499			5.70717e-05	-2.02061e-05	6.05586e-05	-19.464	0.00141061	-3.00409e-05	0.00141097	-1.218	0.00563386	-0.000258924	0.00564006	-2.628	0.00429156	-0.000262262	0.00429943	-3.498	-1.961772e-11
1.0	500			4.55084e-05	-1.94014e-05	4.94721e-05	-23.076	0.00141073	-2.98024e-05	0.00141109	-1.206	0.00563386	-0.000259401	0.00564006	-2.634	0.00427964	-0.000260593	0.00428775	-3.48	-1.513637e-11
