variable x	variable x count			lockin1 x	lockin1 y	lockin1 r	lockin1 phi	lockin2 x	lockin2 y	lockin2 r	lockin2 phi	lockin3 x	lockin3 y	lockin3 r	lockin3 phi	smu1 meas	


0.0	0			4.04383e-05	-1.84403e-06	4.04792e-05	-2.61	1.43052e-06	-8.94073e-07	1.60933e-06	-31.158	4.1269e-05	8.94073e-07	4.12764e-05	1.248	-2.037131e-11
0.0025	1			4.08182e-05	-1.89991e-06	4.08592e-05	-2.658	-1.57357e-05	9.23876e-07	1.57357e-05	176.598	4.02781e-05	-4.32135e-07	4.02781e-05	-0.606	-2.548091e-11
0.005	2			3.9574e-05	-2.07128e-06	3.96261e-05	-2.994	-3.31404e-05	8.34469e-07	3.31479e-05	178.548	3.94064e-05	1.06544e-06	3.94213e-05	1.548	-2.522966e-11
0.0075	3			3.72978e-05	-2.60399e-06	3.73872e-05	-3.99	-4.91368e-05	1.53483e-06	4.91517e-05	178.206	3.72755e-05	1.43052e-06	3.72978e-05	2.202	-2.041319e-11
0.01	4			3.57109e-05	-1.86265e-06	3.57593e-05	-2.982	-6.49844e-05	2.60027e-06	6.50291e-05	177.702	3.82515e-05	3.72531e-07	3.82515e-05	0.558	-1.869605e-11
0.0125	5			3.5357e-05	-2.06383e-06	3.54166e-05	-3.342	-8.41026e-05	3.45708e-06	8.41697e-05	177.642	3.62324e-05	7.52512e-07	3.62399e-05	1.188	-2.179523e-11
0.015	6			3.52936e-05	-1.96697e-06	3.53458e-05	-3.192	-9.9272e-05	4.17235e-06	9.9354e-05	177.594	3.76704e-05	9.08974e-07	3.76778e-05	1.386	-2.493634e-11
0.0175	7			3.55321e-05	-2.44008e-06	3.56177e-05	-3.93	-0.000110865	5.25269e-06	0.000110984	177.288	3.64783e-05	1.51993e-06	3.65155e-05	2.394	-2.46851e-11
0.02	8			3.42357e-05	-2.10108e-06	3.4299e-05	-3.51	-0.000127287	5.85619e-06	0.000127413	177.366	3.68359e-05	1.84775e-06	3.68806e-05	2.88	-1.936613e-11
0.0225	9			3.42729e-05	-3.07338e-06	3.44107e-05	-5.118	-0.000142635	5.99775e-06	0.000142754	177.594	3.659e-05	2.45871e-06	3.66645e-05	3.846	-1.919861e-11
0.025	10			3.55917e-05	-1.96324e-06	3.56475e-05	-3.15	-0.000160188	6.96632e-06	0.000160337	177.51	3.67912e-05	1.86265e-06	3.68359e-05	2.904	-1.877981e-11
0.0275	11			3.58077e-05	-2.24636e-06	3.58785e-05	-3.582	-0.000172474	7.21964e-06	0.000172623	177.606	3.67688e-05	1.47522e-06	3.67912e-05	2.304	-2.141838e-11
0.03	12			3.49472e-05	-2.93554e-06	3.50701e-05	-4.794	-0.000189007	8.73214e-06	0.000189186	177.354	3.68583e-05	2.33205e-06	3.69253e-05	3.624	-2.514582e-11
0.0325	13			3.49062e-05	-2.86476e-06	3.50217e-05	-4.686	-0.000204832	8.16589e-06	0.000204981	177.714	3.70445e-05	1.98187e-06	3.71041e-05	3.072	-2.20047e-11
0.035	14			3.44852e-05	-3.3714e-06	3.46492e-05	-5.58	-0.000223429	1.02819e-05	0.000223608	177.36	3.67614e-05	2.22774e-06	3.68285e-05	3.474	-2.012002e-11
0.0375	15			3.46045e-05	-3.58747e-06	3.47907e-05	-5.916	-0.00023526	1.06991e-05	0.000235469	177.39	3.72159e-05	1.46777e-06	3.72382e-05	2.268	-2.062257e-11
0.04	16			3.54389e-05	-3.27454e-06	3.55917e-05	-5.28	-0.000253649	1.14442e-05	0.000253888	177.414	3.75661e-05	2.58537e-06	3.76555e-05	3.936	-2.65698e-11
0.0425	17			3.48317e-05	-3.41611e-06	3.49956e-05	-5.598	-0.000267358	1.207e-05	0.000267597	177.414	3.77598e-05	1.92971e-06	3.78045e-05	2.928	-1.676949e-11
0.045	18			3.52452e-05	-3.55022e-06	3.5424e-05	-5.748	-0.000285925	1.31429e-05	0.000286194	177.366	3.76704e-05	2.40655e-06	3.77449e-05	3.666	-2.120892e-11
0.0475	19			3.52154e-05	-3.3118e-06	3.53719e-05	-5.37	-0.000298979	1.37389e-05	0.000299247	177.366	3.88476e-05	2.01167e-06	3.88997e-05	2.964	-2.309366e-11
0.05	20			3.4515e-05	-3.88923e-06	3.47348e-05	-6.426	-0.000314893	1.4931e-05	0.000315191	177.288	3.811e-05	3.15161e-06	3.82441e-05	4.728	-2.079012e-11
0.0525	21			3.51819e-05	-4.0755e-06	3.54166e-05	-6.606	-0.000330837	1.4633e-05	0.000331106	177.462	3.85123e-05	3.85943e-06	3.8706e-05	5.73	-2.698864e-11
0.055	22			3.43511e-05	-4.14628e-06	3.46007e-05	-6.876	-0.000346782	1.59444e-05	0.00034711	177.366	3.80802e-05	3.47944e-06	3.82441e-05	5.22	-2.242351e-11
0.0575	23			3.43251e-05	-4.14628e-06	3.45747e-05	-6.882	-0.000361415	1.63914e-05	0.000361742	177.402	3.91158e-05	3.05475e-06	3.9235e-05	4.47	-1.752333e-11
0.06	24			3.5573e-05	-4.88388e-06	3.59083e-05	-7.818	-0.000378521	1.71961e-05	0.000378879	177.396	3.81845e-05	3.99354e-06	3.83856e-05	5.982	-1.773277e-11
0.0625	25			3.4176e-05	-4.35489e-06	3.44517e-05	-7.26	-0.000394078	1.82391e-05	0.000394465	177.348	3.93467e-05	3.68805e-06	3.95181e-05	5.364	-1.936616e-11
0.065	26			3.42841e-05	-3.84825e-06	3.45001e-05	-6.402	-0.000409784	1.88054e-05	0.000410171	177.372	3.91456e-05	3.6657e-06	3.93244e-05	5.352	-2.108327e-11
0.0675	27			3.56513e-05	-5.87854e-06	3.61318e-05	-9.36	-0.000425698	1.89246e-05	0.000426086	177.456	4.036e-05	4.17235e-06	4.05761e-05	5.904	-1.953367e-11
0.07	28			3.52005e-05	-5.55816e-06	3.56364e-05	-8.97	-0.000441493	2.08617e-05	0.00044197	177.294	3.98087e-05	3.67315e-06	3.99726e-05	5.28	-2.263291e-11
0.0725	29			3.49397e-05	-5.20426e-06	3.53272e-05	-8.472	-0.00046015	2.09213e-05	0.000460567	177.39	4.01589e-05	3.79236e-06	4.03377e-05	5.394	-1.93661e-11
0.075	30			3.48466e-05	-4.71997e-06	3.51632e-05	-7.71	-0.000472547	2.17558e-05	0.000472965	177.36	3.97491e-05	4.20961e-06	3.99651e-05	6.048	-1.99106e-11
0.0775	31			3.53421e-05	-5.7109e-06	3.58003e-05	-9.174	-0.000489417	2.30075e-05	0.000489894	177.306	4.08592e-05	5.64757e-06	4.12466e-05	7.878	-2.058069e-11
0.08	32			3.46194e-05	-6.44478e-06	3.52117e-05	-10.542	-0.000505034	2.28287e-05	0.000505451	177.414	4.06581e-05	4.1798e-06	4.08741e-05	5.868	-1.949178e-11
0.0825	33			3.43735e-05	-6.10205e-06	3.49099e-05	-10.062	-0.000520591	2.43188e-05	0.000521068	177.318	4.00993e-05	4.1351e-06	4.03153e-05	5.892	-2.196281e-11
0.085	34			3.40121e-05	-5.76678e-06	3.44964e-05	-9.618	-0.000535492	2.39612e-05	0.000535969	177.432	4.00322e-05	4.1351e-06	4.02483e-05	5.904	-1.718828e-11
0.0875	35			3.61579e-05	-6.3591e-06	3.67092e-05	-9.972	-0.000552479	2.51533e-05	0.000553016	177.39	4.27293e-05	4.74605e-06	4.29975e-05	6.348	-2.217223e-11
0.09	36			3.37141e-05	-5.73325e-06	3.41984e-05	-9.648	-0.000568453	2.65838e-05	0.00056899	177.318	4.06655e-05	5.36445e-06	4.10231e-05	7.518	-2.120896e-11
0.0925	37			3.17956e-05	-5.82266e-06	3.23246e-05	-10.374	-0.00058401	2.67626e-05	0.000584546	177.372	3.78566e-05	5.21544e-06	3.82143e-05	7.848	-2.066447e-11
0.095	38			3.30138e-05	-7.46179e-06	3.38482e-05	-12.732	-0.000598852	2.70606e-05	0.000599388	177.414	3.8788e-05	5.49111e-06	3.91754e-05	8.058	-2.074821e-11
0.0975	39			3.22687e-05	-6.33675e-06	3.28871e-05	-11.112	-0.000615064	2.83123e-05	0.00061566	177.36	3.84601e-05	5.72208e-06	3.88848e-05	8.466	-2.200468e-11
0.1	40			3.31516e-05	-7.28297e-06	3.39414e-05	-12.384	-0.000630204	3.00409e-05	0.000630859	177.27	3.82813e-05	5.03662e-06	3.86166e-05	7.5	-2.451762e-11
0.1025	41			3.17919e-05	-6.81359e-06	3.25183e-05	-12.096	-0.00064588	2.90276e-05	0.000646476	177.426	3.75512e-05	5.46876e-06	3.7946e-05	8.292	-1.660197e-11
0.105	42			2.97279e-05	-6.80241e-06	3.04953e-05	-12.882	-0.000662986	3.12927e-05	0.000663642	177.3	3.52638e-05	6.39263e-06	3.58375e-05	10.278	-2.292607e-11
0.1075	43			3.02122e-05	-6.91789e-06	3.09946e-05	-12.894	-0.000680152	3.18291e-05	0.000680808	177.318	3.59493e-05	6.19891e-06	3.64783e-05	9.786	-2.003624e-11
0.11	44			3.21122e-05	-7.29042e-06	3.29318e-05	-12.786	-0.000696007	3.27232e-05	0.000696722	177.306	4.01738e-05	6.0946e-06	4.06357e-05	8.634	-1.656001e-11
0.1125	45			3.74021e-05	-7.30905e-06	3.811e-05	-11.052	-0.000710133	3.21867e-05	0.000710789	177.402	4.80192e-05	6.32557e-06	4.84365e-05	7.506	-1.953365e-11
0.115	46			3.35353e-05	-7.07436e-06	3.42692e-05	-11.91	-0.000725213	3.38557e-05	0.000725988	177.324	4.28038e-05	6.0797e-06	4.32285e-05	8.082	-2.254912e-11
0.1175	47			2.32981e-05	-7.15631e-06	2.4371e-05	-17.064	-0.000743929	3.46305e-05	0.000744704	177.33	2.85656e-05	6.64595e-06	2.93331e-05	13.11	-2.003623e-11
0.12	48			3.12219e-05	-7.54374e-06	3.2116e-05	-13.584	-0.000759128	3.54054e-05	0.000759903	177.324	3.97267e-05	6.6534e-06	4.02781e-05	9.516	-2.020374e-11
0.1225	49			3.74916e-05	-7.90512e-06	3.83148e-05	-11.904	-0.000770811	3.52862e-05	0.000771526	177.378	4.79894e-05	6.38518e-06	4.84067e-05	7.578	-1.978497e-11
0.125	50			2.51943e-05	-7.58472e-06	2.63118e-05	-16.752	-0.00078911	3.64783e-05	0.000789884	177.354	3.2306e-05	7.13023e-06	3.30883e-05	12.45	-2.430817e-11
0.1275	51			3.4217e-05	-7.78219e-06	3.50887e-05	-12.81	-0.000807408	3.76108e-05	0.000808243	177.33	4.48229e-05	7.44316e-06	4.54339e-05	9.432	-2.317739e-11
0.13	52			3.01079e-05	-6.82849e-06	3.08717e-05	-12.774	-0.000817422	3.77896e-05	0.000818197	177.354	3.68061e-05	7.66671e-06	3.76033e-05	11.772	-2.003624e-11
0.1325	53			2.75822e-05	-8.04296e-06	2.87296e-05	-16.248	-0.000838224	3.95777e-05	0.000839118	177.294	3.55321e-05	8.79919e-06	3.66049e-05	13.92	-1.568053e-11
0.135	54			3.8516e-05	-7.84179e-06	3.93058e-05	-11.508	-0.000848535	3.95777e-05	0.00084937	177.33	5.08728e-05	7.18239e-06	5.13794e-05	8.04	-2.472697e-11
0.1375	55			2.39128e-05	-8.06531e-06	2.5239e-05	-18.63	-0.000870589	4.0591e-05	0.000871424	177.33	3.08754e-05	7.55492e-06	3.17919e-05	13.758	-2.070633e-11
0.14	56			4.2666e-05	-8.73959e-06	4.35526e-05	-11.574	-0.00088102	4.17831e-05	0.000881974	177.282	5.56039e-05	7.04083e-06	5.6051e-05	7.224	-2.166961e-11
0.1425	57			2.23668e-05	-8.75449e-06	2.40171e-05	-21.372	-0.000901941	4.27964e-05	0.000902776	177.282	2.96981e-05	9.05996e-06	3.10543e-05	16.974	-2.707234e-11
0.145	58			4.29007e-05	-1.00919e-05	4.40704e-05	-13.236	-0.000910524	4.27964e-05	0.000911359	177.306	5.41734e-05	7.86787e-06	5.47396e-05	8.268	-1.568053e-11
0.1475	59			2.31006e-05	-8.63156e-06	2.46615e-05	-20.484	-0.000935081	4.375e-05	0.000935916	177.312	3.21867e-05	9.43994e-06	3.35502e-05	16.356	-1.739769e-11
0.15	60			3.47348e-05	-9.04879e-06	3.58934e-05	-14.598	-0.000939969	4.375e-05	0.000940803	177.33	4.15074e-05	8.13609e-06	4.23046e-05	11.094	-2.636037e-11
0.1525	61			2.94895e-05	-8.82155e-06	3.07786e-05	-16.65	-0.000967268	4.44653e-05	0.000968102	177.366	4.02632e-05	8.1808e-06	4.10902e-05	11.49	-2.2591e-11
0.155	62			1.80864e-05	-8.91095e-06	2.01651e-05	-26.22	-0.000974897	4.63726e-05	0.00097597	177.27	2.42369e-05	9.84973e-06	2.61591e-05	22.122	-2.179526e-11
0.1575	63			4.78739e-05	-1.01552e-05	4.89356e-05	-11.976	-0.000998147	4.64919e-05	0.000999101	177.33	5.81446e-05	8.39686e-06	5.87555e-05	8.22	-2.321925e-11
0.16	64			1.55383e-05	-8.70606e-06	1.7807e-05	-29.25	-0.00101317	4.67303e-05	0.00101412	177.354	2.43784e-05	9.87208e-06	2.63007e-05	22.05	-2.627658e-11
0.1625	65			4.06245e-05	-1.02185e-05	4.18874e-05	-14.118	-0.00101841	4.87568e-05	0.0010196	177.258	4.84514e-05	8.65763e-06	4.92188e-05	10.134	-1.689509e-11
0.165	66			3.32484e-05	-9.65229e-06	3.46231e-05	-16.182	-0.00104953	4.97105e-05	0.0010506	177.288	4.39438e-05	9.5815e-06	4.49719e-05	12.306	-1.706263e-11
0.1675	67			1.24649e-05	-8.79547e-06	1.52551e-05	-35.196	-0.00105644	5.01873e-05	0.00105751	177.276	1.96473e-05	1.06842e-05	2.23668e-05	28.536	-2.422443e-11
0.17	68			5.47993e-05	-1.06842e-05	5.58274e-05	-11.034	-0.00106729	5.01873e-05	0.00106836	177.306	6.43511e-05	8.16589e-06	6.48652e-05	7.23	-2.187898e-11
0.1725	69			2.79696e-05	-9.48837e-06	2.95342e-05	-18.732	-0.00109697	5.14986e-05	0.00109804	177.306	3.8557e-05	1.01925e-05	3.98832e-05	14.808	-1.936611e-11
0.175	70			1.16192e-05	-1.06283e-05	1.57432e-05	-42.444	-0.00110162	5.16179e-05	0.00110269	177.312	1.86415e-05	1.00285e-05	2.11672e-05	28.284	-2.028749e-11
0.1775	71			5.57008e-05	-1.19135e-05	5.69636e-05	-12.072	-0.00111116	5.29292e-05	0.00111223	177.27	6.25779e-05	8.2702e-06	6.31292e-05	7.53	-1.949178e-11
0.18	72			3.14231e-05	-1.1012e-05	3.32969e-05	-19.308	-0.00114537	5.47173e-05	0.00114656	177.264	4.15223e-05	8.78429e-06	4.24387e-05	11.946	-2.355429e-11
0.1825	73			9.18662e-06	-1.00025e-05	1.35787e-05	-47.418	-0.00115145	5.41213e-05	0.00115264	177.306	1.91779e-05	1.1623e-05	2.24189e-05	31.224	-1.706262e-11
0.185	74			3.98869e-05	-1.15224e-05	4.15149e-05	-16.11	-0.00115562	5.48365e-05	0.00115681	177.282	4.18427e-05	9.70071e-06	4.29528e-05	13.062	-2.213027e-11
0.1875	75			5.18376e-05	-1.30982e-05	5.34656e-05	-14.178	-0.00119329	5.68631e-05	0.00119448	177.27	5.92994e-05	9.69326e-06	6.00892e-05	9.288	-2.045503e-11
0.19	76			1.20588e-05	-1.03526e-05	1.58922e-05	-40.638	-0.00120557	5.69823e-05	0.00120676	177.288	2.65316e-05	1.10567e-05	2.87519e-05	22.62	-1.911483e-11
0.1925	77			1.46106e-05	-1.06432e-05	1.8079e-05	-36.066	-0.00120688	5.68631e-05	0.00120819	177.3	1.80603e-05	1.1623e-05	2.14801e-05	32.766	-2.179522e-11
0.195	78			6.86054e-05	-1.26139e-05	6.97565e-05	-10.416	-0.00122262	5.8532e-05	0.00122381	177.258	7.39102e-05	9.61876e-06	7.45361e-05	7.416	-1.274881e-11
0.1975	79			3.74916e-05	-1.17645e-05	3.92946e-05	-17.418	-0.00125993	5.96049e-05	0.00126124	177.288	4.56425e-05	1.07661e-05	4.68942e-05	13.278	-2.26329e-11
0.2	80			9.03016e-06	-1.04383e-05	1.38023e-05	-49.122	-0.00126708	5.97241e-05	0.00126839	177.3	2.48776e-05	1.18614e-05	2.75598e-05	25.5	-1.907293e-11
0.2025	81			1.60636e-05	-1.13249e-05	1.96585e-05	-35.172	-0.00126863	5.92472e-05	0.00126982	177.324	1.8932e-05	1.26064e-05	2.27467e-05	33.672	-2.418252e-11
0.205	82			7.22599e-05	-1.3955e-05	7.35936e-05	-10.926	-0.00128318	6.06778e-05	0.00128449	177.288	7.63168e-05	1.06916e-05	7.70618e-05	7.974	-2.271667e-11
0.2075	83			4.54003e-05	-1.25915e-05	4.7114e-05	-15.498	-0.00132454	6.34198e-05	0.00132597	177.258	5.06865e-05	1.19731e-05	5.20798e-05	13.296	-2.162772e-11
0.21	84			9.5517e-06	-1.13585e-05	1.48379e-05	-49.932	-0.00133277	6.31814e-05	0.00133408	177.288	2.37675e-05	1.31056e-05	2.715e-05	28.884	-1.689506e-11
0.2125	85			9.71934e-06	-1.13883e-05	1.4972e-05	-49.506	-0.00133503	6.33006e-05	0.00133634	177.282	1.92748e-05	1.19582e-05	2.26797e-05	31.812	-1.96593e-11
0.215	86			4.66446e-05	-1.42195e-05	4.8768e-05	-16.95	-0.00133849	6.36582e-05	0.00133992	177.276	4.11647e-05	1.19806e-05	4.28709e-05	16.23	-1.676945e-11
0.2175	87			8.08765e-05	-1.55271e-05	8.23555e-05	-10.866	-0.00138093	6.65192e-05	0.00138248	177.24	8.42293e-05	1.08183e-05	8.49222e-05	7.32	-2.472691e-11
0.22	88			2.42518e-05	-1.14963e-05	2.68371e-05	-25.356	-0.00140489	6.62808e-05	0.0014062	177.3	3.12703e-05	1.32621e-05	3.39674e-05	22.986	-2.753305e-11
0.2225	89			5.47993e-06	-1.21445e-05	1.33217e-05	-65.7	-0.00140703	6.74729e-05	0.00140847	177.252	2.20091e-05	1.3426e-05	2.57791e-05	31.38	-2.213031e-11
0.225	90			1.28709e-05	-1.33478e-05	1.85409e-05	-46.032	-0.00140715	6.69961e-05	0.0014087	177.276	2.07351e-05	1.283e-05	2.43784e-05	31.746	-1.873789e-11
0.2275	91			5.91541e-05	-1.47299e-05	6.09609e-05	-13.98	-0.00141407	6.77113e-05	0.00141562	177.258	4.87494e-05	1.23308e-05	5.02842e-05	14.196	-1.924046e-11
0.23	92			9.10317e-05	-1.73972e-05	9.26782e-05	-10.818	-0.00146116	7.05724e-05	0.00146271	177.234	9.03388e-05	1.16379e-05	9.10838e-05	7.344	-2.087384e-11
0.2325	93			2.92213e-05	-1.33068e-05	3.21048e-05	-24.468	-0.00148714	7.20029e-05	0.00148869	177.228	3.32671e-05	1.3806e-05	3.60238e-05	22.536	-1.790024e-11
0.235	94			5.65502e-06	-1.18763e-05	1.31503e-05	-64.524	-0.00149024	7.12876e-05	0.00149179	177.258	1.698e-05	1.53856e-05	2.29181e-05	42.168	-2.058066e-11
0.2375	95			6.61614e-06	-1.25468e-05	1.4186e-05	-62.184	-0.00149072	7.14068e-05	0.00149227	177.258	2.56525e-05	1.43424e-05	2.93927e-05	29.208	-2.133456e-11
0.24	96			3.53719e-05	-1.35378e-05	3.78715e-05	-20.94	-0.00149167	7.1526e-05	0.00149322	177.252	2.91021e-05	1.44244e-05	3.24848e-05	26.364	-2.321922e-11
0.2425	97			0.000100762	-1.6533e-05	0.000102107	-9.318	-0.00151683	7.27181e-05	0.0015185	177.252	8.82079e-05	1.21967e-05	8.90498e-05	7.872	-2.196281e-11
0.245	98			7.42306e-05	-1.63541e-05	7.60113e-05	-12.42	-0.00156832	7.62944e-05	0.00157011	177.216	7.49086e-05	1.38954e-05	7.61901e-05	10.512	-2.112511e-11
0.2475	99			1.9163e-05	-1.43871e-05	2.39612e-05	-36.894	-0.00158191	7.64136e-05	0.0015837	177.228	2.29703e-05	1.49459e-05	2.74108e-05	33.06	-1.668568e-11
0.25	100			3.53532e-06	-1.33329e-05	1.37874e-05	-75.138	-0.00158299	7.54599e-05	0.00158466	177.27	1.44765e-05	1.61008e-05	2.1659e-05	48.048	-2.342859e-11
0.2525	101			5.65875e-06	-1.41524e-05	1.52365e-05	-68.196	-0.00158335	7.55792e-05	0.00158501	177.264	2.84539e-05	1.44393e-05	3.19185e-05	26.91	-2.032939e-11
0.255	102			3.30771e-05	-1.5542e-05	3.65416e-05	-25.164	-0.0015843	7.56984e-05	0.00158597	177.264	2.87817e-05	1.4864e-05	3.23954e-05	27.312	-1.739765e-11
0.2575	103			9.3576e-05	-1.88873e-05	9.5461e-05	-11.412	-0.00160063	7.64136e-05	0.0016023	177.264	7.41561e-05	1.3277e-05	7.53333e-05	10.152	-2.229789e-11
0.26	104			0.000107572	-1.89991e-05	0.000109241	-10.014	-0.00165785	8.01091e-05	0.00165976	177.234	9.87356e-05	1.25915e-05	9.95328e-05	7.266	-1.986872e-11
0.2625	105			3.92573e-05	-1.63765e-05	4.25356e-05	-22.638	-0.00168491	8.18972e-05	0.00168682	177.216	4.05388e-05	1.58922e-05	4.35489e-05	21.414	-1.96593e-11
0.265	106			7.58472e-06	-1.35676e-05	1.5542e-05	-60.786	-0.00168837	8.13012e-05	0.00169028	177.24	1.30684e-05	1.73525e-05	2.1726e-05	53.016	-1.882164e-11
0.2675	107			2.24636e-06	-1.48714e-05	1.50391e-05	-81.408	-0.00168849	8.13012e-05	0.00169028	177.24	1.5326e-05	1.67192e-05	2.26871e-05	47.49	-2.317738e-11
0.27	108			5.59169e-06	-1.44728e-05	1.55122e-05	-68.868	-0.0016892	8.03475e-05	0.00169099	177.27	3.16503e-05	1.62126e-05	3.55619e-05	27.12	-2.39731e-11
0.2725	109			3.53234e-05	-1.63504e-05	3.89221e-05	-24.834	-0.00169135	8.22549e-05	0.00169314	177.216	3.46231e-05	1.55569e-05	3.79535e-05	24.198	-1.974304e-11
0.275	110			0.000100997	-1.95579e-05	0.000102874	-10.956	-0.00170685	8.22549e-05	0.00170875	177.24	7.41337e-05	1.33366e-05	7.53258e-05	10.2	-2.045502e-11
0.2775	111			0.00012906	-2.04073e-05	0.000130654	-8.982	-0.00176919	8.52351e-05	0.00177122	177.24	0.000114166	1.30982e-05	0.000114911	6.546	-1.769085e-11
0.28	112			6.77709e-05	-1.83732e-05	7.02222e-05	-15.162	-0.00179947	8.71425e-05	0.00180138	177.228	6.34869e-05	1.54377e-05	6.53421e-05	13.668	-2.472696e-11
0.2825	113			1.6749e-05	-1.58922e-05	2.3082e-05	-43.476	-0.00180913	8.65464e-05	0.0018108	177.258	2.00794e-05	1.83062e-05	2.71724e-05	42.354	-2.032941e-11
0.285	114			3.50179e-07	-1.49683e-05	1.49683e-05	-88.65	-0.00180984	8.77385e-05	0.00181175	177.222	7.07436e-06	1.86191e-05	1.99192e-05	69.192	-1.932424e-11
0.2875	115			0.0	-1.49757e-05	1.4972e-05	-90.0	-0.00181008	8.70232e-05	0.00181199	177.246	1.75611e-05	1.78703e-05	2.50564e-05	45.504	-2.531333e-11
0.29	116			6.47086e-06	-1.52328e-05	1.65516e-05	-66.978	-0.0018096	8.79769e-05	0.00181151	177.216	3.49621e-05	1.66782e-05	3.87358e-05	25.5	-2.443379e-11
0.2925	117			3.73016e-05	-1.71812e-05	4.10716e-05	-24.726	-0.0018108	8.82153e-05	0.0018127	177.21	3.78976e-05	1.62312e-05	4.1228e-05	23.184	-1.651817e-11
0.295	118			0.000103046	-2.15099e-05	0.000105266	-11.79	-0.00182772	8.84538e-05	0.00182987	177.228	7.23046e-05	1.5516e-05	7.39512e-05	12.114	-2.288417e-11
0.2975	119			0.000142516	-2.26499e-05	0.000144304	-9.03	-0.00189305	9.13148e-05	0.00189496	177.24	0.000117861	1.43722e-05	0.000118733	6.954	-2.430812e-11
0.3	120			0.000104756	-2.07351e-05	0.00010679	-11.196	-0.00192524	9.34605e-05	0.00192738	177.222	9.02568e-05	1.57953e-05	9.16352e-05	9.93	-2.162771e-11
0.3025	121			3.84378e-05	-1.76282e-05	4.22823e-05	-24.636	-0.00194622	9.46526e-05	0.00194836	177.216	3.94436e-05	1.83658e-05	4.35042e-05	24.978	-2.137645e-11
0.305	122			4.87643e-06	-1.61455e-05	1.68608e-05	-73.194	-0.00194789	9.51295e-05	0.00195003	177.198	9.05996e-06	2.02061e-05	2.21507e-05	65.844	-1.991058e-11
0.3075	123			8.19568e-07	-1.58251e-05	1.58401e-05	-87.036	-0.00194884	9.39374e-05	0.00195099	177.234	5.26759e-06	2.06457e-05	2.13088e-05	75.678	-1.777461e-11
0.31	124			-3.50179e-07	-1.57693e-05	1.57693e-05	-91.26	-0.00195003	9.3699e-05	0.00195218	177.246	1.24947e-05	1.93791e-05	2.30522e-05	57.18	-1.940802e-11
0.3125	125			2.52576e-06	-1.59779e-05	1.61753e-05	-81.012	-0.00194908	9.44142e-05	0.00195123	177.222	3.10617e-05	1.72855e-05	3.5547e-05	29.1	-1.760709e-11
0.315	126			2.4397e-05	-1.84478e-05	3.05849e-05	-37.092	-0.00194908	9.56063e-05	0.00195099	177.186	4.19246e-05	1.77698e-05	4.55382e-05	22.974	-2.447569e-11
0.3175	127			8.48924e-05	-2.1387e-05	8.75448e-05	-14.136	-0.00196005	9.60832e-05	0.0019622	177.192	6.24438e-05	1.75835e-05	6.48727e-05	15.726	-1.7984e-11
0.32	128			0.000144863	-2.44082e-05	0.000146904	-9.564	-0.00200845	9.72752e-05	0.00201036	177.222	0.000109077	1.64137e-05	0.000110306	8.562	-1.735578e-11
0.3225	129			0.000135736	-2.36632e-05	0.000137785	-9.888	-0.00205876	0.000100375	0.00206091	177.204	0.000108093	1.698e-05	0.00010942	8.928	-1.877979e-11
0.325	130			9.17097e-05	-2.20985e-05	9.43397e-05	-13.542	-0.00209166	0.000102282	0.00209381	177.198	8.08318e-05	1.80305e-05	8.28211e-05	12.576	-2.564839e-11
0.3275	131			3.63293e-05	-1.85372e-05	4.07847e-05	-27.024	-0.00210811	0.00010252	0.00211026	177.21	3.62026e-05	1.99155e-05	4.13212e-05	28.818	-1.970118e-11
0.33	132			6.92907e-06	-1.79113e-05	1.91928e-05	-68.832	-0.00211121	0.000102759	0.0021136	177.21	9.93913e-06	2.11076e-05	2.33279e-05	64.788	-2.359614e-11
0.3325	133			-2.12342e-07	-1.65628e-05	1.6559e-05	-90.726	-0.00211073	0.000102759	0.00211288	177.21	3.41983e-06	2.1726e-05	2.19942e-05	81.042	-2.028754e-11
0.335	134			-1.08407e-06	-1.66745e-05	1.6708e-05	-93.72	-0.00211097	0.000103236	0.00211336	177.198	6.02755e-06	2.12492e-05	2.20911e-05	74.154	-2.334487e-11
0.3375	135			-4.13509e-07	-1.72892e-05	1.72892e-05	-91.356	-0.00211193	0.000102759	0.00211431	177.21	1.53409e-05	2.0519e-05	2.56227e-05	53.214	-2.35124e-11
0.34	136			3.33042e-06	-1.80082e-05	1.83099e-05	-79.512	-0.00211121	0.000101805	0.0021136	177.234	3.31181e-05	2.01539e-05	3.87656e-05	31.326	-2.694669e-11
0.3425	137			2.51309e-05	-1.91407e-05	3.1587e-05	-37.29	-0.00211312	0.000103474	0.0021155	177.192	4.70656e-05	1.97591e-05	5.10442e-05	22.77	-2.079012e-11
0.345	138			9.12626e-05	-2.30895e-05	9.41423e-05	-14.196	-0.0021279	0.000103951	0.00213005	177.198	7.63093e-05	1.82093e-05	7.84551e-05	13.422	-2.275851e-11
0.3475	139			0.0001494	-2.56227e-05	0.000151576	-9.732	-0.00218727	0.000106812	0.00218965	177.198	0.000114091	1.8038e-05	0.000115514	8.982	-2.225596e-11
0.35	140			0.000139968	-2.64348e-05	0.000142441	-10.692	-0.002234	0.00011015	0.00223638	177.174	0.000102237	1.84999e-05	0.000103899	10.26	-2.225593e-11
0.3525	141			0.000115611	-2.41251e-05	0.0001181	-11.784	-0.00225998	0.00011158	0.00226261	177.174	9.16501e-05	1.94759e-05	9.3699e-05	12.0	-2.016188e-11
0.355	142			7.30981e-05	-2.16888e-05	7.62497e-05	-16.524	-0.00228859	0.000112534	0.00229098	177.18	6.5275e-05	2.04892e-05	6.84117e-05	17.43	-1.643439e-11
0.3575	143			2.58611e-05	-1.99826e-05	3.26785e-05	-37.68	-0.00230099	0.000112772	0.00230362	177.186	2.74853e-05	2.28734e-05	3.57556e-05	39.774	-2.393119e-11
0.36	144			4.27666e-06	-1.85446e-05	1.90214e-05	-77.004	-0.00230266	0.000113249	0.00230528	177.18	7.10788e-06	2.39388e-05	2.4967e-05	73.452	-2.09995e-11
0.3625	145			-1.12877e-06	-1.84329e-05	1.84627e-05	-93.498	-0.0023029	0.000113488	0.00230552	177.18	2.83124e-06	2.40655e-05	2.42294e-05	83.286	-2.187901e-11
0.365	146			-6.78006e-07	-1.83695e-05	1.83807e-05	-92.112	-0.00230242	0.000112534	0.00230505	177.198	3.98609e-06	2.36855e-05	2.40133e-05	80.448	-2.112517e-11
0.3675	147			-1.16975e-06	-1.79709e-05	1.80044e-05	-93.714	-0.00230385	0.000112772	0.00230648	177.198	8.67998e-06	2.30597e-05	2.46392e-05	69.366	-2.099948e-11
0.37	148			-3.94883e-07	-1.92599e-05	1.92599e-05	-91.17	-0.0023029	0.000112296	0.00230528	177.21	1.84925e-05	2.18899e-05	2.8655e-05	49.8	-2.334485e-11
0.3725	149			3.92649e-06	-1.80529e-05	1.84738e-05	-77.718	-0.00230385	0.000112772	0.00230648	177.198	3.63442e-05	2.20836e-05	4.25281e-05	31.284	-2.14183e-11
0.375	150			2.85656e-05	-2.0452e-05	3.51297e-05	-35.592	-0.00230624	0.000113249	0.00230886	177.186	5.91653e-05	2.07649e-05	6.27046e-05	19.338	-1.819334e-11
0.3775	151			9.44962e-05	-2.41102e-05	9.75248e-05	-14.31	-0.00233151	0.000115395	0.00233413	177.162	9.49581e-05	2.00496e-05	9.70517e-05	11.922	-2.154393e-11
0.38	152			0.000145973	-2.7381e-05	0.000148521	-10.626	-0.00240041	0.000118971	0.00240304	177.162	0.000111469	1.86266e-05	0.000113011	9.492	-1.668567e-11
0.3825	153			0.000134715	-2.71873e-05	0.000137434	-11.412	-0.00244524	0.000121594	0.0024481	177.15	8.95937e-05	2.13088e-05	9.20896e-05	13.38	-2.732358e-11
0.385	154			0.000120454	-2.65018e-05	0.00012333	-12.408	-0.00245954	0.000121832	0.0024624	177.162	8.16439e-05	2.21134e-05	8.45869e-05	15.156	-2.32611e-11
0.3875	155			0.00010597	-2.59505e-05	0.000109099	-13.758	-0.00248386	0.000123979	0.00248696	177.144	7.94833e-05	2.14652e-05	8.23294e-05	15.114	-2.011996e-11
0.39	156			7.08704e-05	-2.45274e-05	7.4998e-05	-19.086	-0.00251628	0.000124455	0.00251915	177.162	6.18179e-05	2.32087e-05	6.6035e-05	20.58	-2.497823e-11
0.3925	157			2.75375e-05	-2.19123e-05	3.51893e-05	-38.502	-0.0025294	0.000124694	0.00253202	177.174	2.79249e-05	2.61666e-05	3.82664e-05	43.146	-1.861221e-11
0.395	158			4.62684e-06	-2.15397e-05	2.20315e-05	-77.862	-0.00253321	0.000124694	0.00253607	177.18	8.2702e-06	2.52799e-05	2.65987e-05	71.88	-1.911482e-11
0.3975	159			-4.09784e-07	-1.9841e-05	1.9841e-05	-91.176	-0.00253321	0.000124455	0.00253583	177.186	2.76418e-06	2.53693e-05	2.55184e-05	83.778	-1.831908e-11
0.4	160			-1.89991e-06	-1.93754e-05	1.94648e-05	-95.592	-0.00253274	0.000124694	0.0025356	177.18	2.62262e-06	2.56525e-05	2.57866e-05	84.156	-1.434029e-11
0.4025	161			-1.94462e-06	-2.00869e-05	2.01763e-05	-95.526	-0.00253274	0.000123502	0.00253536	177.204	3.18141e-06	2.55854e-05	2.57791e-05	82.902	-2.192089e-11
0.405	162			-1.53483e-06	-1.95244e-05	1.95802e-05	-94.488	-0.00253369	0.000123979	0.00253655	177.198	6.51184e-06	2.46168e-05	2.54588e-05	75.18	-1.974305e-11
0.4075	163			-9.72308e-07	-2.13609e-05	2.13796e-05	-92.598	-0.00253274	0.000123979	0.0025356	177.198	1.46926e-05	2.49521e-05	2.89605e-05	59.502	-2.434999e-11
0.41	164			2.23518e-07	-1.99975e-05	1.99937e-05	-89.352	-0.00253393	0.000124455	0.00253679	177.186	2.97577e-05	2.46988e-05	3.86687e-05	39.69	-2.137641e-11
0.4125	165			1.0036e-05	-2.1238e-05	2.34881e-05	-64.698	-0.00253488	0.000125648	0.00253798	177.156	4.37575e-05	2.48329e-05	5.0314e-05	29.58	-1.924046e-11
0.415	166			4.8958e-05	-2.44939e-05	5.47434e-05	-26.574	-0.00254418	0.000126363	0.00254704	177.156	8.89753e-05	2.20538e-05	9.1665e-05	13.926	-2.095762e-11
0.4175	167			0.000114896	-2.75598e-05	0.000118159	-13.488	-0.00258996	0.00012827	0.00259282	177.162	0.000159339	1.88873e-05	0.000160449	6.762	-2.183707e-11
0.42	168			0.000138977	-2.95789e-05	0.000142091	-12.012	-0.00266959	0.000133515	0.00267269	177.132	0.000117295	2.19197e-05	0.000119322	10.59	-2.2591e-11
0.4225	169			0.000124046	-2.9266e-05	0.000127451	-13.272	-0.0027013	0.000134469	0.0027044	177.15	6.84489e-05	2.41474e-05	7.25766e-05	19.434	-1.95755e-11
0.425	170			0.000117302	-2.83123e-05	0.00012067	-13.566	-0.00271489	0.000135184	0.00271799	177.144	6.14156e-05	2.49521e-05	6.62883e-05	22.11	-2.610907e-11
0.4275	171			0.000111305	-2.82304e-05	0.000114821	-14.232	-0.00273253	0.000135661	0.00273563	177.156	7.00508e-05	2.4818e-05	7.432e-05	19.506	-1.991056e-11
0.43	172			9.64631e-05	-2.72022e-05	0.000100226	-15.744	-0.00275876	0.000137807	0.00276209	177.138	7.05947e-05	2.54066e-05	7.50278e-05	19.794	-1.982681e-11
0.4325	173			6.71824e-05	-2.70681e-05	7.24276e-05	-21.942	-0.00279237	0.000139476	0.00279547	177.138	5.73474e-05	2.64348e-05	6.31441e-05	24.75	-1.810966e-11
0.435	174			2.93182e-05	-2.45051e-05	3.81994e-05	-39.882	-0.00280954	0.000139953	0.00281288	177.15	3.0026e-05	2.8588e-05	4.14627e-05	43.59	-2.430817e-11
0.4375	175			5.75933e-06	-2.27244e-05	2.34322e-05	-75.774	-0.00281335	0.000140429	0.00281669	177.138	9.74542e-06	3.01005e-05	3.16428e-05	72.06	-1.794213e-11
0.44	176			-9.16425e-07	-2.26201e-05	2.2635e-05	-92.31	-0.00281502	0.000139476	0.00281812	177.162	3.30807e-06	2.94895e-05	2.96758e-05	83.592	-2.204655e-11
0.4425	177			-2.92809e-06	-2.25679e-05	2.27467e-05	-97.392	-0.00281312	0.000140429	0.00281645	177.138	2.40655e-06	2.84464e-05	2.85507e-05	85.152	-2.196279e-11
0.445	178			-1.74344e-06	-2.23295e-05	2.23891e-05	-94.458	-0.00281526	0.000139237	0.0028186	177.168	1.95952e-06	2.80739e-05	2.8141e-05	85.992	-2.099949e-11
0.4475	179			-1.49012e-06	-2.18229e-05	2.18676e-05	-93.9	-0.00281383	0.000138761	0.00281693	177.174	3.01005e-06	2.74183e-05	2.75822e-05	83.73	-1.944985e-11
0.45	180			-1.95207e-06	-2.12343e-05	2.13162e-05	-95.238	-0.00281455	0.000138284	0.00281765	177.186	4.93231e-06	2.81261e-05	2.85582e-05	80.052	-2.016185e-11
0.4525	181			-1.65404e-06	-2.24115e-05	2.24636e-05	-94.206	-0.00281335	0.000138522	0.00281645	177.18	8.70979e-06	2.78355e-05	2.91691e-05	72.624	-2.460129e-11
0.455	182			-4.91742e-07	-2.31193e-05	2.31193e-05	-91.206	-0.00281359	0.000139953	0.00281693	177.15	2.48925e-05	2.80367e-05	3.74916e-05	48.396	-1.919856e-11
0.4575	183			1.35601e-06	-2.3611e-05	2.36408e-05	-86.7	-0.0028155	0.000139953	0.0028186	177.156	3.69924e-05	2.62485e-05	4.53594e-05	35.358	-2.280039e-11
0.46	184			1.26511e-05	-2.45945e-05	2.76567e-05	-62.772	-0.00281765	0.000141622	0.00282098	177.12	4.66111e-05	2.65987e-05	5.36593e-05	29.712	-1.991057e-11
0.4625	185			4.6842e-05	-2.5414e-05	5.32868e-05	-28.476	-0.00282623	0.000140906	0.00282933	177.144	9.0823e-05	2.42667e-05	9.40119e-05	14.964	-2.7533e-11
0.465	186			0.000124679	-3.04655e-05	0.000128345	-13.728	-0.00287129	0.000143767	0.00287463	177.126	0.000208379	1.94014e-05	0.000209273	5.322	-2.225594e-11
0.4675	187			0.000130468	-3.13597e-05	0.000134178	-13.512	-0.0029452	0.00014782	0.00294878	177.126	0.00019765	2.04147e-05	0.000198693	5.904	-2.250723e-11
0.47	188			0.000100963	-2.96683e-05	0.000105232	-16.374	-0.00300004	0.00015092	0.00300361	177.12	0.000109226	2.53619e-05	0.000112117	13.08	-2.443379e-11
0.4725	189			0.000104137	-3.10692e-05	0.000108675	-16.608	-0.00301982	0.000151635	0.00302364	177.126	4.58958e-05	2.8819e-05	5.42107e-05	32.142	-2.095752e-11
0.475	190			0.000120208	-3.17844e-05	0.000124336	-14.808	-0.00304438	0.000153542	0.00304796	177.108	3.57183e-05	2.9117e-05	4.60895e-05	39.18	-2.112511e-11
0.4775	191			0.000114337	-3.17472e-05	0.000118666	-15.516	-0.00306751	0.000154973	0.00307108	177.102	4.61715e-05	2.97428e-05	5.49185e-05	32.79	-1.718826e-11
0.48	192			9.84599e-05	-3.16354e-05	0.000103415	-17.808	-0.0030923	0.000154973	0.00309588	177.132	5.5887e-05	2.84166e-05	6.26971e-05	26.952	-2.09576e-11
0.4825	193			7.95205e-05	-3.03761e-05	8.51159e-05	-20.904	-0.00311567	0.000156642	0.00311925	177.12	5.53506e-05	3.04059e-05	6.3159e-05	28.782	-1.505229e-11
0.485	194			5.36668e-05	-2.94597e-05	6.12219e-05	-28.764	-0.00313832	0.000158311	0.00314213	177.114	4.59256e-05	3.08754e-05	5.53431e-05	33.912	-2.669538e-11
0.4875	195			2.76194e-05	-2.73139e-05	3.88401e-05	-44.676	-0.00315811	0.00015998	0.00316192	177.096	2.81857e-05	3.22091e-05	4.28038e-05	48.81	-2.028747e-11
0.49	196			9.15682e-06	-2.63603e-05	2.79025e-05	-70.836	-0.00316478	0.000159741	0.0031686	177.108	1.29194e-05	3.42207e-05	3.65826e-05	69.318	-2.116699e-11
0.4925	197			6.92908e-07	-2.50639e-05	2.50639e-05	-88.416	-0.00316598	0.000159026	0.00316979	177.12	5.23779e-06	3.39227e-05	3.43251e-05	81.222	-2.476882e-11
0.495	198			-1.80305e-06	-2.56078e-05	2.56599e-05	-94.02	-0.00316478	0.000158788	0.0031686	177.126	3.87433e-06	3.29169e-05	3.31404e-05	83.28	-1.672752e-11
0.4975	199			-1.71364e-06	-2.49372e-05	2.49894e-05	-93.93	-0.00316502	0.000157834	0.0031686	177.144	2.96535e-06	3.16876e-05	3.18291e-05	84.654	-1.982678e-11
0.5	200			-2.29479e-06	-2.52203e-05	2.53246e-05	-95.196	-0.0031655	0.000156642	0.00316907	177.162	2.93554e-06	3.20005e-05	3.21346e-05	84.75	-2.175335e-11
0.5025	201			-2.01912e-06	-2.42071e-05	2.4289e-05	-94.752	-0.00316574	0.000157834	0.00316955	177.144	1.90736e-06	3.18068e-05	3.18664e-05	86.556	-2.33867e-11
0.505	202			-1.33366e-06	-2.41325e-05	2.41623e-05	-93.162	-0.00316574	0.000157119	0.00316931	177.156	2.77908e-06	3.08605e-05	3.09872e-05	84.852	-2.34286e-11
0.5075	203			-1.55718e-06	-2.46541e-05	2.46988e-05	-93.606	-0.00316478	0.000157596	0.0031686	177.15	4.1053e-06	3.16354e-05	3.19036e-05	82.602	-2.175337e-11
0.51	204			-1.66894e-06	-2.45125e-05	2.45647e-05	-93.888	-0.00316502	0.000157834	0.00316884	177.144	7.10788e-06	3.08158e-05	3.16279e-05	77.004	-2.451755e-11
0.5125	205			5.51347e-07	-2.5578e-05	2.5578e-05	-88.758	-0.00316621	0.000158311	0.00316979	177.138	2.42145e-05	3.02122e-05	3.87209e-05	51.288	-2.154393e-11
0.515	206			5.4315e-06	-2.59132e-05	2.6472e-05	-78.156	-0.00316669	0.000158788	0.00317051	177.126	4.99862e-05	2.93852e-05	5.79881e-05	30.456	-2.543894e-11
0.5175	207			1.46255e-05	-2.75747e-05	3.12107e-05	-62.046	-0.00317074	0.000159503	0.00317456	177.12	5.72803e-05	2.9713e-05	6.45374e-05	27.42	-2.146021e-11
0.52	208			3.30436e-05	-2.83794e-05	4.35489e-05	-40.65	-0.0031767	0.000160457	0.00318052	177.108	6.11399e-05	3.02793e-05	6.82254e-05	26.352	-2.351237e-11
0.5225	209			7.78292e-05	-3.11064e-05	8.3812e-05	-21.786	-0.00319459	0.00016141	0.0031984	177.108	0.000113681	2.77759e-05	0.000117027	13.734	-2.30098e-11
0.525	210			0.000148811	-3.44592e-05	0.000152753	-13.038	-0.00325133	0.000164987	0.00325538	177.09	0.000229687	2.26499e-05	0.00023079	5.634	-2.217215e-11
0.5275	211			0.000140348	-3.46007e-05	0.000144542	-13.848	-0.00331475	0.000168086	0.0033188	177.096	0.000216753	2.41102e-05	0.000218065	6.354	-2.175335e-11
0.53	212			8.88412e-05	-3.13076e-05	9.41907e-05	-19.41	-0.00336434	0.00017047	0.00336839	177.096	0.00014946	2.80739e-05	0.000152082	10.65	-2.146013e-11
0.5325	213			4.90772e-05	-2.90201e-05	5.70121e-05	-30.594	-0.00337674	0.00017047	0.00338079	177.108	0.000105441	2.99813e-05	0.000109613	15.882	-1.87797e-11
0.535	214			4.09859e-05	-2.99291e-05	5.07461e-05	-36.132	-0.00338651	0.000171424	0.00339057	177.096	7.93939e-05	3.09946e-05	8.52053e-05	21.33	-2.242342e-11
0.5375	215			6.84266e-05	-3.2224e-05	7.56313e-05	-25.212	-0.00341655	0.000173331	0.00342061	177.096	5.17073e-05	3.13821e-05	6.04989e-05	31.254	-2.007806e-11
0.54	216			0.000107788	-3.52266e-05	0.000113398	-18.096	-0.0034795	0.000177861	0.00348379	177.072	1.80454e-05	3.42058e-05	3.86762e-05	62.19	-1.886349e-11
0.5425	217			0.000111551	-3.51148e-05	0.000116945	-17.472	-0.00351883	0.000180484	0.00352336	177.06	1.71886e-05	3.57034e-05	3.96299e-05	64.29	-2.221404e-11
0.545	218			9.82587e-05	-3.44592e-05	0.000104122	-19.32	-0.00355174	0.00018263	0.00355627	177.054	1.97665e-05	3.54873e-05	4.06208e-05	60.876	-1.764892e-11
0.5475	219			7.43945e-05	-3.39823e-05	8.17855e-05	-24.546	-0.00357176	0.00018263	0.00357606	177.072	2.48776e-05	3.57556e-05	4.35638e-05	55.17	-2.355423e-11
0.55	220			5.12081e-05	-3.26859e-05	6.07448e-05	-32.544	-0.00359012	0.000183345	0.00359441	177.072	2.9713e-05	3.55321e-05	4.63205e-05	50.094	-2.233967e-11
0.5525	221			2.77014e-05	-3.07488e-05	4.13808e-05	-47.976	-0.0036018	0.000183822	0.0036061	177.078	2.41996e-05	3.66124e-05	4.38916e-05	56.532	-1.907289e-11
0.555	222			1.4186e-05	-3.0637e-05	3.37514e-05	-65.142	-0.00360967	0.000183822	0.00361396	177.084	1.72929e-05	3.88401e-05	4.25207e-05	65.994	-2.137637e-11
0.5575	223			5.49856e-06	-2.94448e-05	2.9944e-05	-79.416	-0.00361563	0.00018406	0.00362016	177.084	9.94658e-06	3.80503e-05	3.93244e-05	75.342	-1.810962e-11
0.56	224			1.1325e-06	-2.95417e-05	2.95566e-05	-87.804	-0.00361706	0.000183822	0.00362159	177.09	6.21381e-06	3.9466e-05	3.99577e-05	81.048	-1.991053e-11
0.5625	225			-1.7807e-06	-2.82974e-05	2.83421e-05	-93.588	-0.00361611	0.000184775	0.0036204	177.072	4.06805e-06	3.9086e-05	3.9302e-05	84.048	-2.020371e-11
0.565	226			-2.22029e-06	-2.84464e-05	2.85284e-05	-94.446	-0.00361563	0.000182868	0.00361992	177.102	4.46293e-06	3.79311e-05	3.81919e-05	83.286	-1.840279e-11
0.5675	227			-2.23519e-06	-2.79994e-05	2.80739e-05	-94.56	-0.00361706	0.000182153	0.00362159	177.114	3.6955e-06	3.73872e-05	3.75661e-05	84.348	-2.481068e-11
0.57	228			-2.3246e-06	-2.84539e-05	2.85433e-05	-94.662	-0.00361802	0.000182153	0.00362255	177.114	3.28572e-06	3.66645e-05	3.68136e-05	84.876	-1.9743e-11
0.5725	229			-1.98932e-06	-2.82825e-05	2.83421e-05	-94.02	-0.00361682	0.000181437	0.00362088	177.126	3.59864e-06	3.68657e-05	3.70445e-05	84.426	-2.162767e-11
0.575	230			-2.22029e-06	-2.82453e-05	2.83198e-05	-94.494	-0.00361802	0.000182153	0.00362255	177.114	2.46616e-06	3.60461e-05	3.61355e-05	86.076	-2.007809e-11
0.5775	231			-2.64497e-06	-2.87743e-05	2.8886e-05	-95.244	-0.00361659	0.000182153	0.00362088	177.114	2.10108e-06	3.61206e-05	3.61803e-05	86.664	-2.003619e-11
0.58	232			-1.90736e-06	-2.8588e-05	2.86401e-05	-93.804	-0.00361611	0.000182153	0.0036204	177.114	3.53904e-06	3.57779e-05	3.59567e-05	84.354	-2.179523e-11
0.5825	233			-2.43635e-06	-2.78355e-05	2.79323e-05	-94.998	-0.0036173	0.000182153	0.00362183	177.114	5.30484e-06	3.56811e-05	3.60759e-05	81.54	-2.367989e-11
0.585	234			-1.8254e-06	-2.79472e-05	2.79994e-05	-93.726	-0.00361659	0.000181914	0.00362088	177.12	9.38034e-06	3.61654e-05	3.73649e-05	75.45	-1.940791e-11
0.5875	235			1.26661e-06	-2.82304e-05	2.82453e-05	-87.42	-0.00361706	0.000182153	0.00362159	177.114	1.89097e-05	3.48317e-05	3.96373e-05	61.5	-1.513601e-11
0.59	236			1.14442e-05	-2.96832e-05	3.18068e-05	-68.91	-0.00362135	0.000183583	0.00362588	177.096	5.6051e-05	3.35204e-05	6.53048e-05	30.882	-2.187892e-11
0.5925	237			3.34757e-05	-3.16279e-05	4.60448e-05	-43.368	-0.00363232	0.000185252	0.00363685	177.078	7.76057e-05	3.34608e-05	8.45124e-05	23.328	-2.372179e-11
0.595	238			6.19967e-05	-3.43921e-05	7.08927e-05	-29.016	-0.00364949	0.000186921	0.00365426	177.066	7.35526e-05	3.44368e-05	8.12118e-05	25.086	-1.79421e-11
0.5975	239			0.000101835	-3.76033e-05	0.000108555	-20.262	-0.00367166	0.000187875	0.00367643	177.072	8.39015e-05	3.45113e-05	9.07187e-05	22.362	-1.991052e-11
0.6	240			0.000148871	-3.95554e-05	0.000154034	-14.88	-0.00370099	0.000190497	0.00370575	177.054	0.000136309	3.24624e-05	0.000140124	13.398	-2.48944e-11
0.6025	241			0.000184298	-4.19917e-05	0.000189037	-12.822	-0.00376631	0.000194312	0.00377108	177.048	0.000217379	2.90574e-05	0.000219316	7.614	-2.518759e-11
0.605	242			0.000155867	-3.8475e-05	0.000160516	-13.854	-0.00383188	0.00019765	0.00383689	177.048	0.000189216	3.2455e-05	0.000191987	9.738	-2.09157e-11
0.6075	243			8.79173e-05	-3.57928e-05	9.49209e-05	-22.14	-0.0038798	0.000200273	0.00388457	177.042	0.000112594	3.71935e-05	0.000118584	18.282	-1.597369e-11
0.61	244			3.93989e-05	-3.29318e-05	5.13496e-05	-39.882	-0.00389029	0.000198604	0.00389506	177.072	5.75783e-05	3.87731e-05	6.94101e-05	33.972	-2.292601e-11
0.6125	245			1.52216e-05	-3.33788e-05	3.66794e-05	-65.478	-0.00389315	0.000199796	0.00389792	177.06	3.32298e-05	3.97267e-05	5.17967e-05	50.076	-2.489444e-11
0.615	246			4.7982e-06	-3.20228e-05	3.2373e-05	-81.474	-0.00389554	0.000199796	0.00390054	177.066	2.99887e-05	4.07326e-05	5.05822e-05	53.64	-1.806769e-11
0.6175	247			5.66247e-06	-3.14193e-05	3.19185e-05	-79.776	-0.00389387	0.000200273	0.00389887	177.054	3.95032e-05	3.9615e-05	5.59466e-05	45.084	-1.718824e-11
0.62	248			1.39922e-05	-3.21644e-05	3.50701e-05	-66.474	-0.00389649	0.000200273	0.0039015	177.054	5.65799e-05	3.86836e-05	6.85384e-05	34.356	-1.647625e-11
0.6225	249			2.80888e-05	-3.35875e-05	4.37798e-05	-50.088	-0.00390364	0.000200988	0.00390866	177.048	6.40904e-05	3.79907e-05	7.44988e-05	30.66	-1.815151e-11
0.625	250			4.74306e-05	-3.5696e-05	5.93516e-05	-36.96	-0.003943	0.000203134	0.003948	177.048	5.32644e-05	3.82366e-05	6.5573e-05	35.67	-2.079005e-11
0.6275	251			7.61081e-05	-3.72233e-05	8.4721e-05	-26.058	-0.00404432	0.000209809	0.00404957	177.03	2.59654e-05	4.11647e-05	4.86749e-05	57.762	-2.598336e-11
0.63	252			8.13534e-05	-3.82813e-05	8.99066e-05	-25.194	-0.0041323	0.000215293	0.00413778	177.018	1.26958e-05	4.14776e-05	4.33775e-05	72.978	-2.137636e-11
0.6325	253			6.91344e-05	-3.7879e-05	7.88276e-05	-28.71	-0.00417545	0.000218154	0.00418094	177.006	8.79174e-06	4.19321e-05	4.28485e-05	78.156	-1.995243e-11
0.635	254			5.15806e-05	-3.61654e-05	6.29951e-05	-35.028	-0.00419214	0.0002203	0.00419787	176.994	9.09722e-06	4.22823e-05	4.32509e-05	77.856	-2.171145e-11
0.6375	255			3.61877e-05	-3.56066e-05	5.07685e-05	-44.532	-0.00419715	0.000219823	0.00420287	177.0	9.18662e-06	4.30422e-05	4.40183e-05	77.946	-2.275849e-11
0.64	256			2.07351e-05	-3.48242e-05	4.05239e-05	-59.22	-0.00420645	0.000218631	0.00421169	177.024	9.44739e-06	4.46367e-05	4.56201e-05	78.042	-2.313541e-11
0.6425	257			9.507e-06	-3.47721e-05	3.60461e-05	-74.7	-0.00421098	0.000218869	0.00421646	177.024	9.55915e-06	4.3601e-05	4.46441e-05	77.628	-1.710445e-11
0.645	258			3.56139e-06	-3.51968e-05	3.53681e-05	-84.216	-0.00421527	0.000220061	0.00422075	177.012	8.9035e-06	4.30646e-05	4.3981e-05	78.318	-1.999429e-11
0.6475	259			1.63168e-06	-3.5085e-05	3.51148e-05	-87.336	-0.00421599	0.000218631	0.00422147	177.03	6.89182e-06	4.44876e-05	4.50241e-05	81.192	-2.451752e-11
0.65	260			-1.61678e-06	-3.34012e-05	3.34384e-05	-92.766	-0.00421861	0.000218154	0.00422409	177.036	4.98447e-06	4.54041e-05	4.56723e-05	83.736	-2.112513e-11
0.6525	261			-2.00422e-06	-3.33565e-05	3.34086e-05	-93.432	-0.00421765	0.000218392	0.0042229	177.036	4.49273e-06	4.61938e-05	4.64173e-05	84.444	-2.187894e-11
0.655	262			-2.55556e-06	-3.28573e-05	3.29467e-05	-94.446	-0.00421813	0.000217439	0.00422338	177.048	4.62684e-06	4.60672e-05	4.62981e-05	84.258	-2.087382e-11
0.6575	263			-2.85359e-06	-3.33192e-05	3.3431e-05	-94.896	-0.00421861	0.00021577	0.00422385	177.072	5.4166e-06	4.43237e-05	4.46516e-05	83.028	-2.058066e-11
0.66	264			-2.19794e-06	-3.35502e-05	3.36173e-05	-93.744	-0.00421908	0.000216008	0.00422433	177.066	3.88923e-06	4.24089e-05	4.25878e-05	84.756	-1.919855e-11
0.6625	265			-2.76418e-06	-3.26859e-05	3.27902e-05	-94.83	-0.00421837	0.00021577	0.00422361	177.072	4.35117e-06	4.29379e-05	4.31614e-05	84.21	-2.246534e-11
0.665	266			-2.69712e-06	-3.22761e-05	3.23805e-05	-94.77	-0.00421885	0.00021577	0.00422409	177.072	3.56139e-06	4.33254e-05	4.34744e-05	85.296	-2.321922e-11
0.6675	267			-2.95044e-06	-3.32e-05	3.33267e-05	-95.07	-0.00421932	0.000215293	0.00422457	177.078	2.91319e-06	4.22227e-05	4.23195e-05	86.052	-2.296792e-11
0.67	268			-1.7807e-06	-3.23805e-05	3.24252e-05	-93.132	-0.00421908	0.000215293	0.00422433	177.078	3.55394e-06	4.21631e-05	4.23121e-05	85.176	-1.88635e-11
0.6725	269			-2.04147e-06	-3.30361e-05	3.30883e-05	-93.534	-0.00421932	0.000215293	0.00422457	177.078	3.82218e-06	4.1649e-05	4.18203e-05	84.75	-1.898911e-11
0.675	270			-1.98932e-06	-3.28051e-05	3.28573e-05	-93.468	-0.00421956	0.000215531	0.00422481	177.072	3.35278e-06	4.37798e-05	4.39065e-05	85.614	-2.146015e-11
0.6775	271			-2.74928e-06	-3.31479e-05	3.32522e-05	-94.734	-0.00421837	0.000215054	0.00422361	177.078	3.85198e-06	4.28858e-05	4.30646e-05	84.864	-1.924044e-11
0.68	272			-2.98025e-06	-3.28126e-05	3.29392e-05	-95.19	-0.00421932	0.000214816	0.00422457	177.084	4.65664e-06	4.22003e-05	4.24536e-05	83.7	-2.200462e-11
0.6825	273			-2.51831e-06	-3.29989e-05	3.30808e-05	-94.356	-0.00421908	0.000214578	0.00422433	177.09	5.45385e-06	4.27368e-05	4.30795e-05	82.722	-2.049689e-11
0.685	274			-2.02657e-06	-3.26114e-05	3.26636e-05	-93.546	-0.0042198	0.00021577	0.00422505	177.072	5.96049e-06	4.17682e-05	4.21929e-05	81.87	-2.305165e-11
0.6875	275			-1.57208e-06	-3.34608e-05	3.34906e-05	-92.682	-0.00421885	0.000216247	0.00422409	177.066	9.93913e-06	4.17235e-05	4.28858e-05	76.59	-2.284222e-11
0.69	276			7.3314e-06	-3.44219e-05	3.51893e-05	-77.97	-0.00422195	0.000215531	0.00422719	177.078	3.55619e-05	4.2774e-05	5.56263e-05	50.262	-2.16277e-11
0.6925	277			3.58524e-05	-3.64187e-05	5.11112e-05	-45.444	-0.00424626	0.000218869	0.00425175	177.048	8.27392e-05	4.04047e-05	9.20822e-05	26.028	-1.865407e-11
0.695	278			8.73064e-05	-4.14776e-05	9.66494e-05	-25.41	-0.00429681	0.000223399	0.00430229	177.024	8.79322e-05	3.99055e-05	9.65674e-05	24.414	-2.363799e-11
0.6975	279			0.000134834	-4.40704e-05	0.000141853	-18.096	-0.00435093	0.000227691	0.00435689	177.0	7.23456e-05	4.28783e-05	8.41026e-05	30.654	-2.083194e-11
0.7	280			0.000167088	-4.56276e-05	0.000173212	-15.27	-0.00438812	0.00023079	0.00439385	176.988	8.29925e-05	4.33477e-05	9.36319e-05	27.576	-1.392147e-11
0.7025	281			0.000186593	-4.69091e-05	0.000192405	-14.106	-0.00441793	0.000232697	0.00442389	176.982	0.000109539	4.20513e-05	0.000117332	21.0	-2.041312e-11
0.705	282			0.000197233	-4.82502e-05	0.000203044	-13.74	-0.00445846	0.000233651	0.00446442	177.0	0.000153937	4.01142e-05	0.000159078	14.61	-2.233967e-11
0.7075	283			0.000179947	-4.66707e-05	0.000185908	-14.532	-0.00451186	0.000237943	0.00451806	176.976	0.00017094	4.12541e-05	0.000175842	13.572	-2.003616e-11
0.71	284			0.000128926	-4.35712e-05	0.000136108	-18.666	-0.00456241	0.000240327	0.00456861	176.982	0.000128062	4.45398e-05	0.000135587	19.182	-1.924039e-11
0.7125	285			7.03041e-05	-4.09188e-05	8.1331e-05	-30.198	-0.00459197	0.000241281	0.00459769	176.988	7.16825e-05	4.68644e-05	8.56374e-05	33.174	-1.919852e-11
0.715	286			3.00409e-05	-3.91009e-05	4.92933e-05	-52.428	-0.00459912	0.000241281	0.00460485	176.994	3.40196e-05	4.8958e-05	5.96123e-05	55.2	-2.388929e-11
0.7175	287			9.41759e-06	-3.78715e-05	3.90115e-05	-76.032	-0.00460151	0.000240804	0.00460723	177.0	1.64361e-05	5.02544e-05	5.2877e-05	71.886	-2.694665e-11
0.72	288			2.02657e-06	-3.72159e-05	3.72606e-05	-86.874	-0.00460151	0.000240327	0.00460723	177.006	1.00732e-05	5.15881e-05	5.25641e-05	78.942	-2.095759e-11
0.7225	289			-1.41562e-06	-3.73053e-05	3.73276e-05	-92.172	-0.00460103	0.00023985	0.00460675	177.012	5.64757e-06	5.05971e-05	5.09101e-05	83.622	-2.053877e-11
0.725	290			-3.0026e-06	-3.73798e-05	3.74916e-05	-94.59	-0.00460151	0.00023985	0.00460771	177.012	4.47038e-06	4.90474e-05	4.9256e-05	84.792	-1.999429e-11
0.7275	291			-3.59119e-06	-3.67688e-05	3.69328e-05	-95.568	-0.00460151	0.00023842	0.00460723	177.03	4.99937e-06	4.94423e-05	4.96956e-05	84.228	-2.032935e-11
0.73	292			-2.60027e-06	-3.64038e-05	3.64857e-05	-94.086	-0.00460103	0.000238896	0.00460675	177.024	5.90834e-06	4.98372e-05	5.01799e-05	83.232	-2.648597e-11
0.7325	293			-3.14416e-06	-3.68881e-05	3.70147e-05	-94.866	-0.00460151	0.000237943	0.00460771	177.036	9.16427e-06	4.75349e-05	4.84067e-05	79.086	-1.90729e-11
0.735	294			-2.43635e-06	-3.64634e-05	3.65379e-05	-93.816	-0.00460151	0.000237943	0.00460723	177.036	1.49161e-05	4.76243e-05	4.99042e-05	72.606	-2.037123e-11
0.7375	295			-1.33366e-06	-3.57407e-05	3.5763e-05	-92.124	-0.00460151	0.000237943	0.00460723	177.036	2.00794e-05	4.76392e-05	5.16998e-05	67.14	-2.146017e-11
0.74	296			-1.34111e-06	-3.77896e-05	3.78045e-05	-92.028	-0.00460246	0.000237943	0.00460818	177.036	2.57642e-05	4.752e-05	5.40542e-05	61.536	-1.823528e-11
0.7425	297			7.67413e-07	-3.7797e-05	3.7797e-05	-88.83	-0.00460246	0.000237466	0.00460771	177.042	3.25295e-05	4.74008e-05	5.74889e-05	55.542	-2.284224e-11
0.745	298			1.08258e-05	-3.92275e-05	4.06879e-05	-74.568	-0.00461391	0.000238896	0.00461963	177.036	3.97938e-05	4.74306e-05	6.19148e-05	50.004	-2.074822e-11
0.7475	299			2.90946e-05	-4.09486e-05	5.02246e-05	-54.6	-0.00467017	0.000243188	0.00467589	177.012	4.98595e-05	4.66781e-05	6.82999e-05	43.11	-2.447563e-11
0.75	300			3.63442e-05	-4.12764e-05	5.49855e-05	-48.63	-0.00479606	0.000251772	0.00480226	176.994	4.3452e-05	4.828e-05	6.49621e-05	48.012	-2.300979e-11
0.7525	301			3.48093e-05	-4.20811e-05	5.46055e-05	-50.4	-0.00493386	0.000262262	0.00494054	176.952	2.7679e-05	5.03066e-05	5.74219e-05	61.176	-2.087377e-11
0.755	302			2.36781e-05	-4.03824e-05	4.68048e-05	-59.61	-0.00500444	0.000266554	0.00501063	176.946	1.53036e-05	5.17371e-05	5.39499e-05	73.518	-1.681129e-11
0.7575	303			1.45212e-05	-3.97118e-05	4.22823e-05	-69.906	-0.00503781	0.000269415	0.00504449	176.934	8.13609e-06	5.32421e-05	5.38605e-05	81.306	-2.409866e-11
0.76	304			7.84552e-06	-3.96522e-05	4.04122e-05	-78.81	-0.00505212	0.000270845	0.0050588	176.928	5.61032e-06	5.18488e-05	5.21468e-05	83.82	-2.430809e-11
0.7625	305			5.02917e-06	-4.02557e-05	4.05612e-05	-82.872	-0.00505546	0.000269892	0.00506213	176.94	5.63267e-06	5.20947e-05	5.24002e-05	83.82	-2.171146e-11
0.765	306			3.02495e-06	-3.99651e-05	4.00769e-05	-85.668	-0.00505689	0.000270845	0.00506356	176.928	5.4613e-06	5.34209e-05	5.3704e-05	84.156	-1.94079e-11
0.7675	307			8.04666e-07	-4.05984e-05	4.05984e-05	-88.86	-0.0050588	0.000269892	0.00506547	176.946	5.12603e-06	5.31676e-05	5.34134e-05	84.492	-2.35542e-11
0.77	308			-1.97442e-06	-4.10678e-05	4.11051e-05	-92.748	-0.0050588	0.000268461	0.00506499	176.958	4.64919e-06	5.26609e-05	5.28696e-05	84.948	-2.439185e-11
0.7725	309			-2.85359e-06	-4.15447e-05	4.16341e-05	-93.918	-0.0050588	0.000267508	0.00506547	176.97	5.87854e-06	5.4166e-05	5.44863e-05	83.808	-2.460126e-11
0.775	310			-3.40493e-06	-4.06804e-05	4.08145e-05	-94.776	-0.00505975	0.000266554	0.00506595	176.982	6.25107e-06	5.50153e-05	5.53655e-05	83.514	-2.213025e-11
0.7775	311			-3.81473e-06	-4.03973e-05	4.05686e-05	-95.394	-0.00505975	0.000264646	0.00506642	177.0	6.90672e-06	5.38307e-05	5.42777e-05	82.68	-2.116697e-11
0.78	312			-5.17073e-06	-3.98087e-05	4.01365e-05	-97.398	-0.00505975	0.00026417	0.00506642	177.012	5.61032e-06	5.32793e-05	5.35774e-05	83.988	-1.723009e-11
0.7825	313			-3.11436e-06	-3.89817e-05	3.91009e-05	-94.566	-0.00506023	0.00026417	0.0050669	177.012	5.65502e-06	5.20649e-05	5.23778e-05	83.796	-2.31773e-11
0.785	314			-3.17396e-06	-3.95032e-05	3.96224e-05	-94.59	-0.0050607	0.00026417	0.00506738	177.012	6.26597e-06	5.22512e-05	5.26237e-05	83.16	-2.196273e-11
0.7875	315			-3.18141e-06	-3.80802e-05	3.82068e-05	-94.776	-0.0050607	0.00026417	0.00506738	177.012	6.16911e-06	5.27205e-05	5.30782e-05	83.322	-1.836093e-11
0.79	316			-2.77908e-06	-4.0293e-05	4.03824e-05	-93.936	-0.0050607	0.000263693	0.00506738	177.012	5.29739e-06	5.1223e-05	5.14912e-05	84.096	-2.108327e-11
0.7925	317			-3.06965e-06	-3.89966e-05	3.91083e-05	-94.494	-0.00506118	0.000264646	0.00506786	177.006	4.34372e-06	5.20202e-05	5.2199e-05	85.224	-1.944984e-11
0.795	318			-4.41077e-06	-3.98534e-05	4.00844e-05	-96.306	-0.00506118	0.000263693	0.00506786	177.012	2.92809e-06	5.22065e-05	5.22884e-05	86.784	-2.083193e-11
0.7975	319			-3.18886e-06	-3.87433e-05	3.88699e-05	-94.704	-0.0050607	0.000263693	0.0050669	177.012	3.78491e-06	5.24374e-05	5.25641e-05	85.872	-2.053877e-11
0.8	320			-3.45708e-06	-4.03749e-05	4.05165e-05	-94.89	-0.00506213	0.000263216	0.00506881	177.018	3.6955e-06	5.32942e-05	5.34209e-05	86.028	-2.309352e-11
0.8025	321			-2.23519e-06	-3.89295e-05	3.89891e-05	-93.282	-0.00506213	0.000263216	0.00506833	177.018	5.48366e-06	5.26088e-05	5.28919e-05	84.048	-1.810963e-11
0.805	322			-3.02495e-06	-3.95405e-05	3.96448e-05	-94.368	-0.00506118	0.000264646	0.00506786	177.006	5.31229e-06	5.23629e-05	5.26311e-05	84.204	-2.288415e-11
0.8075	323			-2.83124e-06	-3.94883e-05	3.95777e-05	-94.092	-0.00506118	0.000263693	0.00506786	177.012	5.09623e-06	5.21245e-05	5.23704e-05	84.414	-2.116701e-11
0.81	324			-3.55394e-06	-3.96075e-05	3.9764e-05	-95.13	-0.00506166	0.000263693	0.00506833	177.012	4.29901e-06	5.25864e-05	5.27578e-05	85.326	-2.656971e-11
0.8125	325			-2.3991e-06	-4.03898e-05	4.04569e-05	-93.39	-0.00506166	0.000263693	0.00506833	177.012	5.52836e-06	5.17296e-05	5.20202e-05	83.892	-2.468506e-11
0.815	326			-3.38258e-06	-3.95032e-05	3.96448e-05	-94.89	-0.00506118	0.00026417	0.00506786	177.012	4.35862e-06	5.25715e-05	5.27578e-05	85.26	-2.296787e-11
0.8175	327			-2.80888e-06	-3.95703e-05	3.96597e-05	-94.056	-0.00506166	0.00026417	0.00506833	177.012	5.05897e-06	5.25119e-05	5.27578e-05	84.498	-2.472696e-11
0.82	328			-2.93554e-06	-3.86389e-05	3.87433e-05	-94.344	-0.00506166	0.000263216	0.00506833	177.018	5.07387e-06	5.19904e-05	5.22363e-05	84.42	-2.238157e-11
0.8225	329			-3.58374e-06	-3.93169e-05	3.9466e-05	-95.202	-0.0050607	0.000263216	0.00506738	177.018	5.4613e-06	5.19531e-05	5.22437e-05	83.994	-2.330294e-11
0.825	330			-2.29479e-06	-3.85197e-05	3.85793e-05	-93.408	-0.00506118	0.000264646	0.00506786	177.006	6.713e-06	5.24151e-05	5.28398e-05	82.704	-2.59834e-11
0.8275	331			-1.52738e-06	-3.94064e-05	3.94287e-05	-92.22	-0.00506118	0.000264646	0.00506786	177.006	1.08705e-05	5.22437e-05	5.33613e-05	78.246	-2.129261e-11
0.83	332			1.02819e-06	-4.07251e-05	4.07251e-05	-88.548	-0.00506261	0.00026417	0.00506929	177.012	2.13311e-05	5.21468e-05	5.63415e-05	67.752	-1.551295e-11
0.8325	333			1.58773e-05	-4.21407e-05	4.50315e-05	-69.354	-0.00507358	0.0002656	0.00508025	177.0	6.05884e-05	5.03513e-05	7.87829e-05	39.726	-2.083192e-11
0.835	334			4.62907e-05	-4.53966e-05	6.4828e-05	-44.436	-0.00511554	0.000268938	0.00512221	176.988	0.00011918	4.71326e-05	0.000128166	21.582	-2.020372e-11
0.8375	335			8.93031e-05	-4.88611e-05	0.000101798	-28.68	-0.00519851	0.00027466	0.00520566	176.97	0.000140392	4.80043e-05	0.000148372	18.882	-2.300977e-11
0.84	336			0.000141689	-5.21915e-05	0.000150994	-20.22	-0.00529817	0.000284674	0.00530532	176.922	0.000109755	5.10367e-05	0.000121035	24.942	-2.129262e-11
0.8425	337			0.000174739	-5.3637e-05	0.000182786	-17.064	-0.00536683	0.000288965	0.00537398	176.916	6.93803e-05	5.4762e-05	8.83867e-05	38.286	-2.024557e-11
0.845	338			0.000186891	-5.50153e-05	0.000194819	-16.398	-0.00541881	0.000293257	0.00542596	176.898	5.45012e-05	5.60733e-05	7.82018e-05	45.816	-2.221403e-11
0.8475	339			0.000180156	-5.49557e-05	0.000188352	-16.956	-0.00545838	0.000295641	0.00546554	176.898	5.95527e-05	5.69376e-05	8.23964e-05	43.716	-2.225591e-11
0.85	340			0.000165732	-5.45981e-05	0.000174494	-18.228	-0.00549653	0.000297071	0.00550416	176.904	7.18539e-05	5.61702e-05	9.1203e-05	38.016	-1.944989e-11
0.8525	341			0.00013727	-5.40318e-05	0.000147522	-21.48	-0.00553325	0.000298502	0.00554088	176.91	8.01017e-05	5.77422e-05	9.8743e-05	35.79	-1.965925e-11
0.855	342			0.000102997	-5.14688e-05	0.000115157	-26.544	-0.00556615	0.000300886	0.00557378	176.904	7.44765e-05	5.88524e-05	9.49283e-05	38.316	-2.263284e-11
0.8575	343			6.85458e-05	-5.04854e-05	8.50861e-05	-36.36	-0.0055919	0.000300886	0.00559953	176.916	5.86438e-05	5.88971e-05	8.31117e-05	45.126	-1.886349e-11
0.86	344			4.05612e-05	-4.92039e-05	6.37774e-05	-50.484	-0.00560573	0.00030184	0.00561336	176.916	4.17384e-05	5.99774e-05	7.30832e-05	55.164	-1.798398e-11
0.8625	345			2.22923e-05	-4.80714e-05	5.2959e-05	-65.088	-0.00561574	0.000302317	0.00562337	176.916	2.73512e-05	6.16615e-05	6.74506e-05	66.078	-2.317732e-11
0.865	346			1.05724e-05	-4.61119e-05	4.7304e-05	-77.088	-0.00562003	0.000302317	0.00562766	176.916	1.79858e-05	6.20265e-05	6.45821e-05	73.83	-1.986864e-11
0.8675	347			3.0771e-06	-4.64546e-05	4.65515e-05	-86.208	-0.00562242	0.00030184	0.00563005	176.922	9.81992e-06	6.37476e-05	6.45001e-05	81.24	-1.865409e-11
0.87	348			-6.78006e-07	-4.60746e-05	4.60746e-05	-90.84	-0.00562146	0.000302317	0.00562862	176.916	7.94983e-06	6.44182e-05	6.49099e-05	82.962	-2.154394e-11
0.8725	349			-2.51086e-06	-4.4741e-05	4.4808e-05	-93.21	-0.00562051	0.000300886	0.00562814	176.934	6.54909e-06	6.44033e-05	6.47311e-05	84.192	-2.133451e-11
0.875	350			-3.48689e-06	-4.45771e-05	4.47037e-05	-94.464	-0.00562146	0.000300886	0.00562909	176.934	7.39101e-06	6.37104e-05	6.41425e-05	83.382	-1.773274e-11
0.8775	351			-3.77746e-06	-4.46143e-05	4.47708e-05	-94.836	-0.00562099	0.000299932	0.00562862	176.94	8.83645e-06	6.21011e-05	6.27269e-05	81.9	-2.359614e-11
0.88	352			-4.98447e-06	-4.39736e-05	4.42492e-05	-96.462	-0.00562194	0.000298979	0.00562957	176.958	6.60124e-06	5.99923e-05	6.03574e-05	83.718	-2.020371e-11
0.8825	353			-3.79981e-06	-4.45622e-05	4.47112e-05	-94.866	-0.00562194	0.000298502	0.00562957	176.958	5.89344e-06	6.28983e-05	6.31739e-05	84.642	-2.0832e-11
0.885	354			-3.89668e-06	-4.45845e-05	4.4741e-05	-94.992	-0.00562194	0.000298979	0.00562957	176.952	5.18563e-06	6.07299e-05	6.0946e-05	85.116	-2.095759e-11
0.8875	355			-3.86688e-06	-4.40257e-05	4.41896e-05	-95.01	-0.00562146	0.000298979	0.00562909	176.952	6.01265e-06	5.9657e-05	5.99551e-05	84.24	-2.007804e-11
0.89	356			-4.0755e-06	-4.36979e-05	4.38767e-05	-95.328	-0.00562194	0.000298502	0.00562957	176.958	4.93976e-06	6.00445e-05	6.02456e-05	85.296	-2.011997e-11
0.8925	357			-3.67315e-06	-4.4741e-05	4.48825e-05	-94.686	-0.00562289	0.000297548	0.00563052	176.964	5.70717e-06	6.06405e-05	6.09087e-05	84.618	-1.986866e-11
0.895	358			-2.88339e-06	-4.3683e-05	4.37649e-05	-93.774	-0.00562242	0.000298979	0.00562957	176.958	3.87433e-06	6.07001e-05	6.08268e-05	86.346	-2.204652e-11
0.8975	359			-3.71785e-06	-4.42343e-05	4.43833e-05	-94.8	-0.00562242	0.000296595	0.00563005	176.976	5.78913e-06	5.845e-05	5.87332e-05	84.342	-2.125078e-11
0.9	360			-3.7104e-06	-4.43684e-05	4.45175e-05	-94.776	-0.00562242	0.000298025	0.00562957	176.964	5.33464e-06	5.99551e-05	6.01935e-05	84.912	-2.066443e-11
0.9025	361			-3.48689e-06	-4.45175e-05	4.46441e-05	-94.47	-0.00562242	0.000297548	0.00562957	176.964	5.52091e-06	6.06405e-05	6.08938e-05	84.792	-1.940795e-11
0.905	362			-3.75511e-06	-4.38022e-05	4.39512e-05	-94.896	-0.00562337	0.000297548	0.00563052	176.97	5.64012e-06	5.921e-05	5.94708e-05	84.552	-1.810963e-11
0.9075	363			-4.1202e-06	-4.47112e-05	4.489e-05	-95.256	-0.00562242	0.000298502	0.00563005	176.958	6.83966e-06	5.88747e-05	5.92771e-05	83.364	-2.003619e-11
0.91	364			-3.77001e-06	-4.30795e-05	4.32434e-05	-94.998	-0.00562242	0.000297548	0.00562957	176.964	6.81731e-06	5.94931e-05	5.98805e-05	83.46	-2.254907e-11
0.9125	365			-3.47199e-06	-4.34446e-05	4.35712e-05	-94.56	-0.00562289	0.000298502	0.00563052	176.958	7.53257e-06	5.86438e-05	5.9128e-05	82.68	-2.347046e-11
0.915	366			-3.14416e-06	-4.22078e-05	4.23121e-05	-94.254	-0.00562337	0.000297548	0.00563052	176.964	9.18662e-06	5.96868e-05	6.03946e-05	81.246	-2.175334e-11
0.9175	367			-2.47361e-06	-4.33105e-05	4.33775e-05	-93.27	-0.00562242	0.000298502	0.00562957	176.958	1.27853e-05	6.03425e-05	6.16838e-05	78.036	-2.246531e-11
0.92	368			-2.61517e-06	-4.36383e-05	4.37128e-05	-93.426	-0.00562337	0.000298979	0.00563052	176.958	1.74345e-05	5.95229e-05	6.20191e-05	73.668	-2.204648e-11
0.9225	369			5.95304e-06	-4.50986e-05	4.54786e-05	-82.47	-0.00562337	0.000298979	0.005631	176.952	3.46603e-05	5.86438e-05	6.81286e-05	59.412	-2.414056e-11
0.925	370			3.74767e-05	-4.82576e-05	6.10952e-05	-52.164	-0.00563481	0.000299932	0.00564244	176.952	4.72891e-05	5.81371e-05	7.49459e-05	50.874	-2.342856e-11
0.9275	371			9.98606e-05	-5.29441e-05	0.000113026	-27.93	-0.00568584	0.000304701	0.00569394	176.928	5.78167e-05	5.9061e-05	8.26498e-05	45.612	-1.86122e-11
0.93	372			0.00015472	-5.82712e-05	0.000165322	-20.634	-0.00585702	0.000317575	0.0058656	176.898	5.77497e-05	6.0268e-05	8.34693e-05	46.224	-1.802583e-11
0.9325	373			0.000124858	-5.71387e-05	0.000137308	-24.588	-0.00602296	0.000329973	0.00603154	176.862	3.54724e-05	6.40084e-05	7.31801e-05	61.002	-2.003618e-11
0.935	374			7.96844e-05	-5.39871e-05	9.62545e-05	-34.116	-0.00616696	0.00033951	0.00617555	176.844	2.14056e-05	6.52676e-05	6.86874e-05	71.838	-2.334482e-11
0.9375	375			3.98981e-05	-5.10069e-05	6.47535e-05	-51.966	-0.00624564	0.000344278	0.0062547	176.844	1.51024e-05	6.65565e-05	6.82478e-05	77.214	-2.016181e-11
0.94	376			1.75537e-05	-5.03885e-05	5.33538e-05	-70.788	-0.00628808	0.000349523	0.00629762	176.82	1.04756e-05	6.83968e-05	6.92015e-05	81.288	-2.112509e-11
0.9425	377			1.51993e-06	-5.03066e-05	5.03215e-05	-88.26	-0.00631145	0.000348093	0.00632051	176.838	7.15259e-06	6.76294e-05	6.80094e-05	83.964	-1.81096e-11
0.945	378			8.19568e-08	-5.04556e-05	5.04481e-05	-89.904	-0.00631812	0.000349047	0.00632718	176.838	6.95142e-06	6.75996e-05	6.79572e-05	84.126	-2.414057e-11
0.9475	379			-1.207e-06	-4.89207e-05	4.89282e-05	-91.404	-0.00632146	0.000349523	0.00633052	176.832	6.10205e-06	6.85905e-05	6.88662e-05	84.912	-2.020366e-11
0.95	380			-3.38258e-06	-4.96956e-05	4.97999e-05	-93.894	-0.00632337	0.000349523	0.00633243	176.832	5.4464e-06	6.70929e-05	6.73165e-05	85.356	-1.936608e-11
0.9525	381			-3.20376e-06	-5.0232e-05	5.03289e-05	-93.642	-0.00632289	0.000349523	0.00633195	176.832	6.43733e-06	6.792e-05	6.82254e-05	84.582	-1.898915e-11
0.955	382			-4.7982e-06	-4.91741e-05	4.93976e-05	-95.568	-0.00632194	0.000349523	0.006331	176.832	5.50601e-06	6.80392e-05	6.82627e-05	85.374	-1.781645e-11
0.9575	383			-3.89668e-06	-4.93305e-05	4.94721e-05	-94.512	-0.00632098	0.00034857	0.00633004	176.838	6.0797e-06	6.83372e-05	6.86129e-05	84.912	-2.418245e-11
0.96	384			-3.91903e-06	-5.01501e-05	5.02917e-05	-94.464	-0.00631955	0.000347616	0.00632861	176.85	5.19308e-06	6.84489e-05	6.86501e-05	85.662	-2.037127e-11
0.9625	385			-3.67315e-06	-4.80788e-05	4.82129e-05	-94.362	-0.00631955	0.000342848	0.00632861	176.892	7.77846e-06	6.80839e-05	6.85235e-05	83.478	-2.359612e-11
0.965	386			-3.21867e-06	-4.88388e-05	4.89431e-05	-93.762	-0.00632289	0.00034094	0.00633195	176.916	6.22871e-06	6.87023e-05	6.89779e-05	84.816	-2.007806e-11
0.9675	387			-3.56884e-06	-4.92933e-05	4.94125e-05	-94.14	-0.00632241	0.000340464	0.00633147	176.916	6.08715e-06	6.92909e-05	6.95591e-05	84.972	-2.296788e-11
0.97	388			-4.26921e-06	-4.95838e-05	4.97552e-05	-94.92	-0.00632337	0.000339987	0.00633195	176.922	6.45968e-06	6.86948e-05	6.89928e-05	84.63	-2.158577e-11
0.9725	389			-2.67477e-06	-4.9718e-05	4.97776e-05	-93.078	-0.00632384	0.00034094	0.0063329	176.916	5.93069e-06	6.82105e-05	6.84639e-05	85.026	-2.183706e-11
0.975	390			-4.7684e-06	-4.93007e-05	4.95242e-05	-95.52	-0.00632384	0.000340464	0.0063329	176.916	6.24362e-06	6.8516e-05	6.87991e-05	84.792	-2.12926e-11
0.9775	391			-4.09785e-06	-5.01799e-05	5.03438e-05	-94.662	-0.00632384	0.00033951	0.00633243	176.922	6.33302e-06	6.92983e-05	6.95889e-05	84.774	-2.217214e-11
0.98	392			-4.18726e-06	-4.90102e-05	4.91815e-05	-94.878	-0.00632432	0.00034094	0.0063329	176.916	4.67899e-06	6.71376e-05	6.73016e-05	86.016	-1.890537e-11
0.9825	393			-3.93394e-06	-4.95466e-05	4.96956e-05	-94.542	-0.00632384	0.000340464	0.0063329	176.916	5.88599e-06	6.78678e-05	6.81211e-05	85.044	-1.660187e-11
0.985	394			-5.20798e-06	-4.97552e-05	5.00234e-05	-95.976	-0.00632432	0.00034094	0.0063329	176.91	6.17656e-06	6.74208e-05	6.77039e-05	84.762	-2.120885e-11
0.9875	395			-3.6508e-06	-4.93007e-05	4.94274e-05	-94.23	-0.00632432	0.000339987	0.0063329	176.922	5.34955e-06	6.73761e-05	6.75847e-05	85.458	-2.074814e-11
0.99	396			-3.44218e-06	-4.95317e-05	4.96509e-05	-93.972	-0.00632432	0.000339987	0.0063329	176.922	5.78168e-06	6.81584e-05	6.84042e-05	85.146	-2.217211e-11
0.9925	397			-4.1053e-06	-4.91592e-05	4.93305e-05	-94.77	-0.00632337	0.00034094	0.00633243	176.91	5.28249e-06	6.87172e-05	6.89183e-05	85.602	-2.363799e-11
0.995	398			-4.00844e-06	-4.96733e-05	4.98297e-05	-94.608	-0.00632337	0.00034094	0.00633243	176.916	5.14838e-06	6.85905e-05	6.87842e-05	85.704	-2.146014e-11
0.9975	399			-3.79981e-06	-4.84439e-05	4.8578e-05	-94.476	-0.00632432	0.00034094	0.0063329	176.916	3.98609e-06	6.77039e-05	6.78306e-05	86.622	-2.326106e-11
1.0	400			-3.59864e-06	-5.00085e-05	5.01277e-05	-94.11	-0.00632337	0.00034094	0.00633243	176.916	6.22126e-06	6.8367e-05	6.86501e-05	84.798	-1.936606e-11
