variable x	variable x count			lockin1 x	lockin1 y	lockin1 r	lockin1 phi	lockin2 x	lockin2 y	lockin2 r	lockin2 phi	lockin3 x	lockin3 y	lockin3 r	lockin3 phi	smu1 meas	


1.0	0			0.001081	-0.000109673	0.0010866	-5.79	-0.00506404	0.000284197	0.00506976	176.778	0.000816468	2.34843e-05	0.000816707	1.65	-2.003653e-11
0.9975	1			0.0010692	-0.000107408	0.00107456	-5.73	-0.00506023	0.000282289	0.00506786	176.796	0.000683788	2.9564e-05	0.000684503	2.484	-2.242376e-11
0.995	2			0.00104929	-0.000105978	0.00105465	-5.76	-0.00505832	0.000282289	0.00506595	176.796	0.000610951	3.36173e-05	0.000611905	3.156	-1.790052e-11
0.9925	3			0.00102175	-0.000103951	0.001027	-5.808	-0.00505832	0.000282289	0.00506595	176.796	0.000578884	3.49286e-05	0.000579957	3.462	-2.447603e-11
0.99	4			0.00100351	-0.000102878	0.00100876	-5.85	-0.00505832	0.000282289	0.00506595	176.796	0.000571612	3.49286e-05	0.000572685	3.504	-2.024592e-11
0.9875	5			0.000973944	-9.95402e-05	0.000979073	-5.832	-0.00506213	0.000280382	0.00506976	176.814	0.000568155	3.62399e-05	0.000569347	3.648	-1.727231e-11
0.985	6			0.000967506	-0.000100017	0.000972632	-5.898	-0.00506213	0.000282289	0.00506976	176.796	0.000566844	3.44517e-05	0.000567917	3.486	-2.133483e-11
0.9825	7			0.000956181	-9.95402e-05	0.000961307	-5.94	-0.00506213	0.000282289	0.00506976	176.796	0.000567082	3.49286e-05	0.000568155	3.522	-1.8068e-11
0.98	8			0.000898365	-9.58447e-05	0.000903372	-6.084	-0.00506213	0.000282289	0.00506976	176.796	0.000568751	3.45709e-05	0.000569824	3.48	-1.907322e-11
0.9775	9			0.000851277	-9.203e-05	0.000856165	-6.162	-0.00506213	0.000280382	0.00506976	176.814	0.000567917	3.55246e-05	0.000569109	3.576	-1.790055e-11
0.975	10			0.000792984	-8.90498e-05	0.000797991	-6.402	-0.00506023	0.000282289	0.00506786	176.796	0.000569586	3.63591e-05	0.000570659	3.654	-1.76911e-11
0.9725	11			0.000760559	-8.72617e-05	0.000765566	-6.54	-0.00506023	0.000280382	0.00506786	176.814	0.000568751	3.5763e-05	0.000569943	3.606	-1.75236e-11
0.97	12			0.000737313	-8.48775e-05	0.000742201	-6.558	-0.00506023	0.000282289	0.00506786	176.796	0.000568513	3.55246e-05	0.000569586	3.582	-1.9157e-11
0.9675	13			0.000726108	-8.41622e-05	0.000730995	-6.6	-0.00506023	0.000280382	0.00506786	176.814	0.000564817	3.49286e-05	0.00056589	3.54	-1.957582e-11
0.965	14			0.00065947	-7.97515e-05	0.000664238	-6.888	-0.00506023	0.000280382	0.00506786	176.814	0.000550751	3.60014e-05	0.000551943	3.744	-2.213062e-11
0.9625	15			0.000527386	-7.25989e-05	0.000532392	-7.836	-0.00506213	0.000276567	0.00506976	176.85	0.000528459	3.71935e-05	0.000529889	4.026	-2.192121e-11
0.96	16			0.000480296	-6.91419e-05	0.000485303	-8.184	-0.00506213	0.000276567	0.00506976	176.874	0.000484826	3.94585e-05	0.000486495	4.65	-2.104165e-11
0.9575	17			0.000414493	-6.44927e-05	0.000419499	-8.838	-0.00506213	0.00027466	0.00506786	176.892	0.000456454	4.04122e-05	0.000458242	5.076	-2.032969e-11
0.955	18			0.000323536	-5.93665e-05	0.00032902	-10.386	-0.00506023	0.00027466	0.00506595	176.886	0.000460269	3.94585e-05	0.000461938	4.902	-1.823558e-11
0.9525	19			0.000287773	-5.75783e-05	0.000293495	-11.292	-0.00506213	0.00027466	0.00506786	176.892	0.000464203	3.92201e-05	0.000465872	4.842	-1.945015e-11
0.95	20			0.000223161	-5.30484e-05	0.00022936	-13.338	-0.00506213	0.00027466	0.00506786	176.892	0.000466468	3.98161e-05	0.000468137	4.896	-1.727232e-11
0.9475	21			0.000213505	-5.37636e-05	0.00022018	-14.118	-0.00506023	0.00027466	0.00506595	176.886	0.000473382	4.0293e-05	0.00047517	4.872	-2.108355e-11
0.945	22			0.000176669	-5.14986e-05	0.000184	-16.236	-0.00506023	0.00027466	0.00506595	176.886	0.000478389	3.89817e-05	0.000480058	4.668	-1.505257e-11
0.9425	23			0.000168026	-5.27503e-05	0.000176073	-17.412	-0.00506213	0.000276567	0.00506976	176.874	0.000497106	3.94585e-05	0.000498656	4.548	-1.785862e-11
0.94	24			0.000144483	-5.16775e-05	0.000153423	-19.662	-0.00505832	0.000276567	0.00506595	176.85	0.000511054	3.94585e-05	0.000512604	4.422	-2.150243e-11
0.9375	25			0.000150324	-5.16179e-05	0.000158967	-18.936	-0.00505832	0.000278475	0.00506404	176.832	0.000527982	4.05314e-05	0.000529531	4.398	-1.647653e-11
0.935	26			0.000167848	-5.35848e-05	0.000176192	-17.688	-0.0050526	0.000278475	0.00505832	176.826	0.000545386	3.83856e-05	0.000546698	4.026	-2.020403e-11
0.9325	27			0.000169576	-5.28696e-05	0.000177623	-17.298	-0.00504306	0.000276567	0.00504878	176.838	0.000564341	3.73127e-05	0.000565533	3.786	-2.083229e-11
0.93	28			0.000154675	-5.37636e-05	0.000163735	-19.158	-0.0050278	0.000276567	0.00503352	176.832	0.000593428	3.55246e-05	0.000594381	3.432	-1.576459e-11
0.9275	29			0.00014341	-5.19159e-05	0.00015247	-19.878	-0.00500491	0.000276567	0.00501254	176.838	0.000630978	3.38557e-05	0.000631932	3.078	-2.133481e-11
0.925	30			0.000151039	-5.16179e-05	0.000159622	-18.846	-0.00497058	0.00027466	0.0049763	176.826	0.00067592	3.00409e-05	0.000676636	2.544	-2.03297e-11
0.9225	31			0.000159205	-5.14986e-05	0.000167311	-17.91	-0.00493434	0.000270845	0.00494102	176.85	0.000719074	2.80143e-05	0.00071967	2.232	-1.635092e-11
0.92	32			0.000176788	-5.24523e-05	0.000184418	-16.506	-0.00490573	0.000267984	0.00491241	176.868	0.00074828	2.51533e-05	0.000748638	1.932	-1.810996e-11
0.9175	33			0.000200332	-5.44193e-05	0.000207544	-15.18	-0.00488284	0.000268938	0.00488952	176.844	0.000770334	2.3842e-05	0.000770811	1.776	-1.697913e-11
0.915	34			0.000236333	-5.61478e-05	0.000242949	-13.35	-0.00485995	0.000267031	0.00486568	176.85	0.000793818	2.16962e-05	0.000794057	1.572	-2.104169e-11
0.9125	35			0.000281097	-5.71015e-05	0.000286819	-11.472	-0.00484279	0.000266077	0.00484946	176.85	0.000801329	2.26499e-05	0.000801567	1.626	-1.873815e-11
0.91	36			0.000311615	-5.88896e-05	0.000317099	-10.698	-0.00482371	0.000265123	0.00482944	176.85	0.000809316	2.18154e-05	0.000809673	1.554	-1.656032e-11
0.9075	37			0.000360729	-6.21085e-05	0.000366034	-9.762	-0.00480655	0.000263216	0.00481322	176.856	0.000808004	2.02657e-05	0.000808243	1.44	-2.045534e-11
0.905	38			0.000397267	-6.40159e-05	0.000402333	-9.144	-0.00479129	0.000262262	0.00479797	176.862	0.000791673	2.00273e-05	0.000791911	1.452	-2.192119e-11
0.9025	39			0.000417413	-6.43139e-05	0.00042236	-8.754	-0.00477985	0.000262262	0.00478652	176.856	0.000715736	2.34843e-05	0.000716213	1.884	-2.007842e-11
0.9	40			0.000433149	-6.46715e-05	0.000437917	-8.484	-0.00476649	0.000260355	0.00477222	176.868	0.00060821	2.74183e-05	0.000608806	2.586	-1.894761e-11
0.8975	41			0.000544254	-7.02147e-05	0.000548724	-7.344	-0.00473884	0.000259401	0.00474551	176.862	0.000496868	3.27828e-05	0.000497941	3.786	-2.585812e-11
0.895	42			0.000518683	-6.8665e-05	0.000523213	-7.536	-0.00472453	0.000257494	0.00473121	176.874	0.000443341	3.46901e-05	0.000444772	4.488	-1.785866e-11
0.8925	43			0.000582043	-7.39102e-05	0.000586752	-7.23	-0.00468925	0.00025654	0.00469592	176.868	0.000446917	3.36173e-05	0.000448229	4.308	-1.836126e-11
0.89	44			0.00062317	-7.58176e-05	0.00062776	-6.936	-0.00468829	0.000255587	0.00469401	176.874	0.00042999	3.40941e-05	0.00043142	4.548	-1.827749e-11
0.8875	45			0.000601057	-7.39102e-05	0.000605587	-7.008	-0.00468448	0.000255587	0.0046902	176.874	0.000429513	3.48093e-05	0.000430943	4.638	-1.576457e-11
0.885	46			0.000597898	-7.32546e-05	0.000602368	-6.978	-0.0046778	0.000254633	0.00468352	176.874	0.000443699	3.33788e-05	0.00044501	4.314	-2.003654e-11
0.8825	47			0.000633422	-7.52811e-05	0.000637893	-6.774	-0.00466922	0.000254633	0.00467494	176.868	0.000452401	3.36173e-05	0.000453712	4.266	-2.07485e-11
0.88	48			0.00054479	-6.97975e-05	0.000549201	-7.296	-0.00465778	0.000254633	0.0046635	176.868	0.000457527	3.33788e-05	0.000458838	4.176	-2.079037e-11
0.8775	49			0.000621263	-7.42082e-05	0.000625674	-6.81	-0.00464156	0.000253679	0.00464728	176.868	0.000461461	3.42133e-05	0.000462653	4.248	-1.810998e-11
0.875	50			0.000589076	-7.33142e-05	0.000593606	-7.086	-0.00462821	0.000252726	0.00463393	176.868	0.000462772	3.30212e-05	0.000463964	4.092	-1.58902e-11
0.8725	51			0.000623945	-7.64136e-05	0.000628654	-6.978	-0.00461867	0.000252726	0.0046244	176.862	0.000464084	3.46901e-05	0.000465395	4.278	-1.785867e-11
0.87	52			0.000642244	-7.86786e-05	0.000647072	-6.984	-0.00461295	0.000251772	0.00461867	176.862	0.000463726	3.48093e-05	0.000465157	4.296	-1.823561e-11
0.8675	53			0.000620667	-7.73077e-05	0.000625495	-7.098	-0.00461009	0.000249865	0.00461581	176.886	0.000463011	3.67167e-05	0.00046456	4.536	-1.781678e-11
0.865	54			0.000578169	-7.46851e-05	0.000582997	-7.356	-0.00460914	0.000249865	0.00461486	176.892	0.000463368	3.50478e-05	0.00046468	4.338	-2.091605e-11
0.8625	55			0.000580613	-7.42082e-05	0.000585321	-7.284	-0.004612	0.000249865	0.00461772	176.898	0.000469329	3.42133e-05	0.000470521	4.182	-1.898947e-11
0.86	56			0.000547413	-7.08108e-05	0.000551943	-7.368	-0.00461867	0.000249865	0.0046244	176.904	0.00049198	3.45709e-05	0.000493173	4.02	-1.890575e-11
0.8575	57			0.000595216	-7.46851e-05	0.000599865	-7.146	-0.00462154	0.000249865	0.00462726	176.892	0.000540737	3.2306e-05	0.000541691	3.426	-1.840312e-11
0.855	58			0.000660483	-7.82614e-05	0.000665072	-6.756	-0.00459865	0.000249865	0.00460437	176.886	0.000622038	2.80143e-05	0.000622753	2.592	-2.116736e-11
0.8525	59			0.000700299	-7.99303e-05	0.000704829	-6.51	-0.00451759	0.00024605	0.00452331	176.874	0.000717882	2.18154e-05	0.00071812	1.752	-1.756549e-11
0.85	60			0.000703696	-7.95727e-05	0.000708167	-6.45	-0.00440887	0.000240327	0.00441459	176.874	0.000791792	1.77623e-05	0.000791911	1.29	-1.836127e-11
0.8475	61			0.000739101	-8.21953e-05	0.000743691	-6.348	-0.00432113	0.000236512	0.00432685	176.856	0.000831846	1.56165e-05	0.000831965	1.08	-2.305204e-11
0.845	62			0.000718478	-8.04071e-05	0.000722948	-6.384	-0.00426868	0.000234605	0.0042744	176.844	0.000845317	1.53781e-05	0.000845436	1.05	-2.481105e-11
0.8425	63			0.000700478	-7.87978e-05	0.000704948	-6.42	-0.00424388	0.000231744	0.0042496	176.868	0.000847582	1.49012e-05	0.000847701	1.008	-2.397341e-11
0.84	64			0.000674669	-7.71885e-05	0.000679079	-6.522	-0.00423053	0.00023079	0.00423625	176.868	0.000846151	1.43052e-05	0.00084627	0.972	-2.12511e-11
0.8375	65			0.000663225	-7.64732e-05	0.000667635	-6.576	-0.00422671	0.000228883	0.00423148	176.892	0.000847582	1.49012e-05	0.000847701	1.008	-1.601586e-11
0.835	66			0.000648919	-7.54003e-05	0.000653271	-6.63	-0.00422385	0.000228883	0.00422862	176.892	0.000849012	1.31131e-05	0.000849131	0.888	-1.718855e-11
0.8325	67			0.000635151	-7.39698e-05	0.000639442	-6.642	-0.00422004	0.000227929	0.00422481	176.904	0.000849608	1.09673e-05	0.000849728	0.744	-1.672789e-11
0.83	68			0.000646178	-7.43275e-05	0.000650469	-6.558	-0.00421813	0.000226022	0.0042229	176.922	0.000851396	1.02521e-05	0.000851396	0.696	-2.263321e-11
0.8275	69			0.000639562	-7.39102e-05	0.000643853	-6.588	-0.00421813	0.000226022	0.0042229	176.922	0.000851516	9.65601e-06	0.000851516	0.654	-1.790054e-11
0.825	70			0.000638846	-7.33738e-05	0.000643078	-6.552	-0.00421813	0.000226022	0.0042229	176.922	0.000851993	9.65601e-06	0.000852112	0.648	-1.861252e-11
0.8225	71			0.000642661	-7.24797e-05	0.000646714	-6.432	-0.00421718	0.000226022	0.0042229	176.922	0.000849847	1.00136e-05	0.000849966	0.684	-1.773301e-11
0.82	72			0.000631992	-7.19433e-05	0.000636045	-6.492	-0.00421813	0.000225068	0.0042229	176.94	0.00084937	8.46392e-06	0.00084937	0.576	-2.217248e-11
0.8175	73			0.000617627	-7.22413e-05	0.000621799	-6.672	-0.00421813	0.000225068	0.0042229	176.934	0.000848535	8.46392e-06	0.000848535	0.57	-1.785866e-11
0.815	74			0.000597242	-7.11088e-05	0.000601415	-6.786	-0.00421908	0.000226022	0.00422385	176.922	0.000845794	9.17917e-06	0.000845913	0.624	-1.568081e-11
0.8125	75			0.000587288	-6.87842e-05	0.000591282	-6.672	-0.00421908	0.000226022	0.00422385	176.922	0.000838045	1.02521e-05	0.000838164	0.702	-2.234005e-11
0.81	76			0.000573043	-6.85458e-05	0.000577096	-6.816	-0.00421908	0.000225068	0.00422385	176.934	0.000810388	1.29939e-05	0.000810508	0.918	-1.781679e-11
0.8075	77			0.00052679	-6.41351e-05	0.000530723	-6.942	-0.00421718	0.000225068	0.0042229	176.934	0.000676516	1.81199e-05	0.000676755	1.536	-1.697914e-11
0.805	78			0.000459494	-6.1274e-05	0.000463547	-7.59	-0.00421813	0.000225068	0.0042229	176.934	0.000500921	2.59877e-05	0.000501636	2.97	-1.735607e-11
0.8025	79			0.000422301	-5.79359e-05	0.000426294	-7.806	-0.00421908	0.000224114	0.00422385	176.952	0.000418188	2.96832e-05	0.000419261	4.068	-1.978521e-11
0.8	80			0.000374557	-5.57306e-05	0.00037867	-8.466	-0.00421813	0.000225068	0.0042229	176.94	0.000388982	3.19483e-05	0.000390293	4.704	-1.777493e-11
0.7975	81			0.000341358	-5.39424e-05	0.00034559	-8.97	-0.00421813	0.000225068	0.0042229	176.94	0.000378849	3.15907e-05	0.00038016	4.776	-1.894757e-11
0.795	82			0.000319364	-5.28696e-05	0.000323655	-9.396	-0.00421813	0.000225068	0.0042229	176.934	0.000378491	3.17099e-05	0.000379803	4.8	-1.635091e-11
0.7925	83			0.00024289	-4.8876e-05	0.000247778	-11.364	-0.00421718	0.000225068	0.0042229	176.94	0.000384213	3.09946e-05	0.000385405	4.614	-2.095794e-11
0.79	84			0.000242413	-4.86972e-05	0.000247242	-11.358	-0.00421718	0.000225068	0.0042229	176.934	0.000387074	3.18291e-05	0.000388386	4.716	-1.630901e-11
0.7875	85			0.000187338	-4.56574e-05	0.000192762	-13.686	-0.00421813	0.000225068	0.0042229	176.934	0.000388028	3.18291e-05	0.000389339	4.704	-1.73142e-11
0.785	86			0.000189365	-4.57766e-05	0.000194849	-13.584	-0.00421718	0.000226022	0.0042229	176.922	0.000391128	3.27828e-05	0.000392558	4.806	-2.242377e-11
0.7825	87			0.000174643	-4.52402e-05	0.000180424	-14.514	-0.0042105	0.000226975	0.00421527	176.91	0.000400068	3.2306e-05	0.000401499	4.62	-2.058099e-11
0.78	88			0.000191332	-4.58958e-05	0.000196756	-13.476	-0.0041981	0.000225068	0.00420287	176.928	0.000412704	3.24252e-05	0.000413897	4.5	-2.099982e-11
0.7775	89			0.000180663	-4.45845e-05	0.000186087	-13.842	-0.00417998	0.000224114	0.00418571	176.922	0.000408532	3.26636e-05	0.000409963	4.578	-2.213061e-11
0.775	90			0.000230373	-4.74455e-05	0.000235201	-11.622	-0.0041571	0.000222207	0.00416282	176.934	0.000367763	3.38557e-05	0.000369193	5.274	-1.836123e-11
0.7725	91			0.000260534	-4.92933e-05	0.000265183	-10.704	-0.00413325	0.0002203	0.00413898	176.946	0.00032747	3.58822e-05	0.000329377	6.258	-1.982713e-11
0.77	92			0.000292899	-5.09026e-05	0.00029731	-9.858	-0.0040932	0.000218392	0.00409797	176.94	0.000345113	3.52862e-05	0.000346901	5.844	-1.794243e-11
0.7675	93			0.000361266	-5.49557e-05	0.000365438	-8.64	-0.00403979	0.000215531	0.00404456	176.94	0.000394823	3.15907e-05	0.000396134	4.584	-2.041345e-11
0.765	94			0.000415804	-5.80552e-05	0.000419857	-7.944	-0.00399783	0.00021267	0.0040026	176.946	0.000436665	2.9564e-05	0.000437619	3.876	-1.848688e-11
0.7625	95			0.000419797	-5.78167e-05	0.000423731	-7.842	-0.00397494	0.000211717	0.00397971	176.946	0.000457169	2.77759e-05	0.000458004	3.48	-1.819371e-11
0.76	96			0.00036818	-5.50749e-05	0.000372292	-8.502	-0.0039635	0.000211717	0.00396827	176.94	0.000460031	2.77759e-05	0.000460865	3.456	-1.626714e-11
0.7575	97			0.00034106	-5.3108e-05	0.000345172	-8.85	-0.00394824	0.000211717	0.00395301	176.916	0.000479104	2.7299e-05	0.000479938	3.27	-1.857064e-11
0.755	98			0.000303151	-5.03066e-05	0.000307264	-9.414	-0.00394538	0.000211717	0.00395015	176.916	0.000495557	2.6107e-05	0.000496272	3.018	-2.045535e-11
0.7525	99			0.000299396	-5.10814e-05	0.000303747	-9.672	-0.00393966	0.00021267	0.00394443	176.898	0.000519399	2.39612e-05	0.000519995	2.646	-1.831935e-11
0.75	100			0.000287058	-4.95317e-05	0.000291349	-9.78	-0.00392821	0.000211717	0.00393298	176.91	0.000532035	2.49149e-05	0.000532631	2.682	-2.091607e-11
0.7475	101			0.000265779	-4.79224e-05	0.000270011	-10.206	-0.00391677	0.000208856	0.00392154	176.94	0.000507835	2.45572e-05	0.000508431	2.778	-1.760736e-11
0.745	102			0.000251235	-4.81012e-05	0.000255825	-10.83	-0.0039034	0.000207902	0.00390819	176.94	0.000467183	2.6107e-05	0.000467898	3.204	-2.380588e-11
0.7425	103			0.000239373	-4.69091e-05	0.000243963	-11.082	-0.00389864	0.000207902	0.0039034	176.946	0.000403883	2.68222e-05	0.000404717	3.816	-1.991091e-11
0.74	104			0.000242175	-4.73859e-05	0.000246765	-11.064	-0.00389768	0.000205995	0.0039015	176.964	0.000368716	3.00409e-05	0.000369908	4.662	-1.551329e-11
0.7375	105			0.000247838	-4.68495e-05	0.000252249	-10.692	-0.00389864	0.000207902	0.00390245	176.946	0.000356557	3.08754e-05	0.000357868	4.956	-1.777488e-11
0.735	106			0.000286462	-4.94721e-05	0.000290694	-9.786	-0.00390245	0.000207902	0.00390723	176.946	0.000362398	3.07562e-05	0.000363709	4.86	-1.149258e-11
0.7325	107			0.00033504	-5.16775e-05	0.000339033	-8.76	-0.003912	0.000207902	0.00391582	176.946	0.000395657	2.80143e-05	0.00039673	4.062	-1.911507e-11
0.73	108			0.00041491	-5.51345e-05	0.000418546	-7.566	-0.00391391	0.000209809	0.00391868	176.928	0.000470283	2.34843e-05	0.000470879	2.862	-2.250754e-11
0.7275	109			0.000504497	-6.19893e-05	0.000508253	-6.996	-0.0038624	0.000205041	0.00386621	176.946	0.000568751	1.91928e-05	0.00056899	1.932	-1.781677e-11
0.725	110			0.00053424	-6.3241e-05	0.000537995	-6.744	-0.00374795	0.000201226	0.00375177	176.922	0.000623588	1.56165e-05	0.000623826	1.44	-1.425679e-11
0.7225	111			0.000530723	-6.30622e-05	0.000534419	-6.774	-0.00365926	0.000196458	0.00366403	176.922	0.000629429	1.50204e-05	0.000629667	1.368	-2.284261e-11
0.72	112			0.000511769	-6.13336e-05	0.000515465	-6.834	-0.00362398	0.000193597	0.00362779	176.934	0.00060368	1.57357e-05	0.000603918	1.5	-1.551324e-11
0.7175	113			0.000516299	-6.10356e-05	0.000519875	-6.738	-0.00361349	0.000192643	0.00361826	176.934	0.000566486	1.8716e-05	0.000566725	1.902	-1.718854e-11
0.715	114			0.00047672	-5.97837e-05	0.000480415	-7.146	-0.00361349	0.000190736	0.00361826	176.97	0.000539783	1.94312e-05	0.000540141	2.07	-1.924077e-11
0.7125	115			0.000467898	-5.77571e-05	0.000471415	-7.032	-0.00361444	0.000190736	0.00361826	176.97	0.000537399	1.83583e-05	0.000537757	1.962	-2.099979e-11
0.71	116			0.00044501	-5.5671e-05	0.000448467	-7.128	-0.00361539	0.000189782	0.00361921	176.994	0.000555877	1.81199e-05	0.000556115	1.878	-1.505257e-11
0.7075	117			0.000431838	-5.43001e-05	0.000435235	-7.164	-0.00361539	0.000188828	0.00361921	177.0	0.000573877	1.76431e-05	0.000574116	1.77	-1.68116e-11
0.705	118			0.000435354	-5.47173e-05	0.000438752	-7.158	-0.00361539	0.000188828	0.00361921	177.0	0.00058401	1.78815e-05	0.000584248	1.764	-2.263318e-11
0.7025	119			0.000406029	-5.26311e-05	0.000409426	-7.38	-0.00361539	0.000189782	0.00361921	176.994	0.000590328	1.59742e-05	0.000590447	1.56	-2.01203e-11
0.7	120			0.000374021	-5.09026e-05	0.000377478	-7.74	-0.00361635	0.000188828	0.00362016	177.006	0.000595335	1.62126e-05	0.000595454	1.566	-2.083228e-11
0.6975	121			0.000337066	-4.76243e-05	0.000340404	-8.034	-0.00361635	0.000187875	0.00362016	177.024	0.000598554	1.51396e-05	0.000598673	1.452	-2.049717e-11
0.695	122			0.000300707	-4.6015e-05	0.000304224	-8.688	-0.0036173	0.000188828	0.00362112	177.006	0.000605229	1.39475e-05	0.000605348	1.326	-2.091603e-11
0.6925	123			0.00027311	-4.47633e-05	0.000276746	-9.3	-0.00361635	0.000187875	0.00362016	177.012	0.000606183	1.4186e-05	0.000606421	1.344	-2.037157e-11
0.69	124			0.000270547	-4.44653e-05	0.000274183	-9.324	-0.00361539	0.000187875	0.00361921	177.024	0.000608329	1.31131e-05	0.000608448	1.236	-1.965959e-11
0.6875	125			0.00028068	-4.57766e-05	0.000284376	-9.258	-0.0036173	0.000187875	0.00362112	177.012	0.000608686	1.27555e-05	0.000608806	1.212	-1.932454e-11
0.685	126			0.000259759	-4.50613e-05	0.000263633	-9.834	-0.00361635	0.000187875	0.00362016	177.012	0.000607852	1.4186e-05	0.00060809	1.344	-2.133486e-11
0.6825	127			0.000262083	-4.59554e-05	0.000266077	-9.93	-0.00361539	0.000187875	0.00361921	177.012	0.00060666	1.35899e-05	0.000606779	1.29	-2.020405e-11
0.68	128			0.000224234	-4.41673e-05	0.000228585	-11.13	-0.00361635	0.000187875	0.00362016	177.012	0.000598792	1.39475e-05	0.000598911	1.338	-2.024591e-11
0.6775	129			0.000207902	-4.27368e-05	0.000212253	-11.616	-0.0036173	0.000188828	0.00362016	177.006	0.00057197	1.74047e-05	0.000572208	1.746	-1.605776e-11
0.675	130			0.000177384	-4.07102e-05	0.000181974	-12.906	-0.0036173	0.000188828	0.00362112	177.006	0.000478389	2.02657e-05	0.000478746	2.43	-1.287467e-11
0.6725	131			0.000153483	-3.86836e-05	0.000158251	-14.136	-0.00361253	0.000188828	0.00361635	177.0	0.000366928	2.49149e-05	0.000367763	3.894	-1.82356e-11
0.67	132			0.000162364	-3.86836e-05	0.000166894	-13.392	-0.00359918	0.000187875	0.003603	177.0	0.000308873	2.86103e-05	0.000310304	5.304	-1.601582e-11
0.6675	133			0.000193299	-3.95181e-05	0.000197292	-11.55	-0.00357248	0.000187875	0.00357629	176.988	0.000324966	2.82527e-05	0.000326158	4.98	-2.426653e-11
0.665	134			0.000236929	-4.33328e-05	0.000240863	-10.362	-0.00353624	0.000186921	0.00354005	176.97	0.000366928	2.51533e-05	0.000367882	3.936	-1.995274e-11
0.6625	135			0.000290276	-4.51209e-05	0.000293734	-8.832	-0.0035	0.00018406	0.00350381	176.982	0.000410201	2.40804e-05	0.000411035	3.378	-2.141862e-11
0.66	136			0.000332536	-4.86376e-05	0.000336053	-8.322	-0.00347425	0.000183106	0.00347807	176.976	0.000439646	2.22923e-05	0.000440242	2.904	-2.154426e-11
0.6575	137			0.000308635	-4.61938e-05	0.000312092	-8.508	-0.00344659	0.000182153	0.00345041	176.964	0.000464799	2.06233e-05	0.000465276	2.556	-1.480126e-11
0.655	138			0.000337901	-4.92337e-05	0.000341477	-8.286	-0.00342657	0.000181199	0.00343038	176.97	0.00047815	2.03849e-05	0.000478627	2.448	-2.21306e-11
0.6525	139			0.000338675	-4.83992e-05	0.000342133	-8.13	-0.00340272	0.000181199	0.00340559	176.946	0.000474216	1.97889e-05	0.000474693	2.388	-1.995275e-11
0.65	140			0.000326039	-4.72667e-05	0.000329437	-8.25	-0.00338937	0.000178338	0.00339223	176.982	0.000443222	2.03849e-05	0.000443699	2.646	-1.668595e-11
0.6475	141			0.000300707	-4.67303e-05	0.000304284	-8.826	-0.00338174	0.000178338	0.00338556	176.976	0.000390293	2.25307e-05	0.000390889	3.312	-1.911508e-11
0.645	142			0.000287535	-4.44653e-05	0.000290992	-8.79	-0.00337888	0.000175477	0.0033827	177.018	0.000332834	2.59877e-05	0.000333788	4.464	-2.208871e-11
0.6425	143			0.000305654	-4.52402e-05	0.000308992	-8.418	-0.00338079	0.000175477	0.00338461	177.018	0.000302436	2.77759e-05	0.000303747	5.25	-2.041346e-11
0.64	144			0.000290992	-4.36308e-05	0.00029427	-8.526	-0.00338937	0.000175477	0.00339223	177.024	0.000299575	2.64646e-05	0.000300767	5.046	-1.831935e-11
0.6375	145			0.000353934	-4.72071e-05	0.000357093	-7.59	-0.003397	0.000176431	0.00340082	177.024	0.000339748	2.41996e-05	0.000340583	4.086	-1.945015e-11
0.635	146			0.00043601	-5.20947e-05	0.000439109	-6.81	-0.00337602	0.000175477	0.00337888	177.018	0.000425579	2.03849e-05	0.000426056	2.754	-1.978518e-11
0.6325	147			0.000470283	-5.4002e-05	0.000473382	-6.546	-0.00327589	0.000170709	0.0032797	177.006	0.000465753	1.75239e-05	0.00046611	2.154	-1.961765e-11
0.63	148			0.000439228	-5.19159e-05	0.000442268	-6.732	-0.00319387	0.000167848	0.00319768	176.988	0.000453951	1.89544e-05	0.000454428	2.394	-1.752361e-11
0.6275	149			0.000358583	-4.75051e-05	0.000361742	-7.548	-0.00316812	0.00016594	0.00317194	176.988	0.000436665	2.05041e-05	0.000437142	2.7	-2.334521e-11
0.625	150			0.000297906	-4.32732e-05	0.000301005	-8.262	-0.00316335	0.000164987	0.00316621	177.006	0.000423195	2.03849e-05	0.000423672	2.766	-2.280071e-11
0.6225	151			0.00025511	-4.06506e-05	0.000258328	-9.042	-0.0031624	0.000164987	0.00316526	177.006	0.00042236	1.95504e-05	0.000422837	2.658	-2.254945e-11
0.62	152			0.000223936	-3.83856e-05	0.000227214	-9.72	-0.00316431	0.000164033	0.00316717	177.018	0.000419023	1.91928e-05	0.000419499	2.634	-1.995275e-11
0.6175	153			0.000215651	-3.82664e-05	0.000219048	-10.062	-0.00316335	0.000163079	0.00316621	177.03	0.000411512	1.83583e-05	0.00041187	2.562	-2.037157e-11
0.615	154			0.00021571	-3.83856e-05	0.000219108	-10.08	-0.00316526	0.000163079	0.00316812	177.048	0.000380876	1.75239e-05	0.000381233	2.646	-2.062287e-11
0.6125	155			0.00021875	-3.76704e-05	0.000221969	-9.768	-0.00316431	0.000161172	0.00316717	177.066	0.000359775	1.91928e-05	0.000360372	3.066	-2.338708e-11
0.61	156			0.000217141	-3.73127e-05	0.0002203	-9.738	-0.00316526	0.000161172	0.00316812	177.072	0.000345947	2.00273e-05	0.000346543	3.33	-1.945016e-11
0.6075	157			0.000217975	-3.79088e-05	0.000221253	-9.858	-0.00316526	0.000161172	0.00316907	177.072	0.000338675	1.96696e-05	0.000339272	3.336	-2.129295e-11
0.605	158			0.00019771	-3.64783e-05	0.000201047	-10.452	-0.00316526	0.000161172	0.00316812	177.084	0.000372173	1.84776e-05	0.00037265	2.85	-1.894758e-11
0.6025	159			0.000174702	-3.60014e-05	0.000178338	-11.64	-0.00316431	0.000161172	0.00316717	177.066	0.000394942	1.75239e-05	0.0003953	2.55	-1.522008e-11
0.6	160			0.000146986	-3.48093e-05	0.000151039	-13.32	-0.00316526	0.000161172	0.00316812	177.072	0.000417592	1.75239e-05	0.000418069	2.412	-1.67278e-11
0.5975	161			0.000104905	-3.21271e-05	0.000109733	-17.004	-0.00316526	0.000162126	0.00316812	177.06	0.000434877	1.81199e-05	0.000435235	2.394	-2.19631e-11
0.595	162			8.20761e-05	-3.0786e-05	8.76491e-05	-20.556	-0.00316431	0.000163079	0.00316717	177.048	0.000444772	1.6451e-05	0.000445129	2.13	-2.108355e-11
0.5925	163			8.9169e-05	-3.15013e-05	9.4593e-05	-19.452	-0.00316526	0.000162126	0.00316907	177.06	0.000456931	1.57357e-05	0.000457169	1.98	-2.497861e-11
0.59	164			0.000108749	-3.2902e-05	0.000113607	-16.83	-0.00316335	0.000161172	0.00316621	177.066	0.000474216	1.40668e-05	0.000474336	1.704	-1.8445e-11
0.5875	165			0.000134827	-3.40941e-05	0.000139059	-14.178	-0.00315191	0.000161172	0.00315477	177.06	0.00050557	1.34707e-05	0.000505809	1.53	-2.171181e-11
0.585	166			0.000168861	-3.56438e-05	0.000172586	-11.91	-0.00312044	0.000161172	0.0031233	177.042	0.000541929	1.15634e-05	0.000542168	1.236	-1.790053e-11
0.5825	167			0.000201256	-3.71935e-05	0.000204653	-10.47	-0.00307657	0.000159265	0.00308038	177.036	0.000568394	1.02521e-05	0.000568394	1.044	-2.330336e-11
0.58	168			0.000219525	-3.8475e-05	0.000222863	-9.936	-0.00303747	0.000156404	0.00304033	177.036	0.00054336	1.14442e-05	0.000543479	1.212	-1.664409e-11
0.5775	169			0.000225605	-3.81472e-05	0.000228793	-9.594	-0.00301172	0.000156404	0.00301458	177.024	0.000452282	1.53781e-05	0.00045252	1.95	-1.7733e-11
0.575	170			0.000234664	-3.89519e-05	0.000237883	-9.42	-0.00299455	0.00015545	0.00299837	177.018	0.000377538	1.8716e-05	0.000378015	2.838	-2.418285e-11
0.5725	171			0.0002445	-3.95479e-05	0.000247689	-9.186	-0.00299074	0.000154496	0.0029936	177.024	0.000342371	1.99081e-05	0.000342967	3.342	-2.003653e-11
0.57	172			0.000244411	-3.91903e-05	0.00024751	-9.102	-0.00299264	0.000156404	0.00299551	177.0	0.000330927	2.05041e-05	0.000331642	3.564	-1.89476e-11
0.5675	173			0.000293883	-4.17831e-05	0.000296833	-8.088	-0.00300123	0.000154496	0.00300409	177.036	0.000345709	1.89544e-05	0.000346305	3.144	-1.710478e-11
0.565	174			0.000347139	-4.39289e-05	0.000349911	-7.212	-0.00300981	0.000156404	0.00301267	177.018	0.000402333	1.60934e-05	0.000402691	2.298	-1.802618e-11
0.5625	175			0.000404837	-4.71177e-05	0.000407578	-6.636	-0.00297834	0.000154496	0.0029812	177.012	0.000460746	1.43052e-05	0.000460865	1.782	-2.141862e-11
0.56	176			0.000386657	-4.49123e-05	0.00038925	-6.624	-0.00287725	0.000149728	0.00288011	177.018	0.00042689	1.37091e-05	0.000427129	1.848	-1.999465e-11
0.5575	177			0.000355663	-4.3303e-05	0.000358285	-6.942	-0.00282384	0.000146867	0.00282766	177.012	0.000356557	1.81199e-05	0.000357034	2.922	-2.074853e-11
0.555	178			0.000331225	-4.22599e-05	0.000333907	-7.266	-0.00281431	0.000144006	0.00281717	177.06	0.000288846	1.96696e-05	0.000289442	3.906	-1.90732e-11
0.5525	179			0.000310989	-4.05612e-05	0.000313642	-7.428	-0.00281335	0.000143052	0.00281622	177.072	0.000251772	2.24115e-05	0.000252726	5.1	-2.024595e-11
0.55	180			0.000281574	-3.82068e-05	0.000284167	-7.722	-0.0028124	0.000142098	0.00281431	177.096	0.000238181	2.30075e-05	0.000239254	5.532	-1.589021e-11
0.5475	181			0.000296922	-3.85346e-05	0.000299426	-7.392	-0.00281335	0.000142098	0.00281526	177.096	0.000223876	2.36036e-05	0.000225187	6.03	-2.347085e-11
0.545	182			0.000267418	-3.60312e-05	0.000269832	-7.668	-0.00281335	0.000141145	0.00281526	177.108	0.000213624	2.36036e-05	0.000214935	6.318	-1.693724e-11
0.5425	183			0.000250669	-3.46007e-05	0.000253053	-7.86	-0.00281335	0.000143052	0.00281526	177.084	0.000212432	2.26499e-05	0.000213624	6.108	-2.208877e-11
0.54	184			0.000199587	-3.20377e-05	0.00020215	-9.114	-0.00281335	0.000143052	0.00281526	177.084	0.00020218	2.34843e-05	0.000203491	6.636	-1.982712e-11
0.5375	185			0.000157387	-3.15609e-05	0.000160516	-11.328	-0.00281335	0.000142098	0.00281526	177.096	0.000200034	2.30075e-05	0.000201345	6.576	-2.125115e-11
0.535	186			0.000101209	-2.82825e-05	0.000105083	-15.6	-0.0028124	0.000141145	0.00281431	177.108	0.000189663	2.41996e-05	0.000191213	7.278	-2.154429e-11
0.5325	187			7.20327e-05	-2.65242e-05	7.67712e-05	-20.19	-0.00281335	0.000142098	0.00281622	177.096	0.000199617	2.29479e-05	0.000200928	6.564	-1.936641e-11
0.53	188			5.52239e-05	-2.66434e-05	6.13038e-05	-25.746	-0.00281335	0.000142098	0.00281526	177.096	0.000212968	2.24115e-05	0.00021416	6.012	-1.743984e-11
0.5275	189			5.87108e-05	-2.55109e-05	6.39861e-05	-23.478	-0.00281335	0.000142098	0.00281526	177.096	0.000248732	2.1577e-05	0.000249626	4.962	-2.058102e-11
0.525	190			6.5357e-05	-2.72394e-05	7.08108e-05	-22.614	-0.00280859	0.000142098	0.00281049	177.09	0.000293614	1.81199e-05	0.00029421	3.54	-1.898949e-11
0.5225	191			8.26423e-05	-2.74183e-05	8.70829e-05	-18.348	-0.00279047	0.000141145	0.00279237	177.084	0.000357093	1.5855e-05	0.000357451	2.55	-2.305203e-11
0.52	192			0.000103474	-2.92064e-05	0.000107497	-15.75	-0.00275709	0.000140191	0.00275899	177.078	0.000421168	1.32323e-05	0.000421347	1.806	-2.108355e-11
0.5175	193			0.00012073	-2.93256e-05	0.000124217	-13.638	-0.00271799	0.000139237	0.00271989	177.066	0.000476541	1.03117e-05	0.00047666	1.242	-1.589022e-11
0.515	194			0.000134499	-3.10841e-05	0.000138045	-13.002	-0.00269796	0.000136376	0.00269987	177.084	0.000503782	9.00036e-06	0.000503901	1.026	-2.112542e-11
0.5125	195			0.00016147	-3.22463e-05	0.000164629	-11.286	-0.00269128	0.000136376	0.00269319	177.078	0.000512663	8.88115e-06	0.000512723	0.996	-2.116732e-11
0.51	196			0.000210048	-3.47497e-05	0.000212909	-9.39	-0.00269414	0.000136376	0.00269701	177.084	0.000512484	8.82155e-06	0.000512544	0.99	-2.384779e-11
0.5075	197			0.000288429	-3.75214e-05	0.000290873	-7.41	-0.00270082	0.000138284	0.00270368	177.06	0.000530664	7.68906e-06	0.000530723	0.834	-2.338708e-11
0.505	198			0.000312449	-3.87731e-05	0.000314863	-7.068	-0.00266267	0.000135423	0.00266553	177.078	0.000517253	6.97377e-06	0.000517253	0.774	-2.229817e-11
0.5025	199			0.000296088	-3.79386e-05	0.000298502	-7.302	-0.00257589	0.000132562	0.00257875	177.054	0.000441255	1.03117e-05	0.000441434	1.344	-2.137676e-11
0.5	200			0.000266852	-3.66869e-05	0.000269355	-7.824	-0.0025406	0.000130654	0.00254251	177.054	0.000355961	1.49608e-05	0.000356259	2.412	-2.06229e-11
0.4975	201			0.000244321	-3.48391e-05	0.000246795	-8.106	-0.00253297	0.000128747	0.00253583	177.078	0.000291469	1.66298e-05	0.000291945	3.264	-2.254944e-11
0.495	202			0.000214548	-3.20079e-05	0.000216902	-8.484	-0.00253202	0.000128747	0.00253393	177.078	0.000252904	1.90736e-05	0.000253679	4.326	-1.857068e-11
0.4925	203			0.000209034	-3.13523e-05	0.000211359	-8.532	-0.00253202	0.000128747	0.00253488	177.078	0.000231982	1.97889e-05	0.000232817	4.878	-2.07904e-11
0.49	204			0.000185252	-3.01899e-05	0.000187696	-9.252	-0.00253202	0.000127793	0.00253488	177.09	0.000232519	1.9312e-05	0.000233294	4.758	-1.827749e-11
0.4875	205			0.000216813	-3.11437e-05	0.000219048	-8.172	-0.00253202	0.000127793	0.00253488	177.108	0.000225783	1.94908e-05	0.000226618	4.938	-2.47692e-11
0.485	206			0.000203283	-3.07264e-05	0.000205577	-8.592	-0.00253202	0.000125886	0.00253488	177.15	0.000199557	2.01465e-05	0.000200571	5.778	-1.957577e-11
0.4825	207			0.000193627	-3.15609e-05	0.00019619	-9.252	-0.00253202	0.000125886	0.00253393	177.138	0.000166417	2.19942e-05	0.000167907	7.542	-2.062291e-11
0.48	208			0.000177474	-3.01005e-05	0.000180007	-9.624	-0.00253202	0.000125886	0.00253488	177.15	0.000136972	2.27691e-05	0.00013888	9.45	-2.058097e-11
0.4775	209			0.000151069	-2.90574e-05	0.000153841	-10.884	-0.00253297	0.000125886	0.00253583	177.138	0.000117302	2.4438e-05	0.000119806	11.778	-2.347088e-11
0.475	210			0.000125141	-2.68222e-05	0.000127972	-12.084	-0.00253202	0.00012684	0.00253393	177.12	0.000117422	2.36632e-05	0.000119746	11.412	-1.999463e-11
0.4725	211			0.000121117	-2.72096e-05	0.000124157	-12.654	-0.00252534	0.000125886	0.00252821	177.144	0.0001449	2.15174e-05	0.000146509	8.454	-1.995275e-11
0.47	212			0.000127704	-2.64944e-05	0.000130416	-11.712	-0.00250246	0.000125886	0.00250436	177.102	0.000200749	1.95504e-05	0.000201703	5.574	-1.831934e-11
0.4675	213			0.000124098	-2.61666e-05	0.00012684	-11.898	-0.00247003	0.000124932	0.00247194	177.096	0.00025958	1.65702e-05	0.000260117	3.66	-2.25494e-11
0.465	214			0.000128628	-2.64646e-05	0.00013131	-11.616	-0.00244905	0.000123979	0.00245096	177.102	0.000321331	1.40071e-05	0.000321629	2.508	-1.760732e-11
0.4625	215			0.000152946	-2.80739e-05	0.00015548	-10.398	-0.00244428	0.000123025	0.00244714	177.114	0.000398995	1.07289e-05	0.000399115	1.542	-2.234002e-11
0.46	216			0.000181914	-2.91766e-05	0.000184239	-9.108	-0.00244142	0.000123979	0.00244333	177.078	0.000499014	4.88761e-06	0.000499014	0.57	-2.095794e-11
0.4575	217			0.000170142	-2.91766e-05	0.000172616	-9.726	-0.00238802	0.000120163	0.00238992	177.108	0.000549797	2.74183e-06	0.000549797	0.294	-2.242381e-11
0.455	218			0.000150056	-2.90574e-05	0.000152827	-10.95	-0.00232412	0.000117302	0.00232507	177.09	0.000519995	4.11275e-06	0.000519995	0.456	-2.476918e-11
0.4525	219			0.00015694	-2.93852e-05	0.000159652	-10.596	-0.00230409	0.000116349	0.002306	177.102	0.00045705	7.62945e-06	0.00045711	0.954	-1.42568e-11
0.45	220			0.00015992	-2.87892e-05	0.000162483	-10.194	-0.00230218	0.000116349	0.00230409	177.102	0.000370922	1.08481e-05	0.0003711	1.68	-2.007843e-11
0.4475	221			0.000158847	-2.7001e-05	0.000161112	-9.648	-0.00230123	0.000115395	0.00230314	177.114	0.000284435	1.39475e-05	0.000284793	2.82	-1.668595e-11
0.445	222			0.000144542	-2.57791e-05	0.000146837	-10.104	-0.00230123	0.000116349	0.00230314	177.096	0.000216247	1.81795e-05	0.000217021	4.818	-1.584836e-11
0.4425	223			0.000139774	-2.62262e-05	0.000142188	-10.614	-0.00230123	0.000114441	0.00230314	177.132	0.000188888	1.79411e-05	0.000189782	5.43	-2.234004e-11
0.44	224			0.000113428	-2.36632e-05	0.000115872	-11.778	-0.00230123	0.000114441	0.00230314	177.132	0.000192584	1.80603e-05	0.000193418	5.37	-2.146051e-11
0.4375	225			0.000110448	-2.42592e-05	0.00011307	-12.372	-0.00230218	0.000114441	0.00230409	177.132	0.000206948	1.77623e-05	0.000207723	4.914	-2.527177e-11
0.435	226			0.000119299	-2.37228e-05	0.000121624	-11.244	-0.00230314	0.000116349	0.00230505	177.102	0.000205816	1.85372e-05	0.00020665	5.154	-2.037158e-11
0.4325	227			0.000134439	-2.63752e-05	0.000137002	-11.094	-0.00230218	0.000114441	0.00230409	177.132	0.000183106	1.87756e-05	0.00018406	5.862	-1.82356e-11
0.43	228			0.000134409	-2.56897e-05	0.000136853	-10.818	-0.00229646	0.000113488	0.00229837	177.156	0.000159145	1.8716e-05	0.000160218	6.714	-1.517822e-11
0.4275	229			0.000137151	-2.50639e-05	0.000139416	-10.35	-0.00227834	0.000112534	0.00228025	177.15	0.000169934	1.78815e-05	0.000170887	6.024	-1.810997e-11
0.425	230			0.000158609	-2.57791e-05	0.000160695	-9.228	-0.0022545	0.000110627	0.00225641	177.174	0.000193001	1.66298e-05	0.000193716	4.938	-2.032972e-11
0.4225	231			0.000195951	-2.75375e-05	0.000197859	-7.998	-0.00223924	0.00011158	0.00224115	177.138	0.000237466	1.50204e-05	0.000237943	3.63	-2.234004e-11
0.42	232			0.000205428	-2.86998e-05	0.000207425	-7.95	-0.00221159	0.000110627	0.00221349	177.12	0.000315608	1.09077e-05	0.000315787	1.992	-2.049724e-11
0.4175	233			0.000132353	-2.43486e-05	0.000134588	-10.422	-0.00214864	0.000106812	0.0021496	177.138	0.000353457	8.88115e-06	0.000353577	1.44	-1.928266e-11
0.415	234			7.23307e-05	-2.11598e-05	7.53705e-05	-16.296	-0.00211717	0.000105858	0.00211908	177.114	0.000361266	1.02521e-05	0.000361385	1.632	-1.798432e-11
0.4125	235			4.64323e-05	-2.04445e-05	5.07238e-05	-23.742	-0.00211145	0.000104905	0.0021124	177.144	0.000379326	8.2255e-06	0.000379385	1.248	-2.137672e-11
0.41	236			5.45087e-05	-2.07723e-05	5.83234e-05	-20.85	-0.0021105	0.000104905	0.0021124	177.144	0.000381174	7.86787e-06	0.000381233	1.188	-2.003656e-11
0.4075	237			7.09598e-05	-2.07723e-05	7.394e-05	-16.308	-0.00210954	0.000104905	0.00211145	177.138	0.000340225	1.00732e-05	0.000340344	1.698	-1.907327e-11
0.405	238			6.84564e-05	-1.99081e-05	7.12876e-05	-16.188	-0.0021105	0.000103951	0.0021124	177.162	0.000261726	1.25766e-05	0.000262024	2.76	-1.940832e-11
0.4025	239			6.49099e-05	-1.96398e-05	6.78007e-05	-16.812	-0.0021105	0.000104905	0.0021124	177.144	0.000186206	1.54377e-05	0.000186802	4.746	-1.92408e-11
0.4	240			5.3704e-05	-1.99081e-05	5.72803e-05	-20.304	-0.00211145	0.000105858	0.0021124	177.126	0.000162304	1.73451e-05	0.000163198	6.12	-2.150241e-11
0.3975	241			8.48775e-05	-2.09511e-05	8.74107e-05	-13.854	-0.00211145	0.000104905	0.00211336	177.144	0.000179232	1.63318e-05	0.000179947	5.214	-1.752361e-11
0.395	242			0.000107468	-2.18154e-05	0.000109643	-11.466	-0.0021105	0.000104905	0.0021124	177.144	0.000206114	1.508e-05	0.00020665	4.2	-2.317769e-11
0.3925	243			0.000131668	-2.40208e-05	0.000133843	-10.326	-0.00209524	0.000103951	0.00209714	177.138	0.00023681	1.29939e-05	0.000237168	3.144	-2.158617e-11
0.39	244			0.000170202	-2.48255e-05	0.00017199	-8.298	-0.00207616	0.000102044	0.00207807	177.168	0.000250639	1.29343e-05	0.000250937	2.964	-2.250754e-11
0.3875	245			0.00020823	-2.83123e-05	0.000210167	-7.74	-0.00205232	0.00010109	0.00205423	177.174	0.000267209	1.04905e-05	0.000267388	2.256	-1.865439e-11
0.385	246			0.000189693	-2.62858e-05	0.000191511	-7.884	-0.00199319	9.82289e-05	0.0019951	177.168	0.000264408	1.18614e-05	0.000264646	2.568	-1.924077e-11
0.3825	247			0.000139446	-2.34247e-05	0.000141383	-9.534	-0.00195457	9.67984e-05	0.00195648	177.162	0.00023228	1.22786e-05	0.000232578	3.03	-2.585812e-11
0.38	248			8.70829e-05	-2.03253e-05	8.94372e-05	-13.128	-0.00194789	9.53679e-05	0.00194979	177.186	0.000215412	1.36495e-05	0.000215829	3.636	-1.530385e-11
0.3775	249			4.95615e-05	-1.87756e-05	5.29888e-05	-20.73	-0.00194789	9.67984e-05	0.00194979	177.15	0.000237466	1.1921e-05	0.000237764	2.886	-1.718858e-11
0.375	250			2.55109e-05	-1.73078e-05	3.08233e-05	-34.152	-0.00194979	9.53679e-05	0.0019517	177.192	0.000277283	1.09077e-05	0.000277461	2.256	-2.213063e-11
0.3725	251			2.0221e-05	-1.67863e-05	2.62783e-05	-39.678	-0.00194979	9.63216e-05	0.0019517	177.162	0.00029731	1.04309e-05	0.000297548	2.016	-2.125111e-11
0.37	252			2.77014e-05	-1.73823e-05	3.27008e-05	-32.1	-0.00194932	9.53679e-05	0.00195123	177.192	0.000237645	1.1623e-05	0.000237943	2.802	-1.52201e-11
0.3675	253			4.1649e-05	-1.84329e-05	4.55382e-05	-23.862	-0.00195123	9.63216e-05	0.00195314	177.162	0.000165106	1.60338e-05	0.000165881	5.556	-2.29683e-11
0.365	254			8.12192e-05	-1.99006e-05	8.36183e-05	-13.764	-0.00195027	9.63216e-05	0.00195218	177.162	0.000166417	1.50204e-05	0.000167073	5.16	-2.024591e-11
0.3625	255			0.000126542	-2.21954e-05	0.000128471	-9.948	-0.00193692	9.53679e-05	0.00193883	177.174	0.000217856	1.34111e-05	0.000218273	3.528	-2.087419e-11
0.36	256			0.000166127	-2.40133e-05	0.000167848	-8.226	-0.00191499	9.53679e-05	0.00191689	177.138	0.000281097	8.70234e-06	0.000281276	1.782	-2.020405e-11
0.3575	257			0.000169435	-2.38494e-05	0.000171104	-8.01	-0.0018673	9.203e-05	0.00186921	177.168	0.000308277	8.04669e-06	0.000308337	1.506	-1.547137e-11
0.355	258			0.000118152	-2.1197e-05	0.000120037	-10.17	-0.001822	9.01227e-05	0.00182343	177.162	0.000249507	1.08481e-05	0.000249745	2.502	-1.455e-11
0.3525	259			8.62484e-05	-1.89991e-05	8.83122e-05	-12.42	-0.00181008	8.82153e-05	0.00181199	177.198	0.000181497	1.40071e-05	0.000182034	4.422	-1.940831e-11
0.35	260			4.38916e-05	-1.698e-05	4.70581e-05	-21.138	-0.00180913	8.82153e-05	0.00181056	177.204	0.000158847	1.38283e-05	0.000159443	4.974	-2.091605e-11
0.3475	261			3.91605e-05	-1.72855e-05	4.28038e-05	-23.808	-0.0018096	8.82153e-05	0.00181151	177.192	0.00016302	1.4186e-05	0.000163675	4.986	-2.204683e-11
0.345	262			1.37389e-05	-1.41487e-05	1.97144e-05	-45.834	-0.00180913	8.86922e-05	0.00181103	177.186	0.000185014	1.28747e-05	0.000185431	3.984	-2.066476e-11
0.3425	263			2.05935e-05	-1.56016e-05	2.58387e-05	-37.134	-0.00181056	8.9169e-05	0.00181247	177.174	0.000216425	1.22786e-05	0.000216783	3.264	-1.568079e-11
0.34	264			4.76467e-05	-1.69502e-05	5.05748e-05	-19.578	-0.00181103	8.82153e-05	0.00181294	177.198	0.000219525	1.14442e-05	0.000219823	2.988	-1.689538e-11
0.3375	265			9.39597e-05	-1.96846e-05	9.60012e-05	-11.832	-0.00180293	8.9169e-05	0.00180484	177.162	0.000199378	1.15038e-05	0.000199676	3.312	-2.095793e-11
0.335	266			0.000139409	-2.15025e-05	0.000141055	-8.766	-0.00178052	8.86922e-05	0.00178242	177.138	0.000243307	9.59641e-06	0.000243546	2.268	-2.032969e-11
0.3325	267			0.000135013	-2.08543e-05	0.000136615	-8.778	-0.00172711	8.58312e-05	0.00172854	177.15	0.000281574	7.92748e-06	0.000281693	1.614	-1.522011e-11
0.33	268			7.51843e-05	-1.77325e-05	7.72481e-05	-13.266	-0.00169469	8.39238e-05	0.00169612	177.162	0.000254752	9.65601e-06	0.000254931	2.172	-1.865443e-11
0.3275	269			4.51284e-05	-1.6682e-05	4.81161e-05	-20.28	-0.00168849	8.24933e-05	0.00168992	177.198	0.000199796	1.10865e-05	0.000200094	3.18	-2.225624e-11
0.325	270			4.01514e-05	-1.54526e-05	4.30124e-05	-21.042	-0.00168896	8.24933e-05	0.0016904	177.198	0.000153542	1.27555e-05	0.000154079	4.764	-1.752359e-11
0.3225	271			3.41909e-05	-1.5013e-05	3.73425e-05	-23.706	-0.00168944	8.24933e-05	0.00169087	177.198	0.000134588	1.28747e-05	0.000135184	5.472	-1.949206e-11
0.32	272			3.4854e-05	-1.48491e-05	3.7879e-05	-23.07	-0.00168992	8.20165e-05	0.00169183	177.21	0.00013584	1.35899e-05	0.000136555	5.73	-2.468541e-11
0.3175	273			5.70568e-05	-1.60487e-05	5.92696e-05	-15.708	-0.00168992	8.15396e-05	0.00169135	177.222	0.000168682	1.17422e-05	0.000169099	4.002	-1.982713e-11
0.315	274			8.53618e-05	-1.72184e-05	8.70829e-05	-11.4	-0.0016799	8.15396e-05	0.00168134	177.204	0.000218512	1.03117e-05	0.00021875	2.718	-1.685344e-11
0.3125	275			9.76552e-05	-1.79113e-05	9.92795e-05	-10.392	-0.00164557	8.05859e-05	0.00164748	177.18	0.000242949	8.52352e-06	0.000243069	2.022	-1.614151e-11
0.31	276			7.2435e-05	-1.58773e-05	7.41561e-05	-12.36	-0.00159837	7.82018e-05	0.0015998	177.192	0.000232221	9.00036e-06	0.000232399	2.226	-1.96177e-11
0.3075	277			4.29677e-05	-1.57879e-05	4.57766e-05	-20.172	-0.00158406	7.77249e-05	0.00158549	177.18	0.000218512	1.01328e-05	0.00021875	2.664	-2.049723e-11
0.305	278			2.43784e-05	-1.39401e-05	2.80739e-05	-29.748	-0.00158358	7.72481e-05	0.00158501	177.204	0.000201643	1.08481e-05	0.000201941	3.084	-2.016218e-11
0.3025	279			1.62424e-05	-1.31131e-05	2.08766e-05	-38.91	-0.00158358	7.62944e-05	0.00158501	177.24	0.000163794	1.17422e-05	0.000164212	4.116	-1.392174e-11
0.3	280			2.55929e-05	-1.33068e-05	2.88413e-05	-27.45	-0.00158501	7.67712e-05	0.00158644	177.216	0.000130714	1.26362e-05	0.00013131	5.532	-1.764926e-11
0.2975	281			6.98571e-05	-1.54079e-05	7.15335e-05	-12.438	-0.00158501	7.62944e-05	0.00158644	177.234	0.000143052	1.20402e-05	0.000143589	4.818	-2.066478e-11
0.295	282			0.000104301	-1.70396e-05	0.00010568	-9.276	-0.00156689	7.58176e-05	0.00156832	177.222	0.000186981	9.4772e-06	0.000187219	2.916	-2.108355e-11
0.2925	283			7.38506e-05	-1.56538e-05	7.54897e-05	-11.964	-0.00151969	7.39102e-05	0.00152112	177.21	0.000217617	8.34471e-06	0.000217737	2.208	-1.773301e-11
0.29	284			3.08605e-05	-1.33217e-05	3.36173e-05	-23.34	-0.00149394	7.20029e-05	0.00149489	177.228	0.000193001	8.58313e-06	0.00019318	2.562	-2.296825e-11
0.2875	285			1.64734e-05	-1.30311e-05	2.10033e-05	-38.322	-0.0014906	7.20029e-05	0.00149155	177.222	0.000185967	9.65601e-06	0.000186206	2.976	-1.928265e-11
0.285	286			1.29268e-05	-1.30498e-05	1.83658e-05	-45.264	-0.00148965	7.24797e-05	0.0014906	177.204	0.000184179	9.77522e-06	0.000184477	3.054	-1.413118e-11
0.2825	287			2.63863e-05	-1.30348e-05	2.94299e-05	-26.286	-0.00149203	7.29566e-05	0.00149346	177.198	0.000167013	1.01925e-05	0.000167311	3.504	-2.166993e-11
0.28	288			6.6441e-05	-1.60077e-05	6.83409e-05	-13.542	-0.00149203	7.1526e-05	0.00149346	177.252	0.000150026	1.01925e-05	0.000150383	3.888	-1.953397e-11
0.2775	289			0.00010524	-1.75462e-05	0.000106693	-9.468	-0.00146724	7.00955e-05	0.00146819	177.258	0.000184597	7.86787e-06	0.000184775	2.448	-2.472729e-11
0.275	290			6.4515e-05	-1.49981e-05	6.62361e-05	-13.08	-0.00142194	6.96187e-05	0.00142337	177.198	0.000181974	9.29838e-06	0.000182212	2.934	-2.342892e-11
0.2725	291			1.62796e-05	-1.04197e-05	1.93306e-05	-32.616	-0.00140763	6.77113e-05	0.00140858	177.234	0.000147999	9.89443e-06	0.000148357	3.828	-2.133486e-11
0.27	292			7.94983e-06	-1.20663e-05	1.44505e-05	-56.61	-0.00140763	6.77113e-05	0.00140906	177.234	0.000155688	9.71562e-06	0.000155986	3.588	-1.463371e-11
0.2675	293			1.4376e-05	-1.18204e-05	1.86117e-05	-39.426	-0.00140858	6.77113e-05	0.00140954	177.234	0.000169457	9.83482e-06	0.000169755	3.33	-1.970147e-11
0.265	294			5.61739e-05	-1.43163e-05	5.79695e-05	-14.298	-0.00141145	6.81882e-05	0.00141288	177.216	0.00018257	9.41759e-06	0.000182808	2.958	-2.535555e-11
0.2625	295			9.38107e-05	-1.63392e-05	9.52263e-05	-9.876	-0.00138999	6.72345e-05	0.00139142	177.228	0.000189186	7.86787e-06	0.000189365	2.388	-2.435039e-11
0.26	296			6.02829e-05	-1.35825e-05	6.17956e-05	-12.696	-0.00134564	6.53272e-05	0.00134707	177.222	0.000168563	8.94075e-06	0.000168801	3.054	-1.861252e-11
0.2575	297			2.15472e-05	-1.18092e-05	2.45721e-05	-28.71	-0.00133467	6.2943e-05	0.00133563	177.282	0.00012833	1.08481e-05	0.000128807	4.854	-2.246568e-11
0.255	298			9.88698e-06	-1.10902e-05	1.48565e-05	-48.27	-0.0013342	6.38966e-05	0.00133515	177.24	0.000112117	1.16826e-05	0.000112713	5.958	-1.794239e-11
0.2525	299			2.14429e-05	-1.18577e-05	2.45051e-05	-28.938	-0.00133515	6.48503e-05	0.00133658	177.21	0.00014794	1.08481e-05	0.000148357	4.2	-1.769114e-11
0.25	300			6.97677e-05	-1.40146e-05	7.1161e-05	-11.358	-0.00133038	6.34198e-05	0.00133134	177.258	0.000199021	6.55654e-06	0.00019908	1.896	-1.635092e-11
0.2475	301			6.56811e-05	-1.32882e-05	6.7011e-05	-11.436	-0.00128842	6.19893e-05	0.00128938	177.246	0.000198365	6.49694e-06	0.000198484	1.884	-1.823557e-11
0.245	302			2.75822e-05	-1.11908e-05	2.97652e-05	-22.08	-0.00126792	6.00817e-05	0.00126887	177.276	0.000137747	9.29838e-06	0.000138045	3.864	-1.51782e-11
0.2425	303			9.61503e-06	-9.87208e-06	1.37762e-05	-45.744	-0.00126696	6.05586e-05	0.00126792	177.246	0.000102103	1.03713e-05	0.00010264	5.814	-1.982711e-11
0.24	304			2.61889e-05	-1.17012e-05	2.86811e-05	-24.072	-0.00126839	6.00817e-05	0.00126935	177.276	9.87058e-05	1.01925e-05	9.92422e-05	5.898	-1.898945e-11
0.2375	305			6.43474e-05	-1.32509e-05	6.5696e-05	-11.634	-0.00126076	6.15125e-05	0.0012622	177.198	0.000183404	7.86787e-06	0.000183583	2.466	-1.827749e-11
0.235	306			3.82552e-05	-1.17496e-05	4.0021e-05	-17.07	-0.00121403	5.86512e-05	0.00121451	177.216	0.000195683	6.31812e-06	0.000195743	1.86	-2.129299e-11
0.2325	307			1.36048e-05	-1.0822e-05	1.73823e-05	-38.49	-0.00120784	5.72207e-05	0.00120879	177.264	0.000143171	7.92748e-06	0.00014341	3.168	-2.217249e-11
0.23	308			9.12329e-06	-1.05873e-05	1.39736e-05	-49.236	-0.00120688	5.72207e-05	0.00120784	177.282	0.000100077	1.00136e-05	0.000100613	5.742	-2.045534e-11
0.2275	309			5.62074e-05	-1.188e-05	5.74479e-05	-11.934	-0.00120736	5.72207e-05	0.00120831	177.264	0.000105054	9.74542e-06	0.000105501	5.304	-2.363833e-11
0.225	310			5.33352e-05	-1.24015e-05	5.47583e-05	-13.086	-0.00117923	5.6267e-05	0.00118018	177.264	0.000158698	6.34792e-06	0.000158847	2.292	-1.89476e-11
0.2225	311			1.82503e-05	-9.31701e-06	2.04892e-05	-27.042	-0.00115443	5.38828e-05	0.00115538	177.306	0.000165285	6.28832e-06	0.000165404	2.19	-1.878007e-11
0.22	312			8.68744e-06	-1.02446e-05	1.34297e-05	-49.692	-0.00115252	5.53133e-05	0.00115348	177.252	0.000124485	7.83807e-06	0.000124724	3.606	-2.40991e-11
0.2175	313			4.23158e-05	-1.11536e-05	4.37649e-05	-14.766	-0.00115395	5.53133e-05	0.00115491	177.258	0.000105441	8.55332e-06	0.000105799	4.65	-2.234004e-11
0.215	314			5.43299e-05	-1.05873e-05	5.53543e-05	-11.028	-0.00111867	5.3406e-05	0.00111962	177.252	0.000130356	7.48041e-06	0.000130565	3.294	-2.234004e-11
0.2125	315			1.84589e-05	-1.0144e-05	2.10629e-05	-28.782	-0.00110484	5.19755e-05	0.00110579	177.288	0.000133933	8.64273e-06	0.000134231	3.696	-2.347085e-11
0.21	316			8.20315e-06	-9.20153e-06	1.2327e-05	-48.264	-0.00110245	5.19755e-05	0.00110341	177.282	0.000134767	7.83807e-06	0.000135005	3.336	-1.794244e-11
0.2075	317			4.78628e-05	-1.15596e-05	4.92411e-05	-13.572	-0.00110198	5.29292e-05	0.00110293	177.228	0.00012374	8.13609e-06	0.000124008	3.768	-1.878005e-11
0.205	318			4.32583e-05	-9.76404e-06	4.43461e-05	-12.714	-0.00106765	5.0545e-05	0.0010686	177.282	0.000112296	7.09298e-06	0.000112504	3.618	-1.857063e-11
0.2025	319			8.8141e-06	-8.47509e-06	1.22227e-05	-43.86	-0.00105668	4.95913e-05	0.00105763	177.294	0.000102908	8.2255e-06	0.000103236	4.584	-1.886381e-11
0.2	320			2.27169e-05	-9.10467e-06	2.44753e-05	-21.834	-0.00105811	5.00681e-05	0.00105906	177.276	0.000133247	7.00357e-06	0.000133426	3.012	-1.873816e-11
0.1975	321			4.93231e-05	-1.05873e-05	5.04444e-05	-12.114	-0.00103665	4.86376e-05	0.00103713	177.294	0.000131072	6.28832e-06	0.000131221	2.76	-2.342898e-11
0.195	322			1.64584e-05	-8.50117e-06	1.85223e-05	-27.312	-0.00101519	4.76839e-05	0.00101567	177.294	8.5861e-05	8.13609e-06	8.62186e-05	5.424	-1.97015e-11
0.1925	323			1.57804e-05	-8.8439e-06	1.80901e-05	-29.262	-0.00101376	4.81608e-05	0.00101424	177.27	9.73647e-05	7.98708e-06	9.77223e-05	4.698	-1.618338e-11
0.19	324			4.16602e-05	-1.02707e-05	4.29081e-05	-13.848	-0.00100041	4.72071e-05	0.00100089	177.288	0.000145973	5.69227e-06	0.000146092	2.244	-1.710475e-11
0.1875	325			1.64734e-05	-8.26648e-06	1.84291e-05	-26.634	-0.00097657	4.64919e-05	0.000977524	177.276	8.83345e-05	7.71886e-06	8.86922e-05	5.004	-2.489484e-11
0.185	326			1.89916e-05	-8.89233e-06	2.09661e-05	-25.08	-0.000975374	4.64919e-05	0.000976328	177.27	8.13906e-05	7.62945e-06	8.1778e-05	5.37	-2.460167e-11
0.1825	327			3.54985e-05	-9.4921e-06	3.67465e-05	-14.964	-0.000957016	4.57766e-05	0.00095797	177.258	0.00013286	6.28832e-06	0.000133009	2.724	-1.785862e-11
0.18	328			8.2404e-06	-8.91468e-06	1.21371e-05	-47.238	-0.00093985	4.48229e-05	0.000940565	177.258	7.83508e-05	8.40431e-06	7.88276e-05	6.138	-2.087418e-11
0.1775	329			2.93778e-05	-9.26858e-06	3.08047e-05	-17.508	-0.000938419	4.41077e-05	0.000939135	177.294	8.6606e-05	7.3612e-06	8.69338e-05	4.872	-1.882191e-11
0.175	330			2.70494e-05	-8.34843e-06	2.83086e-05	-17.148	-0.000913147	4.26772e-05	0.000914101	177.312	0.000112623	6.40753e-06	0.000112802	3.258	-2.330332e-11
0.1725	331			9.52563e-06	-7.15631e-06	1.19098e-05	-36.9	-0.000905517	4.3154e-05	0.000906233	177.27	7.12876e-05	7.54002e-06	7.16751e-05	6.048	-1.660224e-11
0.17	332			3.42953e-05	-8.39314e-06	3.53085e-05	-13.746	-0.000894789	4.17235e-05	0.000895504	177.324	9.79011e-05	6.97377e-06	9.81693e-05	4.086	-1.865442e-11
0.1675	333			7.00916e-06	-7.29415e-06	1.01161e-05	-46.134	-0.000873808	4.10082e-05	0.000874761	177.306	8.70829e-05	6.85456e-06	8.73511e-05	4.518	-2.359643e-11
0.165	334			2.93163e-05	-9.02271e-06	3.06724e-05	-17.106	-0.000873093	4.12466e-05	0.000873808	177.288	8.72319e-05	6.40753e-06	8.74703e-05	4.206	-1.790052e-11
0.1625	335			1.84198e-05	-7.45806e-06	1.98708e-05	-22.044	-0.000848535	4.00546e-05	0.000849251	177.288	8.49371e-05	6.70555e-06	8.52053e-05	4.518	-2.284263e-11
0.16	336			2.04147e-05	-7.4264e-06	2.17223e-05	-19.986	-0.00084639	3.98161e-05	0.000847105	177.294	7.87978e-05	6.0201e-06	7.90362e-05	4.38	-2.254943e-11
0.1575	337			2.09064e-05	-7.55864e-06	2.22308e-05	-19.872	-0.000823978	3.8624e-05	0.000824455	177.3	8.24933e-05	6.97377e-06	8.27913e-05	4.836	-1.463374e-11
0.155	338			2.03458e-05	-7.56423e-06	2.17074e-05	-20.388	-0.000817779	3.81472e-05	0.000818256	177.33	7.6056e-05	6.25852e-06	7.63242e-05	4.71	-2.204688e-11
0.1525	339			1.77567e-05	-6.83407e-06	1.9027e-05	-21.048	-0.000798468	3.69551e-05	0.000798944	177.348	7.62646e-05	7.06318e-06	7.65924e-05	5.304	-2.0581e-11
0.15	340			2.27896e-05	-7.65739e-06	2.40413e-05	-18.57	-0.000793461	3.74319e-05	0.000794176	177.282	7.57878e-05	6.76516e-06	7.60858e-05	5.112	-1.773298e-11
0.1475	341			1.51843e-05	-7.50835e-06	1.69409e-05	-26.31	-0.00077248	3.5763e-05	0.000773195	177.342	6.8367e-05	6.55654e-06	6.86948e-05	5.496	-1.75655e-11
0.145	342			2.48869e-05	-6.66644e-06	2.57624e-05	-14.994	-0.000765804	3.60014e-05	0.000766281	177.294	7.91852e-05	5.84128e-06	7.94237e-05	4.236	-2.242377e-11
0.1425	343			1.32677e-05	-6.83407e-06	1.49236e-05	-27.252	-0.000747208	3.48093e-05	0.000747923	177.33	5.96049e-05	7.09298e-06	6.00221e-05	6.81	-2.133484e-11
0.14	344			2.22755e-05	-6.12813e-06	2.31006e-05	-15.378	-0.000735525	3.36173e-05	0.00073624	177.366	7.8172e-05	6.37773e-06	7.84402e-05	4.68	-1.547133e-11
0.1375	345			1.84086e-05	-6.50439e-06	1.95225e-05	-19.458	-0.000724081	3.36173e-05	0.000724558	177.336	5.36146e-05	6.49694e-06	5.4002e-05	6.93	-1.622523e-11
0.135	346			1.51024e-05	-6.64222e-06	1.64976e-05	-23.736	-0.000709299	3.31404e-05	0.000709776	177.312	6.36284e-05	5.93069e-06	6.39264e-05	5.34	-2.242373e-11
0.1325	347			2.26145e-05	-7.17308e-06	2.37246e-05	-17.592	-0.00069714	3.24252e-05	0.000697855	177.33	7.18539e-05	4.97702e-06	7.20029e-05	3.978	-2.091605e-11
0.13	348			1.91593e-05	-5.26759e-06	1.98708e-05	-15.366	-0.000687126	3.24252e-05	0.000687841	177.294	5.50451e-05	6.61614e-06	5.54326e-05	6.87	-1.723043e-11
0.1275	349			9.9559e-06	-5.79472e-06	1.15187e-05	-30.192	-0.000667814	3.02793e-05	0.000668291	177.384	5.6565e-05	5.24524e-06	5.68035e-05	5.316	-1.656028e-11
0.125	350			1.58922e-05	-5.27504e-06	1.67453e-05	-18.36	-0.000656847	3.07562e-05	0.000657085	177.312	5.71015e-05	5.81148e-06	5.74293e-05	5.832	-1.660218e-11
0.1225	351			2.34639e-05	-6.6385e-06	2.4384e-05	-15.798	-0.000646833	2.9564e-05	0.00064731	177.372	6.1274e-05	6.25852e-06	6.16019e-05	5.85	-1.965954e-11
0.12	352			1.95188e-05	-7.15259e-06	2.07872e-05	-20.124	-0.000635866	2.93256e-05	0.000636343	177.342	5.51047e-05	5.66247e-06	5.54028e-05	5.868	-2.07066e-11
0.1175	353			1.73376e-05	-5.11858e-06	1.8079e-05	-16.446	-0.000618938	2.88488e-05	0.000619415	177.318	4.47186e-05	6.20636e-06	4.51508e-05	7.908	-1.718854e-11
0.115	354			1.64193e-05	-4.82614e-06	1.7116e-05	-16.374	-0.000606302	2.76567e-05	0.000606779	177.372	4.5106e-05	6.0648e-06	4.55158e-05	7.662	-1.928263e-11
0.1125	355			1.48081e-05	-5.71462e-06	1.58717e-05	-21.096	-0.000592235	2.74183e-05	0.000592712	177.342	4.62311e-05	5.15583e-06	4.65142e-05	6.366	-1.735604e-11
0.11	356			1.47503e-05	-5.88413e-06	1.5881e-05	-21.744	-0.000580076	2.69414e-05	0.000580553	177.336	4.46441e-05	5.3421e-06	4.49645e-05	6.828	-1.727231e-11
0.1075	357			1.55234e-05	-5.48366e-06	1.6464e-05	-19.452	-0.000567202	2.52725e-05	0.00056744	177.426	4.33775e-05	5.90089e-06	4.37798e-05	7.752	-1.547136e-11
0.105	358			1.52887e-05	-5.44454e-06	1.62293e-05	-19.596	-0.000554327	2.52725e-05	0.000554565	177.384	4.24164e-05	5.31974e-06	4.27442e-05	7.158	-2.376397e-11
0.1025	359			1.64659e-05	-5.03103e-06	1.72184e-05	-16.986	-0.000542168	2.47956e-05	0.000542406	177.378	4.14404e-05	5.3719e-06	4.17905e-05	7.386	-1.936639e-11
0.1	360			1.86284e-05	-5.55444e-06	1.94387e-05	-16.596	-0.000529531	2.43188e-05	0.00052977	177.366	4.15372e-05	5.55071e-06	4.19023e-05	7.614	-1.873817e-11
0.0975	361			1.93474e-05	-4.71252e-06	1.99118e-05	-13.686	-0.000515703	2.36036e-05	0.000515942	177.372	4.1865e-05	5.24524e-06	4.21929e-05	7.14	-2.091601e-11
0.095	362			1.50987e-05	-4.84291e-06	1.5855e-05	-17.778	-0.000498537	2.3842e-05	0.000499014	177.258	3.94511e-05	5.59542e-06	3.98459e-05	8.076	-2.254944e-11
0.0925	363			1.76561e-05	-4.80938e-06	1.83006e-05	-15.234	-0.000490669	2.1577e-05	0.000491027	177.474	3.80876e-05	4.60449e-06	3.83707e-05	6.894	-2.104168e-11
0.09	364			1.82615e-05	-4.64733e-06	1.88426e-05	-14.274	-0.000477197	2.20538e-05	0.000477554	177.354	3.77151e-05	4.41077e-06	3.79758e-05	6.672	-2.104168e-11
0.0875	365			1.74326e-05	-4.06991e-06	1.7902e-05	-13.14	-0.000462057	2.08617e-05	0.000462415	177.414	3.59344e-05	4.11275e-06	3.61654e-05	6.54	-1.63928e-11
0.085	366			1.7889e-05	-3.67688e-06	1.82615e-05	-11.616	-0.000450255	2.13386e-05	0.000450732	177.276	3.47721e-05	4.82055e-06	3.51074e-05	7.902	-2.292638e-11
0.0825	367			1.88221e-05	-4.31205e-06	1.93102e-05	-12.9	-0.000436427	1.94312e-05	0.000436785	177.438	3.51446e-05	3.34533e-06	3.53011e-05	5.442	-2.229813e-11
0.08	368			1.95523e-05	-4.245e-06	2.00068e-05	-12.246	-0.000425341	1.89544e-05	0.000425698	177.432	3.41611e-05	4.44803e-06	3.44517e-05	7.428	-2.208873e-11
0.0775	369			2.03924e-05	-3.98982e-06	2.07779e-05	-11.064	-0.000409367	1.83583e-05	0.000409605	177.414	3.24475e-05	4.09785e-06	3.27083e-05	7.2	-2.204684e-11
0.075	370			2.01204e-05	-4.29529e-06	2.0573e-05	-12.048	-0.000399711	1.74047e-05	0.000399949	177.498	3.19632e-05	3.68805e-06	3.21718e-05	6.588	-1.949205e-11
0.0725	371			2.03495e-05	-3.85943e-06	2.07127e-05	-10.734	-0.00038469	1.7047e-05	0.000384929	177.45	3.1777e-05	4.20216e-06	3.20526e-05	7.542	-1.714667e-11
0.07	372			2.04948e-05	-2.86476e-06	2.06941e-05	-7.95	-0.000373604	1.63318e-05	0.000373842	177.486	3.06668e-05	4.82801e-06	3.10468e-05	8.952	-2.007837e-11
0.0675	373			2.0478e-05	-3.13298e-06	2.07165e-05	-8.694	-0.000360252	1.62126e-05	0.000360491	177.414	2.98546e-05	4.36607e-06	3.0175e-05	8.322	-2.083228e-11
0.065	374			1.96268e-05	-4.60263e-06	2.01577e-05	-13.194	-0.000347259	1.60934e-05	0.000347616	177.342	3.00707e-05	3.65825e-06	3.02867e-05	6.936	-1.806809e-11
0.0625	375			2.05116e-05	-3.51296e-06	2.08077e-05	-9.714	-0.000333788	1.46628e-05	0.000334026	177.486	2.89158e-05	3.6806e-06	2.91468e-05	7.266	-2.43085e-11
0.06	376			2.05786e-05	-2.84614e-06	2.07723e-05	-7.872	-0.000320556	1.4186e-05	0.000320794	177.462	2.78355e-05	3.6061e-06	2.80665e-05	7.398	-2.129295e-11
0.0575	377			2.16292e-05	-3.64335e-06	2.19346e-05	-9.558	-0.000307919	1.35899e-05	0.000308158	177.474	2.81559e-05	2.91319e-06	2.83049e-05	5.904	-2.380589e-11
0.055	378			2.15453e-05	-3.16837e-06	2.17763e-05	-8.364	-0.00029576	1.33515e-05	0.000295999	177.396	2.68893e-05	2.92809e-06	2.70457e-05	6.222	-1.760736e-11
0.0525	379			2.19272e-05	-3.21494e-06	2.21619e-05	-8.34	-0.000282409	1.2517e-05	0.000282647	177.456	2.67253e-05	3.58374e-06	2.69712e-05	7.644	-2.099979e-11
0.05	380			2.14373e-05	-2.85731e-06	2.16273e-05	-7.59	-0.000268819	1.27555e-05	0.000269057	177.258	2.6405e-05	3.15161e-06	2.65987e-05	6.81	-2.384777e-11
0.0475	381			2.21786e-05	-2.66173e-06	2.2337e-05	-6.846	-0.000255587	1.07289e-05	0.000255706	177.594	2.6852e-05	3.36023e-06	2.70606e-05	7.146	-1.756549e-11
0.045	382			2.25586e-05	-3.30807e-06	2.28008e-05	-8.34	-0.000243188	1.07289e-05	0.000243307	177.456	2.6554e-05	2.63752e-06	2.66881e-05	5.676	-1.706289e-11
0.0425	383			2.28157e-05	-3.54463e-06	2.30876e-05	-8.826	-0.000230194	1.03713e-05	0.000230432	177.396	2.55184e-05	3.42728e-06	2.57493e-05	7.662	-2.062285e-11
0.04	384			2.31565e-05	-2.38048e-06	2.32776e-05	-5.868	-0.00021422	1.01328e-05	0.000214339	177.27	2.53395e-05	3.05475e-06	2.55258e-05	6.882	-1.781675e-11
0.0375	385			2.33074e-05	-2.62634e-06	2.34527e-05	-6.426	-0.000204564	9.65601e-06	0.000204564	177.294	2.4669e-05	3.21867e-06	2.48776e-05	7.434	-1.903136e-11
0.035	386			2.39724e-05	-2.10853e-06	2.40674e-05	-5.028	-0.000189365	8.64273e-06	0.000189484	177.372	2.50788e-05	1.89245e-06	2.51533e-05	4.314	-1.915695e-11
0.0325	387			2.30466e-05	-2.03216e-06	2.3136e-05	-5.04	-0.000178696	7.51021e-06	0.000178815	177.588	2.41251e-05	3.28572e-06	2.43412e-05	7.758	-1.706286e-11
0.03	388			2.35197e-05	-2.16068e-06	2.36185e-05	-5.25	-0.000164808	6.61614e-06	0.000164867	177.684	2.46243e-05	3.36023e-06	2.48478e-05	7.782	-2.208872e-11
0.0275	389			2.42722e-05	-2.79026e-06	2.44306e-05	-6.558	-0.00015235	7.21219e-06	0.00015247	177.282	2.34024e-05	2.51831e-06	2.35365e-05	6.144	-2.288449e-11
0.025	390			2.37973e-05	-2.35999e-06	2.39146e-05	-5.658	-0.0001359	5.72208e-06	0.000136019	177.57	2.3842e-05	1.75089e-06	2.3909e-05	4.206	-1.857063e-11
0.0225	391			2.49055e-05	-2.29479e-06	2.50117e-05	-5.262	-0.000126542	5.72208e-06	0.000126601	177.408	2.26871e-05	1.51993e-06	2.27393e-05	3.852	-1.965959e-11
0.02	392			2.45461e-05	-2.24078e-06	2.46485e-05	-5.214	-0.000114143	4.35117e-06	0.000114203	177.792	2.44008e-05	1.63914e-06	2.44529e-05	3.846	-1.547136e-11
0.0175	393			2.3991e-05	-2.47547e-06	2.41176e-05	-5.886	-0.00010103	3.99354e-06	0.00010103	177.732	2.39165e-05	2.13088e-06	2.40059e-05	5.1	-1.743983e-11
0.015	394			2.49633e-05	-1.08407e-06	2.49856e-05	-2.484	-8.85432e-05	3.12926e-06	8.8573e-05	177.96	2.46317e-05	1.75089e-06	2.46913e-05	4.074	-1.685347e-11
0.0125	395			2.45852e-05	-2.73997e-06	2.4736e-05	-6.354	-7.54003e-05	3.30807e-06	7.54599e-05	177.48	2.54438e-05	1.55718e-06	2.54886e-05	3.51	-1.681161e-11
0.01	396			2.5211e-05	-1.57953e-06	2.52613e-05	-3.582	-6.17807e-05	1.78815e-06	6.18105e-05	178.332	2.48702e-05	1.57953e-06	2.49223e-05	3.648	-1.685348e-11
0.0075	397			2.51421e-05	-1.19396e-06	2.517e-05	-2.718	-4.96509e-05	2.05637e-06	4.96807e-05	177.618	2.52874e-05	1.44542e-06	2.53321e-05	3.276	-2.066475e-11
0.005	398			2.70308e-05	-1.51806e-06	2.70755e-05	-3.21	-3.48913e-05	1.51993e-06	3.49137e-05	177.492	2.72096e-05	1.07289e-06	2.7232e-05	2.256	-1.769114e-11
0.0025	399			2.75281e-05	-1.67266e-06	2.75784e-05	-3.474	-2.03998e-05	-2.3842e-07	2.03849e-05	-179.346	2.81633e-05	9.01524e-07	2.81782e-05	1.842	-1.76911e-11
0.0	400			2.81838e-05	-6.33303e-07	2.81913e-05	-1.284	-3.21494e-06	-3.61355e-07	3.22984e-06	-173.61	2.84464e-05	1.34111e-06	2.84837e-05	2.712	-2.514615e-11
