variable x	variable x count			lockin1 x	lockin1 y	lockin1 r	lockin1 phi	lockin2 x	lockin2 y	lockin2 r	lockin2 phi	lockin3 x	lockin3 y	lockin3 r	lockin3 phi	smu1 meas	


1.0	0			0.000768665	-8.57119e-05	0.000773434	-6.354	-0.00461581	0.000263216	0.00462154	176.736	0.00103141	1.21594e-05	0.00103141	0.678	-2.07485e-11
0.9975	1			0.000761513	-8.75001e-05	0.000766519	-6.552	-0.00461391	0.000262262	0.00462058	176.742	0.0010264	1.16826e-05	0.0010264	0.66	-2.028781e-11
0.995	2			0.000893954	-9.50103e-05	0.000898961	-6.06	-0.004612	0.000262262	0.00461772	176.742	0.00102592	1.26362e-05	0.00102592	0.72	-2.196307e-11
0.9925	3			0.0009172	-9.63216e-05	0.000922326	-5.988	-0.00460914	0.000261309	0.00461581	176.754	0.00102592	1.21594e-05	0.00102592	0.678	-1.911515e-11
0.99	4			0.000779275	-8.75001e-05	0.000784162	-6.402	-0.00460818	0.000262262	0.00461486	176.736	0.00102759	1.28747e-05	0.00102759	0.726	-2.317766e-11
0.9875	5			0.000739221	-8.45199e-05	0.000743989	-6.516	-0.00460914	0.000261309	0.00461581	176.748	0.00102664	1.14442e-05	0.00102664	0.642	-2.062289e-11
0.985	6			0.000702027	-8.20165e-05	0.000706796	-6.654	-0.00460914	0.000261309	0.00461486	176.754	0.00102664	1.14442e-05	0.00102664	0.654	-2.066476e-11
0.9825	7			0.000727657	-8.42814e-05	0.000732545	-6.606	-0.00460914	0.000261309	0.00461486	176.754	0.0010264	1.12057e-05	0.0010264	0.63	-2.141864e-11
0.98	8			0.000712875	-8.29701e-05	0.000717644	-6.636	-0.00460818	0.000260355	0.00461486	176.76	0.00102807	1.04905e-05	0.00102807	0.588	-1.886381e-11
0.9775	9			0.000778202	-8.82153e-05	0.000783209	-6.462	-0.00460723	0.000260355	0.00461391	176.76	0.00102926	1.07289e-05	0.00102926	0.606	-1.873821e-11
0.975	10			0.000780705	-8.82153e-05	0.000785593	-6.438	-0.00460532	0.000260355	0.004612	176.76	0.00102855	9.77522e-06	0.00102855	0.546	-2.129297e-11
0.9725	11			0.000824098	-9.1434e-05	0.000829104	-6.324	-0.00460532	0.000260355	0.004612	176.76	0.00102855	1.04905e-05	0.00102855	0.594	-1.999463e-11
0.97	12			0.000918988	-9.75137e-05	0.000924114	-6.054	-0.00460342	0.000261309	0.00461009	176.748	0.00102783	1.1921e-05	0.00102783	0.672	-1.710478e-11
0.9675	13			0.000783447	-8.9169e-05	0.000788573	-6.486	-0.00460246	0.000259401	0.00460914	176.766	0.0010233	1.21594e-05	0.0010233	0.69	-2.221442e-11
0.965	14			0.00082064	-9.15532e-05	0.000825647	-6.36	-0.00460342	0.000259401	0.00461009	176.766	0.00100566	1.23978e-05	0.00100566	0.714	-1.723043e-11
0.9625	15			0.000896338	-9.656e-05	0.000901464	-6.144	-0.00460437	0.000257494	0.00461105	176.79	0.000984199	1.35899e-05	0.000984438	0.798	-1.836123e-11
0.96	16			0.000922207	-9.78713e-05	0.000927452	-6.06	-0.00460437	0.00025654	0.00461105	176.802	0.000924829	1.74047e-05	0.000925068	1.086	-1.886383e-11
0.9575	17			0.00089765	-9.7156e-05	0.000902895	-6.168	-0.00460723	0.00025654	0.00461295	176.814	0.00090671	1.88352e-05	0.000906948	1.2	-1.810997e-11
0.955	18			0.000857476	-9.3699e-05	0.000862602	-6.234	-0.00460914	0.00025654	0.00461486	176.802	0.000937704	1.71663e-05	0.000937942	1.056	-2.288451e-11
0.9525	19			0.000917319	-9.66792e-05	0.000922445	-6.012	-0.00459674	0.000254633	0.00460342	176.82	0.00102354	1.21594e-05	0.00102354	0.684	-2.058095e-11
0.95	20			0.000928883	-9.72752e-05	0.000934009	-5.976	-0.00454333	0.000254633	0.00454906	176.79	0.00112439	6.43733e-06	0.00112439	0.336	-2.234001e-11
0.9475	21			0.00094438	-9.72752e-05	0.000949387	-5.874	-0.00444511	0.000249865	0.00445178	176.778	0.00122524	1.90736e-06	0.00122524	0.096	-2.150241e-11
0.945	22			0.000955228	-9.85865e-05	0.000960354	-5.886	-0.00433257	0.000243188	0.00433829	176.778	0.00128532	-2.62262e-06	0.00128532	-0.114	-1.861248e-11
0.9425	23			0.000992067	-9.91826e-05	0.000997074	-5.706	-0.00426486	0.000241281	0.00427058	176.76	0.00131655	-3.33787e-06	0.00131655	-0.144	-1.982713e-11
0.94	24			0.000947122	-9.84673e-05	0.000952248	-5.934	-0.00423053	0.00023842	0.00423625	176.76	0.00133229	-3.81473e-06	0.00133229	-0.156	-1.898949e-11
0.9375	25			0.000872973	-9.25069e-05	0.000877861	-6.048	-0.00421908	0.000240327	0.00422481	176.736	0.00133873	-5.72208e-06	0.00133873	-0.24	-2.049718e-11
0.935	26			0.000733737	-8.32085e-05	0.000738386	-6.462	-0.00421527	0.000241281	0.00422099	176.724	0.00135089	-5.72208e-06	0.00135089	-0.234	-1.760738e-11
0.9325	27			0.000651482	-7.87978e-05	0.000656132	-6.894	-0.00421527	0.000239373	0.00422099	176.742	0.00136042	-5.48366e-06	0.00136042	-0.222	-1.756548e-11
0.93	28			0.000579003	-7.41486e-05	0.000583652	-7.296	-0.00421527	0.00023842	0.00422099	176.76	0.00136638	-7.15259e-06	0.00136638	-0.294	-1.790053e-11
0.9275	29			0.00047672	-6.72345e-05	0.000481488	-8.016	-0.00421622	0.000237466	0.00422195	176.766	0.00136877	-7.62945e-06	0.00136877	-0.312	-1.676972e-11
0.925	30			0.000379087	-6.0797e-05	0.000383975	-9.102	-0.00421622	0.000235558	0.00422195	176.796	0.00136638	-8.34471e-06	0.00136638	-0.342	-2.355456e-11
0.9225	31			0.000336291	-5.72207e-05	0.000341179	-9.642	-0.00421622	0.000234605	0.00422195	176.814	0.00135518	-9.05996e-06	0.00135518	-0.378	-1.970149e-11
0.92	32			0.000295283	-5.50749e-05	0.00030029	-10.548	-0.00421718	0.000233651	0.0042229	176.826	0.00132323	-9.05996e-06	0.00132323	-0.384	-1.752357e-11
0.9175	33			0.000269892	-5.32868e-05	0.000275018	-11.148	-0.00421718	0.000231744	0.0042229	176.85	0.00123716	-6.43733e-06	0.00123716	-0.294	-2.066476e-11
0.915	34			0.000209809	-4.80416e-05	0.000215293	-12.876	-0.00421718	0.000231744	0.0042229	176.85	0.00112916	-7.15259e-07	0.00112916	-0.036	-2.133485e-11
0.9125	35			0.00012827	-4.24983e-05	0.000135125	-18.312	-0.00421718	0.000232697	0.0042229	176.832	0.00101043	5.00682e-06	0.00101043	0.294	-1.886383e-11
0.91	36			0.000111223	-4.13063e-05	0.000118614	-20.352	-0.00421718	0.000231744	0.0042229	176.844	0.000917915	8.82155e-06	0.000917915	0.564	-1.635091e-11
0.9075	37			0.000180961	-4.5717e-05	0.000186623	-14.172	-0.00421718	0.000231744	0.0042229	176.85	0.000882629	9.77522e-06	0.000882629	0.636	-1.714668e-11
0.905	38			0.000236453	-4.86972e-05	0.0002414	-11.634	-0.00421718	0.000231744	0.0042229	176.85	0.000862364	1.14442e-05	0.000862364	0.762	-2.120925e-11
0.9025	39			0.000328364	-5.38232e-05	0.000332775	-9.3	-0.00421718	0.000232697	0.0042229	176.832	0.000853065	1.26362e-05	0.000853304	0.864	-1.995277e-11
0.9	40			0.000324311	-5.38232e-05	0.000328721	-9.414	-0.00421718	0.000231744	0.0042229	176.85	0.000852112	1.21594e-05	0.000852112	0.828	-1.656032e-11
0.8975	41			0.000240327	-4.79224e-05	0.000245037	-11.262	-0.00421718	0.000231744	0.0042229	176.85	0.000850681	1.16826e-05	0.000850681	0.798	-1.857067e-11
0.895	42			0.00028968	-5.13198e-05	0.00029421	-10.032	-0.00421718	0.000231744	0.0042229	176.844	0.00085092	1.40668e-05	0.000851158	0.954	-1.706289e-11
0.8925	43			0.000318112	-5.21543e-05	0.000322344	-9.3	-0.00421718	0.000232697	0.0042229	176.832	0.000850681	1.38283e-05	0.00085092	0.93	-1.911514e-11
0.89	44			0.000334801	-5.35848e-05	0.000339093	-9.09	-0.00421718	0.000231744	0.0042229	176.844	0.00085092	1.35899e-05	0.00085092	0.918	-1.953391e-11
0.8875	45			0.000312747	-5.3108e-05	0.000317218	-9.63	-0.00421718	0.00023079	0.0042229	176.862	0.00085092	1.14442e-05	0.00085092	0.786	-1.806808e-11
0.885	46			0.000243665	-4.97105e-05	0.000248672	-11.526	-0.00421718	0.000231744	0.0042229	176.85	0.000849728	1.28747e-05	0.000849966	0.876	-2.183746e-11
0.8825	47			0.000317575	-5.44193e-05	0.000322225	-9.72	-0.00421718	0.000231744	0.0042229	176.844	0.000850443	1.23978e-05	0.000850443	0.84	-2.053911e-11
0.88	48			0.000455858	-6.30026e-05	0.00046015	-7.866	-0.00421718	0.000231744	0.0042229	176.85	0.000849251	1.43052e-05	0.000849251	0.978	-2.032967e-11
0.8775	49			0.000387968	-5.94857e-05	0.000392498	-8.712	-0.00421718	0.000231744	0.0042229	176.85	0.000849489	1.35899e-05	0.000849728	0.924	-2.003655e-11
0.875	50			0.000377836	-5.77571e-05	0.000382187	-8.688	-0.00421622	0.000231744	0.00422195	176.838	0.000853781	1.45436e-05	0.000854019	0.984	-1.840315e-11
0.8725	51			0.000435712	-6.28238e-05	0.000440182	-8.202	-0.00421146	0.000234605	0.00421718	176.808	0.000871424	1.4782e-05	0.000871662	0.978	-1.802618e-11
0.87	52			0.00041646	-6.07374e-05	0.00042087	-8.298	-0.00419715	0.000232697	0.00420287	176.82	0.000900034	1.28747e-05	0.000900272	0.828	-2.200498e-11
0.8675	53			0.000490848	-6.52079e-05	0.000495199	-7.56	-0.00417045	0.00023079	0.00417617	176.826	0.000936512	1.02521e-05	0.000936512	0.63	-2.032967e-11
0.865	54			0.000541989	-6.81882e-05	0.000546221	-7.17	-0.00413707	0.000227929	0.00414184	176.838	0.00100113	6.67575e-06	0.00100113	0.39	-1.589018e-11
0.8625	55			0.000609938	-7.20029e-05	0.00061417	-6.726	-0.00409988	0.000225068	0.0041056	176.844	0.0010624	4.7684e-06	0.0010624	0.27	-2.229813e-11
0.86	56			0.000672046	-7.61752e-05	0.000676338	-6.468	-0.00406936	0.000223161	0.00407413	176.856	0.00110889	1.1921e-06	0.00110889	0.072	-2.204688e-11
0.8575	57			0.000641409	-7.38506e-05	0.000645641	-6.564	-0.00403407	0.000222207	0.00403884	176.838	0.00114704	-7.15259e-07	0.00114704	-0.036	-1.626715e-11
0.855	58			0.000661734	-7.53407e-05	0.000666026	-6.492	-0.00400069	0.0002203	0.00400546	176.844	0.0011673	-1.1921e-06	0.0011673	-0.054	-1.898951e-11
0.8525	59			0.000627879	-7.23009e-05	0.000632051	-6.57	-0.00396731	0.000218392	0.00397304	176.844	0.00117923	-3.57629e-06	0.00117923	-0.168	-2.246569e-11
0.85	60			0.000679377	-7.59964e-05	0.000683609	-6.378	-0.00393966	0.000217439	0.00394443	176.832	0.00119019	-3.33787e-06	0.00119019	-0.162	-1.723043e-11
0.8475	61			0.000581328	-6.90822e-05	0.000585441	-6.774	-0.00391868	0.000217439	0.00392345	176.814	0.00119472	-3.81473e-06	0.00119472	-0.174	-1.593208e-11
0.845	62			0.00052375	-6.43735e-05	0.000527684	-7.008	-0.00390436	0.000216485	0.00390914	176.826	0.00119425	-4.52998e-06	0.00119425	-0.21	-1.9157e-11
0.8425	63			0.00049204	-6.3241e-05	0.000496093	-7.32	-0.00389959	0.000214578	0.00390436	176.838	0.00119019	-2.86104e-06	0.00119019	-0.138	-1.831933e-11
0.84	64			0.000512961	-6.45523e-05	0.000516955	-7.17	-0.00389673	0.000214578	0.0039015	176.844	0.00119139	-4.7684e-06	0.00119139	-0.222	-2.229815e-11
0.8375	65			0.000440242	-5.95453e-05	0.000444235	-7.698	-0.00389577	0.00021267	0.00390054	176.868	0.00118495	-4.05314e-06	0.00118495	-0.192	-2.041346e-11
0.835	66			0.000481786	-6.2943e-05	0.000485899	-7.44	-0.00389482	0.000213624	0.00389959	176.856	0.0011797	-5.24524e-06	0.0011797	-0.252	-1.844502e-11
0.8325	67			0.000482621	-6.43735e-05	0.000486853	-7.596	-0.00389387	0.000211717	0.00389864	176.874	0.00117446	-6.19891e-06	0.00117446	-0.294	-1.480126e-11
0.83	68			0.000488045	-6.48503e-05	0.000492398	-7.566	-0.00389387	0.000211717	0.00389959	176.874	0.0011716	-5.00682e-06	0.0011716	-0.246	-1.827748e-11
0.8275	69			0.000510219	-6.5506e-05	0.000514392	-7.314	-0.00389387	0.000211717	0.00389864	176.88	0.00116826	-4.7684e-06	0.00116826	-0.228	-1.605775e-11
0.825	70			0.000507299	-6.71153e-05	0.00051165	-7.53	-0.00389196	0.000211717	0.00389768	176.874	0.00115109	-3.57629e-06	0.00115109	-0.174	-2.095791e-11
0.8225	71			0.000508491	-6.52079e-05	0.000512663	-7.308	-0.00389387	0.00021267	0.00389864	176.862	0.00113726	-2.86104e-06	0.00113726	-0.144	-1.769115e-11
0.82	72			0.000514869	-6.63404e-05	0.00051916	-7.338	-0.00389387	0.000211717	0.00389959	176.886	0.00107504	0.0	0.00107504	0.0	-2.200497e-11
0.8175	73			0.00049806	-6.43735e-05	0.000502232	-7.362	-0.00389673	0.000211717	0.0039015	176.874	0.000950579	5.00682e-06	0.000950579	0.312	-1.404741e-11
0.815	74			0.000514809	-6.52079e-05	0.000518922	-7.212	-0.00390245	0.000210763	0.00390723	176.898	0.000846151	1.09673e-05	0.000846151	0.744	-1.903138e-11
0.8125	75			0.000551883	-6.68769e-05	0.000555877	-6.906	-0.00391009	0.000213624	0.00391486	176.868	0.00083876	9.77522e-06	0.00083876	0.672	-2.455983e-11
0.81	76			0.00063974	-7.0632e-05	0.000643615	-6.294	-0.0038891	0.000213624	0.00389482	176.85	0.000916723	5.96049e-06	0.000916723	0.384	-1.622529e-11
0.8075	77			0.000644092	-7.14664e-05	0.000648085	-6.33	-0.00381185	0.000208856	0.00381662	176.856	0.000988491	1.43052e-06	0.000988491	0.096	-1.601587e-11
0.805	78			0.00069565	-7.43275e-05	0.000699583	-6.096	-0.00370313	0.000203134	0.0037079	176.844	0.00101639	2.3842e-07	0.00101639	0.018	-2.522989e-11
0.8025	79			0.000627223	-7.05724e-05	0.000631157	-6.42	-0.00364019	0.000200273	0.00364496	176.844	0.00101424	-4.76841e-07	0.00101424	-0.018	-1.919887e-11
0.8	80			0.000658516	-7.13472e-05	0.00066239	-6.18	-0.00362016	0.000199319	0.00362493	176.85	0.00100852	9.53682e-07	0.00100852	0.066	-1.836125e-11
0.7975	81			0.000726167	-7.62348e-05	0.000730161	-5.994	-0.00361539	0.000198365	0.00361921	176.856	0.000999935	2.3842e-07	0.000999935	0.018	-2.099983e-11
0.795	82			0.000663523	-7.11088e-05	0.000667337	-6.114	-0.00361444	0.000198365	0.00361826	176.85	0.000995405	9.53682e-07	0.000995405	0.066	-1.71885e-11
0.7925	83			0.000601236	-6.71749e-05	0.000604991	-6.372	-0.00361349	0.000198365	0.00361826	176.85	0.000992544	4.76841e-07	0.000992544	0.036	-1.970148e-11
0.79	84			0.000552181	-6.36582e-05	0.000555877	-6.576	-0.00361349	0.000198365	0.00361826	176.85	0.000991829	2.14578e-06	0.000991829	0.132	-1.986898e-11
0.7875	85			0.000545982	-6.18105e-05	0.000549439	-6.456	-0.00361539	0.000198365	0.00361921	176.856	0.000990637	2.14578e-06	0.000990637	0.126	-2.213064e-11
0.785	86			0.000438334	-5.5969e-05	0.000441911	-7.272	-0.00361539	0.000196458	0.00362016	176.874	0.000988252	9.53682e-07	0.000988252	0.06	-1.685346e-11
0.7825	87			0.000373842	-5.16775e-05	0.000377359	-7.866	-0.00361444	0.000196458	0.00361826	176.874	0.000985391	1.1921e-06	0.000985391	0.078	-2.108352e-11
0.78	88			0.00030023	-4.77436e-05	0.000304045	-9.024	-0.00361539	0.000196458	0.00361921	176.886	0.00097657	1.43052e-06	0.00097657	0.096	-2.079041e-11
0.7775	89			0.000228525	-4.24983e-05	0.000232399	-10.524	-0.00361444	0.00019455	0.00361826	176.904	0.000934843	2.62262e-06	0.000934843	0.162	-1.819373e-11
0.775	90			0.000117302	-3.37961e-05	0.000122071	-16.056	-0.00361635	0.00019455	0.00362016	176.916	0.000839237	7.15259e-06	0.000839237	0.486	-1.706291e-11
0.7725	91			0.000129522	-3.61803e-05	0.000134469	-15.594	-0.00361539	0.000193597	0.00361921	176.928	0.000754599	1.02521e-05	0.000754599	0.786	-2.326146e-11
0.77	92			0.000190676	-3.93393e-05	0.00019467	-11.64	-0.00361539	0.000192643	0.00362016	176.94	0.000715498	1.16826e-05	0.000715736	0.948	-2.074855e-11
0.7675	93			0.000107468	-3.42729e-05	0.000112832	-17.676	-0.00361539	0.000192643	0.00362016	176.946	0.000716928	1.14442e-05	0.000717167	0.93	-2.037164e-11
0.765	94			1.87756e-05	-2.9415e-05	3.4869e-05	-57.426	-0.00361635	0.000190736	0.00362016	176.97	0.000723127	1.14442e-05	0.000723366	0.912	-1.794244e-11
0.7625	95			4.03526e-05	-3.09946e-05	5.08728e-05	-37.494	-0.00361539	0.000190736	0.00362016	176.97	0.000715021	1.16826e-05	0.000715259	0.948	-1.974335e-11
0.76	96			0.000127287	-3.60014e-05	0.000132264	-15.786	-0.00361635	0.000190736	0.00362016	176.97	0.000695232	1.35899e-05	0.000695471	1.128	-1.869629e-11
0.7575	97			5.51941e-05	-3.12629e-05	6.34198e-05	-29.508	-0.00361539	0.000192643	0.00361921	176.94	0.000672583	1.4782e-05	0.000672821	1.278	-1.693726e-11
0.755	98			5.82936e-05	-3.19483e-05	6.64596e-05	-28.722	-0.00361539	0.000193597	0.00362016	176.928	0.000644926	1.69278e-05	0.000645164	1.524	-1.995277e-11
0.7525	99			0.000121356	-3.61206e-05	0.000126601	-16.566	-0.00361444	0.00019455	0.00361826	176.916	0.000610355	1.97889e-05	0.000610594	1.86	-1.656031e-11
0.75	100			0.000170023	-3.91605e-05	0.000174464	-12.96	-0.00361253	0.000193597	0.00361635	176.928	0.000617985	1.85968e-05	0.000618462	1.728	-1.96596e-11
0.7475	101			0.000163735	-3.88923e-05	0.000168265	-13.356	-0.00359632	0.00019455	0.00360109	176.892	0.000657085	1.62126e-05	0.000657324	1.422	-2.179557e-11
0.745	102			0.00021416	-4.20513e-05	0.000218243	-11.1	-0.00356962	0.000192643	0.00357439	176.898	0.000726227	1.26362e-05	0.000726465	1.002	-2.192122e-11
0.7425	103			0.00025815	-4.41375e-05	0.000261875	-9.702	-0.00354005	0.000190736	0.00354387	176.904	0.000802521	8.58313e-06	0.000802521	0.618	-2.041349e-11
0.74	104			0.000318768	-4.83396e-05	0.000322403	-8.616	-0.0035124	0.000189782	0.00351621	176.904	0.000858072	4.29156e-06	0.000858072	0.288	-1.681161e-11
0.7375	105			0.000351908	-5.0545e-05	0.000355544	-8.172	-0.00348569	0.000188828	0.00348951	176.892	0.000881914	3.57629e-06	0.000881914	0.24	-1.915703e-11
0.735	106			0.000361653	-4.99191e-05	0.00036511	-7.854	-0.00345804	0.000185967	0.00346185	176.91	0.000881437	2.62262e-06	0.000881437	0.186	-1.794247e-11
0.7325	107			0.000399621	-5.30186e-05	0.000403138	-7.554	-0.00342657	0.000183106	0.00343038	176.928	0.000881199	2.86104e-06	0.000881199	0.192	-1.697916e-11
0.73	108			0.000377389	-5.14092e-05	0.000380876	-7.752	-0.00339986	0.000183106	0.00340368	176.904	0.000885013	2.86104e-06	0.000885013	0.192	-2.024596e-11
0.7275	109			0.000389339	-5.26311e-05	0.000392856	-7.698	-0.00338365	0.000181199	0.00338747	176.922	0.000889782	3.09946e-06	0.000889782	0.216	-2.003653e-11
0.725	110			0.000308307	-4.67899e-05	0.000311824	-8.628	-0.00337602	0.000182153	0.00337984	176.904	0.000883106	3.57629e-06	0.000883106	0.24	-1.907325e-11
0.7225	111			0.000353726	-4.98595e-05	0.000357242	-8.022	-0.00337507	0.000180245	0.00337888	176.934	0.000856165	4.7684e-06	0.000856165	0.324	-1.643469e-11
0.72	112			0.000338973	-4.99191e-05	0.000342609	-8.376	-0.00337602	0.000181199	0.00337888	176.916	0.000811104	6.43733e-06	0.000811104	0.456	-2.200503e-11
0.7175	113			0.000283809	-4.5568e-05	0.000287445	-9.12	-0.00337507	0.000179292	0.00337888	176.946	0.000772242	7.62945e-06	0.000772242	0.57	-1.819373e-11
0.715	114			0.00026864	-4.48527e-05	0.000272365	-9.48	-0.00337602	0.000178338	0.00337888	176.97	0.00076199	8.10629e-06	0.00076199	0.63	-1.555516e-11
0.7125	115			0.00029582	-4.58064e-05	0.000299336	-8.802	-0.00337698	0.000179292	0.00338079	176.958	0.000791553	7.62945e-06	0.000791553	0.57	-1.702103e-11
0.71	116			0.000394048	-5.13198e-05	0.000397356	-7.416	-0.0033827	0.000181199	0.00338651	176.934	0.000842575	5.24524e-06	0.000842575	0.36	-1.82775e-11
0.7075	117			0.000486257	-5.72207e-05	0.000489656	-6.708	-0.00338937	0.000181199	0.00339319	176.94	0.000934366	-7.15259e-07	0.000934366	-0.042	-2.137678e-11
0.705	118			0.000476362	-5.66843e-05	0.0004797	-6.78	-0.00337602	0.000180245	0.00337984	176.934	0.00102545	-4.29156e-06	0.00102545	-0.234	-2.422471e-11
0.7025	119			0.000431599	-5.41809e-05	0.000434997	-7.152	-0.00329877	0.000175477	0.00330259	176.946	0.00106216	-7.86787e-06	0.00106216	-0.42	-2.079042e-11
0.7	120			0.000406744	-5.19159e-05	0.000410022	-7.272	-0.00321008	0.000172616	0.00321294	176.91	0.00105906	-7.39101e-06	0.00105906	-0.384	-1.748173e-11
0.6975	121			0.000382008	-5.00681e-05	0.000385286	-7.464	-0.00317194	0.000169755	0.00317575	176.934	0.00105453	-7.15259e-06	0.00105453	-0.378	-2.08323e-11
0.695	122			0.000355603	-4.83396e-05	0.000358822	-7.734	-0.00316431	0.000168801	0.00316812	176.934	0.00105286	-6.91417e-06	0.00105286	-0.372	-1.970149e-11
0.6925	123			0.000302436	-4.6313e-05	0.000305953	-8.706	-0.00316335	0.000167848	0.00316717	176.946	0.00104309	-7.15259e-06	0.00104309	-0.384	-1.9869e-11
0.69	124			0.0002898	-4.40481e-05	0.000293138	-8.64	-0.00316335	0.000167848	0.00316717	176.946	0.00102306	-6.19891e-06	0.00102306	-0.336	-2.238195e-11
0.6875	125			0.000319125	-4.61938e-05	0.000322463	-8.232	-0.00316335	0.000167848	0.00316717	176.946	0.00099469	-5.72208e-06	0.00099469	-0.318	-2.066479e-11
0.685	126			0.000365736	-4.86376e-05	0.000368955	-7.572	-0.00316335	0.000166894	0.00316717	176.97	0.000931982	-4.29156e-06	0.000931982	-0.258	-1.647662e-11
0.6825	127			0.00036657	-4.76243e-05	0.00036967	-7.398	-0.00316431	0.000167848	0.00316812	176.946	0.000871424	7.15259e-07	0.000871424	0.054	-1.743986e-11
0.68	128			0.000364603	-4.75051e-05	0.000367643	-7.416	-0.00316526	0.00016594	0.00316907	176.988	0.000770096	3.57629e-06	0.000770096	0.27	-2.058105e-11
0.6775	129			0.00032443	-4.41673e-05	0.00032741	-7.746	-0.00316431	0.000166894	0.00316812	176.97	0.000733618	6.91417e-06	0.000733618	0.546	-1.802618e-11
0.675	130			0.000294806	-4.17831e-05	0.000297727	-8.052	-0.00316335	0.000166894	0.00316717	176.97	0.000719789	6.19891e-06	0.000719789	0.504	-2.183742e-11
0.6725	131			0.000199796	-3.58822e-05	0.000203014	-10.176	-0.00316335	0.00016594	0.00316621	176.982	0.000717882	5.72208e-06	0.000717882	0.462	-1.878009e-11
0.67	132			0.000185967	-3.43325e-05	0.000189067	-10.458	-0.00316431	0.000166894	0.00316812	176.97	0.000715736	7.62945e-06	0.000715736	0.63	-1.810998e-11
0.6675	133			0.000126065	-3.21867e-05	0.000130118	-14.31	-0.00316431	0.000166894	0.00316812	176.97	0.000708107	7.62945e-06	0.000708107	0.636	-1.618339e-11
0.665	134			0.000114322	-3.25444e-05	0.000118852	-15.864	-0.00316335	0.00016594	0.00316717	176.982	0.000697378	7.62945e-06	0.000697378	0.63	-1.861254e-11
0.6625	135			4.76541e-05	-2.81335e-05	5.53431e-05	-30.54	-0.00316335	0.00016594	0.00316717	176.982	0.00067592	8.58313e-06	0.00067592	0.732	-1.643466e-11
0.66	136			6.71749e-05	-2.86401e-05	7.29864e-05	-23.07	-0.00316335	0.00016594	0.00316621	176.982	0.000653747	9.77522e-06	0.000653747	0.876	-2.028782e-11
0.6575	137			0.000118882	-3.22761e-05	0.000123204	-15.18	-0.0031624	0.000167848	0.00316621	176.958	0.000633005	1.23978e-05	0.000633243	1.134	-1.940834e-11
0.655	138			0.000105471	-3.09052e-05	0.000109882	-16.326	-0.00314809	0.000167848	0.00315191	176.946	0.000636343	1.12057e-05	0.000636581	1.02	-1.965962e-11
0.6525	139			0.000183166	-3.54054e-05	0.000186534	-10.932	-0.00312521	0.000167848	0.00312902	176.922	0.000654224	1.07289e-05	0.000654224	0.948	-2.217246e-11
0.65	140			0.000262113	-4.08294e-05	0.000265272	-8.85	-0.0030985	0.000164987	0.00310232	176.946	0.000651125	9.5368e-06	0.000651125	0.852	-1.836126e-11
0.6475	141			0.000242413	-3.87433e-05	0.000245484	-9.078	-0.00307657	0.000163079	0.00308038	176.958	0.000632767	1.02521e-05	0.000633005	0.936	-1.831937e-11
0.645	142			0.000252457	-3.89817e-05	0.000255467	-8.778	-0.00305177	0.000161172	0.00305463	176.964	0.000593666	1.12057e-05	0.000593904	1.092	-2.116736e-11
0.6425	143			0.000286432	-4.10976e-05	0.000289353	-8.16	-0.00302507	0.000159265	0.00302793	176.982	0.000563625	1.26362e-05	0.000563864	1.302	-2.095792e-11
0.64	144			0.000278028	-3.98459e-05	0.000280859	-8.154	-0.00299741	0.000156404	0.00300027	176.994	0.000544075	1.43052e-05	0.000544313	1.506	-1.823561e-11
0.6375	145			0.000280829	-4.08294e-05	0.00028378	-8.268	-0.00298502	0.00015545	0.00298788	177.006	0.000543121	1.38283e-05	0.000543121	1.476	-1.982712e-11
0.635	146			0.000290217	-4.15149e-05	0.000293167	-8.142	-0.00297929	0.000156404	0.00298215	176.976	0.000547413	1.40668e-05	0.000547651	1.482	-1.957584e-11
0.6325	147			0.000279786	-4.01142e-05	0.000282647	-8.154	-0.00297834	0.000156404	0.0029812	176.976	0.000573162	1.28747e-05	0.0005734	1.296	-1.898948e-11
0.63	148			0.000326486	-4.23195e-05	0.000329228	-7.386	-0.0029812	0.000157357	0.00298406	176.964	0.000607256	1.1921e-05	0.000607494	1.134	-2.40153e-11
0.6275	149			0.000344576	-4.36904e-05	0.000347318	-7.224	-0.00298597	0.000159265	0.00298883	176.946	0.000680927	7.15259e-06	0.000680927	0.606	-1.547141e-11
0.625	150			0.000313045	-4.3154e-05	0.000315996	-7.842	-0.00298692	0.000158311	0.00298978	176.958	0.000732664	3.57629e-06	0.000732664	0.288	-1.91989e-11
0.6225	151			0.000273587	-4.0442e-05	0.000276538	-8.406	-0.0029545	0.00015545	0.00295831	176.976	0.00075746	2.62262e-06	0.00075746	0.204	-1.601583e-11
0.62	152			0.000231744	-3.76704e-05	0.000234784	-9.228	-0.00286676	0.000150681	0.00286962	176.976	0.000758413	2.62262e-06	0.000758413	0.216	-1.647656e-11
0.6175	153			0.000217647	-3.63889e-05	0.000220657	-9.486	-0.00282194	0.00014782	0.0028248	177.0	0.00073934	2.62262e-06	0.00073934	0.222	-1.584833e-11
0.615	154			0.00022328	-3.77896e-05	0.000226469	-9.606	-0.00281335	0.000146867	0.00281622	177.0	0.000706915	2.86104e-06	0.000706915	0.24	-1.861256e-11
0.6125	155			0.000227035	-3.72233e-05	0.000230075	-9.306	-0.0028124	0.00014782	0.00281526	176.988	0.000647787	5.72208e-06	0.000647787	0.516	-1.806808e-11
0.61	156			0.000217111	-3.64187e-05	0.000220151	-9.516	-0.00281335	0.000145913	0.00281622	177.018	0.000629906	5.96049e-06	0.000629906	0.546	-2.037159e-11
0.6075	157			0.000192286	-3.41239e-05	0.000195296	-10.056	-0.00281335	0.000144959	0.00281622	177.042	0.000667099	4.52998e-06	0.000667099	0.402	-2.099981e-11
0.605	158			0.000216068	-3.5465e-05	0.000218959	-9.318	-0.00281335	0.000145913	0.00281622	177.018	0.000711922	2.86104e-06	0.000711922	0.24	-1.526199e-11
0.6025	159			0.000186027	-3.34682e-05	0.000189007	-10.2	-0.00281335	0.000144959	0.00281622	177.042	0.000733141	1.66894e-06	0.000733141	0.144	-2.116736e-11
0.6	160			0.000172467	-3.31106e-05	0.000175626	-10.86	-0.00281335	0.000144959	0.00281622	177.042	0.000755552	9.53682e-07	0.000755552	0.078	-2.242386e-11
0.5975	161			0.000159265	-3.14119e-05	0.000162334	-11.154	-0.00281145	0.000144959	0.00281431	177.042	0.000772242	-1.66894e-06	0.000772242	-0.114	-1.911517e-11
0.595	162			0.000110835	-3.02793e-05	0.000114888	-15.27	-0.0028124	0.000145913	0.00281526	177.03	0.000782017	-7.15259e-07	0.000782017	-0.036	-1.878009e-11
0.5925	163			7.68905e-05	-2.80143e-05	8.18078e-05	-20.004	-0.00281335	0.000145913	0.00281622	177.03	0.00078154	-1.1921e-06	0.00078154	-0.084	-1.965957e-11
0.59	164			6.10056e-05	-2.66732e-05	6.65789e-05	-23.592	-0.0028124	0.000145913	0.00281526	177.03	0.000741486	1.66894e-06	0.000741486	0.144	-1.739797e-11
0.5875	165			7.57878e-05	-2.84017e-05	8.09138e-05	-20.526	-0.00281335	0.000145913	0.00281622	177.03	0.00068808	4.29156e-06	0.00068808	0.36	-2.062288e-11
0.585	166			9.957e-05	-2.81335e-05	0.000103474	-15.768	-0.00281145	0.000144959	0.00281431	177.042	0.0006156	7.62945e-06	0.0006156	0.732	-2.33452e-11
0.5825	167			0.000136108	-2.95342e-05	0.000139267	-12.234	-0.0028	0.000144959	0.00280382	177.03	0.0006156	6.67575e-06	0.0006156	0.636	-2.556496e-11
0.58	168			0.00018257	-3.30808e-05	0.00018552	-10.266	-0.00277998	0.000144959	0.00278379	177.006	0.00063825	6.43733e-06	0.00063825	0.582	-2.24238e-11
0.5775	169			0.000195236	-3.3498e-05	0.000198067	-9.732	-0.00275804	0.000143052	0.0027609	177.012	0.000646833	5.00682e-06	0.000646833	0.456	-2.254946e-11
0.575	170			0.000233085	-3.43921e-05	0.000235588	-8.388	-0.00273706	0.000143052	0.00273992	177.0	0.000615124	6.67575e-06	0.000615124	0.636	-1.614153e-11
0.5725	171			0.000233413	-3.48988e-05	0.000236035	-8.502	-0.00271131	0.000142098	0.00271417	176.988	0.000592712	8.10629e-06	0.000592712	0.792	-2.024594e-11
0.57	172			0.00024459	-3.48391e-05	0.000247063	-8.1	-0.00268652	0.000141145	0.00268938	176.988	0.000582699	7.86787e-06	0.000582699	0.786	-1.823566e-11
0.5675	173			0.000301065	-3.91605e-05	0.000303598	-7.41	-0.00267221	0.000139237	0.00267507	177.0	0.000588421	7.15259e-06	0.000588421	0.714	-2.435034e-11
0.565	174			0.000334324	-3.99651e-05	0.000336709	-6.816	-0.00266935	0.000139237	0.00267221	177.012	0.000624422	5.48366e-06	0.000624422	0.522	-2.112547e-11
0.5625	175			0.000354649	-4.19917e-05	0.000357123	-6.75	-0.00267126	0.000140191	0.00267507	176.988	0.00068045	2.86104e-06	0.00068045	0.252	-1.538765e-11
0.56	176			0.000339838	-4.06506e-05	0.000342252	-6.816	-0.00267316	0.000140191	0.00267603	176.988	0.000684742	1.90736e-06	0.000684742	0.168	-1.622528e-11
0.5575	177			0.000284435	-3.74916e-05	0.000286879	-7.506	-0.00264265	0.00013733	0.00264455	177.012	0.00063825	4.52998e-06	0.00063825	0.42	-2.66958e-11
0.555	178			0.000271799	-3.69849e-05	0.000274302	-7.746	-0.00256731	0.000132562	0.00257017	177.042	0.000576261	6.43733e-06	0.000576261	0.648	-2.099984e-11
0.5525	179			0.000213445	-3.32894e-05	0.000216008	-8.856	-0.00253583	0.000130654	0.00253774	177.048	0.000518803	9.77522e-06	0.000519041	1.086	-1.945018e-11
0.55	180			0.00024596	-3.44517e-05	0.000248345	-7.968	-0.00253107	0.000128747	0.00253297	177.072	0.000479462	1.07289e-05	0.000479581	1.29	-2.33871e-11
0.5475	181			0.000213505	-3.20079e-05	0.000215889	-8.52	-0.00253202	0.000129701	0.00253393	177.06	0.000468614	1.14442e-05	0.000468733	1.404	-1.907325e-11
0.545	182			0.000231386	-3.26338e-05	0.000233681	-8.022	-0.00253107	0.000128747	0.00253297	177.072	0.00045562	1.23978e-05	0.000455739	1.566	-2.037158e-11
0.5425	183			0.000177295	-3.05178e-05	0.000179888	-9.768	-0.00253202	0.000129701	0.00253393	177.06	0.00043893	1.20402e-05	0.000439169	1.584	-2.058102e-11
0.54	184			0.000137509	-2.74779e-05	0.000140221	-11.286	-0.00253202	0.000129701	0.00253393	177.06	0.000419261	1.38283e-05	0.000419499	1.902	-1.907325e-11
0.5375	185			0.000104577	-2.59281e-05	0.000107736	-13.914	-0.00253297	0.000129701	0.00253583	177.06	0.000418903	1.20402e-05	0.000419023	1.65	-2.267507e-11
0.535	186			5.5671e-05	-2.27393e-05	6.01413e-05	-22.206	-0.00253107	0.000128747	0.00253297	177.072	0.00042546	1.23978e-05	0.000425698	1.68	-1.90314e-11
0.5325	187			4.26474e-05	-2.25307e-05	4.82204e-05	-27.828	-0.00253202	0.000127793	0.00253393	177.09	0.000437858	1.14442e-05	0.000438096	1.506	-1.924078e-11
0.53	188			5.31378e-05	-2.42592e-05	5.84128e-05	-24.522	-0.00253107	0.000127793	0.00253297	177.09	0.000468018	9.89443e-06	0.000468137	1.224	-2.200498e-11
0.5275	189			6.99763e-05	-2.52427e-05	7.43871e-05	-19.812	-0.00253011	0.000129701	0.00253297	177.06	0.000525359	7.62945e-06	0.000525359	0.846	-1.907325e-11
0.525	190			9.76925e-05	-2.69116e-05	0.000101328	-15.39	-0.00252439	0.000128747	0.0025263	177.066	0.000594262	3.81473e-06	0.000594262	0.372	-1.727231e-11
0.5225	191			0.000127108	-2.81931e-05	0.000130207	-12.498	-0.00250722	0.000127793	0.00250913	177.06	0.000670675	0.0	0.000670675	0.006	-1.748176e-11
0.52	192			0.000137002	-2.84911e-05	0.000139923	-11.742	-0.00249006	0.000127793	0.00249292	177.06	0.000721697	-1.54973e-06	0.000721697	-0.114	-1.605775e-11
0.5175	193			0.000165463	-2.93852e-05	0.000168056	-10.062	-0.00246812	0.00012684	0.00247099	177.048	0.000746254	-2.26499e-06	0.000746254	-0.168	-1.593209e-11
0.515	194			0.000201226	-3.18887e-05	0.00020373	-9.0	-0.00244333	0.000124932	0.00244524	177.06	0.000745539	-3.57629e-06	0.000745539	-0.27	-1.769115e-11
0.5125	195			0.000243844	-3.38855e-05	0.000246169	-7.908	-0.0024233	0.000123979	0.00242616	177.072	0.000699285	-1.31131e-06	0.000699285	-0.096	-2.15024e-11
0.51	196			0.000277014	-3.5465e-05	0.000279279	-7.296	-0.00241853	0.000123979	0.00242139	177.048	0.000666622	-3.5763e-07	0.000666622	-0.03	-1.752359e-11
0.5075	197			0.00025201	-3.41239e-05	0.000254335	-7.71	-0.00241853	0.000124932	0.00242044	177.03	0.000624541	1.07289e-06	0.000624541	0.102	-2.292641e-11
0.505	198			0.000258328	-3.36173e-05	0.000260504	-7.41	-0.00239851	0.000123979	0.00240041	177.024	0.000587825	2.62262e-06	0.000587825	0.258	-1.656033e-11
0.5025	199			0.000224561	-3.12033e-05	0.000226707	-7.908	-0.00233747	0.00011921	0.00234033	177.06	0.000570063	3.93394e-06	0.000570063	0.402	-1.714668e-11
0.5	200			0.000181914	-2.94746e-05	0.000184269	-9.198	-0.00230505	0.00011921	0.00230695	177.018	0.000541333	5.36445e-06	0.000541333	0.57	-1.894763e-11
0.4975	201			0.000157357	-2.72096e-05	0.000159682	-9.804	-0.00230218	0.000118256	0.00230505	177.048	0.000522498	7.15259e-06	0.000522498	0.792	-2.271696e-11
0.495	202			0.000150294	-2.67924e-05	0.000152648	-10.098	-0.00230218	0.00011921	0.00230505	177.03	0.000518207	5.36445e-06	0.000518207	0.606	-1.974342e-11
0.4925	203			0.000144453	-2.67328e-05	0.000146897	-10.476	-0.00230123	0.000118256	0.00230409	177.048	0.000510935	6.91417e-06	0.000511054	0.78	-1.643469e-11
0.49	204			0.000103236	-2.46168e-05	0.000106127	-13.398	-0.00230123	0.000117302	0.00230314	177.066	0.000496868	6.91417e-06	0.000496868	0.81	-2.007842e-11
0.4875	205			7.65328e-05	-2.25605e-05	7.97813e-05	-16.416	-0.00230123	0.000116349	0.00230314	177.096	0.000459554	8.58313e-06	0.000459673	1.08	-2.116736e-11
0.485	206			4.08294e-05	-1.94908e-05	4.52104e-05	-25.488	-0.00230123	0.000116349	0.00230314	177.096	0.000409367	1.07289e-05	0.000409486	1.5	-2.066479e-11
0.4825	207			5.2959e-05	-2.10704e-05	5.69823e-05	-21.672	-0.00230314	0.000115395	0.00230505	177.114	0.000350835	1.33515e-05	0.000351073	2.196	-2.01203e-11
0.48	208			0.000101477	-2.3842e-05	0.000104219	-13.206	-0.00230123	0.000115395	0.00230314	177.114	0.000320079	1.38283e-05	0.000320436	2.49	-1.978524e-11
0.4775	209			0.000130982	-2.50639e-05	0.000133337	-10.824	-0.00229742	0.000114441	0.00229837	177.126	0.000329616	1.32323e-05	0.000329973	2.316	-1.961772e-11
0.475	210			0.000168116	-2.6852e-05	0.000170232	-9.072	-0.0022812	0.000115395	0.00228311	177.09	0.000386121	1.12057e-05	0.00038624	1.668	-1.752362e-11
0.4725	211			0.000149758	-2.65242e-05	0.000152082	-10.038	-0.00226308	0.000114441	0.00226499	177.084	0.000450971	7.03338e-06	0.000450971	0.906	-1.748174e-11
0.47	212			0.000183196	-2.77461e-05	0.000185282	-8.604	-0.0022421	0.000112534	0.00224306	177.108	0.000509504	5.12603e-06	0.000509504	0.588	-2.183746e-11
0.4675	213			0.000189186	-2.80739e-05	0.000191242	-8.436	-0.00221922	0.000112534	0.00222112	177.096	0.000598434	7.15259e-07	0.000598434	0.072	-1.819369e-11
0.465	214			0.000171752	-2.68818e-05	0.000173838	-8.886	-0.00220968	0.00011158	0.00221159	177.096	0.000672344	-2.86104e-06	0.000672344	-0.24	-1.823559e-11
0.4625	215			0.000135751	-2.64944e-05	0.000138314	-11.04	-0.00220396	0.000112534	0.00220586	177.054	0.000692014	-4.17235e-06	0.000692014	-0.342	-1.563889e-11
0.46	216			0.000129224	-2.47658e-05	0.000131578	-10.842	-0.00216867	0.000110627	0.00216962	177.078	0.000683788	-3.21867e-06	0.000683788	-0.264	-2.125113e-11
0.4575	217			0.000131191	-2.55407e-05	0.000133664	-11.01	-0.00212099	0.000107766	0.00212289	177.084	0.000642661	-2.02657e-06	0.000642661	-0.174	-1.882198e-11
0.455	218			0.000112981	-2.27989e-05	0.000115276	-11.4	-0.00211145	0.000106812	0.0021124	177.09	0.000542168	1.78815e-06	0.000542168	0.192	-1.903134e-11
0.4525	219			9.76031e-05	-2.19942e-05	0.000100047	-12.69	-0.00210954	0.000107766	0.00211145	177.066	0.000463488	5.72208e-06	0.000463607	0.708	-1.710476e-11
0.45	220			7.1526e-05	-2.04147e-05	7.43871e-05	-15.912	-0.00210954	0.000105858	0.00211145	177.108	0.000424745	7.74866e-06	0.000424864	1.05	-1.957583e-11
0.4475	221			6.98273e-05	-2.08319e-05	7.28671e-05	-16.596	-0.00210954	0.000105858	0.00211145	177.108	0.000420095	7.62945e-06	0.000420215	1.056	-2.020404e-11
0.445	222			8.55331e-05	-2.13088e-05	8.81557e-05	-13.968	-0.0021105	0.000106812	0.0021124	177.09	0.000422241	8.34471e-06	0.00042236	1.14	-1.56808e-11
0.4425	223			5.97241e-05	-1.93716e-05	6.2794e-05	-17.958	-0.0021105	0.000106812	0.0021124	177.09	0.000424149	7.62945e-06	0.000424149	1.044	-2.305203e-11
0.44	224			8.70829e-05	-2.16068e-05	8.97055e-05	-13.92	-0.0021105	0.000105858	0.0021124	177.108	0.000432493	7.39101e-06	0.000432612	0.99	-1.689535e-11
0.4375	225			0.000115365	-2.27393e-05	0.000117571	-11.148	-0.00210573	0.000105858	0.00210764	177.12	0.000465753	5.36445e-06	0.000465753	0.672	-1.593206e-11
0.435	226			0.000159265	-2.50937e-05	0.000161231	-8.946	-0.00209047	0.000105858	0.00209238	177.096	0.000501875	3.21867e-06	0.000501875	0.378	-1.773304e-11
0.4325	227			0.000197859	-2.65838e-05	0.000199647	-7.644	-0.00207426	0.000103951	0.00207616	177.114	0.000503067	3.57629e-06	0.000503067	0.42	-1.676971e-11
0.43	228			0.000228704	-2.80739e-05	0.000230432	-6.996	-0.00205137	0.000102997	0.00205328	177.114	0.000500683	2.3842e-06	0.000500683	0.282	-1.530384e-11
0.4275	229			0.000218929	-2.74481e-05	0.000220628	-7.14	-0.00203611	0.000102044	0.00203706	177.114	0.000494603	2.3842e-06	0.000494603	0.288	-2.422475e-11
0.425	230			0.000184597	-2.52427e-05	0.000186325	-7.782	-0.00202085	0.00010109	0.00202276	177.108	0.000478746	2.50341e-06	0.000478746	0.306	-2.049722e-11
0.4225	231			0.000157804	-2.44678e-05	0.000159682	-8.808	-0.00198223	9.96594e-05	0.00198461	177.12	0.000470879	3.57629e-06	0.000470879	0.444	-1.72304e-11
0.42	232			0.000136049	-2.25605e-05	0.000137896	-9.408	-0.00195314	9.82289e-05	0.00195505	177.12	0.00046158	4.52998e-06	0.00046158	0.57	-1.798429e-11
0.4175	233			8.30893e-05	-1.97889e-05	8.53841e-05	-13.392	-0.00194932	9.82289e-05	0.00195123	177.114	0.000460627	3.6955e-06	0.000460627	0.462	-1.86544e-11
0.415	234			4.04718e-05	-1.82093e-05	4.43759e-05	-24.186	-0.00194884	9.82289e-05	0.00195075	177.114	0.000463249	4.52998e-06	0.000463249	0.57	-1.413116e-11
0.4125	235			3.30585e-05	-1.80752e-05	3.76778e-05	-28.662	-0.00194836	9.82289e-05	0.00195027	177.108	0.000437142	5.48366e-06	0.000437262	0.726	-1.978523e-11
0.41	236			4.52402e-05	-1.81423e-05	4.87419e-05	-21.846	-0.00194836	9.72752e-05	0.00195027	177.132	0.000388386	7.2718e-06	0.000388505	1.08	-2.074851e-11
0.4075	237			6.21085e-05	-1.96249e-05	6.51334e-05	-17.532	-0.00194932	9.77521e-05	0.00195123	177.12	0.000366213	8.46392e-06	0.000366213	1.326	-1.697915e-11
0.405	238			9.28422e-05	-2.06233e-05	9.50997e-05	-12.522	-0.00194932	9.72752e-05	0.00195123	177.132	0.000386359	7.03338e-06	0.000386478	1.056	-2.133487e-11
0.4025	239			0.000138634	-2.2553e-05	0.000140452	-9.24	-0.00193883	9.72752e-05	0.00194073	177.126	0.000445964	4.05314e-06	0.000445964	0.528	-1.718852e-11
0.4	240			0.000184492	-2.43561e-05	0.000186087	-7.518	-0.00192166	9.77521e-05	0.00192357	177.078	0.000510219	1.1921e-06	0.000510219	0.132	-2.087417e-11
0.3975	241			0.000193597	-2.52427e-05	0.000195236	-7.428	-0.00190259	9.53679e-05	0.0019045	177.12	0.000570182	-2.02657e-06	0.000570182	-0.192	-1.861253e-11
0.395	242			0.000200451	-2.58089e-05	0.00020212	-7.326	-0.00188351	9.48911e-05	0.00188542	177.114	0.000593785	-2.3842e-06	0.000593785	-0.222	-2.166994e-11
0.3925	243			0.000156404	-2.35738e-05	0.000158162	-8.568	-0.00186349	9.29837e-05	0.00186539	177.132	0.000551824	-1.07289e-06	0.000551824	-0.102	-1.509445e-11
0.39	244			0.000125648	-2.13088e-05	0.000127465	-9.618	-0.00182629	9.10764e-05	0.0018282	177.138	0.000474932	2.02657e-06	0.000474932	0.246	-1.714667e-11
0.3875	245			0.000130565	-2.16068e-05	0.000132323	-9.384	-0.00181199	9.05995e-05	0.00181342	177.132	0.000387194	5.24524e-06	0.000387313	0.786	-2.062288e-11
0.385	246			9.05995e-05	-1.90438e-05	9.25665e-05	-11.85	-0.0018096	8.86922e-05	0.00181151	177.186	0.000335695	7.74866e-06	0.000335695	1.344	-1.580644e-11
0.3825	247			7.26585e-05	-1.8716e-05	7.50427e-05	-14.43	-0.0018096	8.96459e-05	0.00181151	177.156	0.000306847	9.65601e-06	0.000306966	1.818	-2.321959e-11
0.38	248			5.24225e-05	-1.6749e-05	5.50153e-05	-17.7	-0.0018096	8.96459e-05	0.00181151	177.15	0.000300886	1.00136e-05	0.000301005	1.914	-2.146052e-11
0.3775	249			6.34198e-05	-1.83583e-05	6.60424e-05	-16.128	-0.0018096	9.05995e-05	0.00181151	177.132	0.000327827	8.46392e-06	0.000327947	1.488	-1.643467e-11
0.375	250			9.39076e-05	-1.89544e-05	9.57851e-05	-11.4	-0.00180531	9.05995e-05	0.00180722	177.126	0.000374677	6.19891e-06	0.000374796	0.96	-1.823557e-11
0.3725	251			0.000133098	-2.10108e-05	0.000134767	-8.958	-0.00179196	8.9169e-05	0.00179387	177.144	0.000439169	2.26499e-06	0.000439169	0.306	-2.225628e-11
0.37	252			0.000159741	-2.25009e-05	0.000161321	-8.016	-0.0017748	8.9169e-05	0.0017767	177.12	0.000504855	-4.76841e-07	0.000504855	-0.048	-2.225627e-11
0.3675	253			0.000144781	-2.08915e-05	0.000146271	-8.202	-0.00175429	8.72617e-05	0.0017562	177.138	0.000526432	-1.43052e-06	0.000526432	-0.15	-1.802621e-11
0.365	254			0.000142307	-2.16366e-05	0.000143946	-8.634	-0.00173283	8.72617e-05	0.00173474	177.114	0.000513557	-7.15259e-07	0.000513557	-0.066	-1.982711e-11
0.3625	255			0.000110239	-1.97293e-05	0.000111968	-10.14	-0.00169993	8.48775e-05	0.00170184	177.138	0.000483515	-1.1921e-07	0.000483515	-0.006	-2.409912e-11
0.36	256			0.000102789	-1.86266e-05	0.000104458	-10.254	-0.0016904	8.39238e-05	0.00169183	177.156	0.000452163	2.26499e-06	0.000452163	0.294	-2.280079e-11
0.3575	257			5.15583e-05	-1.59146e-05	5.39722e-05	-17.13	-0.00168992	8.44006e-05	0.00169183	177.132	0.000403048	3.09946e-06	0.000403048	0.456	-2.326145e-11
0.355	258			4.36904e-05	-1.53334e-05	4.62981e-05	-19.338	-0.00168944	8.29701e-05	0.00169087	177.174	0.000323297	7.15259e-06	0.000323297	1.29	-1.81937e-11
0.3525	259			6.99167e-05	-1.62424e-05	7.17794e-05	-13.074	-0.0016904	8.29701e-05	0.00169183	177.186	0.000270607	9.17917e-06	0.000270845	1.962	-1.865443e-11
0.35	260			0.000111372	-1.89022e-05	0.000112966	-9.63	-0.00168467	8.3447e-05	0.0016861	177.156	0.000297071	7.39101e-06	0.000297191	1.428	-1.928267e-11
0.3475	261			0.000149847	-2.01167e-05	0.000151188	-7.644	-0.00166894	8.20165e-05	0.00167084	177.174	0.000370504	4.64919e-06	0.000370504	0.72	-2.11674e-11
0.345	262			0.000142702	-1.94387e-05	0.000144021	-7.752	-0.00165129	8.15396e-05	0.0016532	177.156	0.000420572	2.02657e-06	0.000420572	0.282	-2.234e-11
0.3425	263			0.000117153	-1.77325e-05	0.000118487	-8.604	-0.00163461	8.15396e-05	0.00163604	177.138	0.000436069	1.78815e-06	0.000436069	0.246	-2.522985e-11
0.34	264			9.51146e-05	-1.7278e-05	9.66643e-05	-10.29	-0.00160504	8.01091e-05	0.00160647	177.132	0.000437977	9.53682e-07	0.000437977	0.138	-1.672784e-11
0.3375	265			7.13919e-05	-1.62945e-05	7.32248e-05	-12.852	-0.00158692	7.86786e-05	0.00158835	177.15	0.000420095	2.26499e-06	0.000420095	0.312	-1.886383e-11
0.335	266			5.07908e-05	-1.45436e-05	5.28323e-05	-15.972	-0.00158358	7.77249e-05	0.00158501	177.18	0.000397446	2.74183e-06	0.000397446	0.402	-1.903135e-11
0.3325	267			5.4233e-05	-1.56612e-05	5.64458e-05	-16.104	-0.00158358	7.77249e-05	0.00158549	177.18	0.000372769	3.45708e-06	0.000372769	0.54	-2.01203e-11
0.33	268			7.5609e-05	-1.66745e-05	7.74194e-05	-12.432	-0.00158597	7.82018e-05	0.00158788	177.174	0.000367047	4.17235e-06	0.000367047	0.666	-2.12511e-11
0.3275	269			0.000117004	-1.88501e-05	0.000118509	-9.15	-0.00157643	7.72481e-05	0.00157786	177.18	0.000379326	2.02657e-06	0.000379326	0.312	-1.861254e-11
0.325	270			0.000142247	-1.95504e-05	0.000143581	-7.824	-0.00156308	7.62944e-05	0.00156451	177.192	0.000381829	2.50341e-06	0.000381829	0.378	-1.982711e-11
0.3225	271			0.000127831	-1.81125e-05	0.000129105	-8.058	-0.00154115	7.53407e-05	0.00154258	177.186	0.000356795	2.62262e-06	0.000356795	0.426	-2.03297e-11
0.32	272			0.000109241	-1.69055e-05	0.000110537	-8.79	-0.00151635	7.48639e-05	0.00151778	177.156	0.000342371	4.05314e-06	0.000342371	0.678	-2.363843e-11
0.3175	273			6.93058e-05	-1.59667e-05	7.11237e-05	-12.972	-0.00149346	7.39102e-05	0.00149489	177.162	0.000324132	4.05314e-06	0.000324132	0.72	-1.96177e-11
0.315	274			5.01501e-05	-1.36048e-05	5.19606e-05	-15.174	-0.0014906	7.34334e-05	0.00149203	177.168	0.000329973	4.7684e-06	0.000330092	0.846	-1.71048e-11
0.3125	275			4.50688e-05	-1.48863e-05	4.74604e-05	-18.276	-0.00149203	7.29566e-05	0.00149298	177.186	0.000341298	4.05314e-06	0.000341298	0.696	-1.93245e-11
0.31	276			7.7181e-05	-1.65404e-05	7.89319e-05	-12.096	-0.00149155	7.29566e-05	0.00149251	177.186	0.000365855	3.21867e-06	0.000365855	0.522	-1.630901e-11
0.3075	277			0.000126981	-1.84776e-05	0.000128315	-8.28	-0.00147963	7.29566e-05	0.00148106	177.174	0.000432136	-8.34469e-07	0.000432136	-0.108	-1.999465e-11
0.305	278			0.000122071	-1.75835e-05	0.00012333	-8.196	-0.0014658	7.24797e-05	0.00146724	177.162	0.000444533	-9.53682e-07	0.000444533	-0.114	-1.52201e-11
0.3025	279			0.000103616	-1.61306e-05	0.00010486	-8.844	-0.00144482	7.05724e-05	0.00144578	177.198	0.000382068	1.78815e-06	0.000382068	0.282	-1.995275e-11
0.3	280			8.76044e-05	-1.57432e-05	8.90051e-05	-10.182	-0.00141621	6.8665e-05	0.00141717	177.21	0.000309469	2.62262e-06	0.000309469	0.504	-2.192123e-11
0.2975	281			6.55656e-05	-1.41413e-05	6.70706e-05	-12.168	-0.00140954	6.72345e-05	0.00141049	177.264	0.000271441	5.84128e-06	0.000271561	1.236	-2.066475e-11
0.295	282			6.45001e-05	-1.37464e-05	6.59456e-05	-12.03	-0.00140858	6.81882e-05	0.00141001	177.21	0.000247838	7.15259e-06	0.000247957	1.662	-2.116736e-11
0.2925	283			8.3067e-05	-1.55197e-05	8.4505e-05	-10.584	-0.00140525	6.81882e-05	0.0014062	177.216	0.000298502	5.24524e-06	0.000298502	1.026	-1.67697e-11
0.29	284			0.00010261	-1.55122e-05	0.00010378	-8.592	-0.00139428	6.8665e-05	0.00139523	177.168	0.000402214	0.0	0.000402214	0.0	-2.267512e-11
0.2875	285			9.53157e-05	-1.58028e-05	9.66121e-05	-9.408	-0.00137997	6.72345e-05	0.0013814	177.204	0.000424506	-1.43052e-06	0.000424506	-0.18	-2.363839e-11
0.285	286			8.41697e-05	-1.44914e-05	8.54139e-05	-9.762	-0.00135279	6.62808e-05	0.00135422	177.192	0.000404837	7.15259e-07	0.000404837	0.102	-2.10417e-11
0.2825	287			7.81049e-05	-1.41636e-05	7.9379e-05	-10.272	-0.00133801	6.5804e-05	0.00133944	177.174	0.000343563	3.21867e-06	0.000343563	0.558	-2.024592e-11
0.28	288			7.29566e-05	-1.37911e-05	7.4253e-05	-10.698	-0.00133467	6.48503e-05	0.00133563	177.21	0.000261547	6.31812e-06	0.000261666	1.386	-2.338706e-11
0.2775	289			9.14936e-05	-1.41338e-05	9.25814e-05	-8.778	-0.00133467	6.38966e-05	0.00133563	177.24	0.000249984	4.64919e-06	0.000249984	1.086	-2.13349e-11
0.275	290			0.000103295	-1.47224e-05	0.000104338	-8.112	-0.00132132	6.43735e-05	0.00132275	177.198	0.000297429	2.50341e-06	0.000297429	0.498	-1.827748e-11
0.2725	291			9.01823e-05	-1.4186e-05	9.1285e-05	-8.934	-0.00130702	6.38966e-05	0.00130845	177.198	0.000334146	2.26499e-06	0.000334146	0.39	-2.133487e-11
0.27	292			7.78292e-05	-1.35378e-05	7.89915e-05	-9.864	-0.00128079	6.24661e-05	0.00128222	177.198	0.000377895	0.0	0.000377895	0.0	-1.848691e-11
0.2675	293			6.91866e-05	-1.34707e-05	7.04904e-05	-11.016	-0.0012703	6.19893e-05	0.00127173	177.204	0.000359537	1.1921e-06	0.000359537	0.204	-2.03716e-11
0.265	294			7.63764e-05	-1.37464e-05	7.76057e-05	-10.2	-0.0012703	6.05586e-05	0.00127126	177.264	0.00031543	2.3842e-06	0.00031543	0.432	-1.685346e-11
0.2625	295			0.000105106	-1.46479e-05	0.000106119	-7.932	-0.00126267	6.05586e-05	0.00126363	177.234	0.000286104	3.09946e-06	0.000286104	0.63	-1.840313e-11
0.26	296			9.88026e-05	-1.39103e-05	9.97712e-05	-8.01	-0.0012517	6.10356e-05	0.00125266	177.192	0.000278236	4.05314e-06	0.000278236	0.852	-1.547139e-11
0.2575	297			8.22325e-05	-1.28002e-05	8.3216e-05	-8.844	-0.00122929	5.86512e-05	0.00123025	177.252	0.000269415	2.86104e-06	0.000269415	0.624	-1.999465e-11
0.255	298			7.31801e-05	-1.19731e-05	7.41561e-05	-9.288	-0.00120927	5.86512e-05	0.00121022	177.21	0.000295045	3.21867e-06	0.000295045	0.648	-1.647658e-11
0.2525	299			7.40965e-05	-1.31056e-05	7.52439e-05	-10.026	-0.00120974	5.96049e-05	0.0012107	177.162	0.000324728	1.31131e-06	0.000324728	0.234	-2.35547e-11
0.25	300			9.22908e-05	-1.37464e-05	9.33115e-05	-8.466	-0.00120164	5.76975e-05	0.00120259	177.234	0.000340344	3.5763e-07	0.000340344	0.078	-1.647652e-11
0.2475	301			8.36034e-05	-1.31131e-05	8.46242e-05	-8.91	-0.0011921	5.72207e-05	0.00119305	177.228	0.000300648	1.31131e-06	0.000300648	0.252	-2.254944e-11
0.245	302			8.03252e-05	-1.28225e-05	8.13385e-05	-9.066	-0.00116969	5.6267e-05	0.00117064	177.246	0.000253322	3.81473e-06	0.000253322	0.876	-2.10417e-11
0.2425	303			8.09734e-05	-1.2599e-05	8.19494e-05	-8.838	-0.00115443	5.53133e-05	0.00115538	177.258	0.000243546	4.29156e-06	0.000243546	1.038	-2.083228e-11
0.24	304			9.07485e-05	-1.23978e-05	9.1583e-05	-7.776	-0.00115252	5.6267e-05	0.00115348	177.186	0.000273826	3.21867e-06	0.000273826	0.696	-1.618338e-11
0.2375	305			7.87457e-05	-1.21594e-05	7.9677e-05	-8.772	-0.00114394	5.53133e-05	0.00114489	177.228	0.000325443	5.9605e-07	0.000325443	0.108	-2.125111e-11
0.235	306			6.92983e-05	-1.22861e-05	7.03786e-05	-10.05	-0.00112868	5.38828e-05	0.00112963	177.246	0.000305297	9.53682e-07	0.000305297	0.186	-1.790057e-11
0.2325	307			8.15769e-05	-1.1988e-05	8.2456e-05	-8.358	-0.00110627	5.3406e-05	0.00110722	177.222	0.000254991	3.33787e-06	0.000254991	0.762	-2.158616e-11
0.23	308			9.74913e-05	-1.23829e-05	9.82736e-05	-7.236	-0.00110532	5.24523e-05	0.00110627	177.27	0.00023842	3.45708e-06	0.00023842	0.834	-1.618338e-11
0.2275	309			8.04891e-05	-1.05575e-05	8.11745e-05	-7.47	-0.00109435	5.19755e-05	0.00109483	177.264	0.000258805	2.62262e-06	0.000258805	0.606	-2.037158e-11
0.225	310			6.754e-05	-1.09748e-05	6.84266e-05	-9.228	-0.00108004	5.29292e-05	0.001081	177.192	0.000280263	1.43052e-06	0.000280263	0.312	-2.204681e-11
0.2225	311			7.34408e-05	-1.16602e-05	7.43573e-05	-9.018	-0.00106192	5.10218e-05	0.00106288	177.234	0.000279548	2.98025e-06	0.000279548	0.63	-2.120924e-11
0.22	312			9.46526e-05	-1.30684e-05	9.55542e-05	-7.86	-0.00105906	5.14986e-05	0.00105954	177.204	0.000252606	2.98025e-06	0.000252606	0.678	-2.372216e-11
0.2175	313			7.72034e-05	-1.20178e-05	7.81347e-05	-8.844	-0.00104953	4.95913e-05	0.00105048	177.27	0.0002383	2.86104e-06	0.0002383	0.708	-2.233998e-11
0.215	314			6.86054e-05	-1.16975e-05	6.95963e-05	-9.672	-0.00102902	4.95913e-05	0.0010295	177.216	0.000237585	2.26499e-06	0.000237585	0.564	-1.907324e-11
0.2125	315			7.98707e-05	-1.13324e-05	8.06754e-05	-8.07	-0.00101662	4.86376e-05	0.00101758	177.24	0.000253441	2.02657e-06	0.000253441	0.48	-2.07067e-11
0.21	316			7.1839e-05	-1.11163e-05	7.26958e-05	-8.79	-0.00100899	4.86376e-05	0.00100995	177.222	0.000260951	2.02657e-06	0.000260951	0.456	-1.480127e-11
0.2075	317			6.3159e-05	-1.01701e-05	6.39712e-05	-9.144	-0.000999458	4.72071e-05	0.000999935	177.288	0.000226141	3.33787e-06	0.000226141	0.864	-2.095794e-11
0.205	318			7.77622e-05	-1.13398e-05	7.85817e-05	-8.298	-0.000980385	4.69687e-05	0.000981338	177.258	0.000221611	3.09946e-06	0.000221611	0.828	-1.911514e-11
0.2025	319			7.6816e-05	-1.09077e-05	7.75834e-05	-8.082	-0.000972513	4.69687e-05	0.000973467	177.234	0.000234366	2.62262e-06	0.000234366	0.666	-1.463376e-11
0.2	320			5.73175e-05	-8.82155e-06	5.79956e-05	-8.748	-0.000964168	4.62534e-05	0.000965122	177.252	0.000237704	1.1921e-06	0.000237704	0.306	-2.037158e-11
0.1975	321			7.53929e-05	-1.07587e-05	7.61528e-05	-8.118	-0.000946287	4.52998e-05	0.000947241	177.258	0.0002203	2.62262e-06	0.0002203	0.714	-2.053909e-11
0.195	322			7.70097e-05	-1.05203e-05	7.77175e-05	-7.776	-0.000937704	4.52998e-05	0.000938658	177.234	0.000222088	2.98025e-06	0.000222088	0.774	-2.187935e-11
0.1925	323			5.77571e-05	-8.70234e-06	5.84053e-05	-8.568	-0.000926498	4.36308e-05	0.000927214	177.294	0.000208736	2.98025e-06	0.000208736	0.822	-1.836122e-11
0.19	324			7.26138e-05	-9.79012e-06	7.32695e-05	-7.674	-0.000911001	4.36308e-05	0.000911716	177.258	0.000225903	9.53682e-07	0.000225903	0.27	-1.785863e-11
0.1875	325			6.71749e-05	-9.22388e-06	6.78007e-05	-7.812	-0.000904087	4.3154e-05	0.000904802	177.264	0.000216366	1.78815e-06	0.000216366	0.492	-2.09579e-11
0.185	326			6.21085e-05	-9.20153e-06	6.27865e-05	-8.424	-0.000885013	4.24387e-05	0.000885729	177.252	0.000185967	4.05314e-06	0.000186027	1.254	-2.204688e-11
0.1825	327			6.89034e-05	-1.04607e-05	6.96932e-05	-8.628	-0.000875715	4.14851e-05	0.00087643	177.288	0.000220777	2.3842e-06	0.000220777	0.63	-1.77749e-11
0.18	328			5.57827e-05	-9.08977e-06	5.65129e-05	-9.252	-0.00087047	4.00546e-05	0.000871185	177.36	0.000205339	2.86104e-06	0.000205399	0.81	-1.794245e-11
0.1775	329			6.8285e-05	-9.5368e-06	6.89556e-05	-7.944	-0.000851635	4.07698e-05	0.00085235	177.252	0.000184716	2.62262e-06	0.000184716	0.816	-2.351273e-11
0.175	330			5.54773e-05	-9.26858e-06	5.62372e-05	-9.48	-0.000842337	4.0293e-05	0.000843052	177.258	0.000200213	2.86104e-06	0.000200213	0.828	-1.589022e-11
0.1725	331			5.82042e-05	-8.49372e-06	5.88151e-05	-8.298	-0.000828985	3.95777e-05	0.0008297	177.258	0.000194372	1.96697e-06	0.000194372	0.588	-2.179559e-11
0.17	332			6.19744e-05	-8.57568e-06	6.25704e-05	-7.878	-0.000818972	3.91009e-05	0.000819925	177.252	0.000184597	2.74183e-06	0.000184597	0.858	-1.798432e-11
0.1675	333			5.33538e-05	-8.2851e-06	5.39946e-05	-8.82	-0.000807051	3.74319e-05	0.000807766	177.33	0.000181139	2.98025e-06	0.000181199	0.948	-1.978525e-11
0.165	334			6.11772e-05	-8.73959e-06	6.17956e-05	-8.124	-0.000795607	3.67167e-05	0.000796083	177.348	0.000191272	1.84775e-06	0.000191272	0.57	-1.522009e-11
0.1625	335			5.42554e-05	-8.41921e-06	5.49036e-05	-8.814	-0.000783447	3.71935e-05	0.000783924	177.27	0.000164689	3.09946e-06	0.000164748	1.092	-1.425681e-11
0.16	336			5.94633e-05	-8.18825e-06	6.00221e-05	-7.836	-0.000771288	3.5763e-05	0.000772003	177.33	0.000186563	1.49012e-06	0.000186563	0.468	-1.413117e-11
0.1575	337			5.48514e-05	-8.67998e-06	5.55369e-05	-8.982	-0.000759844	3.55246e-05	0.000760559	177.312	0.000161231	2.98025e-06	0.000161231	1.08	-1.873821e-11
0.155	338			5.51494e-05	-7.64435e-06	5.5671e-05	-7.884	-0.000748161	3.43325e-05	0.000748876	177.36	0.000173212	1.84775e-06	0.000173212	0.618	-1.727233e-11
0.1525	339			5.58498e-05	-7.86042e-06	5.63937e-05	-8.004	-0.000735525	3.48093e-05	0.00073624	177.288	0.000159861	2.98025e-06	0.00015992	1.086	-1.773303e-11
0.15	340			5.29217e-05	-7.91257e-06	5.35103e-05	-8.496	-0.000725273	3.36173e-05	0.00072575	177.342	0.000163735	2.86104e-06	0.000163735	1.014	-2.21306e-11
0.1475	341			5.57604e-05	-8.01688e-06	5.63341e-05	-8.178	-0.000710968	3.36173e-05	0.000711683	177.288	0.000158311	1.84775e-06	0.000158311	0.678	-2.141866e-11
0.145	342			5.18339e-05	-7.93493e-06	5.24374e-05	-8.7	-0.000700478	3.21867e-05	0.000700954	177.354	0.000152172	3.09946e-06	0.000152231	1.182	-2.058101e-11
0.1425	343			5.0925e-05	-7.39101e-06	5.14614e-05	-8.25	-0.00068808	3.05178e-05	0.000688557	177.45	0.000155033	2.26499e-06	0.000155033	0.84	-1.836128e-11
0.14	344			5.33464e-05	-7.18239e-06	5.38307e-05	-7.662	-0.00067592	3.14715e-05	0.000676397	177.33	0.000148476	2.86104e-06	0.000148536	1.116	-1.819372e-11
0.1375	345			4.75498e-05	-6.93652e-06	4.8049e-05	-8.298	-0.000664476	3.09946e-05	0.000664953	177.312	0.000136376	3.21867e-06	0.000136436	1.374	-1.890568e-11
0.135	346			4.76765e-05	-7.04083e-06	4.8198e-05	-8.4	-0.000651363	3.09946e-05	0.000651602	177.276	0.000149907	2.14578e-06	0.000149907	0.828	-1.563893e-11
0.1325	347			5.02618e-05	-7.41336e-06	5.08057e-05	-8.388	-0.000639681	2.9564e-05	0.000639919	177.342	0.000136853	2.86104e-06	0.000136853	1.212	-1.764928e-11
0.13	348			5.20127e-05	-7.44316e-06	5.25417e-05	-8.142	-0.000626091	2.9564e-05	0.000626568	177.288	0.000129462	2.62262e-06	0.000129522	1.164	-1.509448e-11
0.1275	349			4.87047e-05	-7.08553e-06	4.92188e-05	-8.268	-0.000617269	2.81335e-05	0.000617746	177.372	0.00013125	2.86104e-06	0.00013131	1.266	-2.305204e-11
0.125	350			4.69463e-05	-7.11533e-06	4.74828e-05	-8.616	-0.000605825	2.78951e-05	0.000606302	177.354	0.00012523	3.09946e-06	0.00012529	1.434	-2.368029e-11
0.1225	351			4.60821e-05	-6.52674e-06	4.6544e-05	-8.052	-0.00059152	2.76567e-05	0.000591997	177.324	0.000126422	1.96697e-06	0.000126422	0.906	-1.589023e-11
0.12	352			4.48155e-05	-6.58634e-06	4.52923e-05	-8.352	-0.000581268	2.69414e-05	0.000581745	177.324	0.00012374	2.02657e-06	0.00012374	0.942	-1.848689e-11
0.1175	353			4.41077e-05	-5.66992e-06	4.44653e-05	-7.32	-0.000568632	2.64646e-05	0.000569109	177.33	0.000115991	2.14578e-06	0.000116051	1.086	-1.970145e-11
0.115	354			4.32136e-05	-5.77423e-06	4.3601e-05	-7.608	-0.000555996	2.55109e-05	0.000556473	177.36	0.000111819	2.62262e-06	0.000111878	1.368	-2.016217e-11
0.1125	355			4.17533e-05	-5.91579e-06	4.21705e-05	-8.058	-0.000544552	2.43188e-05	0.00054479	177.426	0.000110567	2.14578e-06	0.000110627	1.14	-1.844504e-11
0.11	356			4.1351e-05	-6.37028e-06	4.18427e-05	-8.754	-0.000531916	2.47956e-05	0.000532392	177.306	0.000107468	3.15906e-06	0.000107468	1.704	-1.945023e-11
0.1075	357			4.0293e-05	-5.75933e-06	4.07028e-05	-8.124	-0.000521425	2.36036e-05	0.000521664	177.384	0.000104249	2.68222e-06	0.000104309	1.5	-1.823559e-11
0.105	358			4.0293e-05	-6.23617e-06	4.07773e-05	-8.79	-0.000509981	2.43188e-05	0.000510458	177.252	0.000100673	1.96697e-06	0.000100673	1.14	-1.894761e-11
0.1025	359			4.28858e-05	-5.9903e-06	4.3303e-05	-7.944	-0.00049663	2.28883e-05	0.000496987	177.348	9.74243e-05	2.3842e-06	9.74541e-05	1.41	-1.88219e-11
0.1	360			3.83186e-05	-5.08878e-06	3.86538e-05	-7.56	-0.000485661	2.19346e-05	0.000486018	177.408	9.47122e-05	2.83124e-06	9.47719e-05	1.722	-2.648635e-11
0.0975	361			3.7648e-05	-5.80403e-06	3.80951e-05	-8.76	-0.000472905	2.16962e-05	0.000473263	177.36	8.95564e-05	2.74183e-06	8.95862e-05	1.77	-1.798429e-11
0.095	362			3.84452e-05	-5.80403e-06	3.88848e-05	-8.58	-0.000462176	2.07425e-05	0.000462534	177.42	8.8424e-05	2.62262e-06	8.84538e-05	1.716	-1.71048e-11
0.0925	363			3.51968e-05	-4.86526e-06	3.55246e-05	-7.86	-0.000449182	2.02657e-05	0.00044954	177.408	8.30893e-05	2.74183e-06	8.31489e-05	1.896	-1.815187e-11
0.09	364			3.73351e-05	-5.19308e-06	3.76927e-05	-7.908	-0.000437262	2.06233e-05	0.000437619	177.288	8.15992e-05	2.86104e-06	8.16588e-05	2.01	-2.066478e-11
0.0875	365			3.54575e-05	-5.02172e-06	3.58077e-05	-8.058	-0.000426533	1.99081e-05	0.00042689	177.324	7.74269e-05	2.62262e-06	7.74567e-05	1.962	-2.079042e-11
0.085	366			3.40196e-05	-4.55978e-06	3.43251e-05	-7.62	-0.000411989	1.94312e-05	0.000412347	177.288	7.70991e-05	2.86104e-06	7.71587e-05	2.13	-1.844503e-11
0.0825	367			3.3662e-05	-3.47199e-06	3.38408e-05	-5.88	-0.000402095	1.9312e-05	0.000402333	177.24	7.30162e-05	3.30807e-06	7.31056e-05	2.61	-2.016219e-11
0.08	368			3.282e-05	-4.76095e-06	3.31628e-05	-8.25	-0.000388863	1.72855e-05	0.00038922	177.45	7.0483e-05	2.47361e-06	7.05426e-05	2.016	-2.284265e-11
0.0775	369			3.24699e-05	-4.56724e-06	3.27902e-05	-8.004	-0.00037873	1.74047e-05	0.000379087	177.36	6.66683e-05	3.01005e-06	6.67279e-05	2.592	-1.764928e-11
0.075	370			3.26412e-05	-3.71785e-06	3.28573e-05	-6.492	-0.000364186	1.75239e-05	0.000364544	177.246	6.53272e-05	2.3246e-06	6.53868e-05	2.058	-1.723046e-11
0.0725	371			3.00632e-05	-4.1202e-06	3.03389e-05	-7.788	-0.000354649	1.65702e-05	0.000355007	177.318	6.16317e-05	3.24847e-06	6.17211e-05	3.036	-2.116736e-11
0.07	372			3.04804e-05	-4.20216e-06	3.07711e-05	-7.842	-0.00034106	1.60934e-05	0.000341298	177.294	5.91876e-05	1.90736e-06	5.92174e-05	1.872	-2.388965e-11
0.0675	373			2.82527e-05	-3.91158e-06	2.85209e-05	-7.872	-0.000328066	1.6451e-05	0.000328423	177.114	5.59392e-05	3.33787e-06	5.60286e-05	3.426	-2.296829e-11
0.065	374			2.8588e-05	-3.17396e-06	2.87594e-05	-6.33	-0.000317695	1.4782e-05	0.000317814	177.33	5.41511e-05	2.23519e-06	5.42107e-05	2.376	-1.882197e-11
0.0625	375			2.82006e-05	-3.29317e-06	2.83943e-05	-6.648	-0.000306251	1.38283e-05	0.000306489	177.396	5.08728e-05	2.414e-06	5.09324e-05	2.736	-2.229817e-11
0.06	376			2.64348e-05	-2.99515e-06	2.65987e-05	-6.462	-0.000291826	1.35899e-05	0.000291945	177.318	4.87196e-05	2.77908e-06	4.88015e-05	3.264	-2.012032e-11
0.0575	377			2.66806e-05	-2.80143e-06	2.68297e-05	-5.988	-0.00028074	1.2517e-05	0.000280859	177.444	4.64844e-05	2.68967e-06	4.65589e-05	3.318	-1.815185e-11
0.055	378			2.57642e-05	-3.15161e-06	2.59579e-05	-6.96	-0.000269653	1.10865e-05	0.000269772	177.624	4.39363e-05	3.39003e-06	4.40704e-05	4.416	-1.907327e-11
0.0525	379			2.47733e-05	-2.91319e-06	2.49447e-05	-6.69	-0.000259401	1.10865e-05	0.00025952	177.54	4.21109e-05	2.3246e-06	4.2178e-05	3.162	-1.785869e-11
0.05	380			2.47807e-05	-2.3842e-06	2.48925e-05	-5.484	-0.000248196	1.03713e-05	0.000248315	177.6	4.01961e-05	2.60772e-06	4.02781e-05	3.72	-1.94502e-11
0.0475	381			2.44604e-05	-2.65987e-06	2.46094e-05	-6.186	-0.000234724	1.08481e-05	0.000234843	177.348	3.73127e-05	2.3842e-06	3.73872e-05	3.66	-1.614149e-11
0.045	382			2.32236e-05	-2.79398e-06	2.33875e-05	-6.858	-0.000221492	1.03713e-05	0.000221611	177.312	3.59567e-05	2.65987e-06	3.60536e-05	4.242	-1.827748e-11
0.0425	383			2.2486e-05	-1.68384e-06	2.25456e-05	-4.272	-0.000209094	9.89443e-06	0.000209213	177.264	3.39898e-05	2.64497e-06	3.40866e-05	4.452	-1.702106e-11
0.04	384			2.32385e-05	-2.27244e-06	2.33502e-05	-5.568	-0.000199676	7.98708e-06	0.000199676	177.708	3.23581e-05	2.71948e-06	3.24773e-05	4.818	-1.890569e-11
0.0375	385			2.16366e-05	-2.31715e-06	2.17558e-05	-6.102	-0.000186802	7.92748e-06	0.000186921	177.57	3.12331e-05	9.61132e-07	3.1248e-05	1.77	-2.405722e-11
0.035	386			2.20166e-05	-1.52738e-06	2.20687e-05	-3.948	-0.000175596	7.86787e-06	0.000175715	177.426	2.99589e-05	1.75834e-06	3.00185e-05	3.36	-2.17118e-11
0.0325	387			2.18229e-05	-1.89245e-06	2.19048e-05	-4.944	-0.000162245	7.21219e-06	0.000162364	177.45	2.75077e-05	2.56301e-06	2.76269e-05	5.328	-1.266531e-11
0.03	388			2.12641e-05	-2.03402e-06	2.13535e-05	-5.442	-0.000152172	6.73535e-06	0.000152291	177.456	2.6852e-05	2.31715e-06	2.69563e-05	4.938	-2.192121e-11
0.0275	389			2.08915e-05	-2.03402e-06	2.09884e-05	-5.538	-0.000137092	6.19891e-06	0.000137151	177.396	2.55333e-05	1.99677e-06	2.56152e-05	4.476	-2.196313e-11
0.025	390			2.075e-05	-1.74344e-06	2.08245e-05	-4.794	-0.000127912	5.18563e-06	0.000127912	177.672	2.48255e-05	2.16813e-06	2.49223e-05	5.004	-2.066475e-11
0.0225	391			2.02433e-05	-2.30224e-06	2.03775e-05	-6.48	-0.000115514	5.48366e-06	0.000115574	177.258	2.3693e-05	2.36185e-06	2.38122e-05	5.7	-2.003653e-11
0.02	392			2.05339e-05	-1.8403e-06	2.06159e-05	-5.118	-0.000105143	3.27827e-06	0.000105143	178.182	2.27914e-05	1.74344e-06	2.28585e-05	4.38	-2.141863e-11
0.0175	393			2.09139e-05	-1.45287e-06	2.09586e-05	-3.954	-9.4146e-05	4.7386e-06	9.42354e-05	177.102	2.28808e-05	2.29479e-06	2.29926e-05	5.736	-2.104173e-11
0.015	394			2.06308e-05	-1.40072e-06	2.06755e-05	-3.882	-8.20165e-05	4.02334e-06	8.20761e-05	177.186	2.25307e-05	2.21284e-06	2.2635e-05	5.628	-1.609963e-11
0.0125	395			2.02657e-05	-1.26661e-06	2.03104e-05	-3.558	-6.98869e-05	2.59282e-06	6.98869e-05	177.87	2.22252e-05	1.52738e-06	2.22848e-05	3.942	-1.928265e-11
0.01	396			2.05488e-05	-1.37091e-06	2.05935e-05	-3.804	-5.67141e-05	1.84775e-06	5.67439e-05	178.116	2.18601e-05	1.34856e-06	2.19048e-05	3.54	-2.296831e-11
0.0075	397			2.17186e-05	-1.01329e-06	2.17335e-05	-2.652	-4.45324e-05	1.01329e-06	4.45398e-05	178.698	2.31416e-05	2.66732e-06	2.32981e-05	6.588	-2.154431e-11
0.005	398			2.15248e-05	-4.99193e-07	2.15323e-05	-1.314	-3.15013e-05	6.55655e-07	3.15013e-05	178.8	2.29479e-05	1.08779e-06	2.29777e-05	2.73	-2.141864e-11
0.0025	399			2.41176e-05	-1.51248e-06	2.41623e-05	-3.576	-1.85148e-05	-6.70557e-08	1.85074e-05	-179.796	2.36557e-05	1.78815e-06	2.37228e-05	4.332	-2.372218e-11
0.0	400			2.47062e-05	-1.37091e-06	2.47509e-05	-3.168	-3.08083e-06	-7.45064e-09	3.0771e-06	-179.874	2.57419e-05	8.94074e-08	2.57419e-05	0.21	-1.869632e-11
