variable x	variable x count			lockin1 x	lockin1 y	lockin1 r	lockin1 phi	lockin2 x	lockin2 y	lockin2 r	lockin2 phi	lockin3 x	lockin3 y	lockin3 r	lockin3 phi	lockin4 x	lockin4 y	lockin4 r	lockin4 phi	smu1 meas	


0.0	0			1.52999e-05	5.21543e-08	1.52999e-05	0.198	1.7237e-05	1.61865e-06	1.73134e-05	5.37	2.88525e-06	6.51929e-07	2.9579e-06	12.744	1.21259e-06	-1.2843e-06	1.76579e-06	-46.638	-1.819345e-11
0.002	1			1.5542e-05	-3.31553e-07	1.55458e-05	-1.218	1.59686e-05	1.50689e-06	1.60394e-05	5.394	1.44365e-05	1.59257e-07	1.44365e-05	0.636	1.56715e-05	-2.83775e-06	1.59257e-05	-10.26	-2.552276e-11
0.004	2			1.59034e-05	-7.45062e-07	1.5922e-05	-2.676	1.69688e-05	1.40817e-06	1.70266e-05	4.746	2.40506e-05	6.98496e-07	2.40599e-05	1.668	2.36259e-05	-2.63193e-06	2.37731e-05	-6.354	-2.016187e-11
0.006	3			1.51732e-05	-4.35861e-07	1.51806e-05	-1.638	1.59034e-05	1.72668e-06	1.59965e-05	6.204	3.57649e-05	-1.41562e-07	3.57649e-05	-0.222	3.54222e-05	-3.17955e-06	3.55637e-05	-5.13	-1.89054e-11
0.008	4			1.49347e-05	-2.30969e-07	1.49385e-05	-0.882	1.60096e-05	2.19421e-06	1.61604e-05	7.806	4.58101e-05	-5.21544e-07	4.58139e-05	-0.654	4.33421e-05	-3.84825e-06	4.35116e-05	-5.07	-2.233976e-11
0.01	5			1.55271e-05	1.08034e-07	1.55271e-05	0.408	1.50111e-05	3.0622e-06	1.53222e-05	11.532	5.70456e-05	-9.83484e-07	5.70568e-05	-0.984	5.81148e-05	-4.56351e-06	5.82973e-05	-4.488	-2.334491e-11
0.012	6			1.46703e-05	-7.33886e-07	1.46889e-05	-2.862	1.5162e-05	2.71389e-06	1.54042e-05	10.152	6.60201e-05	-8.67996e-07	6.60275e-05	-0.75	6.5357e-05	-4.84291e-06	6.55358e-05	-4.236	-1.852848e-11
0.014	7			1.42493e-05	-7.9349e-07	1.42716e-05	-3.186	1.58717e-05	2.16813e-06	1.60189e-05	7.776	7.8809e-05	-2.3693e-06	7.88462e-05	-1.722	7.74194e-05	-5.22661e-06	7.75945e-05	-3.858	-2.213034e-11
0.016	8			1.44505e-05	-8.94073e-07	1.44765e-05	-3.534	1.58233e-05	3.46826e-06	1.61995e-05	12.366	8.68929e-05	-2.29479e-06	8.69264e-05	-1.512	8.66731e-05	-6.02755e-06	8.68817e-05	-3.978	-1.953369e-11
0.018	9			1.38917e-05	-8.71722e-07	1.39177e-05	-3.582	1.60803e-05	2.84427e-06	1.63299e-05	10.032	9.90708e-05	-2.17558e-06	9.91006e-05	-1.254	9.82513e-05	-5.66992e-06	9.84152e-05	-3.3	-2.175338e-11
0.02	10			1.4823e-05	-8.34469e-07	1.48491e-05	-3.216	1.57637e-05	2.06941e-06	1.58978e-05	7.482	0.000108682	-2.79398e-06	0.000108712	-1.47	0.000106991	-6.80241e-06	0.000107207	-3.636	-1.848666e-11
0.022	11			1.42232e-05	-1.06544e-06	1.42642e-05	-4.272	1.56128e-05	2.56488e-06	1.58233e-05	9.33	0.00011877	-2.68222e-06	0.000118807	-1.29	0.000117027	-7.53257e-06	0.000117265	-3.678	-1.756529e-11
0.024	12			1.48975e-05	-1.68011e-06	1.49906e-05	-6.42	1.54079e-05	2.02844e-06	1.5542e-05	7.506	0.000127875	-2.98025e-06	0.000127912	-1.332	0.000126355	-8.59058e-06	0.000126653	-3.888	-2.187904e-11
0.026	13			1.41822e-05	-1.68011e-06	1.42791e-05	-6.744	1.60375e-05	3.2168e-06	1.6356e-05	11.346	0.000138187	-3.71785e-06	0.000138232	-1.536	0.000137166	-8.95566e-06	0.000137457	-3.738	-1.769088e-11
0.028	14			1.46218e-05	-1.06544e-06	1.46591e-05	-4.158	1.5175e-05	2.26313e-06	1.53427e-05	8.49	0.000148461	-4.82801e-06	0.000148543	-1.86	0.000147366	-8.8737e-06	0.000147634	-3.444	-2.066448e-11
0.03	15			1.42679e-05	-1.73972e-06	1.4376e-05	-6.936	1.58028e-05	1.60933e-06	1.58848e-05	5.814	0.000160054	-5.19308e-06	0.000160144	-1.854	0.000157365	-9.05996e-06	0.000157625	-3.294	-1.773273e-11
0.032	16			1.55756e-05	-1.28151e-06	1.56277e-05	-4.698	1.71402e-05	2.95976e-06	1.73935e-05	9.798	0.00017044	-4.79075e-06	0.000170507	-1.608	0.000168846	-1.0267e-05	0.000169166	-3.48	-1.731391e-11
0.034	17			1.4715e-05	-1.41189e-06	1.4782e-05	-5.472	1.79169e-05	3.70482e-06	1.8295e-05	11.682	0.000182034	-5.81148e-06	0.000182123	-1.824	0.000179366	-1.07065e-05	0.000179679	-3.414	-1.651816e-11
0.036	18			1.50987e-05	-1.14367e-06	1.51396e-05	-4.332	1.73171e-05	2.72693e-06	1.75295e-05	8.952	0.00019312	-6.79496e-06	0.000193209	-2.004	0.000190915	-1.16826e-05	0.000191272	-3.498	-1.919863e-11
0.038	19			1.44728e-05	-1.08034e-06	1.45138e-05	-4.266	1.74717e-05	3.3565e-06	1.77921e-05	10.872	0.000203342	-7.06318e-06	0.000203461	-1.986	0.000200034	-1.12355e-05	0.000200332	-3.216	-1.727204e-11
0.04	20			1.53073e-05	-1.07662e-06	1.53446e-05	-4.008	1.81777e-05	3.05848e-06	1.84329e-05	9.558	0.000214548	-6.94397e-06	0.000214667	-1.848	0.000210763	-1.16528e-05	0.000211091	-3.162	-1.593185e-11
0.042	21			1.49571e-05	-9.16425e-07	1.49832e-05	-3.492	1.7902e-05	3.41611e-06	1.82242e-05	10.806	0.0002248	-6.88437e-06	0.000224919	-1.752	0.000220896	-1.18018e-05	0.000221194	-3.054	-2.099957e-11
0.044	22			1.51136e-05	-1.77325e-06	1.52179e-05	-6.678	1.74997e-05	2.80143e-06	1.77232e-05	9.102	0.000235439	-7.83807e-06	0.000235558	-1.902	0.000232429	-1.2517e-05	0.000232757	-3.084	-2.280048e-11
0.046	23			1.50204e-05	-2.15696e-06	1.51732e-05	-8.154	1.94443e-05	2.31156e-06	1.95821e-05	6.786	0.00024748	-7.45061e-06	0.0002476	-1.722	0.000242711	-1.4335e-05	0.000243128	-3.378	-1.723019e-11
0.048	24			1.45957e-05	-1.2368e-06	1.46479e-05	-4.842	1.82447e-05	2.90202e-06	1.84757e-05	9.042	0.000258269	-9.00036e-06	0.000258418	-1.992	0.00025511	-1.44542e-05	0.000255497	-3.24	-1.92405e-11
0.05	25			1.50875e-05	-1.89245e-06	1.5203e-05	-7.14	1.92785e-05	3.25778e-06	1.95523e-05	9.594	0.000269027	-8.34471e-06	0.000269176	-1.77	0.000263782	-1.48118e-05	0.000264199	-3.21	-1.852849e-11
0.052	26			1.55122e-05	-1.00956e-06	1.55458e-05	-3.714	1.98522e-05	2.75487e-06	2.00422e-05	7.902	0.000279965	-1.00136e-05	0.000280144	-2.046	0.000274898	-1.47522e-05	0.000275316	-3.066	-2.288424e-11
0.054	27			1.4741e-05	-1.96324e-06	1.48714e-05	-7.572	2.08468e-05	3.60423e-06	2.1156e-05	9.81	0.000292005	-1.01328e-05	0.000292184	-1.986	0.000285389	-1.63318e-05	0.000285866	-3.27	-2.204659e-11
0.056	28			1.43499e-05	-1.65031e-06	1.4443e-05	-6.558	2.07071e-05	3.15906e-06	2.09474e-05	8.676	0.000302227	-1.03713e-05	0.000302406	-1.962	0.000294628	-1.58848e-05	0.000295045	-3.084	-1.798408e-11
0.058	29			1.48938e-05	-1.44169e-06	1.49645e-05	-5.52	2.20278e-05	3.92835e-06	2.23761e-05	10.116	0.000313343	-1.01627e-05	0.000313522	-1.854	0.000306131	-1.67192e-05	0.000306578	-3.126	-1.618312e-11
0.06	30			1.45957e-05	-2.6487e-06	1.48342e-05	-10.272	2.15956e-05	2.70271e-06	2.17633e-05	7.134	0.00032449	-1.08779e-05	0.000324668	-1.914	0.000316741	-1.66894e-05	0.000317188	-3.012	-1.73977e-11
0.062	31			1.54191e-05	-2.21284e-06	1.55793e-05	-8.154	2.21544e-05	3.08642e-06	2.23705e-05	7.932	0.000334861	-1.14143e-05	0.00033504	-1.95	0.00032747	-1.73749e-05	0.000327947	-3.03	-1.844476e-11
0.064	32			1.49049e-05	-2.47361e-06	1.51061e-05	-9.42	2.28492e-05	2.9877e-06	2.30448e-05	7.452	0.000346424	-1.19806e-05	0.000346603	-1.98	0.000338258	-1.83583e-05	0.000338735	-3.108	-1.584805e-11
0.066	33			1.46442e-05	-2.20911e-06	1.48118e-05	-8.568	2.38979e-05	3.92649e-06	2.42182e-05	9.33	0.000358107	-1.2368e-05	0.000358345	-1.974	0.000348421	-1.89842e-05	0.000348957	-3.114	-1.597371e-11
0.068	34			1.52104e-05	-2.00422e-06	1.53409e-05	-7.5	2.42257e-05	3.37699e-06	2.44604e-05	7.938	0.000369104	-1.30535e-05	0.000369342	-2.022	0.000358822	-1.8865e-05	0.000359299	-3.006	-2.066447e-11
0.07	35			1.46218e-05	-2.08245e-06	1.47671e-05	-8.094	2.43039e-05	3.53718e-06	2.45591e-05	8.286	0.000380071	-1.37389e-05	0.000380309	-2.07	0.000370027	-2.04743e-05	0.000370594	-3.168	-1.752334e-11
0.072	36			1.57767e-05	-2.0154e-06	1.59034e-05	-7.272	2.61163e-05	3.48316e-06	2.63472e-05	7.602	0.000391277	-1.35005e-05	0.000391515	-1.974	0.000380429	-2.03253e-05	0.000380965	-3.054	-1.911482e-11
0.074	37			1.45436e-05	-1.45287e-06	1.46181e-05	-5.694	2.65577e-05	3.43287e-06	2.67794e-05	7.368	0.000402661	-1.37091e-05	0.000402899	-1.944	0.000391098	-2.06233e-05	0.000391664	-3.012	-1.965931e-11
0.076	38			1.52141e-05	-1.72109e-06	1.53111e-05	-6.45	2.71426e-05	3.75138e-06	2.74015e-05	7.872	0.000414582	-1.49012e-05	0.00041485	-2.058	0.00040132	-2.11598e-05	0.000401886	-3.012	-1.999433e-11
0.078	39			1.53036e-05	-2.26127e-06	1.54712e-05	-8.4	2.7897e-05	3.23357e-06	2.80832e-05	6.612	0.000425668	-1.51098e-05	0.000425937	-2.034	0.000412406	-2.14578e-05	0.000412973	-2.976	-1.764899e-11
0.08	40			1.52626e-05	-2.31342e-06	1.54377e-05	-8.616	2.78709e-05	4.00658e-06	2.81577e-05	8.184	0.000436516	-1.52589e-05	0.000436785	-1.998	0.000423105	-2.30373e-05	0.000423731	-3.114	-1.861224e-11
0.082	41			1.50204e-05	-2.44753e-06	1.52179e-05	-9.252	2.91319e-05	3.76256e-06	2.93722e-05	7.362	0.000447961	-1.59742e-05	0.000448259	-2.04	0.000432851	-2.30671e-05	0.000433477	-3.048	-2.037129e-11
0.084	42			1.52626e-05	-2.64497e-06	1.54899e-05	-9.822	2.88804e-05	3.28572e-06	2.90686e-05	6.492	0.000459494	-1.66894e-05	0.000459792	-2.07	0.000444504	-2.3991e-05	0.000445129	-3.084	-2.141833e-11
0.086	43			1.47783e-05	-3.28572e-06	1.51359e-05	-12.522	2.93275e-05	3.59864e-06	2.95473e-05	6.996	0.000469984	-1.68086e-05	0.000470283	-2.04	0.000457468	-2.52129e-05	0.000458183	-3.156	-1.806777e-11
0.088	44			1.52402e-05	-2.97652e-06	1.55271e-05	-11.04	3.13169e-05	4.43685e-06	3.16298e-05	8.064	0.000480892	-1.6749e-05	0.00048119	-1.992	0.000463845	-2.50937e-05	0.000464501	-3.096	-1.480103e-11
0.09	45			1.61306e-05	-2.6934e-06	1.63541e-05	-9.48	3.24904e-05	3.33229e-06	3.26617e-05	5.856	0.000493113	-1.74047e-05	0.000493411	-2.016	0.00047517	-2.42592e-05	0.000475766	-2.922	-2.087387e-11
0.092	46			1.51359e-05	-3.03613e-06	1.5434e-05	-11.334	3.29877e-05	4.07922e-06	3.32391e-05	7.05	0.000504259	-1.71663e-05	0.000504557	-1.95	0.000485959	-2.55705e-05	0.000486614	-3.012	-1.882167e-11
0.094	47			1.41338e-05	-1.80677e-06	1.42493e-05	-7.284	3.34571e-05	4.01403e-06	3.36955e-05	6.84	0.00051618	-1.81795e-05	0.000516478	-2.016	0.000496093	-2.55109e-05	0.000496749	-2.94	-1.827717e-11
0.096	48			1.42865e-05	-2.92064e-06	1.45846e-05	-11.55	3.32484e-05	4.39401e-06	3.35372e-05	7.53	0.000526551	-1.81795e-05	0.000526849	-1.974	0.000507239	-2.6703e-05	0.000507955	-3.012	-2.11251e-11
0.098	49			1.41375e-05	-1.59816e-06	1.42269e-05	-6.444	3.34887e-05	3.58747e-06	3.36806e-05	6.114	0.00053728	-1.96696e-05	0.000537697	-2.094	0.000517551	-2.72394e-05	0.000518266	-3.006	-1.810964e-11
0.1	50			1.49496e-05	-3.15161e-06	1.52775e-05	-11.898	3.62808e-05	3.91158e-06	3.64913e-05	6.156	0.000550393	-1.92524e-05	0.000550691	-1.998	0.000528399	-2.76567e-05	0.000529114	-2.988	-1.756523e-11
0.102	51			1.40183e-05	-3.17024e-06	1.43722e-05	-12.738	3.76741e-05	4.74046e-06	3.79703e-05	7.176	0.000562612	-1.99677e-05	0.00056297	-2.034	0.000538651	-2.85507e-05	0.000539426	-3.03	-1.249755e-11
0.104	52			1.51322e-05	-2.67477e-06	1.53632e-05	-10.02	3.84508e-05	3.97864e-06	3.86557e-05	5.91	0.000573698	-2.06233e-05	0.000574056	-2.052	0.000549261	-2.92064e-05	0.000549976	-3.042	-2.024564e-11
0.106	53			1.6343e-05	-3.48689e-06	1.67118e-05	-12.042	3.84396e-05	4.68086e-06	3.87228e-05	6.942	0.000582878	-2.04445e-05	0.000583235	-2.004	0.000560109	-2.95044e-05	0.000560883	-3.012	-2.682111e-11
0.108	54			1.56575e-05	-2.79771e-06	1.59034e-05	-10.128	4.30292e-05	3.73648e-06	4.31912e-05	4.962	0.000597302	-2.11598e-05	0.000597659	-2.028	0.000569467	-2.97428e-05	0.000570182	-2.988	-1.894735e-11
0.11	55			1.28374e-05	-2.72693e-06	1.31243e-05	-11.988	4.20588e-05	4.36048e-06	4.22841e-05	5.922	0.000607911	-2.1875e-05	0.000608329	-2.058	0.000580315	-3.05774e-05	0.000581089	-3.018	-2.581589e-11
0.112	56			1.22861e-05	-3.93766e-06	1.29045e-05	-17.76	3.92126e-05	3.97678e-06	3.94138e-05	5.79	0.000617687	-2.27095e-05	0.000618044	-2.1	0.000590507	-3.18291e-05	0.000591341	-3.084	-2.388931e-11
0.114	57			1.48155e-05	-2.20166e-06	1.49757e-05	-8.448	4.2882e-05	4.04383e-06	4.3072e-05	5.388	0.000631455	-2.31267e-05	0.000631873	-2.094	0.000601951	-3.17099e-05	0.000602785	-3.012	-1.82772e-11
0.116	58			1.603e-05	-2.93182e-06	1.62983e-05	-10.356	4.78833e-05	4.29901e-06	4.8077e-05	5.13	0.000644449	-2.33651e-05	0.000644866	-2.076	0.000612382	-3.21271e-05	0.000613216	-3.0	-2.213029e-11
0.118	59			1.27443e-05	-2.65987e-06	1.30162e-05	-11.772	4.24406e-05	3.9805e-06	4.26269e-05	5.358	0.000651244	-2.3842e-05	0.000651721	-2.094	0.000621978	-3.2604e-05	0.000622813	-3.0	-2.112518e-11
0.12	60			1.38023e-05	-2.52576e-06	1.40295e-05	-10.362	4.63987e-05	3.82963e-06	4.65552e-05	4.716	0.000668112	-2.40208e-05	0.000668529	-2.058	0.000634138	-3.32596e-05	0.000634972	-3.0	-1.836097e-11
0.122	61			1.65851e-05	-3.43101e-06	1.69353e-05	-11.682	5.05412e-05	4.7982e-06	5.07685e-05	5.424	0.000677411	-2.414e-05	0.000677887	-2.034	0.000643555	-3.36769e-05	0.00064439	-2.994	-1.752334e-11
0.124	62			1.1582e-05	-3.74393e-06	1.21706e-05	-17.91	4.68011e-05	3.99727e-06	4.69687e-05	4.884	0.000689749	-2.48553e-05	0.000690166	-2.064	0.000654165	-3.4869e-05	0.000655118	-3.048	-1.651816e-11
0.126	63			1.45324e-05	-2.60399e-06	1.47597e-05	-10.158	4.8999e-05	3.55394e-06	4.91294e-05	4.152	0.000701968	-2.58685e-05	0.000702444	-2.112	0.000666622	-3.47497e-05	0.000667516	-2.982	-2.016189e-11
0.128	64			1.35787e-05	-3.45708e-06	1.40109e-05	-14.28	5.25343e-05	4.49645e-06	5.2728e-05	4.89	0.000712339	-2.58685e-05	0.000712816	-2.082	0.000673059	-3.56438e-05	0.000673953	-3.03	-1.953372e-11
0.13	65			1.10865e-05	-3.00632e-06	1.14889e-05	-15.15	4.86674e-05	3.74021e-06	4.8809e-05	4.398	0.000725035	-2.6405e-05	0.000725511	-2.082	0.000685994	-3.56438e-05	0.000686947	-2.976	-2.313547e-11
0.132	66			2.03588e-05	-3.56512e-06	2.0668e-05	-9.924	6.14715e-05	4.25431e-06	6.16205e-05	3.96	0.000739161	-2.69414e-05	0.000739638	-2.088	0.000698689	-3.68359e-05	0.000699643	-3.018	-1.48848e-11
0.134	67			9.54798e-06	-2.55556e-06	9.88325e-06	-14.97	5.12342e-05	5.357e-06	5.15135e-05	5.97	0.00074828	-2.7001e-05	0.000748817	-2.064	0.000706021	-3.67763e-05	0.000706974	-2.976	-1.769087e-11
0.136	68			1.84142e-05	-4.20961e-06	1.88911e-05	-12.864	6.35725e-05	4.08295e-06	6.37029e-05	3.672	0.000762466	-2.77163e-05	0.000762943	-2.082	0.000717167	-3.76704e-05	0.00071818	-3.006	-2.393126e-11
0.138	69			9.51072e-06	-3.72158e-06	1.02111e-05	-21.36	5.19829e-05	4.08667e-06	5.21431e-05	4.5	0.000770036	-2.80143e-05	0.000770573	-2.082	0.0007273	-3.78492e-05	0.000728313	-2.976	-2.187901e-11
0.14	70			1.87234e-05	-3.12926e-06	1.89842e-05	-9.48	6.79684e-05	3.31925e-06	6.80503e-05	2.796	0.000788752	-2.85507e-05	0.000789229	-2.07	0.000738565	-3.773e-05	0.000739519	-2.922	-2.108331e-11
0.142	71			8.44529e-06	-3.15161e-06	9.01154e-06	-20.454	5.1711e-05	4.46293e-06	5.1901e-05	4.932	0.00079209	-2.90276e-05	0.000792626	-2.094	0.000748996	-3.86836e-05	0.000750009	-2.952	-1.911487e-11
0.144	72			1.92859e-05	-4.09785e-06	1.97181e-05	-11.988	7.19284e-05	4.25804e-06	7.2055e-05	3.39	0.000813309	-2.97428e-05	0.000813846	-2.094	0.000759307	-3.96373e-05	0.00076038	-2.982	-1.861227e-11
0.146	73			8.76567e-06	-4.77213e-06	9.97639e-06	-28.548	5.69338e-05	3.74766e-06	5.70568e-05	3.768	0.000818912	-3.05178e-05	0.000819448	-2.13	0.000770453	-4.07698e-05	0.000771467	-3.024	-1.940802e-11
0.148	74			1.49422e-05	-4.48155e-06	1.55979e-05	-16.686	7.1079e-05	4.1202e-06	7.11982e-05	3.318	0.000833932	-2.97428e-05	0.000834469	-2.04	0.000777368	-4.1187e-05	0.0007785	-3.03	-1.819342e-11
0.15	75			1.15112e-05	-4.04197e-06	1.21967e-05	-19.338	6.57742e-05	4.16118e-06	6.59009e-05	3.624	0.000848535	-3.0935e-05	0.000849131	-2.088	0.000794414	-4.15447e-05	0.000795487	-2.988	-1.542927e-11
0.152	76			9.00222e-06	-3.43659e-06	9.63552e-06	-20.886	6.06368e-05	4.22078e-06	6.07821e-05	3.984	0.000847284	-3.18887e-05	0.00084788	-2.154	0.000797216	-4.1187e-05	0.000798289	-2.958	-1.685323e-11
0.154	77			1.77101e-05	-3.87247e-06	1.81292e-05	-12.33	7.41784e-05	4.03079e-06	7.42902e-05	3.114	0.000874404	-3.14715e-05	0.000875	-2.058	0.000815216	-4.25579e-05	0.000816349	-2.988	-2.238157e-11
0.156	78			6.57144e-06	-4.57655e-06	8.00943e-06	-34.848	6.68098e-05	5.0925e-06	6.70035e-05	4.362	0.00088096	-3.24252e-05	0.000881556	-2.106	0.000822131	-4.42865e-05	0.000823382	-3.084	-2.217222e-11
0.158	79			2.02955e-05	-4.82428e-06	2.08599e-05	-13.368	7.52998e-05	4.20216e-06	7.54152e-05	3.192	0.000887338	-3.27828e-05	0.000887934	-2.112	0.000830892	-4.3452e-05	0.000832025	-2.988	-1.723014e-11
0.16	80			1.05668e-05	-3.68991e-06	1.11927e-05	-19.236	7.26623e-05	4.01589e-06	7.27703e-05	3.162	0.000909809	-3.46901e-05	0.000910405	-2.178	0.000847582	-4.38693e-05	0.000848714	-2.964	-2.137641e-11
0.162	81			6.1598e-06	-4.57469e-06	7.67229e-06	-36.582	7.68346e-05	3.68805e-06	7.6924e-05	2.748	0.000918631	-3.39749e-05	0.000919227	-2.112	0.000849668	-4.42269e-05	0.0008508	-2.976	-1.471727e-11
0.164	82			2.36762e-05	-4.08854e-06	2.40264e-05	-9.798	7.65217e-05	3.44963e-06	7.65999e-05	2.586	0.000922326	-3.46901e-05	0.000922922	-2.154	0.000868086	-4.50017e-05	0.000869278	-2.964	-1.676947e-11
0.166	83			7.74866e-06	-4.15745e-06	8.79361e-06	-28.206	7.21705e-05	4.08667e-06	7.2286e-05	3.246	0.000941519	-3.50478e-05	0.000942115	-2.13	0.000878636	-4.6313e-05	0.000879828	-3.018	-2.087387e-11
0.168	84			8.29442e-06	-3.44032e-06	8.97801e-06	-22.524	9.0823e-05	3.78863e-06	9.09013e-05	2.388	0.000960831	-3.58822e-05	0.000961546	-2.13	0.000879887	-4.55978e-05	0.00088108	-2.964	-1.777464e-11
0.17	85			2.2851e-05	-4.39401e-06	2.32701e-05	-10.884	8.1249e-05	4.36234e-06	8.13645e-05	3.072	0.000960235	-3.56438e-05	0.00096095	-2.118	0.000899974	-4.75051e-05	0.000901226	-3.024	-2.355435e-11
0.172	86			4.71625e-06	-3.93766e-06	6.14303e-06	-39.852	6.79125e-05	5.0627e-06	6.81025e-05	4.266	0.00097144	-3.60014e-05	0.000972036	-2.118	0.000909928	-4.72071e-05	0.00091112	-2.964	-1.911486e-11
0.174	87			7.17121e-06	-3.54463e-06	7.99826e-06	-26.286	9.3617e-05	3.59864e-06	9.36878e-05	2.202	0.000996955	-3.70743e-05	0.00099767	-2.13	0.00091112	-4.73263e-05	0.000912312	-2.97	-2.116704e-11
0.176	88			2.47658e-05	-4.81683e-06	2.52296e-05	-11.004	0.000101842	4.01589e-06	0.000101924	2.262	0.00101031	-3.77896e-05	0.00101102	-2.136	0.000931744	-4.8876e-05	0.000933055	-3.0	-1.89892e-11
0.178	89			8.34843e-06	-2.97838e-06	8.86439e-06	-19.632	6.74431e-05	5.52091e-06	6.76666e-05	4.686	0.00100113	-3.81472e-05	0.00100184	-2.178	0.000943188	-4.98297e-05	0.000944499	-3.018	-1.798406e-11
0.18	90			5.09064e-06	-4.28039e-06	6.64967e-06	-40.05	8.26051e-05	3.74021e-06	8.26945e-05	2.598	0.00102032	-3.87433e-05	0.00102104	-2.172	0.00094283	-4.8876e-05	0.000944141	-2.964	-2.196276e-11
0.182	91			2.41773e-05	-4.64547e-06	2.46206e-05	-10.872	0.00011731	2.4289e-06	0.00011734	1.188	0.00105131	-3.91009e-05	0.00105203	-2.13	0.00095642	-4.94721e-05	0.000957731	-2.958	-1.630884e-11
0.184	92			1.31652e-05	-4.93976e-06	1.40593e-05	-20.562	9.23504e-05	3.88178e-06	9.24324e-05	2.412	0.00105763	-3.96969e-05	0.00105847	-2.148	0.000978835	-5.12602e-05	0.000980146	-2.994	-1.341893e-11
0.186	93			3.92649e-06	-4.72183e-06	6.14117e-06	-50.238	7.18688e-05	4.61939e-06	7.20103e-05	3.684	0.00104583	-3.96969e-05	0.00104667	-2.172	0.000979073	-5.1141e-05	0.000980385	-2.988	-1.928242e-11
0.188	94			1.01477e-05	-3.56325e-06	1.07531e-05	-19.338	9.5651e-05	4.1053e-06	9.57404e-05	2.46	0.00106657	-4.04122e-05	0.00106729	-2.166	0.000981458	-5.06642e-05	0.000982769	-2.952	-2.120894e-11
0.19	95			2.86606e-05	-6.38331e-06	2.93629e-05	-12.552	0.00011383	2.98025e-06	0.000113875	1.506	0.00109685	-4.10082e-05	0.00109757	-2.136	0.0010084	-5.35252e-05	0.00100983	-3.036	-2.585785e-11
0.192	96			8.59617e-06	-4.63615e-06	9.76777e-06	-28.326	0.000101775	4.09785e-06	0.000101857	2.304	0.00111199	-4.19619e-05	0.00111283	-2.154	0.00101972	-5.4002e-05	0.00102115	-3.03	-1.630874e-11
0.194	97			2.97838e-06	-4.35489e-06	5.27318e-06	-55.608	8.32533e-05	5.82638e-06	8.34619e-05	4.008	0.00109769	-4.04122e-05	0.00109852	-2.106	0.00101877	-5.30484e-05	0.0010202	-2.976	-2.007809e-11
0.196	98			1.42549e-05	-4.41822e-06	1.49236e-05	-17.214	9.97861e-05	4.21706e-06	9.98755e-05	2.418	0.00110794	-4.10082e-05	0.00110865	-2.118	0.00102223	-5.35252e-05	0.00102366	-2.994	-1.836093e-11
0.198	99			2.91803e-05	-6.40008e-06	2.98751e-05	-12.372	0.000108414	4.57469e-06	0.000108511	2.418	0.00113643	-4.19619e-05	0.00113726	-2.112	0.00105346	-5.50749e-05	0.00105489	-2.994	-1.572243e-11
0.2	100			7.49345e-06	-4.82614e-06	8.91282e-06	-32.772	0.000104025	4.57469e-06	0.000104122	2.52	0.00115717	-4.3154e-05	0.00115789	-2.136	0.00106192	-5.49557e-05	0.00106335	-2.958	-2.154398e-11
0.202	101			3.3118e-06	-4.96025e-06	5.96422e-06	-56.256	0.000111193	4.14255e-06	0.000111275	2.136	0.0011679	-4.41077e-05	0.00116862	-2.16	0.00106109	-5.61478e-05	0.00106252	-3.024	-1.559678e-11
0.204	102			8.9184e-06	-5.25641e-06	1.03526e-05	-30.504	0.000101366	3.79981e-06	0.00010144	2.148	0.00115431	-4.38693e-05	0.00115503	-2.172	0.00106312	-5.5671e-05	0.00106455	-2.994	-1.71045e-11
0.206	103			3.55805e-05	-6.93652e-06	3.6251e-05	-11.034	0.000116304	2.89084e-06	0.000116341	1.422	0.00117553	-4.48229e-05	0.00117636	-2.178	0.00109161	-5.75783e-05	0.00109316	-3.018	-1.681135e-11
0.208	104			1.29622e-05	-5.74629e-06	1.41785e-05	-23.904	9.50699e-05	4.42567e-06	9.51742e-05	2.664	0.00119007	-4.50613e-05	0.00119091	-2.166	0.00110758	-5.76975e-05	0.00110913	-2.976	-2.099953e-11
0.21	105			3.01564e-06	-3.67874e-06	4.75536e-06	-50.646	0.000109621	4.67154e-06	0.000109718	2.442	0.00121213	-4.57766e-05	0.00121296	-2.16	0.00110663	-5.69823e-05	0.00110806	-2.94	-1.66438e-11
0.212	106			3.84267e-06	-4.63802e-06	6.0201e-06	-50.346	0.000130721	4.1798e-06	0.000130781	1.83	0.00123323	-4.58958e-05	0.00123406	-2.124	0.0011071	-5.78167e-05	0.00110865	-2.982	-1.882167e-11
0.214	107			2.19234e-05	-5.92883e-06	2.27095e-05	-15.132	0.000129947	3.23357e-06	0.000129984	1.428	0.00122631	-4.66111e-05	0.00122715	-2.178	0.00111724	-5.92472e-05	0.00111879	-3.03	-1.928236e-11
0.216	108			2.61423e-05	-7.02593e-06	2.70699e-05	-15.042	0.000107989	4.39587e-06	0.000108079	2.334	0.00123502	-4.72071e-05	0.00123585	-2.184	0.00115157	-6.00817e-05	0.00115312	-2.988	-1.936612e-11
0.218	109			7.13582e-06	-4.83918e-06	8.62038e-06	-34.134	9.62992e-05	4.59704e-06	9.64035e-05	2.736	0.00124539	-4.73263e-05	0.00124622	-2.172	0.00115813	-6.06778e-05	0.00115979	-3.0	-2.464321e-11
0.22	110			1.98839e-06	-3.90786e-06	4.3847e-06	-63.024	0.000104391	4.52998e-06	0.000104495	2.484	0.00125862	-4.80416e-05	0.00125957	-2.178	0.00115705	-5.97241e-05	0.0011586	-2.952	-1.961743e-11
0.222	111			4.64547e-06	-4.89599e-06	6.74839e-06	-46.5	0.000133895	3.18886e-06	0.00013394	1.368	0.00128675	-4.87568e-05	0.00128771	-2.166	0.00115813	-6.00817e-05	0.00115968	-2.97	-2.284229e-11
0.224	112			2.18434e-05	-5.64198e-06	2.18434e-05	-13.452	0.000160032	1.92971e-06	0.000160047	0.69	0.00130749	-5.03066e-05	0.00130845	-2.202	0.00117088	-6.13932e-05	0.00117243	-3.0	-2.175339e-11
0.226	113			2.97335e-05	-6.69624e-06	3.04786e-05	-12.69	0.000122384	3.84453e-06	0.000122444	1.8	0.00130261	-4.97105e-05	0.00130356	-2.178	0.00120843	-6.28238e-05	0.0012101	-2.976	-1.819344e-11
0.228	114			7.4264e-06	-5.77982e-06	9.41014e-06	-37.89	0.000101552	4.79075e-06	0.000101664	2.7	0.00130678	-4.98297e-05	0.00130761	-2.184	0.00121463	-6.3539e-05	0.0012163	-2.988	-1.42566e-11
0.23	115			2.05824e-06	-5.8804e-06	6.22871e-06	-70.71	0.000103668	5.03662e-06	0.000103787	2.784	0.00131191	-4.97105e-05	0.00131274	-2.166	0.00121225	-6.34198e-05	0.00121392	-2.994	-1.924047e-11
0.232	116			2.80516e-06	-5.5563e-06	6.22126e-06	-63.198	0.000114769	4.08295e-06	0.000114844	2.04	0.00132275	-5.04258e-05	0.00132371	-2.178	0.00121237	-6.2943e-05	0.00121392	-2.97	-2.435006e-11
0.234	117			1.11722e-05	-5.05897e-06	1.22637e-05	-24.354	0.00014405	3.76256e-06	0.000144095	1.5	0.00134767	-5.13794e-05	0.00134874	-2.178	0.00121594	-6.24661e-05	0.00121749	-2.94	-1.978495e-11
0.236	118			4.30832e-05	-7.42826e-06	4.37165e-05	-9.78	0.000168585	2.17558e-06	0.000168593	0.744	0.00138188	-5.30484e-05	0.00138295	-2.19	0.00125254	-6.56848e-05	0.00125421	-3.0	-1.589e-11
0.238	119			1.88594e-05	-5.81148e-06	1.97348e-05	-17.124	0.000121475	6.0499e-06	0.000121631	2.85	0.00137807	-5.26907e-05	0.00137902	-2.184	0.00127662	-6.74729e-05	0.00127841	-3.024	-1.919861e-11
0.24	120			4.33813e-06	-5.62894e-06	7.10602e-06	-52.374	0.000115775	5.08133e-06	0.000115887	2.514	0.00138379	-5.35252e-05	0.00138474	-2.214	0.00127364	-6.68769e-05	0.00127531	-3.006	-2.317732e-11
0.242	121			1.29268e-06	-6.36096e-06	6.48948e-06	-78.504	0.000121668	4.61194e-06	0.000121758	2.172	0.00139035	-5.31676e-05	0.00139142	-2.184	0.00127173	-6.68769e-05	0.00127352	-3.012	-1.626691e-11
0.244	122			2.78839e-06	-5.37004e-06	6.0499e-06	-62.544	0.000122556	5.46876e-06	0.000122675	2.556	0.0013907	-5.18563e-05	0.00139154	-2.13	0.00127281	-6.61616e-05	0.00127447	-2.976	-2.179522e-11
0.246	123			1.2856e-05	-5.98471e-06	1.41804e-05	-24.954	0.000139595	3.01005e-06	0.000139632	1.236	0.00140346	-5.35252e-05	0.00140441	-2.178	0.00127769	-6.60424e-05	0.00127936	-2.958	-1.865418e-11
0.248	124			4.68048e-05	-8.55891e-06	4.75796e-05	-10.362	0.000159488	3.08455e-06	0.000159518	1.11	0.00143207	-5.43597e-05	0.00143302	-2.172	0.00131429	-6.89034e-05	0.00131608	-3.0	-1.886356e-11
0.25	125			2.44436e-05	-6.41498e-06	2.52706e-05	-14.706	0.000141346	5.20053e-06	0.000141435	2.112	0.00146139	-5.55518e-05	0.00146247	-2.178	0.00134385	-7.10492e-05	0.00134576	-3.024	-2.079012e-11
0.252	126			5.75188e-06	-6.11323e-06	8.39127e-06	-46.728	0.000128494	5.57306e-06	0.000128613	2.484	0.00146175	-5.61478e-05	0.00146282	-2.196	0.00134087	-7.00955e-05	0.00134278	-2.988	-1.484292e-11
0.254	127			7.43199e-07	-6.11323e-06	6.15607e-06	-83.052	0.000132517	5.15583e-06	0.000132621	2.232	0.00146831	-5.60286e-05	0.00146926	-2.178	0.00133849	-7.05724e-05	0.00134028	-3.012	-1.957556e-11
0.256	128			1.48454e-06	-5.49111e-06	5.68482e-06	-74.862	0.000154332	3.91903e-06	0.000154377	1.458	0.00149179	-5.72207e-05	0.00149287	-2.19	0.00133944	-7.02147e-05	0.00134135	-3.0	-2.066445e-11
0.258	129			3.41983e-06	-6.56958e-06	7.40404e-06	-62.496	0.000149571	3.67315e-06	0.000149616	1.41	0.00148392	-5.66246e-05	0.001485	-2.184	0.00133968	-7.06916e-05	0.00134147	-3.018	-1.961743e-11
0.26	130			2.40897e-05	-6.38331e-06	2.49223e-05	-14.838	0.000160993	2.40655e-06	0.000161015	0.858	0.00148905	-5.76975e-05	0.00149024	-2.22	0.00135148	-7.02147e-05	0.00135327	-2.97	-1.978497e-11
0.262	131			5.10106e-05	-8.11002e-06	5.16477e-05	-9.03	0.00015282	3.45708e-06	0.000152857	1.296	0.00150526	-5.80552e-05	0.00150646	-2.208	0.00139929	-7.24797e-05	0.00140107	-2.964	-2.087386e-11
0.264	132			2.14205e-05	-7.13769e-06	2.25791e-05	-18.426	0.000121102	4.74605e-06	0.000121199	2.244	0.00151778	-5.79359e-05	0.00151897	-2.184	0.00141907	-7.41486e-05	0.0014211	-2.988	-2.041317e-11
0.266	133			4.80379e-06	-5.00868e-06	6.93838e-06	-46.188	0.000138828	5.43895e-06	0.000138939	2.244	0.00154866	-6.03201e-05	0.00154997	-2.226	0.0014149	-7.42679e-05	0.00141681	-3.006	-2.045509e-11
0.268	134			1.0077e-06	-5.98471e-06	6.06666e-06	-80.436	0.000144885	5.58796e-06	0.000144989	2.208	0.00155485	-5.96049e-05	0.00155593	-2.19	0.00141311	-7.42679e-05	0.00141502	-3.006	-2.07901e-11
0.27	135			1.89991e-07	-6.7279e-06	6.7279e-06	-88.38	0.000149728	5.14838e-06	0.000149817	1.968	0.00156093	-5.93665e-05	0.00156201	-2.172	0.0014124	-7.45063e-05	0.00141443	-3.018	-1.723012e-11
0.272	136			1.71178e-06	-6.28832e-06	6.51742e-06	-74.76	0.000190497	3.01005e-06	0.000190497	0.912	0.00160147	-6.10356e-05	0.00160254	-2.178	0.00141371	-7.46255e-05	0.00141574	-3.018	-2.401504e-11
0.274	137			1.14777e-05	-7.53257e-06	1.37278e-05	-33.27	0.000202895	2.56301e-06	0.000202925	0.732	0.00160862	-6.10356e-05	0.00160969	-2.166	0.00141872	-7.52215e-05	0.00142074	-3.036	-1.970119e-11
0.276	138			4.56257e-05	-8.42294e-06	4.6395e-05	-10.458	0.00019005	3.54649e-06	0.00019008	1.074	0.00159896	-6.11548e-05	0.00160015	-2.19	0.00145126	-7.67712e-05	0.00145329	-3.024	-2.083195e-11
0.278	139			4.30385e-05	-8.67998e-06	4.39065e-05	-11.4	0.00014183	4.82801e-06	0.00014192	1.956	0.00159777	-6.17509e-05	0.00159896	-2.214	0.00149573	-7.87978e-05	0.00149787	-3.018	-2.548089e-11
0.28	140			1.2666e-05	-6.83594e-06	1.43909e-05	-28.344	0.000113607	6.25852e-06	0.000113786	3.156	0.00159789	-6.1274e-05	0.00159908	-2.19	0.00150038	-7.84402e-05	0.0015024	-2.988	-1.886357e-11
0.282	141			2.48106e-06	-6.85829e-06	7.29228e-06	-70.11	0.000119389	6.10951e-06	0.000119538	2.94	0.00161267	-6.23469e-05	0.00161386	-2.214	0.00149728	-7.82018e-05	0.0014993	-2.988	-1.903115e-11
0.284	142			2.79399e-07	-5.92324e-06	5.92883e-06	-87.294	0.000148506	4.52998e-06	0.000148566	1.746	0.00164355	-6.38966e-05	0.00164474	-2.226	0.00149644	-7.85594e-05	0.00149847	-3.006	-1.67276e-11
0.286	143			6.74281e-07	-5.7407e-06	5.77795e-06	-83.292	0.00016445	4.97702e-06	0.00016454	1.74	0.00165869	-6.38966e-05	0.00165988	-2.202	0.0014962	-7.91554e-05	0.00149823	-3.024	-2.041323e-11
0.288	144			2.74369e-06	-6.71673e-06	7.25503e-06	-67.77	0.000169517	3.99354e-06	0.000169546	1.356	0.00166131	-6.47311e-05	0.00166262	-2.226	0.00149644	-7.85594e-05	0.00149847	-3.006	-2.280044e-11
0.29	145			8.27765e-06	-7.76915e-06	1.1351e-05	-43.182	0.000206263	2.50341e-06	0.000206263	0.702	0.00169874	-6.53272e-05	0.00169993	-2.202	0.00150109	-7.90362e-05	0.00150324	-3.012	-2.162772e-11
0.292	146			3.49397e-05	-8.81596e-06	3.6035e-05	-14.16	0.00025806	3.27827e-07	0.00025806	0.078	0.0017494	-6.71153e-05	0.0017506	-2.19	0.00152386	-8.01091e-05	0.00152601	-3.006	-2.19628e-11
0.294	147			5.17557e-05	-9.91306e-06	5.26945e-05	-10.842	0.000219376	1.2219e-06	0.000219376	0.324	0.00174619	-6.8665e-05	0.00174762	-2.25	0.00157512	-8.4043e-05	0.0015775	-3.054	-2.049694e-11
0.296	148			2.46057e-05	-7.63318e-06	2.57642e-05	-17.226	0.000144244	5.06642e-06	0.000144334	2.016	0.00171173	-6.77113e-05	0.00171304	-2.262	0.00159455	-8.46391e-05	0.00159682	-3.036	-2.06226e-11
0.298	149			6.61614e-06	-5.65502e-06	8.70234e-06	-40.512	0.000119389	5.81148e-06	0.000119538	2.79	0.0017022	-6.75921e-05	0.00170351	-2.274	0.00159145	-8.27317e-05	0.0015936	-2.976	-2.137644e-11
0.3	150			1.10456e-06	-6.28832e-06	6.38331e-06	-80.034	0.000117302	6.55654e-06	0.000117481	3.204	0.00170553	-6.62808e-05	0.00170673	-2.226	0.00159086	-8.30893e-05	0.00159312	-2.988	-1.576431e-11
0.302	151			-1.43425e-07	-6.08902e-06	6.08902e-06	-91.35	0.000126154	6.25852e-06	0.000126303	2.85	0.00171412	-6.67577e-05	0.00171531	-2.226	0.00158931	-8.3447e-05	0.00159145	-3.006	-2.179527e-11
0.304	152			-4.00471e-07	-6.94583e-06	6.95515e-06	-93.3	0.000154884	5.9903e-06	0.000155003	2.22	0.00174201	-6.73537e-05	0.0017432	-2.208	0.00158895	-8.41622e-05	0.00159121	-3.03	-2.435001e-11
0.306	153			6.96633e-07	-7.26435e-06	7.29601e-06	-84.51	0.000183285	4.29156e-06	0.000183345	1.344	0.00177062	-6.78306e-05	0.00177193	-2.19	0.00158942	-8.4043e-05	0.00159157	-3.024	-1.831912e-11
0.308	154			6.49135e-06	-7.91444e-06	1.02334e-05	-50.634	0.000191242	4.11275e-06	0.000191302	1.23	0.00177599	-6.8665e-05	0.0017773	-2.214	0.00159264	-8.46391e-05	0.00159491	-3.036	-2.543897e-11
0.31	155			2.4492e-05	-8.40618e-06	2.58927e-05	-18.942	0.00020963	3.57629e-06	0.00020966	0.984	0.00179315	-6.98571e-05	0.00179446	-2.226	0.00160707	-8.48775e-05	0.00160933	-3.018	-2.12927e-11
0.312	156			5.98172e-05	-9.81992e-06	6.06182e-05	-9.324	0.000244917	1.99677e-06	0.000244917	0.474	0.00184966	-7.20029e-05	0.00185085	-2.226	0.00165797	-8.76193e-05	0.00166035	-3.024	-1.743954e-11
0.314	157			4.84588e-05	-1.01105e-05	4.95019e-05	-11.784	0.000241281	2.29479e-06	0.000241281	0.546	0.0018952	-7.36718e-05	0.00189663	-2.226	0.00170065	-9.01227e-05	0.00170303	-3.03	-1.702075e-11
0.316	158			1.74755e-05	-8.78802e-06	1.95579e-05	-26.694	0.000217349	4.08295e-06	0.000217379	1.074	0.00189901	-7.34334e-05	0.00190044	-2.208	0.00170255	-9.00035e-05	0.00170494	-3.024	-1.974306e-11
0.318	159			5.16328e-06	-7.58099e-06	9.17172e-06	-55.722	0.000181676	4.55978e-06	0.000181735	1.44	0.00187112	-7.27181e-05	0.00187255	-2.226	0.00169719	-9.00035e-05	0.00169969	-3.03	-2.221406e-11
0.32	160			1.24798e-06	-7.08367e-06	7.18984e-06	-80.004	0.000146748	5.24524e-06	0.000146867	2.052	0.00183869	-7.20029e-05	0.00183988	-2.244	0.00169588	-8.8573e-05	0.00169814	-2.988	-2.016189e-11
0.322	161			-7.52512e-07	-6.77819e-06	6.81731e-06	-96.33	0.000137837	6.0201e-06	0.000137956	2.514	0.00183202	-7.20029e-05	0.00183321	-2.25	0.00169481	-8.9169e-05	0.00169707	-3.006	-1.576427e-11
0.324	162			3.07338e-07	-7.3165e-06	7.32022e-06	-87.588	0.000139088	5.60287e-06	0.000139208	2.31	0.00183178	-7.1526e-05	0.00183321	-2.232	0.00169516	-8.89306e-05	0.00169743	-3.0	-2.074823e-11
0.326	163			3.59492e-07	-7.06504e-06	7.07249e-06	-87.084	0.000147016	6.55654e-06	0.000147165	2.562	0.00183941	-7.17645e-05	0.00184084	-2.232	0.00169528	-8.90498e-05	0.00169767	-3.006	-1.844475e-11
0.328	164			2.28175e-06	-7.3165e-06	7.66298e-06	-72.666	0.000172765	4.55978e-06	0.000172825	1.518	0.00186516	-7.27181e-05	0.00186659	-2.226	0.00169671	-8.97651e-05	0.00169922	-3.03	-1.810967e-11
0.33	165			1.87625e-05	-8.51235e-06	2.06028e-05	-24.396	0.000222118	3.42728e-06	0.000222147	0.888	0.00191022	-7.48639e-05	0.00191165	-2.238	0.00170971	-9.03611e-05	0.00171209	-3.024	-2.062256e-11
0.332	166			4.3398e-05	-9.41014e-06	4.44057e-05	-12.234	0.000226886	3.12926e-06	0.000226886	0.798	0.00192428	-7.6056e-05	0.00192571	-2.262	0.00173832	-9.19108e-05	0.0017407	-3.024	-1.986875e-11
0.334	167			6.88736e-05	-1.09375e-05	6.97342e-05	-9.024	0.000206978	4.52998e-06	0.000207038	1.26	0.00193787	-7.65328e-05	0.00193954	-2.256	0.00179387	-9.60832e-05	0.00179637	-3.066	-2.024571e-11
0.336	168			4.53184e-05	-9.60013e-06	4.63279e-05	-11.958	0.000188501	5.39425e-06	0.00018859	1.638	0.00196935	-7.72481e-05	0.00197102	-2.244	0.00182749	-9.77521e-05	0.00183035	-3.06	-1.898916e-11
0.338	169			2.00757e-05	-8.84017e-06	2.19384e-05	-23.76	0.000219674	4.7386e-06	0.000219733	1.236	0.002023	-7.86786e-05	0.00202443	-2.22	0.00182462	-9.656e-05	0.00182701	-3.03	-2.31774e-11
0.34	170			6.23617e-06	-8.37451e-06	1.04383e-05	-53.322	0.000256034	3.75511e-06	0.000256063	0.846	0.00206782	-7.98707e-05	0.00206925	-2.208	0.00182033	-9.70368e-05	0.00182296	-3.048	-1.907297e-11
0.342	171			1.89804e-06	-8.83645e-06	9.03761e-06	-77.874	0.000264021	2.3246e-06	0.00026405	0.504	0.00207783	-8.15396e-05	0.0020795	-2.244	0.00181652	-9.70368e-05	0.00181914	-3.054	-2.11251e-11
0.344	172			-1.39699e-07	-7.56609e-06	7.56609e-06	-91.05	0.000241877	2.47361e-06	0.000241906	0.594	0.00205518	-8.05859e-05	0.00205685	-2.244	0.00181604	-9.60832e-05	0.00181843	-3.024	-1.71464e-11
0.346	173			-5.21544e-07	-8.56264e-06	8.57568e-06	-93.474	0.000206144	3.81473e-06	0.000206203	1.062	0.0020199	-7.93939e-05	0.00202133	-2.244	0.00181652	-9.60832e-05	0.00181914	-3.024	-1.568053e-11
0.348	174			-1.41562e-07	-7.67229e-06	7.67229e-06	-91.044	0.000178994	4.38097e-06	0.000179053	1.404	0.00199319	-7.82018e-05	0.00199462	-2.238	0.00181723	-9.58447e-05	0.00181986	-3.018	-1.898918e-11
0.35	175			4.35861e-07	-8.10815e-06	8.11747e-06	-86.916	0.000164808	5.78168e-06	0.000164897	2.01	0.0019796	-7.84402e-05	0.00198103	-2.268	0.00181771	-9.63216e-05	0.00182009	-3.03	-2.334496e-11
0.352	176			2.65615e-06	-7.33699e-06	7.80268e-06	-70.092	0.000163139	5.9903e-06	0.000163228	2.106	0.0019777	-7.84402e-05	0.00197937	-2.268	0.00181986	-9.656e-05	0.00182224	-3.03	-2.016191e-11
0.354	177			1.30572e-05	-8.90164e-06	1.58009e-05	-34.284	0.000177891	5.69227e-06	0.00017798	1.836	0.00199081	-7.8917e-05	0.00199224	-2.268	0.00182606	-9.67984e-05	0.00182868	-3.03	-2.321927e-11
0.356	178			3.75884e-05	-9.846e-06	3.88569e-05	-14.676	0.000208885	4.7982e-06	0.000208915	1.314	0.002028	-7.96323e-05	0.00202943	-2.244	0.00185371	-9.87058e-05	0.00185633	-3.042	-1.882169e-11
0.358	179			6.57071e-05	-1.1433e-05	6.66943e-05	-9.864	0.000222445	3.6955e-06	0.000222475	0.954	0.00206782	-8.20165e-05	0.00206949	-2.268	0.00190616	-0.000101328	0.00190879	-3.042	-1.551301e-11
0.36	180			6.73612e-05	-1.14553e-05	6.83297e-05	-9.648	0.000197829	5.00682e-06	0.000197918	1.452	0.0020857	-8.27317e-05	0.00208737	-2.268	0.00195289	-0.000103951	0.00195576	-3.042	-2.171149e-11
0.362	181			4.2204e-05	-1.02632e-05	4.34334e-05	-13.668	0.000166864	7.48041e-06	0.000167013	2.568	0.00209118	-8.29701e-05	0.00209285	-2.268	0.00196649	-0.000103951	0.00196935	-3.024	-2.393126e-11
0.364	182			1.79709e-05	-9.05996e-06	2.01241e-05	-26.742	0.000161679	7.48041e-06	0.000161857	2.652	0.00210525	-8.3447e-05	0.00210692	-2.268	0.00196387	-0.000104428	0.00196649	-3.042	-1.798404e-11
0.366	183			4.42195e-06	-9.65974e-06	1.06171e-05	-65.388	0.000190527	7.18239e-06	0.000190676	2.16	0.00214268	-8.39238e-05	0.00214435	-2.238	0.00195934	-0.00010562	0.0019622	-3.084	-2.326113e-11
0.368	184			3.18514e-07	-8.65577e-06	8.6595e-06	-87.882	0.000249656	4.88761e-06	0.000249716	1.128	0.00220419	-8.60696e-05	0.00220586	-2.232	0.00195672	-0.000104666	0.00195958	-3.054	-2.476888e-11
0.37	185			-9.81621e-07	-8.15844e-06	8.21619e-06	-96.852	0.000303986	1.63914e-06	0.000303986	0.312	0.00225832	-8.9169e-05	0.00226022	-2.256	0.00195552	-0.000104189	0.00195839	-3.042	-1.99525e-11
0.372	186			-3.96745e-07	-9.37475e-06	9.38034e-06	-92.424	0.000328483	2.08617e-07	0.000328483	0.036	0.00228287	-8.96459e-05	0.00228478	-2.244	0.00195672	-0.000104189	0.00195958	-3.048	-2.12927e-11
0.374	187			2.29106e-07	-8.73214e-06	8.734e-06	-88.494	0.00032437	9.23876e-07	0.00032437	0.168	0.00228025	-8.9169e-05	0.00228192	-2.238	0.00195862	-0.000104189	0.00196148	-3.042	-2.506197e-11
0.376	188			1.7509e-07	-9.6914e-06	9.6914e-06	-88.956	0.000297399	1.43052e-06	0.000297399	0.276	0.00225426	-8.9169e-05	0.00225617	-2.262	0.00196101	-0.000104428	0.00196387	-3.048	-2.007814e-11
0.378	189			2.47734e-07	-8.68557e-06	8.68744e-06	-88.362	0.000263067	3.18886e-06	0.000263097	0.696	0.0022216	-8.82153e-05	0.00222327	-2.268	0.0019622	-0.000104428	0.00196482	-3.042	-2.367993e-11
0.38	190			3.04171e-06	-8.95379e-06	9.45484e-06	-71.226	0.000227482	4.11275e-06	0.000227512	1.044	0.00218655	-8.72617e-05	0.00218822	-2.28	0.00196435	-0.000105381	0.00196721	-3.072	-2.028751e-11
0.382	191			1.24239e-05	-9.22201e-06	1.54712e-05	-36.582	0.000203342	5.39425e-06	0.000203402	1.518	0.00216581	-8.60696e-05	0.00216748	-2.274	0.00197555	-0.000105381	0.00197841	-3.048	-2.543897e-11
0.384	192			3.56755e-05	-1.06991e-05	3.72457e-05	-16.692	0.000204445	4.14255e-06	0.000204475	1.17	0.00217225	-8.70232e-05	0.00217392	-2.292	0.00200225	-0.00010705	0.00200512	-3.054	-2.120895e-11
0.386	193			6.21346e-05	-1.23643e-05	6.33528e-05	-11.25	0.0001947	5.12603e-06	0.000194759	1.512	0.00218321	-8.72617e-05	0.00218488	-2.286	0.00204732	-0.000109196	0.00205018	-3.054	-2.363812e-11
0.388	194			6.89593e-05	-1.1731e-05	6.99502e-05	-9.654	0.000176818	6.55654e-06	0.000176937	2.124	0.00219871	-8.84538e-05	0.00220062	-2.298	0.00208999	-0.000111342	0.00209309	-3.048	-1.932421e-11
0.39	195			6.03239e-05	-1.14032e-05	6.13932e-05	-10.704	0.000167579	7.06318e-06	0.000167728	2.412	0.00222303	-8.82153e-05	0.0022247	-2.268	0.00211598	-0.000112057	0.00211884	-3.024	-1.635065e-11
0.392	196			3.82068e-05	-1.04979e-05	3.96224e-05	-15.36	0.000158162	8.64273e-06	0.0001584	3.138	0.00224568	-8.96459e-05	0.00224735	-2.28	0.00212695	-0.000113249	0.00212981	-3.048	-2.03294e-11
0.394	197			1.62163e-05	-8.62038e-06	1.83658e-05	-27.99	0.000156851	9.38779e-06	0.000157149	3.438	0.00226332	-8.94074e-05	0.00226523	-2.262	0.00212432	-0.000113965	0.00212719	-3.066	-2.070637e-11
0.396	198			4.91741e-06	-9.54425e-06	1.07326e-05	-62.724	0.000164122	9.62621e-06	0.00016442	3.366	0.00227787	-9.08379e-05	0.00227953	-2.28	0.00212194	-0.000113726	0.00212504	-3.066	-1.643445e-11
0.398	199			2.11225e-06	-8.79733e-06	9.04506e-06	-76.488	0.000182451	7.95728e-06	0.0001826	2.502	0.00229909	-9.15532e-05	0.00230099	-2.274	0.00211908	-0.000113011	0.00212218	-3.054	-1.756521e-11
0.4	200			-1.41562e-07	-9.57033e-06	9.57033e-06	-90.84	0.000211717	6.76516e-06	0.000211806	1.83	0.00232817	-9.25069e-05	0.00233008	-2.268	0.00211908	-0.000113726	0.00212218	-3.066	-2.284232e-11
0.402	201			1.05799e-06	-9.71189e-06	9.76777e-06	-83.772	0.000254275	4.7386e-06	0.000254335	1.068	0.002373	-9.3699e-05	0.00237466	-2.262	0.00212099	-0.000113726	0.00212385	-3.066	-2.384749e-11
0.404	202			2.91319e-06	-9.66905e-06	1.00975e-05	-73.224	0.000314863	1.99677e-06	0.000314863	0.366	0.00243379	-9.67984e-05	0.00243594	-2.274	0.00212289	-0.000113726	0.00212599	-3.06	-2.242354e-11
0.406	203			5.34768e-06	-9.77149e-06	1.11387e-05	-61.308	0.000366153	0.0	0.000366153	0.0	0.00248982	-9.91826e-05	0.00249173	-2.28	0.00212933	-0.00011468	0.00213243	-3.078	-2.326112e-11
0.408	204			6.83966e-06	-1.07382e-05	1.27312e-05	-57.498	0.000387104	-1.10269e-06	0.000387104	-0.162	0.00251915	-9.98979e-05	0.00252105	-2.268	0.00213982	-0.000115157	0.00214316	-3.078	-2.355427e-11
0.41	205			6.36469e-06	-1.07941e-05	1.25301e-05	-59.466	0.000391575	-1.63914e-06	0.000391575	-0.24	0.00252725	-9.91826e-05	0.00252916	-2.244	0.00214435	-0.000114203	0.00214745	-3.048	-2.355435e-11
0.412	206			5.94559e-06	-1.03713e-05	1.19527e-05	-60.168	0.000386568	-5.96051e-08	0.000386568	-0.006	0.00252129	-9.98979e-05	0.00252344	-2.262	0.00214435	-0.000115157	0.00214721	-3.072	-2.280045e-11
0.414	207			1.0375e-05	-1.06674e-05	1.48807e-05	-45.792	0.000361623	2.98025e-07	0.000361623	0.048	0.00250222	-9.98979e-05	0.00250413	-2.28	0.00215222	-0.000114918	0.00215532	-3.054	-2.116704e-11
0.416	208			2.36594e-05	-1.15354e-05	2.63212e-05	-25.986	0.000314327	1.37091e-06	0.000314327	0.252	0.00247027	-9.89442e-05	0.00247218	-2.292	0.00217964	-0.000117064	0.00218274	-3.066	-1.731395e-11
0.418	209			4.07847e-05	-1.31112e-05	4.28392e-05	-17.82	0.000265809	3.84453e-06	0.000265839	0.828	0.00244333	-9.77521e-05	0.00244524	-2.286	0.00221802	-0.000118971	0.00222112	-3.066	-2.367997e-11
0.42	210			5.02879e-05	-1.28411e-05	5.1901e-05	-14.322	0.000224085	5.12603e-06	0.000224144	1.314	0.00242402	-9.77521e-05	0.00242616	-2.304	0.00225069	-0.000121117	0.00225402	-3.078	-2.405687e-11
0.422	211			4.7982e-05	-1.27853e-05	4.96546e-05	-14.916	0.000186623	8.16589e-06	0.000186802	2.502	0.00240804	-9.70368e-05	0.00241019	-2.304	0.00227119	-0.000122548	0.00227453	-3.084	-2.326115e-11
0.424	212			4.92374e-05	-1.1813e-05	5.06344e-05	-13.488	0.000164033	8.37451e-06	0.000164271	2.928	0.0024047	-9.656e-05	0.00240685	-2.292	0.00229098	-0.000121832	0.00229432	-3.042	-1.760711e-11
0.426	213			4.31577e-05	-1.24574e-05	4.49161e-05	-16.098	0.000137747	8.10629e-06	0.000137986	3.378	0.00240089	-9.63216e-05	0.0024028	-2.292	0.00230767	-0.000123025	0.00231101	-3.054	-2.032942e-11
0.428	214			2.63007e-05	-9.64483e-06	2.80143e-05	-20.136	0.000116855	1.11461e-05	0.000117392	5.46	0.00240375	-9.67984e-05	0.00240566	-2.304	0.00231506	-0.000123263	0.0023184	-3.048	-2.740743e-11
0.43	215			1.02185e-05	-1.01962e-05	1.44318e-05	-44.922	0.000117392	1.05203e-05	0.000117839	5.13	0.00241829	-9.77521e-05	0.00242044	-2.31	0.00231387	-0.000123502	0.00231721	-3.054	-1.898922e-11
0.432	216			2.13088e-06	-9.45112e-06	9.68581e-06	-77.28	0.000125499	1.04905e-05	0.000125946	4.788	0.00243141	-9.84673e-05	0.00243331	-2.316	0.00231196	-0.000123502	0.0023153	-3.06	-2.108326e-11
0.434	217			5.06643e-07	-9.27044e-06	9.28162e-06	-86.862	0.000144572	1.00434e-05	0.00014493	3.984	0.00245358	-9.96594e-05	0.00245549	-2.322	0.00231124	-0.000124217	0.00231458	-3.072	-1.601558e-11
0.436	218			9.6672e-07	-9.72307e-06	9.76963e-06	-84.312	0.000181497	9.38779e-06	0.000181735	2.97	0.00249054	-0.000100613	0.00249268	-2.31	0.00231148	-0.000124455	0.00231482	-3.078	-2.108331e-11
0.438	219			2.21842e-06	-9.96148e-06	1.02055e-05	-77.436	0.000210793	8.1957e-06	0.000210942	2.226	0.0025201	-0.000101328	0.00252201	-2.298	0.00231387	-0.000124694	0.00231721	-3.078	-2.024566e-11
0.44	220			7.24572e-06	-9.2574e-06	1.17552e-05	-51.948	0.000233055	6.64595e-06	0.000233144	1.638	0.00254561	-0.000102044	0.00254752	-2.292	0.00232197	-0.000124217	0.00232531	-3.06	-2.041323e-11
0.442	221			1.46311e-05	-1.02223e-05	1.7848e-05	-34.932	0.000249716	6.22871e-06	0.000249805	1.428	0.00256993	-0.000102997	0.00257184	-2.292	0.00233532	-0.000125886	0.00233866	-3.078	-2.141834e-11
0.444	222			1.68626e-05	-1.05743e-05	1.99025e-05	-32.088	0.000264795	5.81148e-06	0.000264855	1.26	0.0025983	-0.000104905	0.00260045	-2.31	0.00235082	-0.000126601	0.00235416	-3.078	-2.020379e-11
0.446	223			2.02024e-05	-1.16286e-05	2.33074e-05	-29.922	0.000289859	5.63267e-06	0.000289889	1.116	0.00263549	-0.00010562	0.00263764	-2.292	0.0023668	-0.000127555	0.00237037	-3.084	-2.020378e-11
0.448	224			2.14634e-05	-1.24612e-05	2.4818e-05	-30.132	0.000347735	1.87755e-06	0.000347735	0.312	0.00269987	-0.000108243	0.00270201	-2.292	0.00237443	-0.000128747	0.002378	-3.102	-1.944987e-11
0.45	225			2.39183e-05	-1.1161e-05	2.63938e-05	-25.014	0.000406893	-1.07289e-06	0.000406893	-0.15	0.00276043	-0.000111342	0.00276257	-2.31	0.00237943	-0.000128032	0.00238301	-3.078	-1.794219e-11
0.452	226			3.09835e-05	-1.22134e-05	3.33025e-05	-21.51	0.000436129	-1.37091e-06	0.000436129	-0.18	0.00279738	-0.000113011	0.00279976	-2.31	0.00239398	-0.000129701	0.00239755	-3.096	-1.471731e-11
0.454	227			3.74636e-05	-1.34167e-05	3.97938e-05	-19.704	0.000435205	-1.37091e-06	0.000435205	-0.18	0.00281693	-0.000112772	0.00281931	-2.292	0.00241925	-0.000131608	0.00242282	-3.114	-2.137645e-11
0.456	228			4.489e-05	-1.41338e-05	4.70618e-05	-17.472	0.000414791	-6.85457e-07	0.000414791	-0.096	0.00282313	-0.000113726	0.00282528	-2.304	0.00245334	-0.000133038	0.00245716	-3.102	-1.530363e-11
0.458	229			4.4469e-05	-1.35117e-05	4.6477e-05	-16.896	0.000385227	1.69874e-06	0.000385227	0.252	0.00281931	-0.000112534	0.00282146	-2.286	0.00247981	-0.000134231	0.00248362	-3.096	-2.275858e-11
0.46	230			3.89519e-05	-1.35042e-05	4.1228e-05	-19.116	0.000359179	1.78815e-06	0.000359179	0.288	0.00280692	-0.000113488	0.0028093	-2.31	0.00248982	-0.000134707	0.0024934	-3.096	-2.280045e-11
0.462	231			3.39339e-05	-1.3236e-05	3.64224e-05	-21.306	0.000330301	3.6955e-06	0.000330331	0.642	0.00278522	-0.000112057	0.00278737	-2.298	0.00249316	-0.000134707	0.00249673	-3.09	-1.77328e-11
0.464	232			3.22985e-05	-1.32248e-05	3.48988e-05	-22.266	0.000287386	5.06642e-06	0.000287445	1.014	0.00275446	-0.000110627	0.00275661	-2.298	0.00250198	-0.000135184	0.00250579	-3.09	-1.940804e-11
0.466	233			3.28647e-05	-1.33589e-05	3.54724e-05	-22.116	0.000248821	6.10951e-06	0.000248911	1.41	0.00273134	-0.000110388	0.00273348	-2.31	0.002517	-0.000136138	0.00252081	-3.096	-2.028756e-11
0.468	234			3.10468e-05	-1.35564e-05	3.3878e-05	-23.58	0.000207485	8.40431e-06	0.000207664	2.322	0.0027063	-0.000109911	0.00270845	-2.322	0.00253369	-0.00013733	0.0025375	-3.096	-2.120895e-11
0.47	235			2.11076e-05	-1.24463e-05	2.45014e-05	-30.516	0.000171931	1.03117e-05	0.000172229	3.432	0.00269105	-0.000108719	0.00269319	-2.31	0.00254251	-0.000138045	0.00254633	-3.102	-2.133456e-11
0.472	236			9.33936e-06	-1.07624e-05	1.42456e-05	-49.038	0.00014788	1.05501e-05	0.000148267	4.086	0.00267865	-0.000109196	0.00268079	-2.334	0.0025437	-0.000136853	0.00254728	-3.078	-2.091575e-11
0.474	237			2.20539e-06	-1.09897e-05	1.12057e-05	-78.642	0.000145675	1.13547e-05	0.000146122	4.458	0.00268127	-0.000108958	0.00268365	-2.322	0.00254275	-0.00013733	0.00254633	-3.09	-1.756523e-11
0.476	238			1.03191e-06	-1.12728e-05	1.13138e-05	-84.762	0.000137002	1.12653e-05	0.000137449	4.71	0.00267412	-0.000108719	0.0026765	-2.328	0.00254227	-0.00013733	0.00254585	-3.09	-2.079015e-11
0.478	239			5.99775e-07	-1.10157e-05	1.10269e-05	-86.88	0.000147016	1.10269e-05	0.000147433	4.296	0.00268604	-0.000109435	0.00268818	-2.328	0.00254275	-0.000136853	0.00254633	-3.078	-2.087387e-11
0.48	240			2.09735e-06	-1.01999e-05	1.04122e-05	-78.366	0.00016597	9.80502e-06	0.000166268	3.39	0.00270464	-0.000110865	0.00270702	-2.34	0.00254418	-0.000136376	0.00254776	-3.066	-2.016191e-11
0.482	241			1.09487e-05	-1.15336e-05	1.58997e-05	-46.488	0.000177831	9.68581e-06	0.0001781	3.12	0.00271942	-0.000109911	0.00272156	-2.31	0.00255324	-0.000136853	0.00255682	-3.066	-2.439195e-11
0.484	242			2.33875e-05	-1.11163e-05	2.58946e-05	-25.416	0.0001826	9.35799e-06	0.000182838	2.94	0.00272848	-0.00011158	0.00273086	-2.34	0.00257112	-0.00013733	0.00257494	-3.06	-1.995252e-11
0.486	243			3.46417e-05	-1.19955e-05	3.66571e-05	-19.098	0.000181885	9.41759e-06	0.000182153	2.97	0.00274183	-0.000111819	0.00274421	-2.334	0.00259425	-0.000138999	0.00259782	-3.066	-1.898916e-11
0.488	244			3.98385e-05	-1.26772e-05	4.18054e-05	-17.646	0.000202597	8.91095e-06	0.000202806	2.526	0.00276877	-0.000113011	0.00277115	-2.334	0.00260831	-0.000140191	0.00261213	-3.072	-1.731395e-11
0.49	245			4.89319e-05	-1.32919e-05	5.07052e-05	-15.192	0.000235737	9.77522e-06	0.000235946	2.382	0.00281931	-0.000114918	0.0028217	-2.334	0.00263096	-0.000142575	0.00263478	-3.102	-1.928239e-11
0.492	246			5.31154e-05	-1.41785e-05	5.49743e-05	-14.94	0.000259282	7.3612e-06	0.000259371	1.626	0.0028608	-0.000117064	0.00286318	-2.34	0.00265504	-0.000144959	0.0026591	-3.12	-1.622501e-11
0.494	247			5.39611e-05	-1.51918e-05	5.60547e-05	-15.72	0.000271888	7.62945e-06	0.000272008	1.608	0.00288345	-0.000117064	0.00288559	-2.322	0.00266911	-0.000146152	0.00267316	-3.132	-2.246546e-11
0.496	248			5.44603e-05	-1.45548e-05	5.63676e-05	-14.958	0.000269921	7.89767e-06	0.000270041	1.68	0.00289775	-0.000117541	0.00290014	-2.316	0.00268461	-0.000147105	0.00268866	-3.132	-2.221406e-11
0.498	249			5.73138e-05	-1.51732e-05	5.92845e-05	-14.826	0.000276091	7.42081e-06	0.00027618	1.548	0.0029123	-0.00011921	0.00291492	-2.34	0.00269486	-0.000147344	0.00269891	-3.132	-2.443382e-11
0.5	250			6.80801e-05	-1.63094e-05	7.00061e-05	-13.47	0.000293465	5.9903e-06	0.000293525	1.176	0.00294329	-0.00012064	0.00294591	-2.346	0.00271918	-0.000149013	0.00272323	-3.132	-2.179529e-11
0.502	251			7.27405e-05	-1.5326e-05	7.43349e-05	-11.898	0.000325622	4.47038e-06	0.000325652	0.786	0.0030017	-0.000123263	0.00300409	-2.352	0.00274827	-0.000149728	0.00275232	-3.12	-2.04551e-11
0.504	252			6.30771e-05	-1.57879e-05	6.50217e-05	-14.052	0.000364425	3.27827e-06	0.000364454	0.516	0.00307037	-0.000125886	0.00307275	-2.346	0.00276996	-0.000150681	0.00277425	-3.114	-2.175341e-11
0.506	253			4.57319e-05	-1.60896e-05	4.84812e-05	-19.38	0.00039983	1.93717e-06	0.00039983	0.282	0.00312497	-0.000127555	0.00312759	-2.334	0.00277425	-0.000152112	0.00277831	-3.138	-2.003626e-11
0.508	254			3.35763e-05	-1.45026e-05	3.65751e-05	-23.358	0.000423314	1.49012e-06	0.000423314	0.204	0.00315811	-0.000128985	0.00316073	-2.334	0.0027733	-0.000151158	0.00277735	-3.114	-1.714643e-11
0.51	255			2.6744e-05	-1.39364e-05	3.01563e-05	-27.522	0.000426056	1.07289e-06	0.000426056	0.15	0.00317098	-0.000129701	0.0031736	-2.34	0.00277568	-0.000150681	0.00277998	-3.108	-2.543901e-11
0.512	256			2.46057e-05	-1.43834e-05	2.84986e-05	-30.306	0.000424268	1.49012e-06	0.000424268	0.204	0.00317551	-0.000128747	0.00317813	-2.322	0.00277998	-0.000151158	0.00278427	-3.114	-1.991058e-11
0.514	257			2.49484e-05	-1.32695e-05	2.82564e-05	-28.008	0.000415536	1.43052e-06	0.000415536	0.198	0.00317575	-0.000129701	0.00317861	-2.334	0.00278784	-0.000151397	0.00279213	-3.108	-2.334489e-11
0.516	258			2.58238e-05	-1.40668e-05	2.94076e-05	-28.572	0.000402095	1.78815e-06	0.000402095	0.258	0.00317241	-0.000129224	0.00317527	-2.328	0.00279905	-0.00015235	0.0028031	-3.114	-1.823535e-11
0.518	259			2.51123e-05	-1.38991e-05	2.86998e-05	-28.956	0.00038168	3.18886e-06	0.00038171	0.48	0.00316383	-0.00012827	0.00316645	-2.322	0.00281145	-0.000152589	0.00281574	-3.102	-1.785843e-11
0.52	260			2.03998e-05	-1.38097e-05	2.46355e-05	-34.086	0.000356944	5.00682e-06	0.000356974	0.81	0.00315429	-0.000127793	0.00315668	-2.316	0.00282146	-0.000153542	0.00282551	-3.108	-2.217217e-11
0.522	261			1.17235e-05	-1.32248e-05	1.76692e-05	-48.432	0.000326158	6.43733e-06	0.000326218	1.134	0.00313546	-0.00012684	0.00313784	-2.31	0.00282599	-0.000153066	0.00283004	-3.102	-2.108331e-11
0.524	262			5.19681e-06	-1.27145e-05	1.37352e-05	-67.752	0.00029582	7.06318e-06	0.000295909	1.374	0.00311114	-0.000126363	0.00311352	-2.322	0.00282528	-0.000153542	0.00282957	-3.108	-1.915673e-11
0.526	263			5.36445e-07	-1.28523e-05	1.2856e-05	-87.606	0.000286074	6.40753e-06	0.000286164	1.29	0.00310566	-0.000126601	0.00310828	-2.334	0.00282408	-0.000152827	0.00282814	-3.096	-2.31355e-11
0.528	264			2.57047e-07	-1.26325e-05	1.26325e-05	-88.818	0.000256659	8.1957e-06	0.000256808	1.83	0.00307609	-0.000126363	0.00307895	-2.352	0.00282432	-0.000153542	0.00282837	-3.114	-2.15859e-11
0.53	265			6.33304e-08	-1.27256e-05	1.27219e-05	-89.718	0.000241996	8.73214e-06	0.000242145	2.064	0.00306226	-0.000125648	0.00306465	-2.346	0.00282504	-0.000153542	0.00282933	-3.108	-2.33868e-11
0.532	266			2.06755e-06	-1.2558e-05	1.27256e-05	-80.64	0.000240416	8.64273e-06	0.000240565	2.064	0.00306059	-0.000125648	0.00306298	-2.346	0.00282671	-0.000152827	0.002831	-3.096	-1.986871e-11
0.534	267			3.40493e-06	-1.20663e-05	1.25394e-05	-74.238	0.000247063	8.31491e-06	0.000247182	1.926	0.00306775	-0.000125171	0.00307037	-2.334	0.00282909	-0.000151874	0.00283314	-3.066	-1.760711e-11
0.536	268			8.20315e-06	-1.30833e-05	1.54414e-05	-57.9	0.000242741	8.2851e-06	0.00024289	1.956	0.00306727	-0.000125886	0.00306965	-2.346	0.00283553	-0.000152827	0.00283982	-3.084	-1.526176e-11
0.538	269			1.79709e-05	-1.29417e-05	2.21432e-05	-35.754	0.000266226	7.80827e-06	0.000266345	1.68	0.00310089	-0.000127555	0.00310351	-2.352	0.00285532	-0.000155211	0.00285961	-3.108	-2.192089e-11
0.54	270			3.77113e-05	-1.52626e-05	4.06804e-05	-22.032	0.000271829	7.2718e-06	0.000271948	1.536	0.00312044	-0.000127555	0.0031233	-2.34	0.00288631	-0.000156165	0.00289036	-3.096	-2.393123e-11
0.542	271			5.33278e-05	-1.5732e-05	5.56002e-05	-16.434	0.000263067	7.42081e-06	0.000263156	1.62	0.00312759	-0.000128509	0.00313045	-2.352	0.00291897	-0.000158549	0.00292327	-3.108	-2.221411e-11
0.544	272			6.24289e-05	-1.52887e-05	6.42729e-05	-13.758	0.000245573	7.74866e-06	0.000245692	1.806	0.00313045	-0.000130177	0.00313307	-2.376	0.00294735	-0.00015998	0.00295164	-3.102	-2.020378e-11
0.546	273			7.44727e-05	-1.71141e-05	7.64136e-05	-12.942	0.000222296	9.05996e-06	0.000222475	2.34	0.00313593	-0.000130416	0.00313856	-2.382	0.00298835	-0.000163079	0.00299288	-3.12	-2.007813e-11
0.548	274			9.97041e-05	-1.68533e-05	0.00010112	-9.588	0.00021869	9.98384e-06	0.000218929	2.616	0.00314309	-0.000130654	0.00314595	-2.376	0.00302483	-0.00016451	0.00302936	-3.114	-1.67695e-11
0.55	275			0.000108995	-1.82168e-05	0.000110507	-9.486	0.00021577	9.71562e-06	0.000215978	2.58	0.00314952	-0.000131131	0.00315215	-2.382	0.00304534	-0.000166179	0.00304987	-3.12	-1.588998e-11
0.552	276			0.000107036	-1.85446e-05	0.00010863	-9.828	0.00022325	1.00732e-05	0.000223489	2.586	0.00316383	-0.00013137	0.00316645	-2.376	0.00305225	-0.000167132	0.00305678	-3.132	-1.865415e-11
0.554	277			0.000114568	-1.99379e-05	0.000116289	-9.87	0.000235827	9.17917e-06	0.000236006	2.232	0.00319292	-0.000132562	0.00319554	-2.376	0.00307275	-0.000168324	0.00307728	-3.132	-2.125084e-11
0.556	278			0.000112921	-1.94312e-05	0.000114583	-9.762	0.000240208	9.05996e-06	0.000240357	2.166	0.00321652	-0.000133992	0.00321938	-2.382	0.00309254	-0.000168801	0.00309731	-3.12	-2.225604e-11
0.558	279			0.000109733	-1.9692e-05	0.000111484	-10.17	0.000239582	1.00136e-05	0.00023979	2.394	0.00325204	-0.000135184	0.00325491	-2.376	0.00312211	-0.000171901	0.00312664	-3.15	-1.752334e-11
0.56	280			9.80203e-05	-1.92673e-05	9.98904e-05	-11.118	0.000236602	1.14143e-05	0.00023687	2.766	0.0032828	-0.000135423	0.00328542	-2.358	0.00314666	-0.00017357	0.00315143	-3.156	-2.024567e-11
0.562	281			7.90213e-05	-1.78666e-05	8.10106e-05	-12.738	0.000239492	1.22786e-05	0.00023979	2.94	0.00330807	-0.00013733	0.00331093	-2.376	0.00315095	-0.000174046	0.00315596	-3.156	-1.915676e-11
0.564	282			6.17583e-05	-1.60263e-05	6.38072e-05	-14.544	0.000240118	1.16528e-05	0.000240386	2.784	0.00331856	-0.000138045	0.00332142	-2.376	0.00314547	-0.000172854	0.00315	-3.144	-1.87379e-11
0.566	283			5.40393e-05	-1.68682e-05	5.66172e-05	-17.334	0.000236661	1.25468e-05	0.000236989	3.042	0.00332333	-0.00013733	0.00332619	-2.364	0.00314476	-0.000173331	0.00314952	-3.156	-1.982684e-11
0.568	284			4.92635e-05	-1.43052e-05	5.12975e-05	-16.182	0.000231207	1.26958e-05	0.000231565	3.15	0.00332762	-0.000138284	0.00333025	-2.376	0.00315024	-0.000173331	0.00315501	-3.144	-2.099955e-11
0.57	285			4.09412e-05	-1.59369e-05	4.39363e-05	-21.264	0.000231207	1.10567e-05	0.000231476	2.742	0.00334145	-0.000138761	0.00334407	-2.376	0.00315477	-0.000172854	0.0031593	-3.138	-2.384744e-11
0.572	286			3.62101e-05	-1.55495e-05	3.93989e-05	-23.232	0.000246676	1.17124e-05	0.000246944	2.724	0.00336696	-0.000139714	0.00336958	-2.376	0.00315978	-0.000174046	0.00316454	-3.15	-2.171151e-11
0.574	287			3.30883e-05	-1.698e-05	3.71861e-05	-27.162	0.000302704	9.05996e-06	0.000302853	1.716	0.00343062	-0.000141622	0.00343348	-2.364	0.00316431	-0.000174285	0.00316907	-3.15	-2.079012e-11
0.576	288			2.5265e-05	-1.59816e-05	2.98918e-05	-32.31	0.000393005	6.70555e-06	0.000393065	0.978	0.00353099	-0.000146152	0.00353409	-2.37	0.00316693	-0.000174523	0.0031717	-3.15	-1.831912e-11
0.578	289			1.90438e-05	-1.48267e-05	2.41251e-05	-37.884	0.000448914	3.27827e-06	0.000448944	0.42	0.00359227	-0.000149013	0.00359537	-2.376	0.00316693	-0.000174523	0.0031717	-3.15	-2.187905e-11
0.58	290			1.62275e-05	-1.49608e-05	2.20687e-05	-42.66	0.000468316	1.49012e-06	0.000468316	0.186	0.00361706	-0.000149728	0.00362016	-2.37	0.00316907	-0.000174762	0.00317408	-3.156	-2.401499e-11
0.582	291			1.5162e-05	-1.5393e-05	2.15993e-05	-45.426	0.000469627	9.53682e-07	0.000469627	0.12	0.00362469	-0.000150681	0.00362779	-2.382	0.00317408	-0.000174762	0.00317885	-3.15	-2.393122e-11
0.584	292			1.26288e-05	-1.42381e-05	1.90289e-05	-48.42	0.000467481	2.02657e-06	0.000467481	0.246	0.00362803	-0.000150681	0.00363113	-2.376	0.00317837	-0.000174523	0.00318314	-3.138	-2.07901e-11
0.586	293			8.67626e-06	-1.46852e-05	1.70545e-05	-59.412	0.000463488	2.3842e-06	0.000463488	0.3	0.00362875	-0.000149251	0.00363161	-2.352	0.00317909	-0.000175	0.0031841	-3.15	-1.907301e-11
0.588	294			4.87643e-06	-1.50763e-05	1.58401e-05	-72.072	0.000459911	1.78815e-06	0.000459911	0.222	0.00362827	-0.000150681	0.00363137	-2.376	0.00317861	-0.000175715	0.00318338	-3.162	-2.003629e-11
0.59	295			2.55556e-06	-1.489e-05	1.51024e-05	-80.256	0.000455381	2.86104e-06	0.000455381	0.366	0.00362588	-0.000149966	0.00362898	-2.364	0.00317742	-0.000175715	0.00318219	-3.162	-2.535526e-11
0.592	296			1.35974e-06	-1.49869e-05	1.50465e-05	-84.804	0.000453116	3.03985e-06	0.000453116	0.384	0.00362565	-0.000149966	0.00362875	-2.364	0.00317766	-0.000175477	0.00318243	-3.156	-1.697886e-11
0.594	297			2.30969e-06	-1.47373e-05	1.49124e-05	-81.078	0.00044799	2.68222e-06	0.00044799	0.342	0.00361992	-0.000150681	0.00362302	-2.382	0.0031798	-0.000175	0.00318457	-3.15	-1.932423e-11
0.596	298			2.26872e-06	-1.50726e-05	1.52365e-05	-81.432	0.000444414	2.3842e-06	0.000444414	0.312	0.00361539	-0.000149251	0.00361849	-2.364	0.00317885	-0.000175	0.00318362	-3.15	-1.840287e-11
0.598	299			5.91206e-06	-1.47187e-05	1.58587e-05	-68.112	0.000439228	2.08618e-06	0.000439228	0.276	0.00361158	-0.000149966	0.00361468	-2.376	0.00318314	-0.000174285	0.00318791	-3.132	-2.133457e-11
0.6	300			8.90723e-06	-1.44132e-05	1.6939e-05	-58.278	0.0004285	2.3842e-06	0.0004285	0.324	0.00360133	-0.000149013	0.00360443	-2.37	0.00318791	-0.000174046	0.00319268	-3.126	-2.426633e-11
0.602	301			8.86997e-06	-1.39028e-05	1.6492e-05	-57.456	0.000412168	2.80143e-06	0.000412168	0.39	0.00358774	-0.000149489	0.00359108	-2.382	0.0031891	-0.000173808	0.00319387	-3.114	-2.125082e-11
0.604	302			1.59853e-05	-1.52439e-05	2.20874e-05	-43.638	0.000391306	3.09946e-06	0.000391306	0.456	0.00357153	-0.000149013	0.00357462	-2.388	0.00319983	-0.000174046	0.0032046	-3.114	-2.213034e-11
0.606	303			2.2024e-05	-1.57134e-05	2.70532e-05	-35.502	0.000376703	4.29156e-06	0.000376763	0.66	0.0035627	-0.000147582	0.00356556	-2.37	0.00321223	-0.000175239	0.003217	-3.12	-1.911487e-11
0.608	304			4.14925e-05	-1.6194e-05	4.45398e-05	-21.318	0.000369074	3.99354e-06	0.000369074	0.624	0.00356723	-0.000149251	0.00357057	-2.394	0.00324084	-0.000176908	0.00324561	-3.126	-2.146025e-11
0.61	305			5.71499e-05	-1.65069e-05	5.94857e-05	-16.11	0.000358107	4.94721e-06	0.000358166	0.798	0.00357486	-0.000149728	0.00357796	-2.394	0.00327446	-0.000178815	0.00327922	-3.126	-1.9408e-11
0.612	306			6.62622e-05	-1.83434e-05	6.87544e-05	-15.474	0.000339391	5.66247e-06	0.000339391	0.954	0.00358178	-0.000149013	0.00358488	-2.382	0.00330998	-0.000180007	0.00331475	-3.108	-2.133457e-11
0.614	307			7.27405e-05	-1.87309e-05	7.51135e-05	-14.436	0.000322284	6.97377e-06	0.000322344	1.248	0.0035937	-0.000150681	0.0035968	-2.4	0.00334598	-0.000183345	0.00335099	-3.138	-2.032939e-11
0.616	308			7.44541e-05	-1.80752e-05	7.66185e-05	-13.644	0.000325264	8.52352e-06	0.000325324	1.5	0.00361444	-0.00015092	0.00361754	-2.388	0.00336625	-0.000185491	0.00337149	-3.15	-1.924051e-11
0.618	309			7.22115e-05	-1.87532e-05	7.46069e-05	-14.556	0.000309648	9.29838e-06	0.000309767	1.722	0.00362469	-0.000152112	0.00362779	-2.4	0.00338961	-0.000187398	0.00339462	-3.162	-1.877982e-11
0.62	310			7.16043e-05	-1.88128e-05	7.40369e-05	-14.718	0.000302793	1.01925e-05	0.000302972	1.932	0.00362994	-0.000152112	0.00363328	-2.4	0.0034032	-0.00018859	0.00340845	-3.168	-1.970117e-11
0.622	311			6.66236e-05	-1.86228e-05	6.91754e-05	-15.612	0.000294806	1.01925e-05	0.000294985	1.986	0.00363089	-0.00015235	0.00363423	-2.4	0.00340702	-0.00018859	0.00341226	-3.168	-2.062256e-11
0.624	312			8.13571e-05	-1.94983e-05	8.3663e-05	-13.476	0.000279369	1.18614e-05	0.000279607	2.436	0.00363447	-0.000152827	0.00363757	-2.406	0.00343825	-0.000191451	0.00344373	-3.186	-1.785841e-11
0.626	313			8.66023e-05	-2.05227e-05	8.90014e-05	-13.332	0.000261309	1.13249e-05	0.000261547	2.484	0.00363781	-0.000152827	0.00364091	-2.4	0.00346686	-0.000192405	0.0034721	-3.174	-1.676954e-11
0.628	314			8.54474e-05	-1.95206e-05	8.76491e-05	-12.864	0.000238896	1.34111e-05	0.000239314	3.228	0.00364877	-0.000153542	0.00365187	-2.406	0.00349523	-0.00019455	0.00350048	-3.18	-2.238165e-11
0.63	315			8.57902e-05	-2.08878e-05	8.82973e-05	-13.68	0.000221849	1.32919e-05	0.000222207	3.432	0.00366761	-0.000155211	0.00367071	-2.424	0.00353266	-0.000196696	0.00353815	-3.186	-1.840291e-11
0.632	316			7.9405e-05	-1.98932e-05	8.186e-05	-14.064	0.000212849	1.4484e-05	0.000213326	3.894	0.00369073	-0.000156642	0.00369407	-2.43	0.00356032	-0.000198842	0.0035658	-3.198	-1.957557e-11
0.634	317			7.03451e-05	-1.96063e-05	7.30236e-05	-15.576	0.000204743	1.44244e-05	0.00020522	4.038	0.00370337	-0.000155688	0.00370671	-2.406	0.00357248	-0.000198604	0.00357796	-3.18	-2.104146e-11
0.636	318			6.60089e-05	-2.0221e-05	6.90338e-05	-17.028	0.000195147	1.52589e-05	0.000195743	4.482	0.00371005	-0.000155927	0.00371338	-2.406	0.00358488	-0.000198365	0.0035906	-3.162	-1.781652e-11
0.638	319			6.67875e-05	-1.97255e-05	6.96373e-05	-16.452	0.00017953	1.52589e-05	0.000180186	4.872	0.00371458	-0.00015688	0.00371791	-2.412	0.00360514	-0.000199796	0.00361063	-3.168	-1.743958e-11
0.64	320			6.43474e-05	-1.90028e-05	6.70967e-05	-16.446	0.000166656	1.56165e-05	0.000167371	5.358	0.00372221	-0.000157834	0.00372554	-2.43	0.00362398	-0.000199796	0.00362946	-3.156	-2.288426e-11
0.642	321			6.16168e-05	-1.83285e-05	6.42841e-05	-16.56	0.000166775	1.65106e-05	0.000167609	5.658	0.00373413	-0.00015688	0.00373746	-2.406	0.00363375	-0.000200034	0.00363924	-3.15	-2.238167e-11
0.644	322			5.33278e-05	-1.80827e-05	5.6308e-05	-18.726	0.000166	1.46628e-05	0.000166656	5.058	0.00374223	-0.000159026	0.00374557	-2.43	0.00363638	-0.000200034	0.00364186	-3.144	-1.350269e-11
0.646	323			4.49272e-05	-1.80529e-05	4.84178e-05	-21.888	0.000166417	1.56761e-05	0.000167132	5.388	0.00375058	-0.000158311	0.00375392	-2.412	0.00363471	-0.000201465	0.00364019	-3.168	-2.334494e-11
0.648	324			4.04979e-05	-1.8146e-05	4.43722e-05	-24.132	0.000176609	1.65702e-05	0.000177384	5.37	0.0037656	-0.000159265	0.00376894	-2.418	0.00363494	-0.000201226	0.00364043	-3.168	-2.066448e-11
0.65	325			3.36284e-05	-1.75351e-05	3.79274e-05	-27.534	0.000210107	1.62126e-05	0.000210703	4.416	0.00380565	-0.000160218	0.00380899	-2.412	0.00363447	-0.00020218	0.00364019	-3.18	-1.513611e-11
0.652	326			2.82341e-05	-1.76096e-05	3.32745e-05	-31.944	0.000247302	1.48416e-05	0.000247719	3.438	0.00384809	-0.000161887	0.00385143	-2.406	0.00363399	-0.000202657	0.00363971	-3.192	-2.313552e-11
0.654	327			2.33018e-05	-1.6898e-05	2.87817e-05	-35.946	0.000265243	1.39475e-05	0.0002656	3.018	0.0038736	-0.000163556	0.00387718	-2.418	0.00363638	-0.000203372	0.0036421	-3.198	-2.154403e-11
0.656	328			1.59891e-05	-1.5121e-05	2.20091e-05	-43.392	0.000269594	1.47224e-05	0.000270011	3.132	0.00388362	-0.000164033	0.00388719	-2.418	0.00363566	-0.000203372	0.00364138	-3.204	-1.848664e-11
0.658	329			1.0781e-05	-1.65888e-05	1.97814e-05	-56.97	0.000266613	1.42456e-05	0.000266971	3.06	0.00388481	-0.000164987	0.00388838	-2.43	0.00363375	-0.000203134	0.00363947	-3.198	-2.267481e-11
0.66	330			9.04879e-06	-1.65516e-05	1.88613e-05	-61.332	0.000258805	1.43648e-05	0.000259163	3.18	0.00388004	-0.000163794	0.00388362	-2.412	0.00363638	-0.000203849	0.0036421	-3.21	-1.739769e-11
0.662	331			6.64222e-06	-1.6708e-05	1.79784e-05	-68.316	0.000249388	1.53185e-05	0.000249865	3.516	0.00387169	-0.000164033	0.00387503	-2.424	0.00363542	-0.00020361	0.00364091	-3.204	-2.116706e-11
0.664	332			5.81893e-06	-1.56352e-05	1.66782e-05	-69.582	0.00025356	1.57953e-05	0.000254096	3.57	0.00387694	-0.000164033	0.00388052	-2.424	0.00363542	-0.000203134	0.00364091	-3.198	-1.580622e-11
0.666	333			5.21916e-06	-1.58401e-05	1.66745e-05	-71.76	0.000278773	1.33515e-05	0.00027913	2.748	0.00390317	-0.000165702	0.00390676	-2.43	0.00363542	-0.000203134	0.00364091	-3.198	-2.342867e-11
0.668	334			3.56884e-06	-1.59518e-05	1.63392e-05	-77.382	0.000347139	1.17422e-05	0.000347378	1.938	0.00397161	-0.000166894	0.00397518	-2.406	0.00363208	-0.000203849	0.00363781	-3.21	-1.756521e-11
0.67	335			2.55929e-06	-1.62387e-05	1.64324e-05	-81.042	0.000458421	5.54326e-06	0.000458421	0.696	0.00408104	-0.000173093	0.00408462	-2.424	0.00363089	-0.00020361	0.00363638	-3.21	-1.919862e-11
0.672	336			1.44915e-06	-1.67714e-05	1.6831e-05	-85.056	0.000540797	1.54973e-06	0.000540797	0.168	0.00416401	-0.000177384	0.00416782	-2.436	0.00362994	-0.000203372	0.00363542	-3.204	-1.903107e-11
0.674	337			1.69501e-06	-1.6898e-05	1.69763e-05	-84.264	0.000585798	-5.96051e-08	0.000585798	-0.006	0.00420859	-0.0001781	0.00421241	-2.424	0.00363161	-0.000203134	0.00363709	-3.198	-2.079015e-11
0.676	338			2.59654e-06	-1.7386e-05	1.7576e-05	-81.504	0.000599626	-1.01329e-06	0.000599626	-0.096	0.00422385	-0.000178576	0.00422791	-2.418	0.0036328	-0.00020361	0.00363852	-3.204	-2.38475e-11
0.678	339			7.11161e-06	-1.67118e-05	1.81572e-05	-66.942	0.000604395	-1.07289e-06	0.000604395	-0.096	0.00422886	-0.000178815	0.00423267	-2.418	0.00363709	-0.000203134	0.00364257	-3.192	-2.183718e-11
0.68	340			1.03787e-05	-1.7021e-05	1.99341e-05	-58.62	0.000604812	-2.14578e-06	0.000604812	-0.198	0.00423053	-0.000179053	0.00423458	-2.424	0.0036421	-0.000202657	0.00364782	-3.186	-1.890546e-11
0.682	341			1.8038e-05	-1.79001e-05	2.54103e-05	-44.778	0.000605229	-3.39748e-06	0.000605229	-0.318	0.00423172	-0.000179053	0.00423554	-2.418	0.00365044	-0.000202895	0.00365593	-3.18	-1.907296e-11
0.684	342			2.44343e-05	-1.84291e-05	3.06035e-05	-37.02	0.000603203	-3.21867e-06	0.000603203	-0.3	0.00423101	-0.00017953	0.00423482	-2.424	0.00365807	-0.000203372	0.00366379	-3.18	-1.928242e-11
0.686	343			2.00198e-05	-1.82838e-05	2.71091e-05	-42.396	0.000603024	-3.21867e-06	0.000603024	-0.3	0.0042322	-0.000178338	0.00423577	-2.412	0.00365521	-0.000203372	0.00366093	-3.18	-2.305171e-11
0.688	344			3.20787e-05	-1.80007e-05	3.67837e-05	-29.292	0.000597063	-2.74183e-06	0.000597063	-0.264	0.00423291	-0.000179053	0.00423673	-2.418	0.00367238	-0.00020361	0.0036781	-3.174	-2.112521e-11
0.69	345			5.07387e-05	-1.92897e-05	5.42814e-05	-20.814	0.000587407	-1.90736e-06	0.000587407	-0.18	0.00423363	-0.000179769	0.00423744	-2.43	0.00370146	-0.000205279	0.00370719	-3.174	-1.861227e-11
0.692	346			5.15732e-05	-1.9774e-05	5.52314e-05	-20.976	0.000577394	-1.60933e-06	0.000577394	-0.156	0.00423458	-0.00017953	0.0042384	-2.424	0.00371505	-0.000205756	0.00372054	-3.168	-2.347054e-11
0.694	347			5.22027e-05	-1.96659e-05	5.57827e-05	-20.64	0.000571255	-2.62262e-06	0.000571255	-0.258	0.00423339	-0.000179053	0.0042372	-2.418	0.00372125	-0.000206471	0.00372674	-3.174	-1.689517e-11
0.696	348			5.37003e-05	-1.98522e-05	5.72505e-05	-20.286	0.000558738	4.76841e-07	0.000558738	0.054	0.00423458	-0.000177861	0.00423816	-2.4	0.00373341	-0.00020671	0.0037389	-3.168	-2.217222e-11
0.698	349			6.44815e-05	-2.1726e-05	6.80466e-05	-18.618	0.000547115	-1.66894e-06	0.000547115	-0.174	0.0042322	-0.000180007	0.00423625	-2.43	0.00375392	-0.000209332	0.00375964	-3.192	-1.379591e-11
0.7	350			6.88289e-05	-2.04892e-05	7.18129e-05	-16.572	0.000528757	1.2517e-06	0.000528757	0.138	0.0042291	-0.000179292	0.00423291	-2.424	0.00377442	-0.000210048	0.00378038	-3.18	-2.221411e-11
0.702	351			6.76257e-05	-2.056e-05	7.06804e-05	-16.908	0.000516359	1.90736e-06	0.000516359	0.216	0.00422719	-0.000179292	0.00423124	-2.424	0.00378419	-0.000211001	0.00378992	-3.192	-2.112517e-11
0.704	352			5.79434e-05	-2.05898e-05	6.14938e-05	-19.56	0.000496272	2.3842e-06	0.000496272	0.282	0.00422505	-0.00017953	0.00422886	-2.43	0.00379254	-0.000211717	0.0037985	-3.192	-1.928245e-11
0.706	353			5.07275e-05	-2.02061e-05	5.46018e-05	-21.714	0.000484349	4.17235e-06	0.000484409	0.498	0.00422361	-0.00017953	0.00422743	-2.43	0.00379778	-0.000212432	0.00380374	-3.198	-2.137651e-11
0.708	354			4.41151e-05	-1.95393e-05	4.82502e-05	-23.886	0.000471534	3.33787e-06	0.000471534	0.408	0.00421885	-0.000180722	0.00422266	-2.448	0.00379755	-0.000212193	0.00380327	-3.192	-1.676952e-11
0.71	355			4.33142e-05	-1.92077e-05	4.73785e-05	-23.916	0.000459494	5.18563e-06	0.000459494	0.648	0.00421718	-0.000180007	0.00422099	-2.442	0.00380661	-0.000213147	0.00381257	-3.204	-2.11252e-11
0.712	356			6.1248e-05	-2.03439e-05	6.45374e-05	-18.372	0.000428321	5.36445e-06	0.000428321	0.72	0.00421694	-0.000180722	0.00422075	-2.454	0.00385071	-0.000216723	0.00385667	-3.216	-1.760708e-11
0.714	357			8.88375e-05	-2.2594e-05	9.1665e-05	-14.268	0.000397028	8.2255e-06	0.000397148	1.194	0.00422195	-0.000181199	0.00422576	-2.454	0.00391296	-0.000221015	0.00391915	-3.234	-1.781651e-11
0.716	358			0.000105113	-2.32906e-05	0.000107661	-12.492	0.000382425	1.01925e-05	0.000382604	1.53	0.00422505	-0.000180722	0.00422886	-2.448	0.0039511	-0.000222922	0.0039573	-3.228	-1.51361e-11
0.718	359			0.000119865	-2.39463e-05	0.000122235	-11.298	0.000370981	1.12653e-05	0.00037116	1.74	0.00423768	-0.000181199	0.0042415	-2.448	0.00398973	-0.000225783	0.00399616	-3.234	-2.020382e-11
0.72	360			0.000125208	-2.39761e-05	0.00012748	-10.842	0.00035006	1.33515e-05	0.000350298	2.184	0.00425366	-0.000181676	0.00425747	-2.448	0.00402954	-0.00022936	0.00403622	-3.258	-2.19628e-11
0.722	361			0.000128382	-2.41847e-05	0.000130647	-10.668	0.00030333	1.508e-05	0.000303688	2.856	0.00426081	-0.000182868	0.00426486	-2.454	0.00408605	-0.000231982	0.00409248	-3.246	-1.907302e-11
0.724	362			0.000118182	-2.31267e-05	0.000120417	-11.07	0.000254633	1.79411e-05	0.000255229	4.038	0.00425723	-0.000183106	0.00426129	-2.46	0.00412348	-0.000233174	0.00412992	-3.234	-1.773276e-11
0.726	363			0.00010445	-2.2404e-05	0.000106827	-12.102	0.000213743	1.86564e-05	0.000214518	4.992	0.00425103	-0.000183345	0.00425485	-2.466	0.00414565	-0.00023389	0.00415233	-3.228	-2.032944e-11
0.728	364			9.8676e-05	-2.32459e-05	0.000101373	-13.254	0.000184477	2.19942e-05	0.000185789	6.798	0.00424793	-0.000181676	0.00425175	-2.448	0.00416735	-0.000235797	0.00417402	-3.234	-1.840288e-11
0.73	365			9.5949e-05	-2.32459e-05	9.87281e-05	-13.62	0.000157119	2.2173e-05	0.000158668	8.04	0.00424722	-0.000181676	0.00425103	-2.448	0.00419047	-0.000236274	0.00419715	-3.228	-1.940805e-11
0.732	366			9.53828e-05	-2.31193e-05	9.8147e-05	-13.62	0.000133038	2.3544e-05	0.000135125	10.056	0.00424841	-0.00018263	0.00425223	-2.46	0.00421599	-0.000237943	0.00422266	-3.228	-2.435015e-11
0.734	367			8.22772e-05	-2.24413e-05	8.52873e-05	-15.252	0.000119448	2.30075e-05	0.000121654	10.908	0.00425223	-0.000182868	0.00425628	-2.46	0.00422314	-0.000237704	0.00422981	-3.216	-2.37219e-11
0.736	368			6.56699e-05	-2.1197e-05	6.90003e-05	-17.886	0.000116587	2.53917e-05	0.000119269	12.306	0.0042682	-0.000182391	0.00427201	-2.448	0.00422266	-0.000238658	0.00422934	-3.234	-1.735585e-11
0.738	369			4.84812e-05	-2.09064e-05	5.2795e-05	-23.316	0.000149251	2.27691e-05	0.000150979	8.682	0.00432137	-0.000184775	0.00432542	-2.448	0.00422576	-0.000237704	0.00423244	-3.216	-1.777464e-11
0.74	370			3.27455e-05	-1.97069e-05	3.82217e-05	-31.032	0.000204326	1.98485e-05	0.000205279	5.562	0.00439337	-0.000188113	0.00439718	-2.448	0.00422624	-0.000237704	0.00423291	-3.216	-1.756523e-11
0.742	371			2.3842e-05	-2.0899e-05	3.17025e-05	-41.226	0.000287296	1.63914e-05	0.000287773	3.276	0.00448802	-0.000191213	0.00449184	-2.436	0.00422886	-0.000236989	0.00423554	-3.204	-1.656009e-11
0.744	372			1.84403e-05	-1.98038e-05	2.70532e-05	-47.028	0.000346007	1.43648e-05	0.000346305	2.376	0.00455001	-0.000193597	0.00455382	-2.43	0.00423148	-0.000237227	0.00423816	-3.21	-2.007819e-11
0.746	373			1.56761e-05	-2.05935e-05	2.58834e-05	-52.716	0.000356855	1.34707e-05	0.000357153	2.166	0.00456765	-0.00019455	0.00457194	-2.436	0.00423339	-0.000238658	0.00424007	-3.222	-1.970124e-11
0.748	374			1.32174e-05	-2.01316e-05	2.40729e-05	-56.7	0.000355603	1.53185e-05	0.000355901	2.466	0.00456956	-0.000194074	0.00457337	-2.43	0.00423554	-0.000238181	0.00424221	-3.216	-2.20885e-11
0.75	375			1.08928e-05	-1.96995e-05	2.25009e-05	-61.038	0.000346305	1.4782e-05	0.000346662	2.454	0.00456336	-0.000195027	0.00456718	-2.442	0.00423482	-0.000239373	0.0042415	-3.234	-1.501047e-11
0.752	376			1.00658e-05	-1.99528e-05	2.23519e-05	-63.216	0.000331106	1.46628e-05	0.000331404	2.538	0.00454906	-0.000195027	0.00455287	-2.448	0.00423649	-0.00023985	0.0042434	-3.24	-1.924054e-11
0.754	377			9.77522e-06	-2.02582e-05	2.2486e-05	-64.224	0.000316026	1.53781e-05	0.000316443	2.79	0.00453475	-0.000195504	0.00453904	-2.466	0.00423625	-0.000240327	0.00424317	-3.246	-1.806784e-11
0.756	378			7.40591e-06	-2.02284e-05	2.15323e-05	-69.87	0.000298562	1.55569e-05	0.000298979	2.988	0.00451759	-0.000195027	0.00452188	-2.472	0.00423387	-0.000240327	0.00424078	-3.246	-1.961744e-11
0.758	379			5.49856e-06	-1.98187e-05	2.05563e-05	-74.484	0.000287713	1.62126e-05	0.000288131	3.234	0.00450757	-0.000193597	0.00451139	-2.454	0.00423363	-0.00023985	0.00424054	-3.24	-1.991065e-11
0.76	380			4.92859e-06	-1.84291e-05	1.90699e-05	-75.024	0.000268342	1.72855e-05	0.000268938	3.696	0.00448897	-0.000194074	0.00449327	-2.472	0.00423387	-0.000240088	0.00424054	-3.246	-2.183722e-11
0.762	381			2.92809e-06	-1.79895e-05	1.82205e-05	-80.748	0.000254514	1.82987e-05	0.000255169	4.11	0.00447705	-0.00019312	0.00448087	-2.466	0.00423339	-0.000238896	0.00424007	-3.228	-1.848664e-11
0.764	382			1.80305e-06	-1.74606e-05	1.755e-05	-84.09	0.000239492	1.79411e-05	0.000240148	4.29	0.00446418	-0.000194074	0.00446847	-2.484	0.00423458	-0.00023842	0.00424102	-3.222	-1.639258e-11
0.766	383			1.86638e-06	-1.7807e-05	1.79001e-05	-84.018	0.000235082	1.86564e-05	0.000235797	4.542	0.00446084	-0.000192643	0.00446466	-2.466	0.00423506	-0.000237704	0.00424173	-3.21	-1.760714e-11
0.768	384			1.56463e-06	-1.69576e-05	1.70284e-05	-84.72	0.000230194	1.85968e-05	0.000230969	4.626	0.00445798	-0.000193597	0.00446227	-2.484	0.00423554	-0.000238181	0.00424221	-3.216	-1.995254e-11
0.77	385			1.22935e-06	-1.7278e-05	1.7319e-05	-85.926	0.000221849	1.9312e-05	0.000222684	4.992	0.00445035	-0.00019312	0.00445464	-2.478	0.00423554	-0.000238896	0.00424221	-3.228	-2.175338e-11
0.772	386			3.79981e-07	-1.73264e-05	1.73264e-05	-88.734	0.000226677	1.80007e-05	0.000227333	4.548	0.00445417	-0.000194074	0.00445846	-2.496	0.00423577	-0.000239373	0.00424245	-3.234	-2.129277e-11
0.774	387			1.11387e-06	-1.76766e-05	1.77101e-05	-86.388	0.000237645	1.8716e-05	0.00023836	4.512	0.00446609	-0.000193597	0.00447038	-2.478	0.0042372	-0.000238658	0.00424388	-3.222	-1.999437e-11
0.776	388			6.22127e-07	-1.74866e-05	1.74941e-05	-87.96	0.000273051	1.62722e-05	0.000273528	3.414	0.00449994	-0.000195504	0.00450471	-2.484	0.00423554	-0.000239135	0.00424221	-3.228	-2.330296e-11
0.778	389			7.74864e-07	-1.77362e-05	1.77511e-05	-87.492	0.000315847	1.43648e-05	0.000316145	2.61	0.00454238	-0.000197888	0.00454667	-2.49	0.00423482	-0.00023985	0.00424173	-3.24	-2.154402e-11
0.78	390			3.16279e-06	-1.78592e-05	1.81311e-05	-79.956	0.000355544	1.49012e-05	0.000355842	2.406	0.00458005	-0.000198842	0.00458434	-2.484	0.0042353	-0.000241519	0.00424221	-3.264	-2.359622e-11
0.782	391			6.60497e-06	-1.80268e-05	1.91965e-05	-69.87	0.000374796	1.46628e-05	0.000375094	2.244	0.00460055	-0.000200273	0.00460485	-2.49	0.00423935	-0.000242949	0.00424626	-3.282	-1.810975e-11
0.784	392			1.07997e-05	-1.95579e-05	2.23407e-05	-61.086	0.000375571	1.35899e-05	0.000375809	2.076	0.00460199	-0.000200749	0.00460628	-2.49	0.00424412	-0.000243665	0.00425103	-3.282	-2.342873e-11
0.786	393			1.54191e-05	-1.83881e-05	2.39984e-05	-50.01	0.000375273	1.49608e-05	0.000375571	2.286	0.00460199	-0.000199796	0.00460628	-2.484	0.00424889	-0.000243188	0.0042558	-3.276	-1.857041e-11
0.788	394			1.9096e-05	-1.87309e-05	2.67477e-05	-44.436	0.000373783	1.34111e-05	0.000374021	2.064	0.00460055	-0.000200749	0.00460485	-2.496	0.00425437	-0.000242949	0.00426129	-3.264	-1.622504e-11
0.79	395			2.5347e-05	-1.83509e-05	3.12889e-05	-35.898	0.000373663	1.51396e-05	0.000373961	2.328	0.00460294	-0.000200273	0.00460723	-2.49	0.00426152	-0.000241996	0.0042682	-3.252	-2.116702e-11
0.792	396			2.99179e-05	-2.04371e-05	3.62287e-05	-34.332	0.000374259	1.49608e-05	0.000374557	2.292	0.00460437	-0.000198842	0.00460866	-2.472	0.00426796	-0.000243426	0.00427487	-3.264	-1.98269e-11
0.794	397			3.16205e-05	-1.86452e-05	3.67055e-05	-30.522	0.000379922	1.38879e-05	0.00038016	2.094	0.004612	-0.000199796	0.00461629	-2.472	0.00427058	-0.000241996	0.0042775	-3.246	-1.903113e-11
0.796	398			4.37128e-05	-2.01055e-05	4.81124e-05	-24.696	0.000397803	1.30535e-05	0.000397982	1.884	0.00463346	-0.000201226	0.00463775	-2.484	0.00428584	-0.000243665	0.00429276	-3.252	-2.183717e-11
0.798	399			5.4952e-05	-2.19197e-05	5.91616e-05	-21.744	0.000445308	9.95403e-06	0.000445427	1.284	0.00469211	-0.000204087	0.0046964	-2.484	0.00430539	-0.000245096	0.00431231	-3.258	-2.066455e-11
0.8	400			7.51656e-05	-2.35812e-05	7.87755e-05	-17.418	0.000556711	3.27827e-06	0.000556711	0.342	0.00481895	-0.000210286	0.00482371	-2.496	0.00434044	-0.000247004	0.00434735	-3.258	-2.037136e-11
0.802	401			9.76925e-05	-2.56078e-05	0.000100993	-14.688	0.000668112	-1.49012e-06	0.000668112	-0.12	0.00494722	-0.000215054	0.00495198	-2.484	0.00437978	-0.000249388	0.00438669	-3.258	-1.840292e-11
0.804	402			0.000108824	-2.65912e-05	0.000112027	-13.728	0.000730459	-4.94721e-06	0.000730459	-0.384	0.00503066	-0.000219346	0.00503543	-2.496	0.00441244	-0.000251533	0.0044196	-3.258	-2.305171e-11
0.806	403			0.000112743	-2.61815e-05	0.000115745	-13.074	0.000743631	-5.42405e-06	0.000743631	-0.414	0.00506595	-0.00022173	0.00507072	-2.502	0.00444105	-0.000252487	0.00444821	-3.252	-2.363811e-11
0.808	404			0.000116028	-2.66285e-05	0.000119046	-12.924	0.000738267	-5.30484e-06	0.000738326	-0.408	0.00507644	-0.000220777	0.00508121	-2.484	0.00446036	-0.000253679	0.00446752	-3.258	-2.049698e-11
0.81	405			0.0001162	-2.68669e-05	0.000119262	-13.02	0.000712696	-4.29156e-06	0.000712696	-0.342	0.0050793	-0.00022173	0.00508407	-2.496	0.00448778	-0.000254871	0.00449494	-3.246	-2.200476e-11
0.812	406			0.00011506	-2.73512e-05	0.000118264	-13.368	0.000690166	-1.78815e-06	0.000690166	-0.144	0.00508073	-0.000220777	0.0050855	-2.484	0.00451329	-0.000254156	0.00452045	-3.222	-2.120896e-11
0.814	407			0.000113674	-2.71426e-05	0.000116863	-13.428	0.000672642	-1.01329e-06	0.000672642	-0.084	0.00508168	-0.000220777	0.00508645	-2.484	0.00452808	-0.000257494	0.0045357	-3.252	-1.978499e-11
0.816	408			0.000128315	-2.79621e-05	0.000131325	-12.294	0.000657205	-1.1921e-06	0.000657205	-0.096	0.00508025	-0.000220777	0.00508502	-2.484	0.00456002	-0.000258924	0.00456765	-3.246	-1.99525e-11
0.818	409			0.00012646	-2.753e-05	0.000129418	-12.282	0.000645045	-5.9605e-07	0.000645045	-0.048	0.00508168	-0.000221253	0.00508597	-2.49	0.00457099	-0.000259401	0.00457862	-3.246	-2.04551e-11
0.82	410			0.000125305	-2.81708e-05	0.000128434	-12.666	0.000633661	-8.34469e-07	0.000633661	-0.078	0.00508025	-0.000222207	0.0050855	-2.502	0.00458053	-0.000259878	0.00458768	-3.246	-1.924055e-11
0.822	411			0.000119463	-2.75896e-05	0.000122615	-13.002	0.000621323	-4.76841e-07	0.000621323	-0.042	0.00508025	-0.00022173	0.00508502	-2.496	0.00458673	-0.000259878	0.00459388	-3.24	-2.116706e-11
0.824	412			0.000119001	-2.78578e-05	0.000122213	-13.176	0.000614528	1.60933e-06	0.000614528	0.156	0.00508025	-0.000221253	0.00508502	-2.49	0.00459149	-0.000260355	0.00459865	-3.246	-2.263292e-11
0.826	413			0.000118368	-2.72096e-05	0.000121452	-12.942	0.000607315	1.37091e-06	0.000607315	0.132	0.00508216	-0.00022173	0.00508693	-2.496	0.00460103	-0.000261785	0.00460818	-3.252	-1.538739e-11
0.828	414			0.000116565	-2.7232e-05	0.000119701	-13.146	0.000604752	3.15906e-06	0.000604752	0.306	0.00508025	-0.000221253	0.00508502	-2.49	0.00460055	-0.000262739	0.00460771	-3.264	-1.815161e-11
0.83	415			0.000107542	-2.74555e-05	0.000110984	-14.322	0.000602309	4.29156e-06	0.000602309	0.414	0.00508168	-0.00022173	0.00508597	-2.496	0.00459626	-0.000263693	0.00460389	-3.282	-2.05389e-11
0.832	416			9.41982e-05	-2.66881e-05	9.79085e-05	-15.816	0.000602785	3.93394e-06	0.000602785	0.378	0.00508121	-0.00022173	0.00508597	-2.496	0.00458339	-0.000263216	0.00459102	-3.282	-1.580624e-11
0.834	417			8.47806e-05	-2.74257e-05	8.91094e-05	-17.922	0.000611845	2.62262e-06	0.000611845	0.252	0.00508168	-0.000221253	0.00508645	-2.49	0.00456527	-0.000261785	0.00457242	-3.282	-1.936619e-11
0.836	418			7.97291e-05	-2.63305e-05	8.39611e-05	-18.27	0.000621442	3.45708e-06	0.000621442	0.324	0.00507978	-0.0002203	0.00508454	-2.478	0.00454858	-0.000261309	0.00455573	-3.282	-2.062264e-11
0.838	419			7.97366e-05	-2.71426e-05	8.42293e-05	-18.792	0.000626985	1.78815e-06	0.000626985	0.168	0.0050793	-0.00022173	0.00508454	-2.496	0.00454047	-0.000260355	0.00454763	-3.282	-2.807759e-11
0.84	420			8.2091e-05	-2.64273e-05	8.62409e-05	-17.844	0.000624422	2.68222e-06	0.000624422	0.246	0.00508073	-0.00022173	0.0050855	-2.496	0.00454476	-0.000261785	0.00455239	-3.294	-1.593189e-11
0.842	421			8.66582e-05	-2.64273e-05	9.05995e-05	-16.956	0.000605348	3.27827e-06	0.000605348	0.318	0.00508121	-0.000223161	0.00508597	-2.514	0.00456765	-0.000263216	0.00457528	-3.294	-1.647636e-11
0.844	422			9.17693e-05	-2.81261e-05	9.59788e-05	-17.04	0.000568453	6.31812e-06	0.000568513	0.636	0.00508264	-0.000222684	0.00508741	-2.508	0.00460866	-0.000267031	0.00461629	-3.312	-2.02038e-11
0.846	423			9.07411e-05	-2.66434e-05	9.45632e-05	-16.362	0.000502352	9.59641e-06	0.000502471	1.098	0.00508168	-0.000223638	0.00508693	-2.514	0.00467065	-0.000269892	0.00467828	-3.306	-1.626694e-11
0.848	424			7.50949e-05	-2.68595e-05	7.9744e-05	-19.674	0.000424804	1.30535e-05	0.000424983	1.764	0.00508264	-0.000223638	0.00508741	-2.514	0.00473502	-0.000273706	0.00474313	-3.306	-1.69789e-11
0.85	425			6.48876e-05	-2.62783e-05	7.00061e-05	-22.044	0.000374021	1.52589e-05	0.000374319	2.34	0.0050793	-0.000222684	0.00508407	-2.508	0.00477555	-0.00027466	0.00478366	-3.288	-1.957557e-11
0.852	426			5.64831e-05	-2.4669e-05	6.16317e-05	-23.592	0.000340464	1.81199e-05	0.00034094	3.048	0.00507692	-0.000223161	0.00508168	-2.514	0.00479892	-0.000275137	0.00480703	-3.282	-1.697895e-11
0.854	427			5.16775e-05	-2.37526e-05	5.6878e-05	-24.684	0.000298323	2.03849e-05	0.000299038	3.918	0.0050731	-0.000222684	0.00507835	-2.514	0.00483134	-0.000277044	0.00483897	-3.276	-2.786823e-11
0.856	428			5.86959e-05	-2.41698e-05	6.3472e-05	-22.38	0.000251593	2.17558e-05	0.000252547	4.944	0.00507501	-0.000222684	0.00507978	-2.514	0.0048838	-0.000279428	0.0048919	-3.27	-1.492673e-11
0.858	429			6.78157e-05	-2.51607e-05	7.23233e-05	-20.352	0.00022173	2.51533e-05	0.000223161	6.48	0.00507787	-0.000221253	0.00508264	-2.49	0.00492862	-0.000282289	0.00493672	-3.276	-2.175347e-11
0.86	430			8.21878e-05	-2.62038e-05	8.62558e-05	-17.682	0.000182272	2.62858e-05	0.000184179	8.22	0.00507596	-0.000222684	0.00508121	-2.508	0.00497869	-0.000284674	0.00498632	-3.27	-1.877985e-11
0.862	431			9.04207e-05	-2.67104e-05	9.42801e-05	-16.452	0.000149072	2.7299e-05	0.000151576	10.386	0.00507692	-0.000222684	0.00508216	-2.508	0.00502542	-0.000287058	0.005034	-3.264	-1.898919e-11
0.864	432			9.60161e-05	-2.69042e-05	9.97116e-05	-15.648	0.000121594	2.82527e-05	0.000124813	13.08	0.00507596	-0.000222684	0.00508073	-2.508	0.00505546	-0.000288012	0.00506356	-3.258	-1.886362e-11
0.866	433			9.41162e-05	-2.65167e-05	9.77819e-05	-15.732	0.000101746	3.06966e-05	0.000106276	16.8	0.00507787	-0.000222684	0.00508264	-2.508	0.00507692	-0.000290396	0.00508502	-3.27	-2.049702e-11
0.868	434			9.56808e-05	-2.70681e-05	9.94359e-05	-15.792	8.902e-05	3.10543e-05	9.42652e-05	19.236	0.00508025	-0.000224114	0.00508502	-2.52	0.0050936	-0.000291826	0.00510171	-3.276	-2.250727e-11
0.87	435			9.10764e-05	-2.70532e-05	9.50028e-05	-16.542	8.37748e-05	3.10543e-05	8.93478e-05	20.352	0.00507882	-0.000224114	0.00508359	-2.526	0.00509599	-0.00029278	0.00510457	-3.288	-1.861226e-11
0.872	436			9.30508e-05	-2.70979e-05	9.69176e-05	-16.23	8.24039e-05	3.15311e-05	8.82451e-05	20.934	0.0050793	-0.000223638	0.00508454	-2.514	0.00509933	-0.000293734	0.00510791	-3.294	-2.166969e-11
0.874	437			9.05027e-05	-2.7001e-05	9.44366e-05	-16.608	8.1182e-05	3.22463e-05	8.73511e-05	21.672	0.00507787	-0.000223638	0.00508264	-2.52	0.00509742	-0.00029421	0.005106	-3.3	-2.359621e-11
0.876	438			7.92299e-05	-2.56897e-05	8.32905e-05	-17.958	7.52513e-05	3.26934e-05	8.20463e-05	23.496	0.00507644	-0.000224114	0.00508168	-2.526	0.00509074	-0.000293734	0.00509933	-3.3	-1.718831e-11
0.878	439			7.04681e-05	-2.56748e-05	7.4998e-05	-20.016	7.21817e-05	3.23954e-05	7.91256e-05	24.168	0.00507739	-0.000224114	0.00508264	-2.526	0.00508597	-0.000293257	0.00509408	-3.3	-2.275863e-11
0.88	440			6.06405e-05	-2.46019e-05	6.54389e-05	-22.08	6.30324e-05	3.32894e-05	7.12876e-05	27.852	0.00507692	-0.000224114	0.00508216	-2.526	0.00508311	-0.00029278	0.0050917	-3.294	-2.225605e-11
0.882	441			5.17892e-05	-2.41102e-05	5.71238e-05	-24.96	5.5671e-05	3.35278e-05	6.49993e-05	31.062	0.00507692	-0.000224114	0.00508168	-2.52	0.00508264	-0.000292303	0.00509074	-3.288	-1.605751e-11
0.884	442			4.81757e-05	-2.44082e-05	5.4002e-05	-26.868	5.48067e-05	3.40941e-05	6.45523e-05	31.896	0.00507882	-0.000224114	0.00508359	-2.52	0.00508168	-0.00029278	0.00509027	-3.294	-2.024573e-11
0.886	443			4.27219e-05	-2.26201e-05	4.83396e-05	-27.9	5.77273e-05	3.44219e-05	6.72047e-05	30.816	0.00508836	-0.000224114	0.00509313	-2.514	0.00508264	-0.000291349	0.00509074	-3.282	-2.007814e-11
0.888	444			3.69849e-05	-2.38792e-05	4.40183e-05	-32.838	6.52676e-05	3.35278e-05	7.33738e-05	27.18	0.00510362	-0.000224591	0.00510839	-2.514	0.00508359	-0.000292303	0.0050917	-3.288	-1.965933e-11
0.89	445			2.5943e-05	-2.19868e-05	3.40047e-05	-40.278	0.00013277	3.06072e-05	0.000136257	12.99	0.00518134	-0.000227929	0.00518659	-2.514	0.00508168	-0.000290873	0.00508979	-3.276	-2.116708e-11
0.892	446			1.93791e-05	-2.39016e-05	3.07711e-05	-50.964	0.000239433	2.51533e-05	0.000240744	6.006	0.00529912	-0.000233174	0.00530389	-2.514	0.00508502	-0.000292303	0.0050936	-3.288	-1.907301e-11
0.894	447			1.19657e-05	-2.31416e-05	2.60473e-05	-62.64	0.000376375	1.80305e-05	0.000376793	2.742	0.00543979	-0.000239373	0.00544503	-2.52	0.00508407	-0.000292303	0.00509265	-3.288	-2.250734e-11
0.896	448			8.50117e-06	-2.1875e-05	2.3462e-05	-68.748	0.000476839	1.32919e-05	0.000477018	1.596	0.00554183	-0.000244142	0.00554708	-2.52	0.00508264	-0.000292303	0.00509074	-3.288	-2.208848e-11
0.898	449			6.46713e-06	-2.25158e-05	2.34247e-05	-73.956	0.000518981	1.13845e-05	0.000519101	1.26	0.00558332	-0.00024605	0.00558856	-2.52	0.00508121	-0.000292303	0.00508931	-3.288	-1.919865e-11
0.9	450			4.8131e-06	-2.31044e-05	2.35961e-05	-78.216	0.000545267	1.10269e-05	0.000545327	1.158	0.00561002	-0.000247004	0.00561526	-2.52	0.00508025	-0.00029278	0.00508884	-3.3	-1.873796e-11
0.902	451			4.70135e-06	-2.30001e-05	2.34694e-05	-78.432	0.000556711	1.01925e-05	0.00055683	1.05	0.00562099	-0.000247957	0.00562623	-2.52	0.0050793	-0.000293734	0.00508741	-3.306	-1.944989e-11
0.904	452			3.94884e-06	-2.34545e-05	2.37824e-05	-80.43	0.00056297	1.17422e-05	0.000563089	1.2	0.00562862	-0.00024605	0.00563386	-2.496	0.00507882	-0.000293257	0.00508693	-3.3	-2.120901e-11
0.906	453			4.57469e-06	-2.27467e-05	2.31938e-05	-78.612	0.000566784	1.07885e-05	0.000566904	1.092	0.00563052	-0.000247004	0.00563625	-2.514	0.0050793	-0.000293734	0.00508741	-3.306	-1.618315e-11
0.908	454			2.53321e-06	-2.31193e-05	2.32459e-05	-83.73	0.000566367	1.10269e-05	0.000566486	1.116	0.00563291	-0.000247957	0.00563863	-2.514	0.00508025	-0.000293734	0.00508836	-3.306	-2.388943e-11
0.91	455			2.10853e-06	-2.37451e-05	2.38271e-05	-84.912	0.000565175	1.07289e-05	0.000565294	1.086	0.00563386	-0.000247004	0.00563911	-2.508	0.00508073	-0.000293734	0.00508931	-3.306	-2.321926e-11
0.912	456			2.56301e-06	-2.24785e-05	2.26126e-05	-83.484	0.000564817	9.35799e-06	0.000564877	0.954	0.00563291	-0.000248434	0.00563815	-2.52	0.00508025	-0.00029278	0.00508836	-3.3	-1.563866e-11
0.914	457			-3.87432e-07	-2.26201e-05	2.26126e-05	-90.96	0.000564877	9.11957e-06	0.000564937	0.93	0.00563386	-0.000248911	0.00563958	-2.526	0.00508025	-0.000293257	0.00508836	-3.3	-2.062261e-11
0.916	458			5.51347e-07	-2.21507e-05	2.21507e-05	-88.572	0.000562672	1.08481e-05	0.000562791	1.104	0.00563338	-0.000248434	0.00563863	-2.52	0.00508168	-0.000293734	0.00508979	-3.306	-1.727207e-11
0.918	459			-7.45064e-09	-2.23221e-05	2.23146e-05	-90.018	0.000560287	1.04905e-05	0.000560347	1.08	0.00563291	-0.000247957	0.00563815	-2.514	0.00508264	-0.00029278	0.00509074	-3.294	-1.978499e-11
0.92	460			1.11759e-07	-2.18974e-05	2.18899e-05	-89.706	0.000560347	1.11461e-05	0.000560466	1.146	0.00563148	-0.000248434	0.00563672	-2.526	0.00508264	-0.000293734	0.00509122	-3.306	-2.079017e-11
0.922	461			6.03501e-07	-2.26871e-05	2.26871e-05	-88.47	0.000561837	8.82155e-06	0.000561897	0.906	0.00563195	-0.000248434	0.0056372	-2.526	0.00508168	-0.000291826	0.00509027	-3.288	-2.388939e-11
0.924	462			6.10951e-07	-2.28063e-05	2.28063e-05	-88.458	0.000560943	8.46392e-06	0.000561003	0.864	0.00563005	-0.000247004	0.00563529	-2.508	0.00508025	-0.000291349	0.00508836	-3.282	-2.041325e-11
0.926	463			2.30224e-06	-2.2933e-05	2.30448e-05	-84.258	0.000560526	8.16589e-06	0.000560585	0.834	0.00562957	-0.000248911	0.00563529	-2.526	0.00508168	-0.000291826	0.00508979	-3.288	-2.275858e-11
0.928	464			1.57953e-06	-2.33353e-05	2.338e-05	-86.124	0.000557248	1.03117e-05	0.000557367	1.062	0.00562623	-0.000248434	0.00563148	-2.526	0.00508073	-0.000293734	0.00508931	-3.306	-1.54293e-11
0.93	465			1.84775e-06	-2.33726e-05	2.34322e-05	-85.464	0.000554565	8.82155e-06	0.000554625	0.918	0.00562289	-0.000249865	0.00562862	-2.544	0.00508168	-0.000294687	0.00509027	-3.312	-1.957563e-11
0.932	466			4.74605e-06	-2.35663e-05	2.40357e-05	-78.594	0.00055081	1.11461e-05	0.000550929	1.164	0.00562099	-0.000249388	0.00562623	-2.538	0.00508502	-0.000297071	0.0050936	-3.342	-2.037134e-11
0.934	467			8.70234e-06	-2.43114e-05	2.58164e-05	-70.29	0.000543419	1.18614e-05	0.000543538	1.248	0.00561431	-0.000250818	0.00562003	-2.556	0.00508979	-0.000298502	0.00509837	-3.354	-2.45176e-11
0.936	468			1.36793e-05	-2.45125e-05	2.80665e-05	-60.834	0.000536267	1.05501e-05	0.000536386	1.134	0.00560859	-0.000250818	0.00561431	-2.556	0.00509599	-0.000298025	0.00510457	-3.348	-2.221414e-11
0.938	469			1.61306e-05	-2.55407e-05	3.02048e-05	-57.72	0.00052816	1.03117e-05	0.00052828	1.122	0.0056043	-0.000251772	0.00560954	-2.568	0.00510266	-0.000298502	0.00511125	-3.348	-2.175343e-11
0.94	470			2.23966e-05	-2.51086e-05	3.36396e-05	-48.258	0.000522498	9.4772e-06	0.000522558	1.044	0.00560382	-0.000251772	0.00560954	-2.568	0.00511268	-0.000298025	0.00512126	-3.336	-1.970125e-11
0.942	471			2.69116e-05	-2.49223e-05	3.66794e-05	-42.792	0.000518505	9.41759e-06	0.000518624	1.044	0.0056043	-0.000251772	0.00560954	-2.568	0.00512078	-0.000298025	0.00512937	-3.33	-1.614128e-11
0.944	472			3.9004e-05	-2.53172e-05	4.64919e-05	-32.982	0.000509683	8.88115e-06	0.000509802	1.002	0.00559953	-0.000251772	0.00560525	-2.568	0.005137	-0.000297071	0.00514558	-3.312	-1.7649e-11
0.946	473			4.57915e-05	-2.45796e-05	5.19606e-05	-28.218	0.000503901	1.06097e-05	0.000504021	1.212	0.00559619	-0.000251772	0.00560191	-2.568	0.00514796	-0.000298502	0.00515702	-3.318	-1.894735e-11
0.948	474			5.6796e-05	-2.52799e-05	6.21681e-05	-23.994	0.000500742	1.04309e-05	0.000500862	1.2	0.00559619	-0.000250341	0.00560191	-2.562	0.00516132	-0.000297071	0.0051699	-3.294	-1.961746e-11
0.95	475			5.69301e-05	-2.48553e-05	6.2116e-05	-23.586	0.00049663	1.10269e-05	0.000496749	1.278	0.00559428	-0.000250341	0.00560001	-2.556	0.00516513	-0.000298025	0.00517371	-3.3	-2.066452e-11
0.952	476			6.09758e-05	-2.43859e-05	6.56699e-05	-21.792	0.000483813	1.1921e-05	0.000483932	1.416	0.00559381	-0.000250341	0.00559953	-2.556	0.00517944	-0.000298979	0.00518802	-3.3	-1.781651e-11
0.954	477			5.48887e-05	-2.38792e-05	5.98507e-05	-23.508	0.000477316	1.16826e-05	0.000477495	1.41	0.00559285	-0.000250341	0.00559857	-2.562	0.00518087	-0.000298502	0.00518945	-3.294	-2.196282e-11
0.956	478			5.09026e-05	-2.47658e-05	5.66097e-05	-25.944	0.000465514	1.10269e-05	0.000465693	1.362	0.00558904	-0.000250341	0.00559476	-2.562	0.00518516	-0.000298502	0.00519374	-3.294	-2.012007e-11
0.958	479			5.15359e-05	-2.5794e-05	5.76305e-05	-26.586	0.000462415	1.02521e-05	0.000462534	1.272	0.00559142	-0.000251772	0.00559714	-2.574	0.00518897	-0.000298979	0.00519755	-3.294	-1.932431e-11
0.96	480			6.75698e-05	-2.69414e-05	7.27405e-05	-21.738	0.000447514	1.14442e-05	0.000447633	1.47	0.00559428	-0.000251295	0.00560001	-2.568	0.00522187	-0.000301363	0.00523046	-3.3	-1.760713e-11
0.962	481			5.75187e-05	-2.55258e-05	6.29281e-05	-23.922	0.00045252	1.29343e-05	0.000452759	1.644	0.0055981	-0.000251295	0.00560382	-2.568	0.00521567	-0.000301363	0.00522426	-3.306	-2.347059e-11
0.964	482			7.13472e-05	-2.57866e-05	7.58623e-05	-19.872	0.000454487	1.53781e-05	0.000454785	1.938	0.0056186	-0.000252726	0.00562432	-2.574	0.00524095	-0.000304701	0.00524953	-3.324	-2.233982e-11
0.966	483			0.000105232	-2.73214e-05	0.000108719	-14.55	0.000433149	1.6153e-05	0.000433506	2.142	0.00564483	-0.000256063	0.00565055	-2.598	0.00531533	-0.0003109	0.00532392	-3.348	-1.94918e-11
0.968	484			0.000143581	-3.00856e-05	0.000146703	-11.832	0.000385584	1.89544e-05	0.000386061	2.82	0.00566009	-0.00025654	0.00566581	-2.592	0.00542024	-0.000318052	0.0054293	-3.36	-1.79422e-11
0.97	485			0.000164979	-3.10245e-05	0.00016787	-10.65	0.000350596	2.22923e-05	0.000351312	3.642	0.00567105	-0.000257017	0.00567678	-2.592	0.0054889	-0.000322344	0.00549844	-3.36	-2.112518e-11
0.972	486			0.000177898	-3.24922e-05	0.000180834	-10.35	0.00031835	2.44976e-05	0.000319304	4.398	0.00567487	-0.000257017	0.00568059	-2.592	0.00553992	-0.000325682	0.00554994	-3.36	-2.099957e-11
0.974	487			0.000180901	-3.26338e-05	0.000183822	-10.224	0.000284256	2.55109e-05	0.000285389	5.13	0.00567725	-0.000257494	0.00568298	-2.592	0.00557998	-0.000327589	0.00558951	-3.36	-1.924056e-11
0.976	488			0.000185669	-3.17397e-05	0.000188352	-9.696	0.000267269	2.74183e-05	0.0002687	5.856	0.00567868	-0.000257017	0.00568441	-2.586	0.00560382	-0.000328543	0.00561336	-3.354	-2.116711e-11
0.978	489			0.000183702	-3.25444e-05	0.000186563	-10.038	0.000246765	2.80739e-05	0.000248374	6.498	0.00568107	-0.000257017	0.00568679	-2.586	0.0056248	-0.00033045	0.00563434	-3.36	-2.229794e-11
0.98	490			0.00017652	-3.17695e-05	0.000179351	-10.2	0.000225962	2.95044e-05	0.000227929	7.446	0.00568393	-0.00025654	0.00568965	-2.58	0.00564244	-0.00033045	0.00565198	-3.348	-2.171155e-11
0.982	491			0.000178696	-3.20377e-05	0.000181527	-10.158	0.00021124	3.02197e-05	0.000213445	8.154	0.00568631	-0.000257017	0.00569203	-2.586	0.00566199	-0.000331404	0.00567153	-3.348	-1.639259e-11
0.984	492			0.000173182	-3.28722e-05	0.000176252	-10.74	0.000203968	3.10543e-05	0.000206352	8.658	0.00569585	-0.000257017	0.00570157	-2.586	0.00567487	-0.000332357	0.00568488	-3.348	-2.045511e-11
0.986	493			0.000165821	-3.21569e-05	0.000168891	-10.974	0.000213684	3.00409e-05	0.00021577	8.016	0.00571778	-0.000258448	0.00572351	-2.586	0.00568107	-0.000332357	0.0056906	-3.348	-1.928243e-11
0.988	494			0.000167848	-3.17397e-05	0.000170798	-10.698	0.000255289	2.84315e-05	0.000256838	6.354	0.00576594	-0.000260832	0.00577167	-2.586	0.00568727	-0.000333311	0.00569728	-3.354	-2.179531e-11
0.99	495			0.000155718	-3.19185e-05	0.000158967	-11.574	0.000333132	2.46764e-05	0.000334086	4.248	0.0058594	-0.000265123	0.0058656	-2.586	0.00568965	-0.000333311	0.00569919	-3.348	-2.27167e-11
0.992	496			0.000139655	-3.22165e-05	0.00014332	-12.99	0.000472369	1.85968e-05	0.000472726	2.256	0.00601152	-0.000270369	0.00601724	-2.574	0.00568727	-0.000333788	0.0056968	-3.36	-2.455945e-11
0.994	497			0.000118047	-3.0637e-05	0.000121952	-14.538	0.000575308	1.18614e-05	0.000575427	1.182	0.00612405	-0.000277521	0.00613025	-2.592	0.0056763	-0.000331881	0.00568584	-3.342	-2.363806e-11
0.996	498			0.000101984	-3.05178e-05	0.000106454	-16.65	0.000689868	6.0797e-06	0.000689868	0.51	0.00624469	-0.000282766	0.00625089	-2.586	0.00566772	-0.000332834	0.00567725	-3.36	-1.982684e-11
0.998	499			8.96459e-05	-3.13821e-05	9.49805e-05	-19.278	0.0007363	3.87433e-06	0.0007363	0.306	0.00629953	-0.000284674	0.00630572	-2.586	0.00566438	-0.000333788	0.00567392	-3.366	-2.087391e-11
1.0	500			8.74405e-05	-3.20675e-05	9.31029e-05	-20.13	0.000743512	3.99354e-06	0.000743512	0.312	0.0063186	-0.000286104	0.0063248	-2.586	0.00567058	-0.000335218	0.00568059	-3.384	-2.259106e-11
