variable x	variable x count			lockin1 x	lockin1 y	lockin1 r	lockin1 phi	lockin2 x	lockin2 y	lockin2 r	lockin2 phi	lockin3 x	lockin3 y	lockin3 r	lockin3 phi	smu1 meas	


0.0	0			2.19346e-05	-1.01329e-06	2.1957e-05	-2.628	-5.48366e-06	-3.16652e-08	5.48273e-06	-179.676	2.26201e-05	6.48204e-07	2.26275e-05	1.656	-2.196306e-11
0.0025	1			2.29628e-05	-1.00584e-06	2.29852e-05	-2.496	-1.5814e-05	7.35749e-08	1.5813e-05	179.73	2.27169e-05	1.89245e-06	2.27989e-05	4.764	-1.957574e-11
0.005	2			2.52501e-05	-1.2368e-06	2.52799e-05	-2.796	-2.79677e-05	7.73001e-07	2.7977e-05	178.416	2.36781e-05	1.21445e-06	2.37079e-05	2.946	-2.443412e-11
0.0075	3			2.6323e-05	-1.91481e-06	2.63901e-05	-4.158	-4.01272e-05	8.38194e-07	4.01346e-05	178.806	2.63752e-05	9.46227e-07	2.63975e-05	2.052	-2.129297e-11
0.01	4			2.81112e-05	-1.55718e-06	2.81484e-05	-3.162	-5.08281e-05	1.7807e-06	5.08579e-05	177.99	2.76939e-05	5.43896e-07	2.77014e-05	1.128	-1.81099e-11
0.0125	5			3.0093e-05	-2.25754e-06	3.01824e-05	-4.284	-6.16242e-05	1.44542e-06	6.16354e-05	178.656	2.92883e-05	1.31876e-06	2.93182e-05	2.58	-1.630896e-11
0.015	6			3.19185e-05	-1.59443e-06	3.19632e-05	-2.856	-7.17086e-05	2.6487e-06	7.1757e-05	177.882	3.09201e-05	8.19568e-07	3.0935e-05	1.53	-2.309385e-11
0.0175	7			3.34906e-05	-6.78006e-07	3.3498e-05	-1.152	-8.27429e-05	3.68805e-06	8.28211e-05	177.444	3.22836e-05	1.35601e-06	3.2306e-05	2.412	-2.305199e-11
0.02	8			3.62697e-05	-2.60027e-06	3.63591e-05	-4.098	-9.29092e-05	2.83869e-06	9.29465e-05	178.248	3.49062e-05	1.03564e-06	3.49211e-05	1.704	-2.028776e-11
0.0225	9			3.60834e-05	-2.05637e-06	3.6143e-05	-3.258	-0.000102804	4.7386e-06	0.000102908	177.36	3.65677e-05	1.32621e-06	3.65975e-05	2.088	-2.221436e-11
0.025	10			3.78715e-05	-2.50341e-06	3.79535e-05	-3.774	-0.000115149	4.54488e-06	0.000115231	177.738	3.9004e-05	7.30161e-07	3.90115e-05	1.08	-1.798427e-11
0.0275	11			3.90711e-05	-2.3991e-06	3.91456e-05	-3.504	-0.000122928	5.53581e-06	0.000123047	177.42	4.09114e-05	1.73599e-06	4.09561e-05	2.436	-1.660216e-11
0.03	12			4.00248e-05	-2.76418e-06	4.01216e-05	-3.942	-0.000132882	4.93976e-06	0.000132971	177.87	4.2923e-05	1.19955e-06	4.29379e-05	1.602	-2.058095e-11
0.0325	13			4.20066e-05	-2.60027e-06	4.20886e-05	-3.54	-0.000146375	6.47458e-06	0.000146517	177.468	4.55382e-05	5.21544e-07	4.55382e-05	0.666	-1.597392e-11
0.035	14			4.2245e-05	-3.64335e-06	4.24015e-05	-4.926	-0.000154496	7.16749e-06	0.00015466	177.342	4.78777e-05	1.2368e-06	4.78851e-05	1.482	-1.940824e-11
0.0375	15			4.37947e-05	-2.85359e-06	4.38916e-05	-3.726	-0.000166454	7.09298e-06	0.000166603	177.558	5.14241e-05	1.70619e-06	5.14465e-05	1.902	-2.435035e-11
0.04	16			4.37575e-05	-3.6359e-06	4.39065e-05	-4.746	-0.000174695	7.6518e-06	0.000174859	177.492	5.32123e-05	1.54228e-06	5.32346e-05	1.662	-2.36383e-11
0.0425	17			4.46665e-05	-3.25592e-06	4.47857e-05	-4.164	-0.000187487	8.70234e-06	0.000187666	177.336	5.65576e-05	1.26661e-06	5.6565e-05	1.29	-1.986894e-11
0.045	18			4.55456e-05	-4.26176e-06	4.57468e-05	-5.346	-0.000196786	8.97056e-06	0.000196964	177.384	5.85245e-05	1.7807e-06	5.85543e-05	1.746	-1.689531e-11
0.0475	19			4.51433e-05	-3.0473e-06	4.52402e-05	-3.864	-0.000206382	8.31491e-06	0.000206531	177.69	6.1058e-05	5.73698e-07	6.1058e-05	0.546	-1.819368e-11
0.05	20			4.55307e-05	-2.92064e-06	4.56201e-05	-3.66	-0.000217707	9.32819e-06	0.000217886	177.546	6.48578e-05	9.83484e-07	6.48652e-05	0.87	-1.74398e-11
0.0525	21			4.66781e-05	-3.18886e-06	4.67824e-05	-3.906	-0.000228018	1.03117e-05	0.000228227	177.408	6.72867e-05	1.92971e-06	6.73165e-05	1.644	-2.280066e-11
0.055	22			4.77659e-05	-3.53904e-06	4.79e-05	-4.23	-0.000238062	1.08481e-05	0.0002383	177.39	7.09747e-05	9.08974e-07	7.09821e-05	0.738	-2.045534e-11
0.0575	23			4.76169e-05	-4.15e-06	4.77957e-05	-4.98	-0.000249477	1.20402e-05	0.000249745	177.234	7.40965e-05	1.37836e-06	7.41114e-05	1.068	-2.334518e-11
0.06	24			4.80192e-05	-3.6508e-06	4.81608e-05	-4.344	-0.000259669	1.13249e-05	0.000259878	177.504	7.65552e-05	1.02074e-06	7.65626e-05	0.768	-2.112546e-11
0.0625	25			4.95615e-05	-4.1798e-06	4.97329e-05	-4.812	-0.000268759	1.22488e-05	0.000269027	177.39	8.05338e-05	1.49757e-06	8.05487e-05	1.068	-2.355458e-11
0.065	26			4.96211e-05	-4.82801e-06	4.98521e-05	-5.556	-0.000279667	1.30535e-05	0.000279935	177.324	8.25827e-05	6.33303e-07	8.25827e-05	0.444	-1.777486e-11
0.0675	27			5.07312e-05	-4.64174e-06	5.09399e-05	-5.226	-0.000290694	1.36793e-05	0.000290992	177.306	8.59206e-05	1.65404e-06	8.59355e-05	1.104	-1.940827e-11
0.07	28			5.05375e-05	-5.10368e-06	5.07908e-05	-5.76	-0.000300648	1.35005e-05	0.000300916	177.426	8.9929e-05	1.71364e-06	8.99364e-05	1.098	-1.852868e-11
0.0725	29			5.17818e-05	-4.31392e-06	5.19606e-05	-4.764	-0.000311198	1.31131e-05	0.000311436	177.582	9.20673e-05	1.66149e-06	9.20822e-05	1.038	-2.57324e-11
0.075	30			5.09846e-05	-4.31392e-06	5.11708e-05	-4.83	-0.000321331	1.4782e-05	0.000321629	177.366	9.57777e-05	1.63168e-06	9.57926e-05	0.978	-2.192115e-11
0.0775	31			5.25045e-05	-4.68644e-06	5.27131e-05	-5.094	-0.000332328	1.4931e-05	0.000332626	177.426	0.000100062	1.72109e-06	0.000100069	0.99	-1.78586e-11
0.08	32			5.41734e-05	-5.4315e-06	5.44491e-05	-5.718	-0.000343056	1.508e-05	0.000343354	177.48	0.000102818	5.51347e-07	0.000102818	0.306	-1.714662e-11
0.0825	33			5.41287e-05	-5.58796e-06	5.44118e-05	-5.892	-0.000353338	1.58251e-05	0.000353666	177.432	0.000105501	1.70619e-06	0.000105516	0.93	-2.284258e-11
0.085	34			5.39722e-05	-5.84873e-06	5.42852e-05	-6.18	-0.000362935	1.6898e-05	0.000363292	177.33	0.000109077	5.06643e-07	0.000109077	0.27	-1.949197e-11
0.0875	35			5.54847e-05	-5.61032e-06	5.57678e-05	-5.766	-0.00037569	1.74047e-05	0.000376048	177.348	0.000111238	8.86623e-07	0.000111245	0.456	-1.970146e-11
0.09	36			5.50824e-05	-6.18401e-06	5.54251e-05	-6.402	-0.000384422	1.72259e-05	0.00038475	177.432	0.000115797	1.7956e-06	0.000115812	0.894	-2.581616e-11
0.0925	37			5.42554e-05	-6.0052e-06	5.45906e-05	-6.312	-0.00039527	1.80603e-05	0.000395657	177.384	0.000120625	1.83285e-06	0.00012064	0.876	-2.30101e-11
0.095	38			5.77571e-05	-5.72208e-06	5.80403e-05	-5.652	-0.000408651	1.86266e-05	0.000409069	177.39	0.000123062	1.46032e-06	0.00012307	0.684	-1.936633e-11
0.0975	39			5.32495e-05	-5.21544e-06	5.35029e-05	-5.592	-0.000415744	1.91034e-05	0.000416161	177.366	0.000126624	1.11014e-06	0.000126631	0.504	-1.886378e-11
0.1	40			5.79061e-05	-6.18401e-06	5.8234e-05	-6.09	-0.000428112	1.9461e-05	0.000428529	177.396	0.000131787	2.05637e-06	0.000131802	0.894	-1.496874e-11
0.1025	41			5.79061e-05	-5.60287e-06	5.81818e-05	-5.52	-0.00043744	2.04743e-05	0.000437917	177.318	0.000136108	1.26661e-06	0.000136108	0.534	-1.995271e-11
0.105	42			5.56933e-05	-6.22871e-06	5.60435e-05	-6.378	-0.000445696	2.04743e-05	0.000446113	177.366	0.000137844	1.34856e-06	0.000137852	0.564	-1.936636e-11
0.1075	43			5.71983e-05	-6.52674e-06	5.75709e-05	-6.504	-0.000455977	2.09213e-05	0.000456395	177.372	0.000140653	7.2271e-07	0.000140653	0.294	-2.049717e-11
0.11	44			6.03648e-05	-6.77261e-06	6.07448e-05	-6.396	-0.000468375	2.1279e-05	0.000468852	177.396	0.000144497	1.41562e-06	0.000144505	0.564	-1.886378e-11
0.1125	45			5.93739e-05	-6.14676e-06	5.96868e-05	-5.904	-0.000479223	2.31863e-05	0.0004797	177.228	0.000149065	8.41919e-07	0.000149065	0.324	-2.514604e-11
0.115	46			6.06927e-05	-5.67737e-06	6.09609e-05	-5.34	-0.000490252	2.25307e-05	0.000490729	177.366	0.000155547	4.39586e-07	0.000155547	0.162	-2.137672e-11
0.1175	47			6.04319e-05	-6.83221e-06	6.08193e-05	-6.444	-0.000500444	2.27691e-05	0.000500921	177.39	0.000158154	7.2271e-07	0.000158154	0.264	-2.032965e-11
0.12	48			6.05138e-05	-6.51184e-06	6.0864e-05	-6.138	-0.000510935	2.32459e-05	0.000511412	177.39	0.000160866	9.83484e-07	0.000160866	0.348	-1.601582e-11
0.1225	49			6.5357e-05	-7.77846e-06	6.58114e-05	-6.78	-0.000523631	2.43784e-05	0.000524167	177.33	0.000167386	7.59963e-07	0.000167386	0.258	-2.493666e-11
0.125	50			6.72196e-05	-7.3463e-06	6.76219e-05	-6.228	-0.000530843	2.48553e-05	0.000531379	177.312	0.00016904	-6.70557e-08	0.00016904	-0.018	-2.288443e-11
0.1275	51			6.76592e-05	-6.83221e-06	6.80094e-05	-5.76	-0.000539783	2.44976e-05	0.00054026	177.396	0.000175157	6.85457e-07	0.000175157	0.222	-1.559699e-11
0.13	52			6.6251e-05	-7.56982e-06	6.66906e-05	-6.516	-0.000552956	2.52725e-05	0.000553433	177.378	0.000185878	6.25852e-07	0.000185878	0.192	-1.396359e-11
0.1325	53			6.11176e-05	-7.29415e-06	6.15497e-05	-6.804	-0.000563029	2.62262e-05	0.000563566	177.33	0.000185491	-1.78815e-07	0.000185491	-0.048	-1.907321e-11
0.135	54			5.86587e-05	-7.33885e-06	5.91131e-05	-7.122	-0.000572089	2.63454e-05	0.000572626	177.36	0.000187428	9.23876e-07	0.000187428	0.288	-2.292634e-11
0.1375	55			6.31441e-05	-7.15259e-06	6.3539e-05	-6.456	-0.000578288	2.79547e-05	0.000578884	177.234	0.000187338	2.08617e-07	0.000187338	0.072	-2.129295e-11
0.14	56			6.11474e-05	-7.83062e-06	6.16466e-05	-7.296	-0.000591937	2.71202e-05	0.000592533	177.372	0.00019458	-2.98025e-07	0.00019458	-0.084	-2.39315e-11
0.1425	57			5.47024e-05	-7.10788e-06	5.51643e-05	-7.404	-0.000604574	2.83719e-05	0.00060517	177.312	0.000198335	1.01329e-06	0.000198335	0.294	-1.387982e-11
0.145	58			6.32708e-05	-8.1808e-06	6.37998e-05	-7.368	-0.000610832	2.85507e-05	0.000611488	177.318	0.00020209	-7.45062e-07	0.00020209	-0.204	-1.857059e-11
0.1475	59			6.17732e-05	-7.47296e-06	6.22203e-05	-6.894	-0.000622515	2.90276e-05	0.000623111	177.33	0.000206948	1.49013e-07	0.000206948	0.048	-2.020401e-11
0.15	60			6.05809e-05	-7.68161e-06	6.10654e-05	-7.224	-0.000637714	2.99216e-05	0.00063831	177.312	0.000209094	1.49013e-07	0.000209094	0.048	-1.794239e-11
0.1525	61			7.22934e-05	-8.65018e-06	7.28075e-05	-6.822	-0.000643734	3.0637e-05	0.00064439	177.27	0.000225306	-2.68223e-07	0.000225306	-0.066	-2.120918e-11
0.155	62			6.64671e-05	-8.27765e-06	6.69812e-05	-7.092	-0.000658933	3.09946e-05	0.000659589	177.306	0.000214458	1.10269e-06	0.000214458	0.3	-2.514609e-11
0.1575	63			7.23605e-05	-8.07649e-06	7.28075e-05	-6.366	-0.000666801	3.13523e-05	0.000667457	177.306	0.000233055	-5.66248e-07	0.000233055	-0.138	-1.664406e-11
0.16	64			7.07512e-05	-8.60548e-06	7.12727e-05	-6.93	-0.000679079	3.21867e-05	0.000679735	177.282	0.000230015	-5.06643e-07	0.000230015	-0.126	-1.568078e-11
0.1625	65			7.35749e-05	-8.67998e-06	7.40816e-05	-6.72	-0.000687007	3.20675e-05	0.000687663	177.324	0.000234396	2.98025e-08	0.000234396	0.006	-1.576452e-11
0.165	66			7.31726e-05	-8.45647e-06	7.36569e-05	-6.588	-0.000702087	3.24252e-05	0.000702802	177.354	0.000245513	5.36445e-07	0.000245513	0.126	-1.5597e-11
0.1675	67			7.43722e-05	-8.79174e-06	7.48937e-05	-6.738	-0.000705663	3.39749e-05	0.000706438	177.24	0.000241877	9.23876e-07	0.000241877	0.222	-2.175367e-11
0.17	68			7.26511e-05	-9.41014e-06	7.3262e-05	-7.374	-0.000723306	3.36173e-05	0.000724021	177.336	0.000240714	5.96051e-08	0.000240714	0.018	-2.099979e-11
0.1725	69			7.24052e-05	-9.18662e-06	7.29864e-05	-7.23	-0.000725571	3.48093e-05	0.000726346	177.252	0.000258597	-1.04309e-06	0.000258597	-0.228	-2.22981e-11
0.175	70			6.5506e-05	-8.83645e-06	6.6102e-05	-7.68	-0.000741843	3.52862e-05	0.000742618	177.276	0.000240446	1.01329e-06	0.000240446	0.246	-2.037152e-11
0.1775	71			7.12876e-05	-8.42666e-06	7.17794e-05	-6.738	-0.00074685	3.5167e-05	0.000747625	177.3	0.00025353	2.98025e-08	0.00025353	0.006	-1.643465e-11
0.18	72			5.78614e-05	-9.21643e-06	5.85841e-05	-9.048	-0.000758771	3.57034e-05	0.000759546	177.306	0.000257852	-1.1921e-07	0.000257852	-0.024	-2.099976e-11
0.1825	73			6.55879e-05	-8.67253e-06	6.61616e-05	-7.53	-0.000768963	3.67763e-05	0.000769798	177.258	0.000257077	2.08617e-07	0.000257077	0.054	-1.886379e-11
0.185	74			5.56486e-05	-8.43412e-06	5.62819e-05	-8.616	-0.000771645	3.65379e-05	0.00077242	177.288	0.000261607	-5.06643e-07	0.000261607	-0.108	-2.091599e-11
0.1875	75			7.31354e-05	-9.58896e-06	7.37612e-05	-7.47	-0.000793818	3.83856e-05	0.000794712	177.234	0.000256868	8.94074e-08	0.000256868	0.024	-2.179552e-11
0.19	76			5.41809e-05	-8.59803e-06	5.48589e-05	-9.012	-0.000793103	3.73723e-05	0.000793938	177.3	0.000283243	-1.1921e-07	0.000283243	-0.024	-2.384774e-11
0.1925	77			6.46715e-05	-8.74704e-06	6.52601e-05	-7.698	-0.00081009	3.85048e-05	0.000810925	177.276	0.000281574	-6.55655e-07	0.000281574	-0.126	-2.225621e-11
0.195	78			6.54315e-05	-9.92423e-06	6.6184e-05	-8.622	-0.000820521	3.80876e-05	0.000821415	177.342	0.00025663	8.64271e-07	0.00025663	0.192	-1.953391e-11
0.1975	79			5.42777e-05	-9.25368e-06	5.506e-05	-9.666	-0.000821117	3.97565e-05	0.000822071	177.228	0.000290306	-7.45062e-07	0.000290306	-0.144	-1.697909e-11
0.2	80			7.18464e-05	-9.507e-06	7.24723e-05	-7.536	-0.000850264	4.09486e-05	0.000851158	177.24	0.000316085	-1.1623e-06	0.000316085	-0.21	-1.932448e-11
0.2025	81			5.8532e-05	-9.72307e-06	5.93367e-05	-9.426	-0.000848118	4.04718e-05	0.000849072	177.264	0.000284882	2.98025e-07	0.000284882	0.06	-1.836118e-11
0.205	82			6.39562e-05	-8.97801e-06	6.45821e-05	-7.986	-0.000856761	4.14851e-05	0.000857655	177.228	0.00029722	-4.17234e-07	0.00029722	-0.078	-1.480125e-11
0.2075	83			7.55717e-05	-1.0416e-05	7.6287e-05	-7.842	-0.000881258	4.27368e-05	0.000882212	177.222	0.000295253	-1.63914e-06	0.000295253	-0.312	-1.51363e-11
0.21	84			5.06418e-05	-9.76032e-06	5.15732e-05	-10.908	-0.000882331	4.26772e-05	0.000883345	177.228	0.000336738	-1.51993e-06	0.000336738	-0.252	-2.50623e-11
0.2125	85			6.68471e-05	-9.88698e-06	6.75772e-05	-8.412	-0.000893656	4.32136e-05	0.00089461	177.228	0.000347467	-1.31131e-06	0.000347467	-0.216	-1.806803e-11
0.215	86			8.49892e-05	-1.07736e-05	8.56747e-05	-7.218	-0.000912193	4.41077e-05	0.000913147	177.228	0.000293674	-5.36445e-07	0.000293674	-0.102	-1.509439e-11
0.2175	87			7.69501e-05	-1.09301e-05	7.77175e-05	-8.082	-0.000921372	4.41077e-05	0.000922326	177.252	0.000284644	1.78815e-07	0.000284644	0.036	-1.664404e-11
0.22	88			7.63019e-05	-1.0565e-05	7.70246e-05	-7.878	-0.000927094	4.52998e-05	0.000928167	177.204	0.000367614	-1.72854e-06	0.000367614	-0.27	-2.041343e-11
0.2225	89			8.19047e-05	-1.16006e-05	8.27243e-05	-8.058	-0.000940803	4.52998e-05	0.000941757	177.24	0.000385465	-3.48689e-06	0.000385495	-0.516	-2.083224e-11
0.225	90			7.62646e-05	-9.93913e-06	7.69128e-05	-7.422	-0.000951413	4.62534e-05	0.000952367	177.216	0.000327142	-1.37091e-06	0.000327142	-0.24	-2.083224e-11
0.2275	91			6.60797e-05	-1.03117e-05	6.68769e-05	-8.862	-0.000960831	4.63726e-05	0.000961903	177.234	0.000314774	-5.96051e-08	0.000314774	-0.006	-2.288448e-11
0.23	92			7.30758e-05	-1.0781e-05	7.38655e-05	-8.394	-0.000975374	4.69687e-05	0.000976328	177.24	0.000332834	-6.25852e-07	0.000332834	-0.102	-1.492689e-11
0.2325	93			9.36692e-05	-1.22265e-05	9.44589e-05	-7.434	-0.000977643	4.73263e-05	0.000978716	177.222	0.000367912	-2.08618e-06	0.000367912	-0.324	-2.083224e-11
0.235	94			7.92672e-05	-1.16975e-05	8.0124e-05	-8.394	-0.000994332	4.85184e-05	0.000995405	177.204	0.000394883	-2.4438e-06	0.000394883	-0.354	-2.095787e-11
0.2375	95			5.56039e-05	-1.0334e-05	5.65576e-05	-10.524	-0.00100852	4.87568e-05	0.00100959	177.228	0.000373246	-1.37091e-06	0.000373246	-0.21	-1.953394e-11
0.24	96			6.5357e-05	-1.06097e-05	6.62063e-05	-9.216	-0.00101436	4.89953e-05	0.00101543	177.234	0.00033194	-2.08617e-07	0.00033194	-0.036	-2.12092e-11
0.2425	97			9.64482e-05	-1.21669e-05	9.72156e-05	-7.188	-0.00101424	4.86376e-05	0.00101531	177.252	0.000329705	2.68223e-07	0.000329705	0.048	-1.421489e-11
0.245	98			8.92137e-05	-1.207e-05	9.00258e-05	-7.704	-0.00103117	4.97105e-05	0.00103224	177.24	0.000350537	-5.06643e-07	0.000350537	-0.084	-2.066471e-11
0.2475	99			5.37562e-05	-1.06693e-05	5.47993e-05	-11.22	-0.00105143	5.13794e-05	0.00105251	177.198	0.000394406	-3.01005e-06	0.000394406	-0.432	-1.66859e-11
0.25	100			5.21468e-05	-1.00807e-05	5.31154e-05	-10.938	-0.00105644	5.12602e-05	0.00105751	177.222	0.000406446	-2.59282e-06	0.000406446	-0.36	-2.15861e-11
0.2525	101			6.56475e-05	-1.06022e-05	6.64969e-05	-9.174	-0.00105561	5.14986e-05	0.0010568	177.204	0.00038329	-9.83484e-07	0.00038329	-0.144	-2.012024e-11
0.255	102			8.08616e-05	-1.20998e-05	8.17631e-05	-8.508	-0.00106204	5.16179e-05	0.00106324	177.216	0.000353249	5.96051e-08	0.000353249	0.012	-1.81099e-11
0.2575	103			7.13249e-05	-1.19135e-05	7.23158e-05	-9.48	-0.00108362	5.24523e-05	0.00108481	177.228	0.000350626	-5.36445e-07	0.000350626	-0.09	-2.665377e-11
0.26	104			6.10505e-05	-1.1243e-05	6.20787e-05	-10.434	-0.00110019	5.26907e-05	0.00110138	177.252	0.000351788	2.98025e-08	0.000351788	0.006	-1.706287e-11
0.2625	105			7.63913e-05	-1.16751e-05	7.72779e-05	-8.688	-0.0011021	5.3406e-05	0.00110317	177.222	0.000377925	-1.37091e-06	0.000377925	-0.204	-1.894754e-11
0.265	106			7.63391e-05	-1.34931e-05	7.75163e-05	-10.02	-0.00110162	5.42405e-05	0.00110293	177.174	0.000418337	-2.53321e-06	0.000418337	-0.348	-2.058094e-11
0.2675	107			7.11684e-05	-1.26437e-05	7.22785e-05	-10.068	-0.00111235	5.42405e-05	0.00111354	177.21	0.000428947	-2.92064e-06	0.000428947	-0.384	-1.760732e-11
0.27	108			5.91802e-05	-1.14665e-05	6.02829e-05	-10.968	-0.00113214	5.5671e-05	0.00113345	177.18	0.000422211	-1.66894e-06	0.000422211	-0.222	-2.074843e-11
0.2725	109			6.99242e-05	-1.23159e-05	7.0997e-05	-9.984	-0.00114942	5.61478e-05	0.00115062	177.204	0.000385584	-8.34469e-07	0.000385584	-0.12	-1.622523e-11
0.275	110			6.16689e-05	-1.21222e-05	6.28461e-05	-11.118	-0.00115181	5.54326e-05	0.001153	177.246	0.000358554	0.0	0.000358554	0.0	-2.334515e-11
0.2775	111			6.11697e-05	-1.15783e-05	6.22575e-05	-10.716	-0.00115217	5.53133e-05	0.00115336	177.252	0.000357719	6.25852e-07	0.000357719	0.102	-2.116728e-11
0.28	112			8.11149e-05	-1.30684e-05	8.2158e-05	-9.15	-0.00115658	5.5671e-05	0.00115777	177.24	0.000389399	-1.28151e-06	0.000389399	-0.186	-2.309383e-11
0.2825	113			9.50624e-05	-1.36197e-05	9.60235e-05	-8.148	-0.00118507	5.81744e-05	0.00118638	177.186	0.000467362	-2.80143e-06	0.000467362	-0.336	-2.246562e-11
0.285	114			8.76714e-05	-1.41711e-05	8.88114e-05	-9.18	-0.00119532	5.9128e-05	0.00119663	177.162	0.000478389	-3.33787e-06	0.000478389	-0.396	-1.827744e-11
0.2875	115			7.39847e-05	-1.3873e-05	7.52737e-05	-10.614	-0.0012076	5.86512e-05	0.00120891	177.216	0.000459732	-3.87433e-06	0.000459732	-0.474	-1.450808e-11
0.29	116			5.25268e-05	-1.18614e-05	5.38456e-05	-12.72	-0.00120617	5.87704e-05	0.00120748	177.204	0.00044197	-1.60933e-06	0.00044197	-0.204	-1.991088e-11
0.2925	117			5.88971e-05	-1.34409e-05	6.04095e-05	-12.852	-0.00120664	5.9128e-05	0.00120796	177.192	0.0004164	-1.2517e-06	0.0004164	-0.168	-1.706283e-11
0.295	118			8.3976e-05	-1.34335e-05	8.50414e-05	-9.09	-0.00121761	5.92472e-05	0.00121892	177.216	0.000398638	2.3842e-07	0.000398638	0.036	-2.116726e-11
0.2975	119			0.000109338	-1.49534e-05	0.000110358	-7.788	-0.00124408	6.09162e-05	0.00124551	177.198	0.000409367	-1.01329e-06	0.000409367	-0.138	-1.827743e-11
0.3	120			9.74839e-05	-1.38581e-05	9.84673e-05	-8.088	-0.0012529	6.06778e-05	0.00125421	177.222	0.000420334	-1.31131e-06	0.000420334	-0.174	-1.513631e-11
0.3025	121			7.54897e-05	-1.29864e-05	7.65999e-05	-9.762	-0.00126839	6.30622e-05	0.00126982	177.156	0.000460984	-2.3842e-06	0.000460984	-0.288	-1.965956e-11
0.305	122			5.56114e-05	-1.24351e-05	5.69897e-05	-12.6	-0.00126673	6.30622e-05	0.00126816	177.15	0.000482501	-2.50341e-06	0.000482501	-0.294	-1.601579e-11
0.3075	123			6.17136e-05	-1.32844e-05	6.31292e-05	-12.144	-0.00126661	6.33006e-05	0.00126804	177.132	0.000496451	-2.92064e-06	0.000496451	-0.33	-2.414089e-11
0.31	124			0.000102625	-1.51992e-05	0.000103742	-8.424	-0.00127626	6.3539e-05	0.00127769	177.15	0.000518207	-5.18563e-06	0.000518266	-0.57	-1.534573e-11
0.3125	125			0.00011611	-1.56836e-05	0.000117168	-7.692	-0.00130988	6.50887e-05	0.00131143	177.15	0.00054634	-5.90089e-06	0.0005464	-0.618	-1.890567e-11
0.315	126			0.000114255	-1.70768e-05	0.000115522	-8.496	-0.00132049	6.56848e-05	0.00132204	177.15	0.00050265	-3.45708e-06	0.00050265	-0.39	-1.693723e-11
0.3175	127			8.45273e-05	-1.38134e-05	8.56449e-05	-9.282	-0.00132633	6.59232e-05	0.00132788	177.156	0.000438334	-2.3842e-07	0.000438334	-0.024	-1.794235e-11
0.32	128			5.02917e-05	-1.29343e-05	5.19308e-05	-14.418	-0.00133694	6.50887e-05	0.00133849	177.21	0.000406327	1.01329e-06	0.000406327	0.144	-1.593208e-11
0.3225	129			4.13212e-05	-1.14963e-05	4.28858e-05	-15.54	-0.00133396	6.43735e-05	0.00133539	177.234	0.000410141	-3.5763e-07	0.000410141	-0.048	-2.221434e-11
0.325	130			7.5147e-05	-1.4715e-05	7.65701e-05	-11.076	-0.00133503	6.67577e-05	0.00133658	177.138	0.000461282	-1.2517e-06	0.000461282	-0.15	-2.305198e-11
0.3275	131			0.000138552	-1.79635e-05	0.000139714	-7.386	-0.00135887	6.72345e-05	0.00136042	177.162	0.00055385	-5.00682e-06	0.00055391	-0.516	-1.945015e-11
0.33	132			0.000142948	-1.80603e-05	0.00014408	-7.2	-0.00138856	6.96187e-05	0.00139011	177.126	0.000574354	-5.48366e-06	0.000574414	-0.54	-2.221435e-11
0.3325	133			0.000141152	-1.77325e-05	0.000142255	-7.158	-0.00141085	7.12876e-05	0.00141264	177.102	0.000570241	-4.7684e-06	0.000570301	-0.474	-1.635088e-11
0.335	134			0.000102468	-1.59667e-05	0.000103698	-8.856	-0.00140906	6.92611e-05	0.00141061	177.186	0.000565115	-4.88761e-06	0.000565175	-0.486	-2.091604e-11
0.3375	135			6.95144e-05	-1.46181e-05	7.10343e-05	-11.874	-0.00142086	7.02147e-05	0.00142253	177.168	0.000571076	-5.54326e-06	0.000571135	-0.552	-1.924072e-11
0.34	136			5.2646e-05	-1.45436e-05	5.46204e-05	-15.438	-0.00141753	7.02147e-05	0.00141907	177.162	0.000562195	-4.7684e-06	0.000562195	-0.48	-1.672783e-11
0.3425	137			6.75102e-05	-1.48416e-05	6.9127e-05	-12.396	-0.0014093	7.04532e-05	0.00141097	177.138	0.000534002	-3.75511e-06	0.000534002	-0.396	-1.5597e-11
0.345	138			0.000112981	-1.69427e-05	0.00011424	-8.526	-0.00141979	7.11684e-05	0.00142146	177.126	0.000511948	-2.74183e-06	0.000511948	-0.3	-1.898945e-11
0.3475	139			0.000151911	-1.88799e-05	0.000153081	-7.086	-0.00145531	7.08108e-05	0.00145698	177.21	0.000510458	-3.09946e-06	0.000510458	-0.342	-1.878004e-11
0.35	140			0.000150182	-1.91556e-05	0.000151397	-7.266	-0.00147618	7.23605e-05	0.00147785	177.192	0.000499491	-1.78815e-06	0.000499491	-0.204	-1.794238e-11
0.3525	141			0.000150607	-1.961e-05	0.000151874	-7.416	-0.0014943	7.42679e-05	0.00149596	177.15	0.000502113	-2.3246e-06	0.000502113	-0.264	-1.890567e-11
0.355	142			0.000111081	-1.6898e-05	0.000112355	-8.646	-0.00150586	7.54599e-05	0.00150765	177.132	0.000540081	-2.4438e-06	0.000540081	-0.258	-1.647649e-11
0.3575	143			7.01253e-05	-1.508e-05	7.17272e-05	-12.138	-0.00150145	7.54599e-05	0.00150324	177.12	0.000569526	-3.45708e-06	0.000569526	-0.342	-1.961765e-11
0.36	144			6.39413e-05	-1.47299e-05	6.56103e-05	-12.966	-0.0015092	7.55792e-05	0.00151099	177.132	0.000601057	-4.7088e-06	0.000601117	-0.444	-1.446618e-11
0.3625	145			9.14936e-05	-1.65255e-05	9.29763e-05	-10.236	-0.00151158	7.52215e-05	0.00151337	177.15	0.000630919	-6.73535e-06	0.000630978	-0.612	-2.037156e-11
0.365	146			0.000115283	-1.81795e-05	0.000116714	-8.958	-0.00151194	7.68905e-05	0.00151373	177.084	0.000669245	-7.98708e-06	0.000669245	-0.684	-1.911507e-11
0.3675	147			0.000122928	-1.86936e-05	0.000124336	-8.646	-0.00154138	7.77249e-05	0.00154329	177.108	0.000671212	-8.04669e-06	0.000671271	-0.684	-2.012027e-11
0.37	148			0.000126899	-1.92599e-05	0.000128352	-8.628	-0.00155366	7.8321e-05	0.00155557	177.114	0.000667576	-8.04669e-06	0.000667635	-0.684	-2.158611e-11
0.3725	149			0.000123159	-1.88873e-05	0.000124597	-8.718	-0.00157798	7.93939e-05	0.00157989	177.12	0.00063676	-6.79496e-06	0.00063682	-0.612	-1.936638e-11
0.375	150			0.00010103	-1.78368e-05	0.000102595	-10.008	-0.00158561	8.01091e-05	0.0015874	177.102	0.000547592	-2.26499e-06	0.000547592	-0.234	-2.079035e-11
0.3775	151			8.45199e-05	-1.58326e-05	8.59876e-05	-10.608	-0.00158525	7.99899e-05	0.00158716	177.108	0.000512604	3.5763e-07	0.000512604	0.042	-1.706288e-11
0.38	152			7.7643e-05	-1.58475e-05	7.92374e-05	-11.538	-0.00159694	7.97515e-05	0.00159872	177.138	0.000504319	1.1921e-07	0.000504319	0.012	-1.848688e-11
0.3825	153			8.70456e-05	-1.60934e-05	8.85208e-05	-10.476	-0.00160123	7.99899e-05	0.00160313	177.138	0.000518445	-2.98025e-07	0.000518445	-0.03	-1.790048e-11
0.385	154			8.01389e-05	-1.5922e-05	8.17035e-05	-11.232	-0.0016178	8.07052e-05	0.00161958	177.144	0.000544254	-2.50341e-06	0.000544254	-0.264	-1.718849e-11
0.3875	155			0.000128702	-1.84031e-05	0.000130014	-8.136	-0.00163377	8.16588e-05	0.0016358	177.138	0.000604633	-4.52998e-06	0.000604693	-0.426	-1.97014e-11
0.39	156			0.000129231	-1.90289e-05	0.000130625	-8.376	-0.00164438	8.23741e-05	0.00164629	177.126	0.000650588	-6.0797e-06	0.000650588	-0.528	-2.162802e-11
0.3925	157			0.000115015	-1.98261e-05	0.000116714	-9.774	-0.00164951	8.35662e-05	0.00165153	177.102	0.000659052	-6.19891e-06	0.000659052	-0.534	-1.878003e-11
0.395	158			0.000132472	-1.93865e-05	0.000133888	-8.328	-0.00165582	8.39238e-05	0.00165785	177.096	0.000685576	-6.67575e-06	0.000685576	-0.552	-1.823556e-11
0.3975	159			9.26857e-05	-1.8336e-05	9.44813e-05	-11.19	-0.001683	8.57119e-05	0.00168503	177.084	0.000678305	-5.96049e-06	0.000678305	-0.498	-2.070659e-11
0.4	160			7.72928e-05	-1.74047e-05	7.92299e-05	-12.684	-0.00168896	8.53543e-05	0.00169099	177.102	0.000653092	-4.88761e-06	0.000653092	-0.426	-1.852876e-11
0.4025	161			9.24845e-05	-1.83583e-05	9.4295e-05	-11.22	-0.00168825	8.58312e-05	0.00169028	177.09	0.000645999	-5.06642e-06	0.000646058	-0.45	-2.0204e-11
0.405	162			6.79572e-05	-1.76133e-05	7.02073e-05	-14.526	-0.00168992	8.52351e-05	0.00169194	177.114	0.000649694	-3.93394e-06	0.000649694	-0.342	-1.635088e-11
0.4075	163			6.1013e-05	-1.61828e-05	6.31218e-05	-14.85	-0.00170363	8.64272e-05	0.00170565	177.09	0.000673775	-7.39101e-06	0.000673834	-0.624	-1.702097e-11
0.41	164			9.8445e-05	-1.8187e-05	0.000100121	-10.464	-0.00172759	8.73809e-05	0.00172973	177.102	0.000696365	-6.13931e-06	0.000696424	-0.504	-2.234004e-11
0.4125	165			0.000112169	-1.86638e-05	0.000113711	-9.444	-0.00174261	8.88114e-05	0.00174475	177.078	0.0006851	-6.31812e-06	0.0006851	-0.522	-2.166984e-11
0.415	166			9.43025e-05	-1.83062e-05	9.60608e-05	-10.98	-0.00176109	9.04803e-05	0.00176335	177.054	0.000646953	-4.05314e-06	0.000646953	-0.354	-1.710474e-11
0.4175	167			8.96757e-05	-1.76207e-05	9.13893e-05	-11.118	-0.001768	8.9169e-05	0.00177015	177.114	0.000634376	-4.94721e-06	0.000634376	-0.444	-1.501064e-11
0.42	168			0.000124262	-2.0817e-05	0.00012599	-9.51	-0.00176597	8.86922e-05	0.001768	177.126	0.000607852	-2.3246e-06	0.000607852	-0.216	-2.296821e-11
0.4225	169			0.000131869	-2.04222e-05	0.000133448	-8.802	-0.00176919	8.92882e-05	0.00177134	177.108	0.000595275	-2.20539e-06	0.000595275	-0.21	-1.764919e-11
0.425	170			0.000112527	-1.94387e-05	0.000114188	-9.798	-0.00179184	9.02419e-05	0.00179399	177.114	0.000602011	-1.96697e-06	0.000602011	-0.186	-1.873816e-11
0.4275	171			6.60722e-05	-1.79709e-05	6.84713e-05	-15.21	-0.00180889	9.13148e-05	0.00181103	177.108	0.00056142	-8.34469e-07	0.00056142	-0.084	-2.079038e-11
0.43	172			6.40755e-05	-1.69576e-05	6.62808e-05	-14.82	-0.00180889	9.13148e-05	0.00181103	177.102	0.000547949	7.15259e-07	0.000547949	0.078	-1.601582e-11
0.4325	173			7.65105e-05	-1.90811e-05	7.885e-05	-13.998	-0.0018096	9.13148e-05	0.00181175	177.108	0.00060958	-1.2517e-06	0.00060958	-0.114	-1.702095e-11
0.435	174			9.32668e-05	-1.85446e-05	9.50922e-05	-11.244	-0.00180913	9.15532e-05	0.00181103	177.102	0.000711743	-6.85456e-06	0.000711802	-0.546	-2.095789e-11
0.4375	175			8.13683e-05	-1.81646e-05	8.3365e-05	-12.582	-0.00181008	9.203e-05	0.00181223	177.084	0.000748936	-7.56982e-06	0.000748996	-0.582	-1.421488e-11
0.44	176			9.60906e-05	-1.8932e-05	9.79383e-05	-11.142	-0.00183202	9.29837e-05	0.00183416	177.09	0.000780825	-9.41759e-06	0.000780884	-0.69	-1.865434e-11
0.4425	177			0.000100978	-1.95579e-05	0.000102856	-10.956	-0.00186873	9.58447e-05	0.00187112	177.06	0.000795547	-9.23878e-06	0.000795607	-0.666	-1.844491e-11
0.445	178			0.000133217	-2.20091e-05	0.000135028	-9.378	-0.0018766	9.72752e-05	0.00187898	177.024	0.000793878	-8.58313e-06	0.000793938	-0.618	-2.171174e-11
0.4475	179			0.000112601	-2.10331e-05	0.000114546	-10.578	-0.00188328	9.63216e-05	0.00188542	177.072	0.000788812	-8.88115e-06	0.000788812	-0.642	-1.73979e-11
0.45	180			0.000124031	-2.12119e-05	0.000125841	-9.702	-0.00189877	9.72752e-05	0.00190116	177.066	0.000776295	-8.64273e-06	0.000776295	-0.636	-1.953387e-11
0.4525	181			0.000169613	-2.46168e-05	0.000171387	-8.256	-0.0019095	9.70368e-05	0.00191165	177.084	0.000740293	-7.21219e-06	0.000740353	-0.552	-1.8445e-11
0.455	182			0.000135065	-2.25232e-05	0.000136928	-9.468	-0.00191499	9.79905e-05	0.00191737	177.072	0.000714246	-5.24524e-06	0.000714306	-0.414	-2.146044e-11
0.4575	183			0.000133828	-2.33428e-05	0.000135847	-9.894	-0.00193191	9.89442e-05	0.00193406	177.066	0.000694815	-4.58959e-06	0.000694815	-0.378	-2.141856e-11
0.46	184			8.07797e-05	-2.04371e-05	8.33278e-05	-14.196	-0.00194717	0.000100136	0.00194932	177.048	0.000671629	-2.92064e-06	0.000671629	-0.246	-1.781672e-11
0.4625	185			6.00817e-05	-1.94461e-05	6.31441e-05	-17.928	-0.0019486	9.89442e-05	0.00195075	177.084	0.00064129	-2.74183e-06	0.00064129	-0.24	-2.225625e-11
0.465	186			5.70568e-05	-1.84329e-05	5.99625e-05	-17.904	-0.0019486	9.89442e-05	0.00195075	177.09	0.00062168	-1.43052e-06	0.00062168	-0.132	-1.668591e-11
0.4675	187			5.07312e-05	-1.88873e-05	5.41287e-05	-20.418	-0.00194836	9.87058e-05	0.00195051	177.096	0.000620488	-4.17234e-07	0.000620488	-0.036	-2.439222e-11
0.47	188			3.09201e-05	-1.74866e-05	3.55246e-05	-29.478	-0.00194836	9.9421e-05	0.00195051	177.078	0.000613812	-9.53682e-07	0.000613812	-0.084	-1.605766e-11
0.4725	189			1.8865e-05	-1.56016e-05	2.44753e-05	-39.588	-0.00194789	9.96594e-05	0.00195027	177.066	0.000662688	-2.3246e-06	0.000662688	-0.198	-1.907318e-11
0.475	190			4.43088e-05	-1.74047e-05	4.7602e-05	-21.438	-0.00195051	0.000100136	0.00195266	177.054	0.000697855	-2.86104e-06	0.000697855	-0.234	-2.309382e-11
0.4775	191			4.5635e-05	-1.77027e-05	4.89505e-05	-21.198	-0.00197197	0.00010109	0.00197436	177.066	0.000711504	-3.93394e-06	0.000711504	-0.312	-1.957572e-11
0.48	192			5.60882e-05	-1.736e-05	5.87108e-05	-17.19	-0.00201656	0.000101805	0.00201894	177.108	0.000740353	-5.78168e-06	0.000740353	-0.444	-2.334515e-11
0.4825	193			8.28435e-05	-1.96547e-05	8.51457e-05	-13.344	-0.002028	0.000104189	0.00203039	177.054	0.000756148	-5.78168e-06	0.000756208	-0.438	-2.271691e-11
0.485	194			0.000117347	-2.2255e-05	0.000119441	-10.74	-0.00202657	0.000104189	0.0020292	177.054	0.000785712	-6.0201e-06	0.000785772	-0.438	-1.907318e-11
0.4875	195			0.000166752	-2.60399e-05	0.000168771	-8.874	-0.00202967	0.000105143	0.00203206	177.036	0.000837628	-1.05501e-05	0.000837687	-0.72	-2.183739e-11
0.49	196			0.000181825	-2.6256e-05	0.000183702	-8.208	-0.00204422	0.000106097	0.00204684	177.024	0.000855628	-9.11957e-06	0.000855628	-0.612	-1.8068e-11
0.4925	197			0.000203193	-2.67924e-05	0.000204952	-7.506	-0.0020702	0.000106812	0.00207283	177.048	0.00082976	-8.40431e-06	0.00082976	-0.576	-2.099973e-11
0.495	198			0.000169427	-2.61666e-05	0.000171454	-8.778	-0.00209118	0.000108481	0.00209381	177.024	0.000814561	-6.55654e-06	0.00081462	-0.462	-2.254941e-11
0.4975	199			0.000147522	-2.51533e-05	0.000149638	-9.666	-0.00210644	0.000109435	0.00210883	177.024	0.000806335	-6.91417e-06	0.000806335	-0.492	-1.982703e-11
0.5	200			0.000101418	-2.17558e-05	0.000103742	-12.102	-0.00211026	0.000108243	0.00211288	177.06	0.000797097	-6.55654e-06	0.000797156	-0.468	-2.548114e-11
0.5025	201			9.26559e-05	-2.16664e-05	9.51593e-05	-13.146	-0.00211026	0.000109196	0.00211264	177.036	0.0007574	-5.00682e-06	0.0007574	-0.378	-2.037154e-11
0.505	202			8.6606e-05	-2.08915e-05	8.90796e-05	-13.554	-0.00211026	0.000108243	0.00211264	177.06	0.000719968	-2.56301e-06	0.000719968	-0.204	-2.338701e-11
0.5075	203			0.000102133	-2.32757e-05	0.000104756	-12.822	-0.00211073	0.000108958	0.00211336	177.042	0.000712339	-2.50341e-06	0.000712339	-0.198	-2.066471e-11
0.51	204			8.6308e-05	-2.16664e-05	8.89902e-05	-14.076	-0.00211026	0.000108958	0.00211264	177.042	0.000726346	-3.93394e-06	0.000726346	-0.312	-1.974324e-11
0.5125	205			6.82478e-05	-2.15174e-05	7.15558e-05	-17.484	-0.0021105	0.000109435	0.00211312	177.03	0.000751916	-5.48366e-06	0.000751976	-0.414	-2.489479e-11
0.515	206			4.28858e-05	-1.98783e-05	4.72369e-05	-24.828	-0.00211121	0.000108958	0.00211383	177.042	0.000776056	-4.94721e-06	0.000776056	-0.36	-2.06228e-11
0.5175	207			5.1223e-05	-1.96547e-05	5.48589e-05	-20.988	-0.0021136	0.000109911	0.00211598	177.018	0.000813071	-6.37773e-06	0.00081313	-0.45	-1.781674e-11
0.52	208			8.77981e-05	-2.28138e-05	9.07113e-05	-14.562	-0.00213434	0.000110627	0.00213696	177.03	0.000842813	-7.2718e-06	0.000842813	-0.492	-2.099969e-11
0.5225	209			0.000108362	-2.414e-05	0.000111014	-12.558	-0.00218464	0.000113965	0.00218751	177.012	0.000852469	-9.5368e-06	0.000852529	-0.642	-1.425675e-11
0.525	210			0.000124046	-2.58238e-05	0.000126706	-11.76	-0.00220539	0.000113965	0.00220825	177.036	0.000865404	-8.52352e-06	0.000865463	-0.558	-1.781672e-11
0.5275	211			0.000141093	-2.67328e-05	0.000143611	-10.728	-0.00220372	0.000113726	0.00220634	177.042	0.000891868	-1.06693e-05	0.000891928	-0.684	-2.158609e-11
0.53	212			0.000189454	-2.97428e-05	0.000191749	-8.916	-0.00220157	0.000113488	0.00220419	177.042	0.000898842	-9.41759e-06	0.000898961	-0.6	-1.911505e-11
0.5325	213			0.000160874	-2.73885e-05	0.000163198	-9.66	-0.00220205	0.00011468	0.00220491	177.018	0.000896577	-1.01328e-05	0.000896577	-0.642	-1.341911e-11
0.535	214			0.000135989	-2.62858e-05	0.000138492	-10.938	-0.00220515	0.000114441	0.00220801	177.024	0.000907663	-9.5368e-06	0.000907782	-0.6	-2.263312e-11
0.5375	215			0.000141055	-2.56599e-05	0.00014338	-10.296	-0.00221922	0.00011611	0.00222208	177.0	0.000908498	-9.17917e-06	0.000908498	-0.576	-1.940825e-11
0.54	216			0.0001705	-2.81633e-05	0.000172795	-9.372	-0.00225689	0.000118494	0.00225975	176.988	0.000915293	-8.70234e-06	0.000915412	-0.54	-1.484312e-11
0.5425	217			0.000217945	-3.03389e-05	0.000220031	-7.92	-0.00228788	0.000118733	0.00229074	177.024	0.000907782	-7.62945e-06	0.000907782	-0.474	-1.681157e-11
0.545	218			0.000183136	-2.79845e-05	0.000185252	-8.682	-0.00230028	0.000118971	0.00230314	177.036	0.000887517	-8.34471e-06	0.000887517	-0.534	-1.727223e-11
0.5475	219			0.000152827	-2.59877e-05	0.000155003	-9.642	-0.00230218	0.000118494	0.00230481	177.048	0.000860695	-7.03338e-06	0.000860695	-0.462	-1.911509e-11
0.55	220			0.000146599	-2.60771e-05	0.000148923	-10.08	-0.00230195	0.000118494	0.00230481	177.048	0.000779752	-4.29156e-06	0.000779752	-0.312	-1.79005e-11
0.5525	221			8.4341e-05	-2.27989e-05	8.73511e-05	-15.126	-0.00230266	0.000117302	0.00230552	177.078	0.000721578	-1.1921e-06	0.000721578	-0.09	-2.141862e-11
0.555	222			0.000121713	-2.51235e-05	0.000124277	-11.652	-0.00230218	0.000118733	0.00230481	177.048	0.000728253	-1.54973e-06	0.000728253	-0.114	-1.790045e-11
0.5575	223			0.000108243	-2.41102e-05	0.000110895	-12.54	-0.00230171	0.000119448	0.00230457	177.03	0.000784401	-3.81473e-06	0.000784401	-0.27	-2.330328e-11
0.56	224			0.000102818	-2.32161e-05	0.000105381	-12.714	-0.00230218	0.000120402	0.00230505	177.006	0.000845317	-5.24524e-06	0.000845317	-0.348	-1.454991e-11
0.5625	225			0.000103325	-2.3693e-05	0.000106007	-12.9	-0.00230242	0.000121117	0.00230528	176.988	0.000872973	-7.39101e-06	0.000872973	-0.48	-1.957578e-11
0.565	226			0.000111968	-2.50043e-05	0.00011471	-12.582	-0.00230242	0.000121356	0.00230552	176.982	0.000887875	-7.2718e-06	0.000887875	-0.462	-2.397337e-11
0.5675	227			0.000114084	-2.54513e-05	0.000116885	-12.564	-0.00230576	0.000121832	0.00230862	176.97	0.00089765	-7.2718e-06	0.00089765	-0.462	-2.007834e-11
0.57	228			0.0001494	-2.66136e-05	0.000151754	-10.092	-0.00232436	0.000123263	0.00232746	176.964	0.000913266	-8.46392e-06	0.000913385	-0.528	-2.422461e-11
0.5725	229			0.000119806	-2.60771e-05	0.000122608	-12.27	-0.00237109	0.000124932	0.00237419	176.976	0.000955585	-1.01328e-05	0.000955705	-0.606	-1.936635e-11
0.575	230			0.000152589	-2.73586e-05	0.000155033	-10.158	-0.0024152	0.00012827	0.00241829	176.958	0.000991352	-1.12057e-05	0.000991471	-0.642	-1.580636e-11
0.5775	231			0.000234396	-3.26636e-05	0.000236661	-7.926	-0.00242163	0.00012827	0.00242473	176.964	0.00097657	-1.08481e-05	0.000976689	-0.63	-2.246563e-11
0.58	232			0.000227065	-3.34086e-05	0.000229479	-8.364	-0.00241591	0.000127555	0.00241901	176.976	0.000921849	-9.89443e-06	0.000921849	-0.612	-2.271688e-11
0.5825	233			0.000200809	-3.12927e-05	0.000203223	-8.85	-0.0024121	0.000127078	0.0024152	176.982	0.000913505	-9.05996e-06	0.000913505	-0.564	-2.61931e-11
0.585	234			0.000147761	-2.81037e-05	0.000150413	-10.758	-0.00241138	0.000127555	0.00241448	176.97	0.000941042	-8.10629e-06	0.000941042	-0.486	-1.660213e-11
0.5875	235			0.00015238	-2.8819e-05	0.000155062	-10.71	-0.00241138	0.000127316	0.00241448	176.976	0.000976808	-1.00136e-05	0.000976808	-0.588	-2.502044e-11
0.59	236			0.000161202	-3.00111e-05	0.000163973	-10.536	-0.0024121	0.000127316	0.0024152	176.976	0.000988372	-1.04905e-05	0.000988372	-0.606	-1.965952e-11
0.5925	237			0.000171245	-3.06668e-05	0.000173987	-10.146	-0.00242211	0.000127793	0.00242521	176.976	0.000986226	-1.01328e-05	0.000986226	-0.588	-1.681158e-11
0.595	238			0.000194044	-3.11735e-05	0.000196547	-9.12	-0.00245954	0.000129462	0.00246264	176.982	0.000993975	-1.09673e-05	0.000993975	-0.624	-1.727222e-11
0.5975	239			0.000196935	-3.15013e-05	0.000199408	-9.09	-0.0025108	0.000133515	0.00251414	176.952	0.00106705	-1.34707e-05	0.00106717	-0.726	-2.116733e-11
0.6	240			0.000228883	-3.36471e-05	0.000231327	-8.358	-0.00253178	0.000133038	0.00253512	176.988	0.00115145	-1.66894e-05	0.00115157	-0.828	-1.886378e-11
0.6025	241			0.000265392	-3.63591e-05	0.000267865	-7.8	-0.00253202	0.000132562	0.00253512	177.0	0.00115932	-1.69278e-05	0.00115944	-0.834	-1.689532e-11
0.605	242			0.000257047	-3.47497e-05	0.000259371	-7.692	-0.00253202	0.000132323	0.00253512	177.006	0.00113011	-1.7047e-05	0.00113023	-0.864	-2.079036e-11
0.6075	243			0.000221432	-3.39451e-05	0.000223995	-8.712	-0.00253297	0.000131608	0.00253631	177.024	0.00107051	-1.39475e-05	0.00107063	-0.744	-1.915695e-11
0.61	244			0.000197382	-3.26934e-05	0.000200064	-9.402	-0.00253202	0.00013137	0.00253512	177.03	0.0010016	-1.06097e-05	0.0010016	-0.606	-2.154424e-11
0.6125	245			0.000172229	-3.09648e-05	0.000175	-10.188	-0.0025325	0.000132323	0.00253583	177.006	0.00100828	-1.08481e-05	0.0010084	-0.612	-1.924072e-11
0.615	246			0.000131042	-2.81931e-05	0.000134052	-12.138	-0.0025313	0.000133992	0.00253464	176.97	0.0010388	-1.10865e-05	0.00103892	-0.612	-1.924072e-11
0.6175	247			7.34036e-05	-2.44678e-05	7.73673e-05	-18.432	-0.00253154	0.000133515	0.00253464	176.976	0.00106216	-1.2517e-05	0.00106216	-0.672	-2.443409e-11
0.62	248			8.1778e-05	-2.52725e-05	8.55927e-05	-17.16	-0.00253154	0.000133515	0.00253464	176.976	0.00108541	-1.2517e-05	0.00108553	-0.654	-1.94083e-11
0.6225	249			0.00010562	-2.715e-05	0.000109047	-14.412	-0.00253202	0.000135184	0.00253536	176.94	0.00109471	-1.39475e-05	0.00109471	-0.732	-1.760733e-11
0.625	250			0.000128091	-2.78057e-05	0.000131072	-12.246	-0.00253226	0.000134946	0.00253583	176.946	0.00110031	-1.43052e-05	0.00110031	-0.738	-1.685344e-11
0.6275	251			0.000197352	-3.20079e-05	0.000199915	-9.204	-0.00253679	0.000136853	0.00254013	176.91	0.00111378	-1.32323e-05	0.0011139	-0.678	-1.810993e-11
0.63	252			0.000310482	-3.88029e-05	0.000312896	-7.122	-0.00256707	0.000138284	0.00257064	176.916	0.00113977	-1.45436e-05	0.00113977	-0.726	-1.886375e-11
0.6325	253			0.000342699	-3.99651e-05	0.000345023	-6.654	-0.00263263	0.000141383	0.00263621	176.922	0.00117279	-1.62126e-05	0.00117291	-0.786	-2.535545e-11
0.635	254			0.00036216	-4.19619e-05	0.000364574	-6.606	-0.00268032	0.000143052	0.00268389	176.94	0.00113655	-1.4782e-05	0.00113655	-0.738	-2.150232e-11
0.6375	255			0.000313492	-3.94287e-05	0.000315936	-7.164	-0.00270154	0.00014329	0.00270511	176.964	0.00100899	-8.94075e-06	0.00100899	-0.504	-1.995271e-11
0.64	256			0.000256689	-3.63889e-05	0.000259282	-8.064	-0.00270487	0.000142098	0.00270845	176.994	0.000896458	-4.29156e-06	0.000896458	-0.27	-2.003646e-11
0.6425	257			0.000143022	-2.83421e-05	0.000145794	-11.196	-0.0026951	0.00014329	0.00269867	176.958	0.000845078	2.3842e-07	0.000845078	0.024	-2.049716e-11
0.645	258			0.000164897	-3.11735e-05	0.000167818	-10.698	-0.00268246	0.000142814	0.00268604	176.952	0.000835303	-4.76841e-07	0.000835303	-0.03	-1.752356e-11
0.6475	259			0.00021723	-3.46901e-05	0.000220002	-9.066	-0.00267197	0.000142337	0.00267555	176.946	0.000884537	-3.57629e-06	0.000884537	-0.222	-2.179546e-11
0.65	260			0.000234664	-3.49584e-05	0.000237227	-8.466	-0.00266577	0.00014329	0.00266935	176.916	0.000954989	-5.96049e-06	0.000954989	-0.354	-1.97014e-11
0.6525	261			0.000342818	-4.21407e-05	0.000345411	-7.008	-0.00266482	0.000143767	0.0026684	176.91	0.00100411	-7.98708e-06	0.00100411	-0.45	-1.986893e-11
0.655	262			0.000341387	-4.22599e-05	0.00034398	-7.056	-0.00266553	0.00014329	0.00266911	176.916	0.00108064	-1.10865e-05	0.00108064	-0.582	-1.522005e-11
0.6575	263			0.000365557	-4.38096e-05	0.00036818	-6.828	-0.00266959	0.000145436	0.0026734	176.88	0.00113023	-1.23978e-05	0.00113023	-0.624	-1.928264e-11
0.66	264			0.000379862	-4.47037e-05	0.000382485	-6.708	-0.00269367	0.000144959	0.00269724	176.916	0.00117124	-1.43052e-05	0.00117124	-0.696	-2.736582e-11
0.6625	265			0.000378581	-4.48825e-05	0.000381233	-6.756	-0.00275232	0.000149489	0.00275613	176.892	0.00119031	-1.59742e-05	0.00119043	-0.768	-1.974335e-11
0.665	266			0.00038016	-4.56872e-05	0.000382872	-6.852	-0.00280119	0.00015092	0.00280501	176.91	0.00118399	-1.65702e-05	0.00118411	-0.798	-1.810991e-11
0.6675	267			0.000386836	-4.58958e-05	0.000389548	-6.762	-0.00281407	0.000152112	0.00281788	176.904	0.00117815	-1.56165e-05	0.00117827	-0.762	-2.43922e-11
0.67	268			0.000394585	-4.67899e-05	0.000397356	-6.762	-0.00281407	0.00015092	0.00281765	176.928	0.00117934	-1.60934e-05	0.00117958	-0.78	-1.86125e-11
0.6725	269			0.000429304	-4.78032e-05	0.000431957	-6.348	-0.00281335	0.000150443	0.00281717	176.934	0.00117565	-1.63318e-05	0.00117577	-0.792	-2.166988e-11
0.675	270			0.00040728	-4.65217e-05	0.000409933	-6.516	-0.00281335	0.000149728	0.00281717	176.952	0.0011685	-1.62126e-05	0.00116862	-0.792	-2.187932e-11
0.6775	271			0.000348004	-4.38394e-05	0.000350745	-7.176	-0.00281407	0.000149966	0.00281765	176.946	0.00113655	-1.44244e-05	0.00113655	-0.726	-1.99527e-11
0.68	272			0.000305088	-4.10976e-05	0.00030783	-7.674	-0.00281288	0.000149966	0.00281669	176.946	0.00110257	-1.20402e-05	0.00110257	-0.618	-1.873811e-11
0.6825	273			0.000328811	-4.30646e-05	0.000331612	-7.464	-0.00281383	0.000149489	0.00281765	176.952	0.00108183	-1.18018e-05	0.00108183	-0.624	-1.894758e-11
0.685	274			0.000275435	-4.00844e-05	0.000278326	-8.274	-0.00281288	0.000150443	0.00281669	176.934	0.00108302	-1.18018e-05	0.00108302	-0.624	-1.978517e-11
0.6875	275			0.000215889	-3.65379e-05	0.000218959	-9.6	-0.00281335	0.000149966	0.00281717	176.946	0.00108851	-1.13249e-05	0.00108863	-0.594	-1.593206e-11
0.69	276			0.000166834	-3.38557e-05	0.000170232	-11.466	-0.00281288	0.00015092	0.00281645	176.928	0.00109471	-1.06097e-05	0.00109483	-0.552	-1.672783e-11
0.6925	277			0.000177444	-3.37365e-05	0.000180603	-10.758	-0.00281169	0.000151397	0.0028155	176.916	0.00111998	-1.12057e-05	0.0011201	-0.576	-2.003644e-11
0.695	278			0.000188799	-3.41537e-05	0.000191868	-10.248	-0.00281264	0.000151635	0.00281645	176.91	0.00119651	-1.44244e-05	0.00119663	-0.684	-1.91151e-11
0.6975	279			0.000203044	-3.45709e-05	0.000205965	-9.66	-0.00281383	0.000152112	0.00281765	176.898	0.00129438	-1.77623e-05	0.0012945	-0.786	-2.146046e-11
0.7	280			0.000251504	-3.85644e-05	0.000254424	-8.712	-0.00283338	0.000153542	0.00283743	176.898	0.00140548	-2.36036e-05	0.00140572	-0.96	-2.196305e-11
0.7025	281			0.000311704	-4.17235e-05	0.000314476	-7.62	-0.00291945	0.000157119	0.00292327	176.916	0.00147069	-2.74183e-05	0.00147093	-1.062	-2.04134e-11
0.705	282			0.000358703	-4.46143e-05	0.000361474	-7.086	-0.00298668	0.000160933	0.00299098	176.91	0.0014751	-2.65838e-05	0.00147534	-1.026	-1.790048e-11
0.7075	283			0.000341089	-4.31242e-05	0.000343801	-7.206	-0.00298692	0.000161172	0.00299098	176.91	0.00143123	-2.33651e-05	0.00143135	-0.93	-1.308407e-11
0.71	284			0.000356825	-4.50911e-05	0.000359656	-7.2	-0.0029812	0.000160933	0.00298525	176.91	0.00133384	-1.81199e-05	0.00133396	-0.774	-1.857064e-11
0.7125	285			0.000314774	-4.3601e-05	0.000317784	-7.884	-0.00297953	0.000160933	0.00298359	176.904	0.0012759	-1.59742e-05	0.00127602	-0.714	-2.062282e-11
0.715	286			0.000308575	-4.35414e-05	0.000311615	-8.028	-0.00298072	0.000160933	0.00298478	176.904	0.00127197	-1.60934e-05	0.00127209	-0.726	-1.563887e-11
0.7175	287			0.000345262	-4.60746e-05	0.000348302	-7.596	-0.00298621	0.000162602	0.0029905	176.88	0.0012827	-1.76431e-05	0.00128282	-0.786	-1.915696e-11
0.72	288			0.000367733	-4.68495e-05	0.000370683	-7.26	-0.00299622	0.000163318	0.00300027	176.874	0.00128544	-1.60934e-05	0.00128544	-0.714	-1.869623e-11
0.7225	289			0.000296416	-4.31242e-05	0.000299515	-8.274	-0.00300695	0.000164271	0.00301124	176.868	0.00128485	-1.62126e-05	0.00128496	-0.72	-1.689535e-11
0.725	290			0.000271292	-4.17533e-05	0.000274511	-8.748	-0.00301196	0.000164033	0.00301625	176.88	0.00128365	-1.65702e-05	0.00128377	-0.738	-2.259127e-11
0.7275	291			0.000235499	-3.88327e-05	0.000238658	-9.36	-0.00300933	0.000164271	0.00301363	176.874	0.00128079	-1.53781e-05	0.00128091	-0.684	-2.099979e-11
0.73	292			0.000270965	-4.17831e-05	0.000274153	-8.76	-0.00300552	0.000164033	0.00300981	176.874	0.00128055	-1.63318e-05	0.00128067	-0.726	-1.702097e-11
0.7325	293			0.000302644	-4.30646e-05	0.000305684	-8.1	-0.00299884	0.000164271	0.00300314	176.862	0.00128818	-1.6451e-05	0.0012883	-0.732	-2.204681e-11
0.735	294			0.000335695	-4.5717e-05	0.000338795	-7.752	-0.00299408	0.000163794	0.00299837	176.862	0.00129915	-1.59742e-05	0.00129927	-0.702	-1.764921e-11
0.7375	295			0.000341984	-4.61342e-05	0.000345083	-7.68	-0.00298859	0.000163079	0.00299288	176.874	0.00130976	-1.76431e-05	0.00130988	-0.768	-2.535554e-11
0.74	296			0.000401618	-4.97403e-05	0.000404688	-7.056	-0.00298621	0.000164271	0.00299026	176.844	0.00131954	-1.80007e-05	0.00131965	-0.78	-1.5597e-11
0.7425	297			0.000384064	-4.93231e-05	0.000387223	-7.314	-0.00299455	0.000164987	0.00299884	176.844	0.00132323	-1.81199e-05	0.00132335	-0.786	-2.032965e-11
0.745	298			0.000378551	-4.84588e-05	0.000381621	-7.296	-0.0030327	0.000167132	0.00303699	176.844	0.00133384	-1.85968e-05	0.00133396	-0.798	-2.213061e-11
0.7475	299			0.000408413	-5.00979e-05	0.000411483	-6.996	-0.00310518	0.000171185	0.00310971	176.844	0.00134517	-1.9312e-05	0.00134528	-0.816	-2.024588e-11
0.75	300			0.000534181	-5.78167e-05	0.00053728	-6.168	-0.00315167	0.000174762	0.00315644	176.826	0.00134278	-2.03849e-05	0.0013429	-0.87	-1.764918e-11
0.7525	301			0.000600461	-6.21085e-05	0.00060368	-5.904	-0.00316383	0.000174046	0.0031686	176.85	0.00129772	-1.65702e-05	0.00129784	-0.732	-2.087406e-11
0.755	302			0.00054187	-5.80552e-05	0.000544969	-6.114	-0.0031655	0.000173331	0.00317003	176.862	0.00122917	-1.43052e-05	0.00122929	-0.666	-1.978517e-11
0.7575	303			0.000489	-5.39424e-05	0.00049198	-6.288	-0.00316431	0.00017357	0.00316884	176.856	0.00118376	-1.08481e-05	0.00118376	-0.516	-1.676972e-11
0.76	304			0.000484409	-5.47769e-05	0.000487449	-6.444	-0.00316454	0.000171185	0.00316907	176.898	0.00114668	-9.05996e-06	0.0011468	-0.45	-1.743981e-11
0.7625	305			0.00053281	-5.76379e-05	0.000535969	-6.174	-0.00316383	0.000170709	0.00316812	176.91	0.00110877	-7.2718e-06	0.00110877	-0.372	-1.710474e-11
0.765	306			0.000467302	-5.41213e-05	0.000470461	-6.6	-0.00316383	0.000170947	0.00316812	176.904	0.00106729	-5.84128e-06	0.00106729	-0.306	-1.731417e-11
0.7675	307			0.000479402	-5.27503e-05	0.000482323	-6.27	-0.00316383	0.000170232	0.00316812	176.916	0.00103641	-3.45708e-06	0.00103641	-0.186	-2.267503e-11
0.77	308			0.00055236	-5.83532e-05	0.000555459	-6.024	-0.00316383	0.00017047	0.00316812	176.916	0.0010258	-3.45708e-06	0.0010258	-0.192	-1.727229e-11
0.7725	309			0.000514034	-5.71015e-05	0.000517193	-6.336	-0.00316383	0.000170709	0.00316836	176.91	0.00104786	-5.12603e-06	0.00104786	-0.276	-1.919885e-11
0.775	310			0.000440957	-5.1439e-05	0.000443937	-6.654	-0.00316335	0.000172139	0.00316764	176.88	0.00116373	-9.41759e-06	0.00116385	-0.462	-1.65184e-11
0.7775	311			0.000453295	-5.4002e-05	0.000456454	-6.792	-0.00316311	0.000174046	0.00316764	176.85	0.00129331	-1.54973e-05	0.00129331	-0.684	-1.643461e-11
0.78	312			0.000430705	-5.25715e-05	0.000433924	-6.96	-0.00316311	0.000175477	0.00316764	176.826	0.00137056	-1.82391e-05	0.00137068	-0.756	-1.974335e-11
0.7825	313			0.000463309	-5.53729e-05	0.000466587	-6.81	-0.00316311	0.000175477	0.00316764	176.82	0.00139988	-2.0981e-05	0.0014	-0.858	-1.81518e-11
0.785	314			0.000498537	-5.71611e-05	0.000501756	-6.54	-0.00316288	0.000174762	0.00316741	176.838	0.00141466	-2.06233e-05	0.0014149	-0.834	-1.869628e-11
0.7875	315			0.000498179	-5.72803e-05	0.000501458	-6.552	-0.00316478	0.000177146	0.00316955	176.796	0.00143326	-2.12194e-05	0.00143338	-0.846	-2.208871e-11
0.79	316			0.000462474	-5.50749e-05	0.000465753	-6.786	-0.00319578	0.000178576	0.00320055	176.802	0.0014459	-2.03849e-05	0.00144602	-0.804	-1.873817e-11
0.7925	317			0.000459792	-5.56114e-05	0.00046313	-6.894	-0.00328733	0.000183106	0.0032921	176.808	0.00146473	-2.26499e-05	0.00146497	-0.882	-2.070661e-11
0.795	318			0.000439109	-5.44789e-05	0.000442447	-7.068	-0.00337316	0.00018859	0.00337817	176.796	0.00145448	-2.1577e-05	0.0014546	-0.846	-2.426655e-11
0.7975	319			0.000419201	-5.40616e-05	0.000422658	-7.344	-0.0033858	0.000187875	0.0033908	176.82	0.00138987	-1.72855e-05	0.00138999	-0.708	-2.141859e-11
0.8	320			0.000325801	-4.83992e-05	0.000329377	-8.442	-0.00337817	0.000186921	0.00338317	176.832	0.00130094	-1.31131e-05	0.00130106	-0.576	-1.932451e-11
0.8025	321			0.000248076	-4.29752e-05	0.000251772	-9.816	-0.00337483	0.000185967	0.0033796	176.844	0.00124634	-1.09673e-05	0.00124634	-0.498	-2.074849e-11
0.805	322			0.000217796	-4.17235e-05	0.00022173	-10.83	-0.00337459	0.000186444	0.0033796	176.832	0.00123359	-9.41759e-06	0.00123359	-0.438	-1.919882e-11
0.8075	323			0.000190378	-3.95181e-05	0.000194431	-11.718	-0.00337388	0.000185491	0.00337888	176.85	0.00123394	-1.03713e-05	0.00123394	-0.48	-1.563887e-11
0.81	324			0.000216366	-4.13063e-05	0.00022024	-10.794	-0.00337531	0.000186206	0.00338031	176.838	0.00123347	-1.01328e-05	0.00123359	-0.468	-1.735605e-11
0.8125	325			0.000240446	-4.3154e-05	0.000244262	-10.158	-0.00337483	0.000186683	0.00337984	176.832	0.00123728	-1.06097e-05	0.0012374	-0.486	-2.062284e-11
0.815	326			0.000278415	-4.47037e-05	0.000281991	-9.12	-0.00337388	0.000185967	0.00337888	176.844	0.00124741	-1.06097e-05	0.00124753	-0.486	-2.347078e-11
0.8175	327			0.000274183	-4.44653e-05	0.00027776	-9.204	-0.00337435	0.000185729	0.00337936	176.85	0.00126255	-1.18018e-05	0.00126267	-0.534	-1.970143e-11
0.82	328			0.000252666	-4.32136e-05	0.000256361	-9.696	-0.00337531	0.00018716	0.00338008	176.826	0.00127471	-1.18018e-05	0.00127471	-0.528	-1.480123e-11
0.8225	329			0.000409486	-5.20351e-05	0.000412764	-7.236	-0.00337388	0.000185967	0.00337888	176.844	0.00128365	-1.28747e-05	0.00128365	-0.576	-2.058098e-11
0.825	330			0.000404419	-5.20351e-05	0.000407757	-7.326	-0.00337435	0.000186444	0.00337912	176.838	0.00129057	-1.43052e-05	0.00129069	-0.636	-2.032965e-11
0.8275	331			0.000471713	-5.65054e-05	0.000475051	-6.828	-0.00337435	0.000186921	0.00337936	176.826	0.0012951	-1.31131e-05	0.0012951	-0.576	-2.079033e-11
0.83	332			0.000514869	-5.99029e-05	0.000518326	-6.636	-0.00337745	0.000186444	0.00338246	176.838	0.00132407	-1.4782e-05	0.00132418	-0.636	-2.133481e-11
0.8325	333			0.000534657	-6.18701e-05	0.000538234	-6.594	-0.00338532	0.000188113	0.00339009	176.814	0.00137783	-1.71663e-05	0.00137795	-0.708	-1.936637e-11
0.835	334			0.000524882	-6.13932e-05	0.000528459	-6.666	-0.0034001	0.000189305	0.00340511	176.808	0.00149358	-2.12194e-05	0.0014937	-0.81	-1.970142e-11
0.8375	335			0.000500981	-5.90088e-05	0.000504497	-6.714	-0.00341703	0.000189305	0.00342228	176.826	0.00166167	-2.88488e-05	0.0016619	-0.996	-2.200498e-11
0.84	336			0.000503425	-5.96645e-05	0.000506941	-6.756	-0.00343038	0.000190974	0.00343539	176.808	0.00174571	-3.14715e-05	0.00174595	-1.032	-1.915698e-11
0.8425	337			0.000545148	-6.10952e-05	0.000548545	-6.39	-0.00344659	0.000193597	0.00345184	176.778	0.00177801	-3.37365e-05	0.00177837	-1.086	-2.016211e-11
0.845	338			0.000652973	-6.86054e-05	0.000656549	-5.994	-0.00348736	0.000196458	0.00349261	176.772	0.00182153	-3.52862e-05	0.00182176	-1.104	-1.664406e-11
0.8475	339			0.000619415	-6.69961e-05	0.000622991	-6.168	-0.00353481	0.000198127	0.00354005	176.79	0.00186134	-3.88625e-05	0.00186158	-1.188	-1.794239e-11
0.85	340			0.000588063	-6.37774e-05	0.00059152	-6.186	-0.00358416	0.000202418	0.00358941	176.766	0.00189758	-3.83856e-05	0.00189782	-1.152	-1.53457e-11
0.8525	341			0.000592414	-6.47311e-05	0.000595931	-6.234	-0.00360681	0.000201465	0.00361206	176.802	0.00190068	-4.10082e-05	0.00190116	-1.236	-2.472725e-11
0.855	342			0.000653747	-6.87842e-05	0.000657324	-6.0	-0.00361468	0.00020218	0.00361992	176.796	0.0018735	-3.83856e-05	0.00187374	-1.17	-1.781673e-11
0.8575	343			0.000636939	-6.8069e-05	0.000640575	-6.096	-0.00362088	0.000201226	0.00362636	176.82	0.00181747	-3.5763e-05	0.00181771	-1.122	-1.756546e-11
0.86	344			0.000651602	-6.96187e-05	0.000655357	-6.096	-0.00364543	0.000203134	0.00365092	176.808	0.00175954	-3.2902e-05	0.00175977	-1.062	-2.095788e-11
0.8625	345			0.000606362	-6.71153e-05	0.000610057	-6.312	-0.00369884	0.000206471	0.00370456	176.802	0.0016923	-3.00409e-05	0.00169254	-1.008	-2.04553e-11
0.865	346			0.000512306	-6.13932e-05	0.000516001	-6.828	-0.00371577	0.00020814	0.00372125	176.796	0.00163651	-2.6703e-05	0.00163651	-0.936	-2.032968e-11
0.8675	347			0.00051314	-6.14529e-05	0.000516836	-6.828	-0.0036924	0.000206471	0.00369789	176.796	0.00158335	-2.50341e-05	0.00158335	-0.906	-1.542948e-11
0.87	348			0.000542227	-6.31814e-05	0.000545863	-6.642	-0.0036657	0.000205756	0.00367142	176.784	0.00154162	-2.19346e-05	0.00154186	-0.81	-1.945017e-11
0.8725	349			0.000530247	-6.28238e-05	0.000533942	-6.756	-0.00363566	0.00020361	0.00364091	176.796	0.00151039	-2.07425e-05	0.00151039	-0.786	-2.573242e-11
0.875	350			0.000637595	-7.00955e-05	0.000641409	-6.27	-0.00361802	0.000202657	0.00362326	176.79	0.00149155	-1.9312e-05	0.00149179	-0.738	-1.748167e-11
0.8775	351			0.000616018	-6.84266e-05	0.000619832	-6.336	-0.00361301	0.000202895	0.00361826	176.784	0.00148369	-2.02657e-05	0.00148392	-0.78	-2.393149e-11
0.88	352			0.000718776	-7.52811e-05	0.00072271	-5.976	-0.00361492	0.000201465	0.0036204	176.808	0.00148035	-1.95504e-05	0.00148059	-0.75	-1.739789e-11
0.8825	353			0.000622276	-6.8963e-05	0.000626091	-6.318	-0.00361468	0.000202418	0.00361992	176.796	0.00147892	-1.97889e-05	0.00147916	-0.762	-2.37221e-11
0.885	354			0.000616852	-6.78902e-05	0.000620548	-6.276	-0.00361468	0.000203134	0.00362016	176.778	0.00147916	-1.90736e-05	0.00147939	-0.738	-2.376397e-11
0.8875	355			0.000529651	-6.25853e-05	0.000533346	-6.732	-0.00361396	0.00020361	0.00361945	176.772	0.00148178	-1.88352e-05	0.00148202	-0.72	-2.158608e-11
0.89	356			0.000625256	-6.92015e-05	0.000629071	-6.312	-0.00361396	0.00020361	0.00361921	176.772	0.00148106	-1.88352e-05	0.00148106	-0.726	-1.953386e-11
0.8925	357			0.000698391	-7.43871e-05	0.000702325	-6.078	-0.00361468	0.000204326	0.00362016	176.76	0.00147844	-1.88352e-05	0.00147868	-0.732	-1.919885e-11
0.895	358			0.000664059	-7.21817e-05	0.000667993	-6.198	-0.00361444	0.000204326	0.00361992	176.76	0.00147916	-1.85968e-05	0.00147939	-0.72	-1.589016e-11
0.8975	359			0.000661258	-7.23605e-05	0.000665192	-6.24	-0.00361373	0.000204087	0.00361921	176.766	0.00147916	-1.90736e-05	0.00147939	-0.738	-1.748167e-11
0.9	360			0.000739995	-7.78441e-05	0.000744049	-6.0	-0.00361468	0.000204802	0.00362016	176.754	0.00147844	-1.83583e-05	0.00147868	-0.702	-2.204681e-11
0.9025	361			0.000726167	-7.76653e-05	0.000730339	-6.102	-0.00361539	0.000205279	0.00362088	176.748	0.00147773	-2.00273e-05	0.00147796	-0.768	-1.727228e-11
0.905	362			0.000747208	-7.81422e-05	0.000751261	-5.964	-0.00362755	0.000205995	0.00363328	176.748	0.00148702	-1.88352e-05	0.00148702	-0.72	-1.731417e-11
0.9075	363			0.000701193	-7.62348e-05	0.000705305	-6.204	-0.00367929	0.00020814	0.00368477	176.76	0.00149704	-2.05041e-05	0.00149704	-0.786	-1.656027e-11
0.91	364			0.000817958	-8.4043e-05	0.00082225	-5.862	-0.00378181	0.000215054	0.00378753	176.742	0.00150705	-2.05041e-05	0.00150705	-0.78	-2.066471e-11
0.9125	365			0.000764314	-8.04071e-05	0.000768546	-6.0	-0.00387479	0.000219108	0.00388075	176.76	0.00147677	-1.97889e-05	0.00147701	-0.762	-1.878001e-11
0.915	366			0.000721876	-7.84402e-05	0.000726108	-6.198	-0.00390364	0.000220538	0.00390962	176.766	0.00138498	-1.38283e-05	0.00138498	-0.564	-2.116728e-11
0.9175	367			0.000634972	-7.26585e-05	0.000639085	-6.528	-0.00390007	0.000218869	0.00390603	176.784	0.00127984	-7.86787e-06	0.00127984	-0.342	-2.037155e-11
0.92	368			0.000548009	-6.71749e-05	0.000552122	-6.984	-0.00389363	0.000216962	0.00389959	176.808	0.00121523	-3.81473e-06	0.00121523	-0.174	-2.242375e-11
0.9225	369			0.000522319	-6.5506e-05	0.000526432	-7.146	-0.00389244	0.000217916	0.0038984	176.796	0.00118733	-2.3842e-06	0.00118733	-0.102	-1.819369e-11
0.925	370			0.000506882	-6.3539e-05	0.000510816	-7.146	-0.00389101	0.000217916	0.00389697	176.79	0.00118376	-1.1921e-06	0.00118376	-0.048	-2.112545e-11
0.9275	371			0.000498835	-6.46119e-05	0.000503007	-7.38	-0.00389244	0.000218154	0.0038984	176.79	0.00117994	-7.15259e-07	0.00117994	-0.03	-2.25913e-11
0.93	372			0.000488881	-6.46119e-05	0.000493113	-7.53	-0.00389196	0.0002203	0.00389792	176.76	0.00119806	-1.1921e-06	0.00119806	-0.054	-1.810991e-11
0.9325	373			0.000455918	-6.10952e-05	0.000459971	-7.626	-0.00389172	0.0002203	0.00389768	176.76	0.00135756	-8.34471e-06	0.00135756	-0.348	-2.091599e-11
0.935	374			0.000470223	-6.17509e-05	0.000474276	-7.476	-0.0038922	0.000221253	0.0038984	176.742	0.00150324	-1.54973e-05	0.00150324	-0.582	-2.087409e-11
0.9375	375			0.000462653	-6.11548e-05	0.000466647	-7.524	-0.00389315	0.000220777	0.00389911	176.748	0.00159646	-1.81199e-05	0.0015967	-0.648	-2.129299e-11
0.94	376			0.000506584	-6.46119e-05	0.000510696	-7.26	-0.00389124	0.000220061	0.0038972	176.76	0.00166798	-2.26499e-05	0.00166822	-0.774	-1.492689e-11
0.9425	377			0.000393452	-5.6267e-05	0.000397446	-8.13	-0.00389244	0.000219346	0.0038984	176.772	0.00168372	-2.28883e-05	0.00168372	-0.78	-1.748164e-11
0.945	378			0.000365974	-5.48961e-05	0.000370087	-8.526	-0.00389315	0.000218154	0.00389911	176.79	0.00166178	-2.16962e-05	0.00166202	-0.744	-1.9492e-11
0.9475	379			0.000266077	-4.85184e-05	0.000270428	-10.326	-0.00389315	0.000217439	0.00389887	176.802	0.00158454	-1.90736e-05	0.00158478	-0.69	-2.141858e-11
0.95	380			0.00032288	-5.20351e-05	0.000327053	-9.15	-0.00389196	0.000217916	0.00389792	176.796	0.00145794	-1.40668e-05	0.00145794	-0.546	-1.727229e-11
0.9525	381			0.000478627	-6.18105e-05	0.000482561	-7.356	-0.00389244	0.000218154	0.0038984	176.79	0.00134207	-9.5368e-06	0.00134207	-0.396	-1.827746e-11
0.955	382			0.000440421	-6.05586e-05	0.000444533	-7.824	-0.00389363	0.000218631	0.00389959	176.784	0.00132991	-8.58313e-06	0.00132991	-0.366	-1.681159e-11
0.9575	383			0.000374498	-5.5671e-05	0.000378611	-8.442	-0.00389196	0.000219584	0.00389792	176.772	0.00136328	-9.05996e-06	0.00136328	-0.372	-1.894758e-11
0.96	384			0.000404539	-5.79359e-05	0.000408651	-8.142	-0.00389268	0.000219584	0.00389864	176.772	0.00144411	-1.38283e-05	0.00144411	-0.54	-1.878002e-11
0.9625	385			0.000517193	-6.43735e-05	0.000521187	-7.092	-0.00389101	0.000222684	0.0038972	176.724	0.00159574	-1.9312e-05	0.00159598	-0.69	-1.940826e-11
0.965	386			0.000473859	-6.22873e-05	0.000477912	-7.488	-0.00389315	0.00022483	0.00389935	176.694	0.00168277	-2.2173e-05	0.001683	-0.75	-1.890567e-11
0.9675	387			0.000393333	-5.72207e-05	0.000397446	-8.268	-0.00389196	0.00022483	0.0038984	176.688	0.00172401	-2.47956e-05	0.00172425	-0.822	-1.764921e-11
0.97	388			0.000565533	-6.93803e-05	0.000569765	-6.99	-0.00389077	0.000226499	0.0038972	176.664	0.00173903	-2.59877e-05	0.00173903	-0.852	-1.572263e-11
0.9725	389			0.000533108	-6.71749e-05	0.00053728	-7.176	-0.0038922	0.000226975	0.00389864	176.664	0.00174714	-2.62262e-05	0.00174738	-0.852	-1.886379e-11
0.975	390			0.000501756	-6.5804e-05	0.000506047	-7.47	-0.00389482	0.000226975	0.00390126	176.664	0.00175191	-2.55109e-05	0.00175215	-0.828	-1.534573e-11
0.9775	391			0.000512484	-6.75921e-05	0.000516955	-7.512	-0.00390483	0.000227452	0.00391129	176.664	0.00176836	-2.86103e-05	0.0017686	-0.924	-2.271693e-11
0.98	392			0.000621859	-7.43871e-05	0.000626329	-6.816	-0.00393584	0.000229836	0.00394228	176.652	0.00179005	-2.83719e-05	0.00179005	-0.906	-2.288446e-11
0.9825	393			0.000742976	-8.18972e-05	0.000747446	-6.288	-0.00400284	0.000234605	0.00400928	176.646	0.00181294	-2.9564e-05	0.00181318	-0.924	-1.98271e-11
0.985	394			0.000802401	-8.67848e-05	0.00080711	-6.168	-0.0041056	0.000240327	0.00411251	176.646	0.00178219	-2.74183e-05	0.00178242	-0.876	-1.852873e-11
0.9875	395			0.000840608	-8.89902e-05	0.000845257	-6.042	-0.00420263	0.000245335	0.00420955	176.658	0.00171781	-2.47956e-05	0.00171805	-0.822	-1.81518e-11
0.99	396			0.000808004	-8.58312e-05	0.000812534	-6.066	-0.00429109	0.000250103	0.00429824	176.664	0.00165988	-2.05041e-05	0.00165988	-0.708	-1.710475e-11
0.9925	397			0.000843409	-8.9169e-05	0.000848059	-6.036	-0.00434712	0.000252964	0.00435403	176.664	0.00161601	-1.83583e-05	0.00161625	-0.642	-2.028777e-11
0.995	398			0.000716511	-8.09436e-05	0.000721041	-6.444	-0.00436834	0.000252726	0.00437549	176.688	0.00159455	-1.74047e-05	0.00159455	-0.624	-1.689533e-11
0.9975	399			0.000716213	-8.18376e-05	0.000720922	-6.516	-0.00436953	0.000252726	0.00437668	176.688	0.00158954	-1.66894e-05	0.00158978	-0.6	-1.965957e-11
1.0	400			0.000679616	-7.88574e-05	0.000684205	-6.618	-0.00433972	0.000251057	0.00434688	176.688	0.00155903	-1.50204e-05	0.00155903	-0.546	-2.217245e-11
