variable x	variable x count			lockin1 x	lockin1 y	lockin1 r	lockin1 phi	lockin2 x	lockin2 y	lockin2 r	lockin2 phi	lockin3 x	lockin3 y	lockin3 r	lockin3 phi	lockin4 x	lockin4 y	lockin4 r	lockin4 phi	smu1 meas	


1.0	0			6.89182e-06	-2.16515e-05	2.27169e-05	-72.336	0.0010388	-1.07289e-05	0.0010388	-0.588	0.0056496	-0.000257494	0.00565532	-2.598	0.00462726	-0.000279428	0.00463584	-3.456	-1.664408e-11
0.998	1			5.60659e-06	-2.0031e-05	2.07984e-05	-74.352	0.00103474	-1.16826e-05	0.00103474	-0.648	0.00564769	-0.000259401	0.00565341	-2.616	0.00462726	-0.000279428	0.00463584	-3.456	-1.819371e-11
0.996	2			2.25754e-06	-1.93903e-05	1.95169e-05	-83.352	0.00102998	-1.07289e-05	0.00102998	-0.582	0.00564387	-0.000259401	0.0056496	-2.622	0.00462535	-0.000280382	0.00463393	-3.462	-1.731418e-11
0.994	3			2.35067e-06	-2.04408e-05	2.05749e-05	-83.43	0.00102974	-1.00136e-05	0.00102974	-0.546	0.00564387	-0.000259401	0.0056496	-2.622	0.0046244	-0.000280382	0.00463298	-3.462	-1.484314e-11
0.992	4			6.96633e-07	-2.03104e-05	2.03216e-05	-88.026	0.00102902	-1.07289e-05	0.00102902	-0.594	0.00564197	-0.000259401	0.0056496	-2.622	0.00462344	-0.000279428	0.00463203	-3.456	-1.890567e-11
0.99	5			1.89245e-06	-1.94759e-05	1.95691e-05	-84.45	0.0010295	-9.29838e-06	0.0010295	-0.51	0.00564197	-0.000257494	0.0056496	-2.604	0.00462344	-0.000279428	0.00463203	-3.456	-1.970145e-11
0.988	6			1.23308e-06	-1.96026e-05	1.96398e-05	-86.388	0.00102855	-1.02521e-05	0.00102855	-0.57	0.00564197	-0.000257494	0.0056496	-2.604	0.00462154	-0.000279428	0.00463012	-3.45	-1.706289e-11
0.986	7			6.33304e-08	-1.91928e-05	1.91891e-05	-89.814	0.00102688	-1.00136e-05	0.00102688	-0.546	0.00564006	-0.000257494	0.00564769	-2.604	0.00462249	-0.000278475	0.00463107	-3.444	-1.777486e-11
0.984	8			1.75462e-06	-1.97144e-05	1.97889e-05	-84.906	0.00102855	-9.77522e-06	0.00102855	-0.54	0.00564006	-0.000259401	0.00564769	-2.622	0.00462344	-0.000279428	0.00463203	-3.456	-2.108354e-11
0.982	9			4.21706e-06	-1.92003e-05	1.96547e-05	-77.604	0.0010295	-1.07289e-05	0.0010295	-0.594	0.00564006	-0.000259401	0.00564769	-2.622	0.00462535	-0.000279428	0.00463393	-3.456	-2.359648e-11
0.98	10			7.65553e-06	-2.00012e-05	2.14131e-05	-69.054	0.00102831	-1.04905e-05	0.00102831	-0.576	0.00564006	-0.000259401	0.00564769	-2.622	0.00462821	-0.000279428	0.00463679	-3.456	-2.120919e-11
0.978	11			1.29492e-05	-2.01353e-05	2.39388e-05	-57.252	0.00103474	-1.07289e-05	0.00103474	-0.588	0.00564197	-0.000259401	0.0056496	-2.622	0.00462821	-0.000280382	0.00463679	-3.462	-2.154423e-11
0.976	12			1.75574e-05	-2.03477e-05	2.68744e-05	-49.206	0.00104738	-1.02521e-05	0.00104738	-0.558	0.00564006	-0.000259401	0.00564769	-2.622	0.00461963	-0.000281336	0.00462821	-3.474	-2.372218e-11
0.974	13			1.90848e-05	-1.95132e-05	2.72953e-05	-45.636	0.00108195	-1.16826e-05	0.00108195	-0.618	0.00564006	-0.000261309	0.00564769	-2.64	0.00459102	-0.000279428	0.0045996	-3.474	-2.330332e-11
0.972	14			1.75388e-05	-1.93195e-05	2.6092e-05	-47.76	0.00114203	-1.57357e-05	0.00114227	-0.786	0.00563815	-0.000259401	0.00564578	-2.622	0.00453094	-0.000275614	0.00453952	-3.474	-1.878007e-11
0.97	15			1.57134e-05	-1.86936e-05	2.44194e-05	-49.944	0.00122095	-2.00273e-05	0.00122119	-0.936	0.00563625	-0.000261309	0.00564387	-2.64	0.00444892	-0.000270845	0.0044575	-3.48	-1.831935e-11
0.968	16			1.0226e-05	-1.94722e-05	2.19905e-05	-62.28	0.00129724	-2.50341e-05	0.00129748	-1.104	0.00563434	-0.000259401	0.00564006	-2.622	0.00436404	-0.000267031	0.00437167	-3.498	-1.823559e-11
0.966	17			6.713e-06	-1.98261e-05	2.09288e-05	-71.286	0.0013404	-2.9564e-05	0.00134087	-1.254	0.00562099	-0.000261309	0.00562671	-2.646	0.00430015	-0.000262262	0.00430873	-3.486	-1.760734e-11
0.964	18			3.90413e-06	-1.88203e-05	1.92189e-05	-78.27	0.00135804	-3.12331e-05	0.00135828	-1.308	0.00560763	-0.000259401	0.00561336	-2.64	0.00426486	-0.000259401	0.00427249	-3.468	-1.848683e-11
0.962	19			1.97814e-06	-1.85074e-05	1.86117e-05	-83.892	0.00133849	-3.05178e-05	0.00133873	-1.302	0.00556949	-0.000257494	0.00557521	-2.64	0.00424293	-0.00025654	0.00425151	-3.45	-2.280071e-11
0.96	20			8.34469e-07	-1.77139e-05	1.77325e-05	-87.294	0.00128294	-2.74183e-05	0.00128341	-1.218	0.00550655	-0.000251772	0.00551227	-2.616	0.0042353	-0.000254633	0.00424293	-3.432	-1.878005e-11
0.958	21			6.10951e-07	-1.84403e-05	1.84478e-05	-88.098	0.00125218	-2.71798e-05	0.00125242	-1.236	0.00547794	-0.000251772	0.00548175	-2.61	0.00423339	-0.000252726	0.00424102	-3.414	-1.932449e-11
0.956	22			-1.00584e-06	-1.85409e-05	1.85632e-05	-93.096	0.00123907	-2.6703e-05	0.00123955	-1.23	0.00546458	-0.000249865	0.00547031	-2.598	0.00423244	-0.000252726	0.00424007	-3.414	-1.819369e-11
0.954	23			-1.1623e-06	-1.8906e-05	1.89395e-05	-93.51	0.00125385	-2.81335e-05	0.00125409	-1.278	0.00548175	-0.000251772	0.00548747	-2.61	0.00423244	-0.000252726	0.00424007	-3.408	-2.020405e-11
0.952	24			-1.21818e-06	-1.78219e-05	1.78592e-05	-93.906	0.00125719	-2.69414e-05	0.00125743	-1.224	0.00548366	-0.000249865	0.00548938	-2.592	0.00423244	-0.000250818	0.00424007	-3.39	-1.928266e-11
0.95	25			-1.42679e-06	-1.8187e-05	1.82391e-05	-94.488	0.00126839	-2.9564e-05	0.00126887	-1.326	0.0054951	-0.000251772	0.00550082	-2.604	0.00423148	-0.000250818	0.00423816	-3.39	-2.166997e-11
0.948	26			-1.99304e-06	-1.72929e-05	1.74047e-05	-96.564	0.00127221	-2.93256e-05	0.00127269	-1.314	0.00550082	-0.000251772	0.00550464	-2.616	0.00423244	-0.000250818	0.00424007	-3.39	-1.773301e-11
0.946	27			-7.41336e-07	-1.8675e-05	1.86824e-05	-92.268	0.00128914	-2.9564e-05	0.00128938	-1.308	0.00551608	-0.000251772	0.0055199	-2.592	0.00423244	-0.000252726	0.00424007	-3.408	-1.794246e-11
0.944	28			-2.21284e-06	-1.81646e-05	1.8295e-05	-96.936	0.0013013	-3.12331e-05	0.00130153	-1.362	0.00553134	-0.000251772	0.00553516	-2.604	0.00423339	-0.000250818	0.00424102	-3.39	-1.894758e-11
0.942	29			-2.12343e-06	-1.9461e-05	1.95728e-05	-96.216	0.00131036	-3.05178e-05	0.00131059	-1.326	0.00553897	-0.000251772	0.00554469	-2.598	0.00423434	-0.000251772	0.00424102	-3.396	-2.192119e-11
0.94	30			-1.34484e-06	-2.05525e-05	2.05935e-05	-93.738	0.00132919	-3.26636e-05	0.00132967	-1.398	0.00555804	-0.000253679	0.00556186	-2.61	0.00423339	-0.000252726	0.00424102	-3.408	-1.928263e-11
0.938	31			-1.63914e-06	-2.01949e-05	2.02582e-05	-94.632	0.00133944	-3.2902e-05	0.00133992	-1.398	0.00556758	-0.000253679	0.0055714	-2.604	0.00423339	-0.000252726	0.00424102	-3.408	-1.727231e-11
0.936	32			-1.74344e-06	-2.1089e-05	2.1156e-05	-94.716	0.0013497	-3.19483e-05	0.00134993	-1.35	0.00557712	-0.000253679	0.00558284	-2.598	0.00423339	-0.000252726	0.00424102	-3.414	-2.116732e-11
0.934	33			-2.17558e-06	-2.1048e-05	2.1156e-05	-95.898	0.00135971	-3.24252e-05	0.00135995	-1.362	0.00558665	-0.000253679	0.00559238	-2.598	0.00423339	-0.000253679	0.00424102	-3.426	-1.697915e-11
0.932	34			-1.24425e-06	-2.11858e-05	2.12194e-05	-93.36	0.00136424	-3.24252e-05	0.00136472	-1.356	0.00559238	-0.000253679	0.0055981	-2.592	0.00423434	-0.000252726	0.00424102	-3.414	-2.062288e-11
0.93	35			-5.69973e-07	-2.06531e-05	2.06569e-05	-91.572	0.00137306	-3.2902e-05	0.0013733	-1.362	0.00560001	-0.000253679	0.00560573	-2.592	0.00423434	-0.000252726	0.00424102	-3.408	-2.326144e-11
0.928	36			-8.90348e-07	-2.06531e-05	2.06718e-05	-92.466	0.00137211	-3.31404e-05	0.00137258	-1.38	0.0055981	-0.000251772	0.00560382	-2.574	0.00423434	-0.000251772	0.00424197	-3.396	-1.802616e-11
0.926	37			-2.72693e-06	-1.99006e-05	2.00832e-05	-97.794	0.00136758	-3.31404e-05	0.00136781	-1.38	0.00559619	-0.000251772	0.00560001	-2.574	0.00423339	-0.000249865	0.00424102	-3.372	-1.77749e-11
0.924	38			-1.83285e-06	-1.95914e-05	1.96734e-05	-95.34	0.00136495	-3.33788e-05	0.00136519	-1.398	0.00559428	-0.000251772	0.0055981	-2.556	0.00423339	-0.000248911	0.00424102	-3.36	-2.150238e-11
0.922	39			-1.27778e-06	-1.89767e-05	1.90177e-05	-93.852	0.00135136	-3.14715e-05	0.00135184	-1.326	0.00558093	-0.000249865	0.00558475	-2.55	0.00423434	-0.000248911	0.00424197	-3.354	-1.530385e-11
0.92	40			-1.65031e-06	-1.93008e-05	1.93679e-05	-94.878	0.00130988	-2.88488e-05	0.00131012	-1.26	0.00553897	-0.000247957	0.00554469	-2.55	0.00423434	-0.000248911	0.00424197	-3.354	-2.016216e-11
0.918	41			-1.82912e-06	-1.92189e-05	1.93008e-05	-95.43	0.001225	-2.59877e-05	0.00122524	-1.206	0.00545123	-0.000244142	0.00545505	-2.556	0.00423434	-0.000248911	0.00424102	-3.354	-2.192121e-11
0.916	42			-1.40072e-06	-1.88203e-05	1.88724e-05	-94.254	0.00109411	-2.00273e-05	0.00109435	-1.038	0.00531963	-0.00023842	0.00532535	-2.544	0.00423434	-0.000248911	0.00424102	-3.354	-1.777491e-11
0.914	43			-2.25009e-06	-1.79262e-05	1.80603e-05	-97.158	0.00100804	-1.50204e-05	0.00100804	-0.852	0.00523379	-0.000234605	0.00523952	-2.55	0.00423434	-0.000247004	0.00424102	-3.336	-1.852874e-11
0.912	44			-1.1325e-06	-1.90922e-05	1.9122e-05	-93.39	0.000945572	-1.16826e-05	0.000945572	-0.708	0.00517276	-0.000228883	0.00517657	-2.526	0.00423434	-0.000247957	0.00424102	-3.342	-1.97852e-11
0.91	45			-1.09524e-06	-1.81535e-05	1.81833e-05	-93.45	0.000892881	-9.5368e-06	0.000892881	-0.6	0.00512126	-0.000228883	0.00512508	-2.55	0.00423434	-0.000247957	0.00424102	-3.342	-1.890571e-11
0.908	46			-5.21544e-07	-1.68794e-05	1.68831e-05	-91.764	0.000874285	-7.39101e-06	0.000874285	-0.468	0.00510219	-0.000226975	0.00510791	-2.544	0.00423434	-0.000247957	0.00424102	-3.342	-2.309388e-11
0.906	47			-9.53682e-07	-1.76021e-05	1.76245e-05	-93.09	0.000861887	-7.39101e-06	0.000861887	-0.474	0.00509074	-0.000225068	0.00509647	-2.532	0.00423434	-0.000247957	0.00424197	-3.342	-1.605777e-11
0.904	48			-2.01167e-07	-1.77437e-05	1.77399e-05	-90.648	0.000853065	-6.19891e-06	0.000853065	-0.414	0.0050793	-0.000226975	0.00508311	-2.556	0.00423434	-0.000248911	0.00424102	-3.354	-1.986901e-11
0.902	49			-1.16602e-06	-1.56352e-05	1.56724e-05	-94.254	0.000849728	-6.19891e-06	0.000849728	-0.402	0.00507739	-0.000226975	0.00508311	-2.556	0.00423434	-0.000247957	0.00424102	-3.342	-1.898946e-11
0.9	50			-1.66894e-06	-1.68869e-05	1.69688e-05	-95.634	0.000850681	-6.67575e-06	0.000850681	-0.438	0.00507739	-0.000226975	0.00508311	-2.556	0.00423339	-0.000248911	0.00424102	-3.36	-1.785863e-11
0.898	51			-1.72482e-06	-1.68757e-05	1.69576e-05	-95.832	0.000849966	-5.72208e-06	0.000849966	-0.372	0.00507739	-0.000226975	0.00508311	-2.556	0.00423244	-0.000248911	0.00424007	-3.354	-1.915697e-11
0.896	52			-9.72308e-07	-1.67527e-05	1.67751e-05	-93.312	0.000852589	-4.29156e-06	0.000852589	-0.282	0.00507739	-0.000226975	0.00508311	-2.556	0.00423148	-0.000248911	0.00423816	-3.366	-1.861254e-11
0.894	53			-9.127e-07	-1.76766e-05	1.7699e-05	-92.946	0.000857834	-5.24524e-06	0.000857834	-0.342	0.00507739	-0.000226975	0.00508311	-2.556	0.00422671	-0.000249865	0.00423434	-3.378	-2.263318e-11
0.892	54			-1.21445e-06	-1.71961e-05	1.7237e-05	-94.038	0.000876192	-4.52998e-06	0.000876192	-0.294	0.00507739	-0.000225068	0.00508311	-2.538	0.00420955	-0.000248911	0.00421718	-3.378	-2.104166e-11
0.89	55			-8.60546e-07	-1.69129e-05	1.69316e-05	-92.91	0.000907902	-7.86787e-06	0.000907902	-0.48	0.00507739	-0.000225068	0.00508311	-2.538	0.00417998	-0.000247957	0.00418761	-3.384	-2.263315e-11
0.888	56			-1.36346e-06	-1.65628e-05	1.66186e-05	-94.704	0.000951055	-8.58313e-06	0.000951055	-0.51	0.0050793	-0.000226975	0.00508311	-2.556	0.00413993	-0.00024605	0.00414756	-3.402	-1.723044e-11
0.886	57			-1.15484e-07	-1.64659e-05	1.64622e-05	-90.396	0.000992782	-1.12057e-05	0.000992782	-0.636	0.00508121	-0.000226975	0.00508502	-2.556	0.00409892	-0.000243188	0.00410655	-3.39	-2.108356e-11
0.884	58			-2.27244e-07	-1.66224e-05	1.66186e-05	-90.78	0.0010357	-1.40668e-05	0.00103594	-0.768	0.00508311	-0.000226975	0.00508693	-2.55	0.00405696	-0.000241281	0.00406459	-3.396	-1.999462e-11
0.882	59			1.63914e-06	-1.64212e-05	1.64994e-05	-84.294	0.0010655	-1.57357e-05	0.00106574	-0.84	0.00508311	-0.000228883	0.00508693	-2.574	0.0040274	-0.000239373	0.00403503	-3.402	-2.589996e-11
0.88	60			3.13298e-06	-1.77809e-05	1.80491e-05	-79.998	0.00108505	-1.69278e-05	0.00108505	-0.888	0.00508311	-0.000228883	0.00508884	-2.568	0.00401023	-0.000239373	0.00401691	-3.408	-2.52717e-11
0.878	61			5.66247e-06	-1.64212e-05	1.73674e-05	-70.968	0.00109554	-1.69278e-05	0.00109554	-0.882	0.00508311	-0.000228883	0.00508884	-2.568	0.00400165	-0.00023842	0.00400832	-3.402	-1.928263e-11
0.876	62			7.44688e-06	-1.77288e-05	1.92263e-05	-67.206	0.00110222	-1.95504e-05	0.00110245	-1.002	0.00508311	-0.000228883	0.00508693	-2.574	0.00399497	-0.000237466	0.0040026	-3.402	-2.510426e-11
0.874	63			8.45274e-06	-1.74494e-05	1.93865e-05	-64.146	0.00111032	-1.83583e-05	0.00111056	-0.936	0.00508311	-0.000228883	0.00508884	-2.568	0.0039902	-0.000237466	0.00399688	-3.402	-2.267506e-11
0.872	64			7.61452e-06	-1.71216e-05	1.87346e-05	-66.018	0.00111414	-1.88352e-05	0.00111438	-0.96	0.00508311	-0.000228883	0.00508884	-2.568	0.00398448	-0.00023842	0.00399211	-3.42	-1.919887e-11
0.87	65			8.13609e-06	-1.77996e-05	1.95691e-05	-65.43	0.00111509	-1.95504e-05	0.00111509	-1.002	0.00508121	-0.000228883	0.00508502	-2.574	0.00398162	-0.000237466	0.0039883	-3.402	-2.200497e-11
0.868	66			7.05945e-06	-1.71253e-05	1.85223e-05	-67.584	0.00111461	-2.05041e-05	0.00111485	-1.044	0.00507548	-0.000228883	0.00508121	-2.574	0.0039759	-0.000235558	0.00398257	-3.378	-1.417304e-11
0.866	67			6.72045e-06	-1.6559e-05	1.78666e-05	-67.896	0.00111104	-2.14578e-05	0.00111128	-1.098	0.00506976	-0.000228883	0.00507548	-2.58	0.00397304	-0.000233651	0.00397971	-3.36	-2.171181e-11
0.864	68			6.0052e-06	-1.70657e-05	1.80864e-05	-70.608	0.00111533	-2.2173e-05	0.00111557	-1.14	0.00507167	-0.000226975	0.00507739	-2.556	0.00397018	-0.000232697	0.00397685	-3.354	-1.844496e-11
0.862	69			4.87643e-06	-1.79225e-05	1.85707e-05	-74.778	0.00111461	-2.16962e-05	0.00111485	-1.104	0.00507167	-0.000225068	0.00507739	-2.538	0.00396827	-0.000231744	0.00397494	-3.336	-1.806804e-11
0.86	70			5.45013e-06	-1.78145e-05	1.86266e-05	-72.978	0.00111748	-2.26499e-05	0.00111771	-1.152	0.00507167	-0.000225068	0.00507739	-2.538	0.00396731	-0.000231744	0.00397399	-3.336	-1.965957e-11
0.858	71			7.04083e-06	-1.75276e-05	1.88873e-05	-68.106	0.00111938	-2.2173e-05	0.00111938	-1.134	0.00506786	-0.000226975	0.00507167	-2.562	0.0039635	-0.00023079	0.00397018	-3.33	-2.246566e-11
0.856	72			8.43412e-06	-1.69502e-05	1.8932e-05	-63.54	0.00112987	-2.33651e-05	0.00112987	-1.182	0.00506786	-0.000225068	0.00507167	-2.544	0.00395301	-0.00023079	0.00395969	-3.33	-2.154427e-11
0.854	73			1.16937e-05	-1.84589e-05	2.18489e-05	-57.636	0.00114036	-2.50341e-05	0.00114084	-1.248	0.00506404	-0.000225068	0.00506976	-2.544	0.00394443	-0.00023079	0.0039511	-3.336	-1.873816e-11
0.852	74			1.64584e-05	-1.79635e-05	2.43598e-05	-47.502	0.00116421	-2.50341e-05	0.00116444	-1.224	0.00507358	-0.000226975	0.0050793	-2.556	0.00393489	-0.00023079	0.00394157	-3.348	-2.00784e-11
0.85	75			2.27803e-05	-1.89916e-05	2.96572e-05	-39.81	0.00118423	-2.55109e-05	0.00118447	-1.236	0.0050793	-0.000226975	0.00508311	-2.556	0.00392535	-0.00023079	0.00393203	-3.354	-2.242382e-11
0.848	76			2.66844e-05	-1.9271e-05	3.29132e-05	-35.832	0.00119353	-2.59877e-05	0.00119401	-1.242	0.00508121	-0.000225068	0.00508502	-2.538	0.00391963	-0.000229836	0.00392631	-3.348	-2.045537e-11
0.846	77			3.1736e-05	-2.0411e-05	3.77337e-05	-32.742	0.0012014	-2.55109e-05	0.00120164	-1.218	0.0050793	-0.000226975	0.00508311	-2.556	0.00391486	-0.00023079	0.00392154	-3.372	-1.756547e-11
0.844	78			3.47199e-05	-2.10182e-05	4.05835e-05	-31.188	0.00120879	-2.64646e-05	0.00120903	-1.248	0.0050793	-0.000226975	0.00508311	-2.556	0.00391296	-0.00023079	0.00391963	-3.366	-1.672784e-11
0.842	79			3.82068e-05	-2.12231e-05	4.37053e-05	-29.046	0.00121594	-2.57493e-05	0.00121642	-1.212	0.00508311	-0.000225068	0.00508693	-2.532	0.00391105	-0.000229836	0.00391772	-3.354	-1.601587e-11
0.84	80			3.78902e-05	-2.13982e-05	4.35116e-05	-29.454	0.00122333	-2.6703e-05	0.00122357	-1.248	0.00508884	-0.000225068	0.00509456	-2.532	0.00391009	-0.000229836	0.00391677	-3.354	-1.580643e-11
0.838	81			3.47572e-05	-2.03253e-05	4.02632e-05	-30.312	0.00122357	-2.74183e-05	0.00122381	-1.278	0.00509265	-0.000225068	0.00509647	-2.508	0.00390914	-0.000228883	0.00391582	-3.336	-1.95339e-11
0.836	82			3.20154e-05	-2.05563e-05	3.80429e-05	-32.7	0.00122143	-2.6703e-05	0.00122166	-1.248	0.00509647	-0.000225068	0.00510028	-2.508	0.00391009	-0.000227929	0.00391677	-3.33	-1.949206e-11
0.834	83			2.97168e-05	-2.01428e-05	3.59009e-05	-34.128	0.00121761	-2.59877e-05	0.00121809	-1.218	0.00509456	-0.000225068	0.00509837	-2.508	0.003912	-0.000228883	0.00391868	-3.336	-2.388964e-11
0.832	84			3.14193e-05	-2.06531e-05	3.75996e-05	-33.312	0.0012138	-2.6703e-05	0.00121403	-1.248	0.00509074	-0.000225068	0.00509647	-2.514	0.00391391	-0.000228883	0.00392058	-3.336	-1.982707e-11
0.83	85			3.11884e-05	-2.0601e-05	3.73761e-05	-33.444	0.00120593	-2.6703e-05	0.00120617	-1.26	0.00508311	-0.000225068	0.00508884	-2.514	0.00391486	-0.000228883	0.00392154	-3.342	-2.631881e-11
0.828	86			2.91878e-05	-1.99081e-05	3.53309e-05	-34.29	0.00121046	-2.6703e-05	0.0012107	-1.26	0.00508311	-0.000225068	0.00508884	-2.532	0.00391105	-0.000227929	0.00391772	-3.324	-1.639277e-11
0.826	87			2.81261e-05	-2.06457e-05	3.48913e-05	-36.276	0.00122047	-2.62262e-05	0.00122071	-1.23	0.00507739	-0.000225068	0.00508311	-2.52	0.00389482	-0.000228883	0.0039015	-3.348	-1.790055e-11
0.824	88			2.8316e-05	-2.03439e-05	3.48652e-05	-35.688	0.0012498	-2.86103e-05	0.00125004	-1.308	0.00505832	-0.000225068	0.00506404	-2.526	0.00385095	-0.000226022	0.00385763	-3.348	-1.421491e-11
0.822	89			2.62485e-05	-1.89283e-05	3.23618e-05	-35.79	0.00129414	-3.05178e-05	0.00129438	-1.344	0.00502971	-0.000223161	0.00503352	-2.52	0.00377752	-0.000222207	0.00378419	-3.354	-1.93245e-11
0.82	90			1.90177e-05	-1.8906e-05	2.68148e-05	-44.826	0.00128008	-3.05178e-05	0.00128055	-1.356	0.00494388	-0.000217439	0.00494865	-2.514	0.00369741	-0.000217439	0.00370409	-3.366	-2.171179e-11
0.818	91			4.85408e-06	-1.86303e-05	1.92524e-05	-75.39	0.00116921	-2.40804e-05	0.00116921	-1.176	0.00480083	-0.000210763	0.00480559	-2.514	0.00364782	-0.000214578	0.00365354	-3.36	-2.506232e-11
0.816	92			-9.90934e-07	-1.74009e-05	1.74233e-05	-93.258	0.00107027	-2.12194e-05	0.00107051	-1.134	0.00469401	-0.000205995	0.00469878	-2.514	0.00363161	-0.00021267	0.00363733	-3.354	-2.070663e-11
0.814	93			-1.08034e-06	-1.58922e-05	1.59257e-05	-93.888	0.00101925	-1.69278e-05	0.00101925	-0.948	0.00464061	-0.000204087	0.00464538	-2.508	0.00362684	-0.00021267	0.00363351	-3.348	-2.640258e-11
0.812	94			-7.33886e-07	-1.57618e-05	1.5773e-05	-92.664	0.000998743	-1.62126e-05	0.000998981	-0.93	0.00462154	-0.000204087	0.0046263	-2.52	0.00362779	-0.00021267	0.00363351	-3.342	-1.68954e-11
0.81	95			-1.47522e-06	-1.5393e-05	1.54563e-05	-95.466	0.000992544	-1.78815e-05	0.000992544	-1.026	0.00461772	-0.000204087	0.00462154	-2.52	0.00362684	-0.000211717	0.00363351	-3.336	-2.120923e-11
0.808	96			-1.546e-06	-1.60785e-05	1.61492e-05	-95.484	0.000990398	-1.59742e-05	0.000990637	-0.918	0.00461486	-0.00020218	0.00461963	-2.496	0.0036297	-0.00021267	0.00363542	-3.354	-1.718854e-11
0.806	97			-7.04084e-07	-1.49795e-05	1.49906e-05	-92.688	0.000990398	-1.57357e-05	0.000990637	-0.906	0.00461486	-0.00020218	0.00461963	-2.508	0.0036297	-0.000211717	0.00363542	-3.33	-2.058095e-11
0.804	98			-2.1048e-06	-1.55867e-05	1.57246e-05	-97.686	0.000990875	-1.66894e-05	0.000990875	-0.954	0.00461486	-0.000204087	0.00461963	-2.52	0.00362779	-0.00021267	0.00363351	-3.342	-1.647656e-11
0.802	99			-1.90363e-06	-1.57134e-05	1.58251e-05	-96.894	0.000990637	-1.6451e-05	0.000990875	-0.942	0.00461486	-0.00020218	0.00461963	-2.508	0.0036297	-0.000210763	0.00363542	-3.324	-2.049719e-11
0.8	100			-1.42679e-06	-1.5434e-05	1.54973e-05	-95.28	0.000990398	-1.66894e-05	0.000990398	-0.966	0.00461581	-0.000203134	0.00462058	-2.514	0.0036297	-0.000210763	0.00363542	-3.324	-2.062287e-11
0.798	101			-1.47895e-06	-1.48342e-05	1.49049e-05	-95.682	0.000990875	-1.62126e-05	0.000990875	-0.924	0.00461581	-0.000203134	0.00462058	-2.514	0.0036297	-0.000210763	0.00363638	-3.324	-1.84869e-11
0.796	102			-4.13509e-07	-1.46926e-05	1.46926e-05	-91.614	0.000990398	-1.59742e-05	0.000990398	-0.918	0.00461486	-0.00020218	0.00461963	-2.508	0.0036297	-0.000210763	0.00363542	-3.324	-1.865438e-11
0.794	103			-1.42307e-06	-1.46963e-05	1.47597e-05	-95.52	0.000989921	-1.57357e-05	0.00099016	-0.9	0.00461486	-0.00020218	0.00461963	-2.508	0.0036297	-0.000210763	0.00363542	-3.324	-2.225626e-11
0.792	104			-1.72109e-06	-1.47485e-05	1.48453e-05	-96.654	0.000990637	-1.66894e-05	0.000990875	-0.954	0.00461486	-0.00020218	0.00461963	-2.508	0.00362875	-0.000210763	0.00363447	-3.312	-1.844499e-11
0.79	105			-1.54973e-06	-1.3806e-05	1.38879e-05	-96.396	0.000988252	-1.59742e-05	0.000988491	-0.918	0.00461486	-0.00020218	0.00461963	-2.508	0.0036297	-0.000210763	0.00363542	-3.312	-2.208872e-11
0.788	106			-1.68756e-06	-1.45771e-05	1.46703e-05	-96.6	0.000988252	-1.59742e-05	0.000988491	-0.918	0.00461295	-0.00020218	0.00461772	-2.508	0.0036297	-0.000210763	0.00363542	-3.312	-1.840308e-11
0.786	107			-1.11759e-06	-1.48453e-05	1.48826e-05	-94.302	0.00098706	-1.69278e-05	0.000987299	-0.978	0.004612	-0.000203134	0.00461677	-2.514	0.0036297	-0.000208856	0.00363542	-3.288	-2.108353e-11
0.784	108			-1.58698e-06	-1.44765e-05	1.45622e-05	-96.24	0.000986822	-1.66894e-05	0.00098706	-0.96	0.00461105	-0.000203134	0.00461486	-2.514	0.00362875	-0.000210763	0.00363447	-3.312	-2.271691e-11
0.782	109			-1.39699e-06	-1.44654e-05	1.45287e-05	-95.502	0.000982769	-1.57357e-05	0.000983007	-0.912	0.00460723	-0.00020218	0.004612	-2.508	0.0036297	-0.000210763	0.00363542	-3.324	-1.940826e-11
0.78	110			-1.17347e-06	-1.35303e-05	1.35787e-05	-94.956	0.000972752	-1.50204e-05	0.00097299	-0.876	0.00459769	-0.00020218	0.00460151	-2.514	0.0036297	-0.000210763	0.00363542	-3.312	-1.982709e-11
0.778	111			-1.10269e-06	-1.44393e-05	1.44765e-05	-94.356	0.000943188	-1.57357e-05	0.000943426	-0.942	0.00456622	-0.000201226	0.00457099	-2.514	0.0036297	-0.000209809	0.00363542	-3.3	-2.238186e-11
0.776	112			-1.26288e-06	-1.38842e-05	1.39364e-05	-95.184	0.000874046	-1.16826e-05	0.000874046	-0.756	0.00449565	-0.000196458	0.00449947	-2.496	0.00362875	-0.000209809	0.00363447	-3.3	-1.865442e-11
0.774	113			-1.8254e-06	-1.3955e-05	1.40705e-05	-97.446	0.000799898	-7.86787e-06	0.000799898	-0.564	0.00442317	-0.000192643	0.00442699	-2.484	0.00362875	-0.000208856	0.00363447	-3.294	-2.049722e-11
0.772	114			-8.94073e-07	-1.45175e-05	1.45399e-05	-93.522	0.000719074	-5.00682e-06	0.000719074	-0.396	0.00434306	-0.000189782	0.00434688	-2.496	0.0036297	-0.000208856	0.00363542	-3.282	-1.93664e-11
0.77	115			-9.83484e-07	-1.45846e-05	1.46144e-05	-93.846	0.0007062	-5.24524e-06	0.0007062	-0.42	0.0043278	-0.000189782	0.00433162	-2.502	0.00362684	-0.000208856	0.00363351	-3.282	-2.221439e-11
0.768	116			9.68583e-07	-1.45063e-05	1.45324e-05	-86.172	0.000708107	-5.96049e-06	0.000708107	-0.474	0.00432208	-0.000188828	0.0043259	-2.496	0.00362302	-0.000206948	0.00362875	-3.264	-1.760737e-11
0.766	117			1.01329e-06	-1.43648e-05	1.43983e-05	-85.95	0.000724081	-6.19891e-06	0.000724081	-0.474	0.00431636	-0.000188828	0.00432017	-2.502	0.003603	-0.000205995	0.00360872	-3.27	-1.069684e-11
0.764	118			1.4566e-06	-1.3318e-05	1.33925e-05	-83.742	0.000745539	-8.10629e-06	0.000745539	-0.618	0.00430492	-0.000189782	0.00430873	-2.52	0.00357153	-0.000204087	0.0035782	-3.27	-2.049722e-11
0.762	119			2.98025e-06	-1.41264e-05	1.44356e-05	-78.078	0.000765566	-8.34471e-06	0.000765566	-0.624	0.00428393	-0.000187875	0.00428775	-2.502	0.00353338	-0.00020218	0.0035391	-3.27	-1.802618e-11
0.76	120			3.47944e-06	-1.40258e-05	1.44467e-05	-76.062	0.000776533	-7.86787e-06	0.000776533	-0.564	0.00425723	-0.000185967	0.00426105	-2.49	0.00349428	-0.00020218	0.0035	-3.3	-2.409915e-11
0.758	121			3.58747e-06	-1.4674e-05	1.51024e-05	-76.254	0.000775103	-8.34471e-06	0.000775103	-0.618	0.00423053	-0.000185014	0.00423434	-2.496	0.00346757	-0.000200273	0.0034733	-3.3	-1.995275e-11
0.756	122			3.3416e-06	-1.60263e-05	1.6369e-05	-78.216	0.000774387	-8.10629e-06	0.000774387	-0.594	0.00421432	-0.00018406	0.00421908	-2.49	0.00345136	-0.00020218	0.00345708	-3.336	-1.769114e-11
0.754	123			7.30532e-06	-1.6451e-05	1.7997e-05	-66.048	0.000771049	-8.10629e-06	0.000771049	-0.594	0.00420478	-0.00018406	0.00420859	-2.502	0.00344659	-0.000201226	0.00345232	-3.33	-1.74817e-11
0.752	124			8.2851e-06	-1.62089e-05	1.82019e-05	-62.922	0.000780825	-8.34471e-06	0.000780825	-0.6	0.00421241	-0.00018406	0.00421622	-2.502	0.00344564	-0.000201226	0.00345136	-3.336	-1.836124e-11
0.75	125			1.0416e-05	-1.60561e-05	1.91369e-05	-57.018	0.000792984	-8.10629e-06	0.000792984	-0.576	0.00422195	-0.00018406	0.00422576	-2.496	0.00344469	-0.000201226	0.00345041	-3.336	-2.43085e-11
0.748	126			1.13436e-05	-1.64249e-05	1.99602e-05	-55.362	0.000800613	-8.34471e-06	0.000800613	-0.594	0.00422671	-0.00018406	0.00423053	-2.49	0.00344373	-0.000201226	0.00344945	-3.336	-1.940827e-11
0.746	127			1.31094e-05	-1.62424e-05	2.08655e-05	-51.084	0.000813011	-8.58313e-06	0.000813011	-0.6	0.0042372	-0.00018406	0.00424102	-2.478	0.00344278	-0.000200273	0.0034485	-3.312	-1.727232e-11
0.744	128			1.3724e-05	-1.67304e-05	2.16366e-05	-50.634	0.000818733	-1.04905e-05	0.000818733	-0.726	0.00424197	-0.00018406	0.00424579	-2.484	0.00344183	-0.000200273	0.00344755	-3.312	-1.643468e-11
0.742	129			1.79076e-05	-1.51918e-05	2.34806e-05	-40.302	0.000821833	-9.5368e-06	0.000821833	-0.66	0.00424197	-0.00018406	0.00424579	-2.472	0.00344373	-0.000199319	0.00344945	-3.3	-2.137676e-11
0.74	130			1.93306e-05	-1.65851e-05	2.54662e-05	-40.62	0.00082374	-9.77522e-06	0.00082374	-0.672	0.00424197	-0.00018406	0.00424579	-2.472	0.00344373	-0.000199319	0.00344945	-3.3	-2.112544e-11
0.738	131			1.99788e-05	-1.56948e-05	2.54029e-05	-38.148	0.000824932	-1.02521e-05	0.000824932	-0.708	0.00424102	-0.000183106	0.00424483	-2.466	0.00344087	-0.000198365	0.00344755	-3.294	-2.095793e-11
0.736	132			2.40804e-05	-1.69651e-05	2.94523e-05	-35.16	0.000837807	-1.00136e-05	0.000837807	-0.672	0.00424293	-0.000182153	0.00424674	-2.454	0.00343515	-0.000198365	0.00344087	-3.3	-1.769111e-11
0.734	133			2.72916e-05	-1.6451e-05	3.18626e-05	-31.08	0.000851158	-1.12057e-05	0.000851158	-0.75	0.00424293	-0.000183106	0.0042477	-2.466	0.00342466	-0.000197412	0.00343038	-3.3	-2.40572e-11
0.732	134			3.3811e-05	-1.72594e-05	3.79609e-05	-27.042	0.000869755	-1.26362e-05	0.000869993	-0.822	0.00424388	-0.000183106	0.0042477	-2.466	0.00341512	-0.000197412	0.00341989	-3.294	-2.070668e-11
0.73	135			4.46963e-05	-1.6153e-05	4.75275e-05	-19.866	0.000891689	-1.28747e-05	0.000891928	-0.822	0.00424674	-0.000183106	0.00425056	-2.46	0.00340559	-0.000197412	0.00341226	-3.306	-1.953391e-11
0.728	136			5.94e-05	-1.87681e-05	6.2291e-05	-17.532	0.000911478	-1.40668e-05	0.000911716	-0.882	0.00424579	-0.000183106	0.0042496	-2.46	0.00339891	-0.000197412	0.00340559	-3.312	-1.802615e-11
0.726	137			6.77113e-05	-1.8757e-05	7.02632e-05	-15.48	0.000921253	-1.6451e-05	0.000921253	-1.014	0.00424197	-0.00018406	0.00424579	-2.472	0.0033951	-0.000195504	0.00340082	-3.294	-1.542948e-11
0.724	138			8.49483e-05	-1.91705e-05	8.70829e-05	-12.714	0.000928406	-1.4782e-05	0.000928644	-0.906	0.00423148	-0.000182153	0.0042353	-2.46	0.00339319	-0.000196458	0.00339891	-3.306	-2.175364e-11
0.722	139			0.000103757	-2.03477e-05	0.000105732	-11.094	0.000937227	-1.62126e-05	0.000937466	-0.978	0.00421813	-0.000183106	0.00422195	-2.478	0.00339033	-0.000196458	0.00339605	-3.306	-1.915701e-11
0.72	140			0.000125655	-2.11896e-05	0.000127428	-9.57	0.000937704	-1.76431e-05	0.000937942	-1.068	0.0041962	-0.000182153	0.00420001	-2.484	0.00339033	-0.000195504	0.0033951	-3.288	-1.73142e-11
0.718	141			0.000137948	-2.12864e-05	0.000139588	-8.772	0.000946525	-1.78815e-05	0.000946764	-1.08	0.00418952	-0.000182153	0.00419429	-2.484	0.00338747	-0.000195504	0.00339223	-3.3	-1.60996e-11
0.716	142			0.000144505	-2.27095e-05	0.000146278	-8.928	0.000955347	-1.97889e-05	0.000955585	-1.182	0.00417998	-0.000182153	0.0041838	-2.484	0.00337698	-0.000193597	0.00338174	-3.276	-1.769108e-11
0.714	143			0.000146502	-2.18527e-05	0.000148126	-8.484	0.000989921	-2.07425e-05	0.000989921	-1.194	0.00417712	-0.000180245	0.00418094	-2.466	0.00334455	-0.000191689	0.00335027	-3.276	-1.945013e-11
0.712	144			0.000141689	-2.23742e-05	0.000143447	-8.97	0.00106455	-2.45572e-05	0.00106478	-1.32	0.00418475	-0.000180245	0.00418857	-2.46	0.00327493	-0.000188828	0.00328065	-3.288	-2.384775e-11
0.71	145			0.000129447	-2.08841e-05	0.000131116	-9.162	0.00112558	-2.71798e-05	0.00112606	-1.38	0.00419524	-0.000181199	0.00419906	-2.466	0.00320913	-0.00018406	0.00321485	-3.282	-1.953391e-11
0.708	146			0.000102513	-1.99751e-05	0.000104435	-11.028	0.00113607	-2.81335e-05	0.00113631	-1.41	0.00420764	-0.000181199	0.00421241	-2.46	0.00318052	-0.000182153	0.00318624	-3.276	-1.932455e-11
0.706	147			5.91355e-05	-1.79262e-05	6.17956e-05	-16.866	0.00110555	-2.62262e-05	0.00110603	-1.356	0.00421813	-0.000181199	0.00422195	-2.454	0.00317575	-0.000182153	0.00318147	-3.282	-1.882198e-11
0.704	148			1.0483e-05	-1.50353e-05	1.83211e-05	-55.104	0.00104738	-2.45572e-05	0.00104762	-1.338	0.00420764	-0.000181199	0.00421146	-2.46	0.00317575	-0.000181199	0.00318147	-3.258	-1.819369e-11
0.702	149			3.83707e-07	-1.53185e-05	1.53185e-05	-88.554	0.00103641	-2.33651e-05	0.00103689	-1.278	0.00420669	-0.000180245	0.0042105	-2.448	0.00317575	-0.000182153	0.00318147	-3.27	-2.254942e-11
0.7	150			-2.15696e-06	-1.51769e-05	1.5326e-05	-98.088	0.00103308	-2.24115e-05	0.00103308	-1.236	0.00420573	-0.000180245	0.00420955	-2.442	0.00317575	-0.000180245	0.00318147	-3.246	-1.731415e-11
0.698	151			-7.89765e-07	-1.48379e-05	1.48528e-05	-93.036	0.00103713	-2.16962e-05	0.00103737	-1.194	0.00420955	-0.000178338	0.00421432	-2.418	0.00317575	-0.000180245	0.00318147	-3.246	-1.924074e-11
0.696	152			-1.79932e-06	-1.53297e-05	1.54265e-05	-96.684	0.00103975	-2.28883e-05	0.00103999	-1.26	0.00421241	-0.000179292	0.00421622	-2.43	0.00317575	-0.000180245	0.00318052	-3.246	-2.175365e-11
0.694	153			-1.59816e-06	-1.48714e-05	1.49534e-05	-96.132	0.0010407	-2.31267e-05	0.00104094	-1.266	0.00421432	-0.000180245	0.00421813	-2.436	0.0031767	-0.000180245	0.00318243	-3.246	-1.605769e-11
0.692	154			-1.26661e-06	-1.41189e-05	1.41711e-05	-95.112	0.00103188	-2.26499e-05	0.00103212	-1.248	0.00420478	-0.000180245	0.00420859	-2.442	0.00317766	-0.000179292	0.00318243	-3.216	-1.769117e-11
0.69	155			-1.79187e-06	-1.3873e-05	1.39885e-05	-97.35	0.00100971	-2.12194e-05	0.00100995	-1.194	0.00418094	-0.000178338	0.00418571	-2.436	0.00317575	-0.000179292	0.00318147	-3.222	-2.14186e-11
0.688	156			-1.74344e-06	-1.40779e-05	1.41822e-05	-97.044	0.00100709	-2.05041e-05	0.00100709	-1.164	0.00417903	-0.000177384	0.00418285	-2.418	0.00317575	-0.000180245	0.00318147	-3.234	-2.280076e-11
0.686	157			-7.89765e-07	-1.44095e-05	1.44244e-05	-93.126	0.00094891	-1.78815e-05	0.00094891	-1.08	0.0041199	-0.000174523	0.00412372	-2.418	0.0031767	-0.000180245	0.00318243	-3.228	-1.773299e-11
0.684	158			-2.08245e-06	-1.39028e-05	1.40519e-05	-98.514	0.000907186	-1.54973e-05	0.000907425	-0.966	0.00407889	-0.00017357	0.00408271	-2.424	0.00317575	-0.000180245	0.00318147	-3.234	-1.790056e-11
0.682	159			-4.2096e-07	-1.35787e-05	1.35825e-05	-91.77	0.000824694	-1.07289e-05	0.000824694	-0.732	0.00399497	-0.000169755	0.00399879	-2.424	0.0031767	-0.000180245	0.00318243	-3.246	-2.321955e-11
0.68	160			-1.207e-06	-1.3996e-05	1.40407e-05	-94.914	0.000765089	-8.34471e-06	0.000765089	-0.624	0.0039368	-0.000166894	0.00393966	-2.424	0.00317766	-0.000180245	0.00318243	-3.24	-2.095792e-11
0.678	161			-2.27244e-07	-1.32099e-05	1.32099e-05	-90.984	0.000733856	-7.39101e-06	0.000733856	-0.558	0.00390436	-0.000166894	0.00390819	-2.436	0.00317575	-0.000180245	0.00318147	-3.234	-2.04972e-11
0.676	162			7.52512e-07	-1.38395e-05	1.38544e-05	-86.886	0.00072122	-7.15259e-06	0.00072122	-0.558	0.00389101	-0.000164987	0.00389387	-2.424	0.00317575	-0.000181199	0.00318052	-3.258	-2.24238e-11
0.674	163			5.69972e-06	-1.40071e-05	1.5121e-05	-67.842	0.000724081	-7.39101e-06	0.000724081	-0.57	0.00388624	-0.00016594	0.0038891	-2.436	0.00317289	-0.000180245	0.00317861	-3.246	-1.886382e-11
0.672	164			1.03303e-05	-1.34148e-05	1.69316e-05	-52.392	0.00074077	-7.15259e-06	0.00074077	-0.54	0.00388624	-0.000164987	0.0038891	-2.424	0.00316335	-0.000180245	0.00316907	-3.246	-1.68116e-11
0.67	165			1.64659e-05	-1.28151e-05	2.08655e-05	-37.884	0.000765566	-7.86787e-06	0.000765566	-0.588	0.00388433	-0.00016594	0.00388719	-2.436	0.00314237	-0.000179292	0.00314809	-3.252	-1.530384e-11
0.668	166			1.82727e-05	-1.34558e-05	2.26909e-05	-36.354	0.000791792	-9.05996e-06	0.000791792	-0.654	0.00387479	-0.000164987	0.00387765	-2.43	0.0031109	-0.000178338	0.00311567	-3.276	-1.953394e-11
0.666	167			1.42716e-05	-1.38097e-05	1.98522e-05	-44.046	0.000806335	-1.00136e-05	0.000806335	-0.714	0.00386144	-0.000164987	0.0038643	-2.442	0.00307848	-0.000175477	0.00308229	-3.258	-2.066476e-11
0.664	168			1.24947e-05	-1.26474e-05	1.77772e-05	-45.342	0.000808243	-9.5368e-06	0.000808243	-0.66	0.00384237	-0.000164033	0.00384618	-2.43	0.00305368	-0.000174523	0.00305845	-3.258	-1.538763e-11
0.662	169			1.35378e-05	-1.29976e-05	1.87644e-05	-43.824	0.000795845	-1.02521e-05	0.000795845	-0.732	0.00381853	-0.000163079	0.00382234	-2.436	0.00304224	-0.000174523	0.003047	-3.27	-1.84869e-11
0.66	170			1.70955e-05	-1.26176e-05	2.12454e-05	-36.426	0.000780586	-8.82155e-06	0.000780586	-0.636	0.00379755	-0.000162126	0.00380136	-2.442	0.00304033	-0.000174523	0.0030451	-3.276	-2.254946e-11
0.658	171			2.15621e-05	-1.32695e-05	2.53135e-05	-31.602	0.000759844	-7.62945e-06	0.000759844	-0.564	0.0037737	-0.000161172	0.00377657	-2.436	0.00304033	-0.000175477	0.00304605	-3.288	-1.790056e-11
0.656	172			2.42406e-05	-1.38693e-05	2.79286e-05	-29.766	0.000742439	-7.39101e-06	0.000742439	-0.564	0.00375368	-0.000161172	0.00375749	-2.448	0.00304128	-0.000174523	0.00304605	-3.276	-2.028786e-11
0.654	173			2.99142e-05	-1.35266e-05	3.28312e-05	-24.33	0.00072122	-6.91417e-06	0.00072122	-0.54	0.00372793	-0.000160218	0.00373174	-2.448	0.00304224	-0.00017357	0.003047	-3.258	-1.903135e-11
0.652	174			3.72308e-05	-1.32472e-05	3.95181e-05	-19.584	0.000698332	-6.19891e-06	0.000698332	-0.492	0.00370027	-0.000159265	0.00370313	-2.454	0.00304319	-0.00017357	0.00304796	-3.258	-1.706292e-11
0.65	175			4.14515e-05	-1.44989e-05	4.3914e-05	-19.278	0.000665907	-5.24524e-06	0.000665907	-0.444	0.00366308	-0.000157357	0.00366689	-2.448	0.0030451	-0.00017357	0.00304987	-3.246	-1.9157e-11
0.648	176			4.92709e-05	-1.47895e-05	5.1439e-05	-16.704	0.000633959	-4.52998e-06	0.000633959	-0.39	0.00362493	-0.000154496	0.00362779	-2.43	0.0030451	-0.000172616	0.00304987	-3.234	-1.97852e-11
0.646	177			5.37375e-05	-1.45995e-05	5.56821e-05	-15.198	0.000582937	-2.62262e-06	0.000582937	-0.246	0.00356485	-0.000151635	0.00356866	-2.43	0.00304128	-0.000172616	0.00304605	-3.234	-1.706289e-11
0.644	178			5.90573e-05	-1.46367e-05	6.08417e-05	-13.92	0.000559811	-9.53682e-07	0.000559811	-0.084	0.00352384	-0.000149728	0.00352766	-2.424	0.00303175	-0.000171662	0.00303556	-3.234	-1.878009e-11
0.642	179			7.17496e-05	-1.46479e-05	7.32285e-05	-11.538	0.000565294	-3.33787e-06	0.000565294	-0.336	0.00350572	-0.000150681	0.00350954	-2.46	0.00301839	-0.000169755	0.00302316	-3.21	-2.418283e-11
0.64	180			8.7582e-05	-1.64175e-05	8.91094e-05	-10.614	0.000602011	-5.00682e-06	0.000602011	-0.462	0.00351621	-0.000150681	0.00351907	-2.442	0.00300695	-0.000169755	0.00301172	-3.222	-1.915697e-11
0.638	181			0.000105352	-1.72557e-05	0.000106752	-9.3	0.000638966	-6.91417e-06	0.000638966	-0.612	0.00352384	-0.000151635	0.00352766	-2.46	0.00299646	-0.000168801	0.00300027	-3.222	-2.087413e-11
0.636	182			0.000112392	-1.77325e-05	0.000113778	-8.964	0.000648502	-8.10629e-06	0.000648502	-0.708	0.00351907	-0.000151635	0.00352289	-2.46	0.00298883	-0.000168801	0.0029936	-3.216	-1.894759e-11
0.634	183			0.000117779	-1.82391e-05	0.00011918	-8.796	0.000654463	-8.34471e-06	0.000654463	-0.714	0.00351621	-0.000150681	0.00351907	-2.442	0.00298406	-0.000168801	0.00298883	-3.234	-2.18793e-11
0.632	184			0.000122265	-1.89842e-05	0.000123733	-8.82	0.000683311	-8.34471e-06	0.000683311	-0.702	0.00353242	-0.000150681	0.00353624	-2.442	0.00297739	-0.000168801	0.00298215	-3.24	-1.936641e-11
0.63	185			0.00012488	-2.01465e-05	0.000126489	-9.162	0.000719074	-9.77522e-06	0.000719074	-0.768	0.0035391	-0.000150681	0.00354291	-2.424	0.00295354	-0.000168801	0.00295831	-3.252	-1.844499e-11
0.628	186			0.000115298	-1.91854e-05	0.000116885	-9.444	0.000771049	-1.38283e-05	0.000771049	-1.014	0.00354005	-0.000150681	0.00354291	-2.436	0.00289632	-0.000164987	0.00290109	-3.252	-1.752361e-11
0.626	187			0.000109487	-1.91779e-05	0.000111148	-9.93	0.000812773	-1.50204e-05	0.000812773	-1.056	0.0035391	-0.000149728	0.00354291	-2.418	0.00284578	-0.000162126	0.00284959	-3.258	-2.183742e-11
0.624	188			0.000101537	-1.90214e-05	0.000103303	-10.608	0.000817064	-1.50204e-05	0.000817064	-1.05	0.00353624	-0.000149728	0.00354005	-2.418	0.00282575	-0.000162126	0.00283052	-3.264	-1.764926e-11
0.622	189			7.90213e-05	-1.68682e-05	8.0802e-05	-12.048	0.000821833	-1.52589e-05	0.000822071	-1.056	0.00356294	-0.000149728	0.00356676	-2.4	0.00282289	-0.000160218	0.00282766	-3.228	-2.087416e-11
0.62	190			4.53966e-05	-1.49459e-05	4.77883e-05	-18.216	0.00079513	-1.33515e-05	0.000795368	-0.96	0.00356962	-0.000149728	0.00357343	-2.394	0.00282384	-0.000159265	0.00282861	-3.216	-1.819376e-11
0.618	191			1.31056e-05	-1.39922e-05	1.91705e-05	-46.848	0.000750784	-1.09673e-05	0.000750784	-0.828	0.00355722	-0.000148774	0.00356103	-2.382	0.00282289	-0.000159265	0.00282766	-3.216	-2.31358e-11
0.616	192			1.09897e-06	-1.27629e-05	1.28039e-05	-85.074	0.000699762	-8.58313e-06	0.000699762	-0.696	0.00351717	-0.000146867	0.00352098	-2.388	0.00282289	-0.000159265	0.00282766	-3.216	-1.794246e-11
0.614	193			-7.67413e-07	-1.20178e-05	1.20365e-05	-93.648	0.000644449	-7.39101e-06	0.000644449	-0.654	0.00346376	-0.000145913	0.00346757	-2.4	0.00282384	-0.000157357	0.00282861	-3.174	-2.292642e-11
0.612	194			-8.41919e-07	-1.25878e-05	1.26102e-05	-93.816	0.000612739	-5.00682e-06	0.000612739	-0.45	0.00343229	-0.000142098	0.00343515	-2.37	0.00282384	-0.000157357	0.00282861	-3.174	-1.56389e-11
0.61	195			-7.59963e-07	-1.28598e-05	1.28821e-05	-93.366	0.000627998	-6.67575e-06	0.000627998	-0.612	0.00344945	-0.000144006	0.00345232	-2.388	0.00282384	-0.000157357	0.00282861	-3.174	-2.07904e-11
0.608	196			-1.63541e-06	-1.25655e-05	1.2666e-05	-97.41	0.000670437	-8.58313e-06	0.000670437	-0.726	0.00349237	-0.000146867	0.00349523	-2.406	0.00282384	-0.000157357	0.00282861	-3.186	-2.053914e-11
0.606	197			-6.03501e-07	-1.34446e-05	1.34558e-05	-92.556	0.000698093	-1.02521e-05	0.000698093	-0.834	0.00351907	-0.000146867	0.00352193	-2.388	0.00282384	-0.000157357	0.00282861	-3.186	-2.112547e-11
0.604	198			-4.95467e-07	-1.25431e-05	1.25468e-05	-92.25	0.000713591	-1.00136e-05	0.000713591	-0.792	0.00353433	-0.00014782	0.00353719	-2.388	0.00282384	-0.000157357	0.00282861	-3.174	-2.166994e-11
0.602	199			3.94511e-06	-1.29976e-05	1.35825e-05	-73.11	0.000735525	-1.07289e-05	0.000735525	-0.816	0.00355245	-0.000148774	0.00355627	-2.382	0.00282575	-0.000157357	0.00282957	-3.186	-2.217253e-11
0.6	200			1.30684e-05	-1.40705e-05	1.92003e-05	-47.112	0.000761513	-1.21594e-05	0.000761751	-0.906	0.00356485	-0.00014782	0.00356866	-2.364	0.00282098	-0.000157357	0.00282575	-3.192	-1.24559e-11
0.598	201			2.38159e-05	-1.46591e-05	2.79621e-05	-31.608	0.00079966	-1.26362e-05	0.000799898	-0.894	0.00358488	-0.00014782	0.00358774	-2.352	0.00281431	-0.000157357	0.00281908	-3.186	-2.045537e-11
0.596	202			3.32149e-05	-1.53818e-05	3.66012e-05	-24.846	0.000842575	-1.52589e-05	0.000842813	-1.032	0.00360109	-0.000148774	0.0036049	-2.364	0.00279714	-0.000157357	0.00280191	-3.204	-1.986898e-11
0.594	203			3.43549e-05	-1.42903e-05	3.72084e-05	-22.584	0.000875954	-1.62126e-05	0.000876192	-1.056	0.00360872	-0.000148774	0.00361158	-2.358	0.00277235	-0.00015545	0.00277711	-3.204	-1.63509e-11
0.592	204			3.39637e-05	-1.42232e-05	3.6821e-05	-22.722	0.000878099	-1.66894e-05	0.000878338	-1.086	0.00359155	-0.000148774	0.00359537	-2.358	0.00275327	-0.000154496	0.00275709	-3.204	-2.003652e-11
0.59	205			3.41127e-05	-1.39587e-05	3.68583e-05	-22.248	0.00085688	-1.57357e-05	0.00085688	-1.038	0.00355627	-0.00014782	0.00355913	-2.37	0.00273897	-0.000153542	0.00274278	-3.192	-1.886381e-11
0.588	206			3.78417e-05	-1.42493e-05	4.04345e-05	-20.628	0.000820879	-1.4782e-05	0.000821117	-1.026	0.00351144	-0.000146867	0.0035143	-2.394	0.00273229	-0.000153542	0.00273706	-3.198	-2.380597e-11
0.586	207			4.39438e-05	-1.44728e-05	4.62646e-05	-18.228	0.000767473	-1.23978e-05	0.000767712	-0.906	0.0034485	-0.000144959	0.00345232	-2.4	0.00273229	-0.000153542	0.00273611	-3.21	-2.183745e-11
0.584	208			5.16626e-05	-1.49645e-05	5.3786e-05	-16.152	0.000730518	-1.07289e-05	0.000730518	-0.822	0.00340463	-0.000142098	0.00340749	-2.376	0.00273038	-0.000153542	0.00273515	-3.216	-2.338707e-11
0.582	209			6.46156e-05	-1.49347e-05	6.63181e-05	-13.014	0.000715259	-1.00136e-05	0.000715259	-0.804	0.00337507	-0.000141145	0.00337698	-2.388	0.00272943	-0.000152589	0.00273325	-3.186	-2.330333e-11
0.58	210			7.47894e-05	-1.50726e-05	7.62907e-05	-11.394	0.0007031	-9.29838e-06	0.0007031	-0.75	0.00335218	-0.000140191	0.00335504	-2.382	0.00272848	-0.000153542	0.00273229	-3.216	-2.263324e-11
0.578	211			9.36245e-05	-1.64771e-05	9.50661e-05	-9.978	0.000693563	-9.77522e-06	0.000693563	-0.798	0.00332071	-0.000140191	0.00332357	-2.4	0.00272657	-0.000153542	0.00273038	-3.216	-2.129297e-11
0.576	212			0.0001124	-1.66e-05	0.000113622	-8.4	0.000674251	-7.39101e-06	0.000674251	-0.624	0.00328161	-0.00013733	0.00328447	-2.382	0.00272562	-0.000153542	0.00272943	-3.222	-1.894754e-11
0.574	213			0.000126072	-1.63243e-05	0.000127123	-7.374	0.000672583	-8.58313e-06	0.000672583	-0.726	0.00325204	-0.00013733	0.00325491	-2.406	0.00271226	-0.000152589	0.00271703	-3.204	-1.475939e-11
0.572	214			0.000136019	-1.77325e-05	0.000137174	-7.422	0.000682835	-8.58313e-06	0.000682835	-0.714	0.00323488	-0.000135423	0.00323774	-2.394	0.0026951	-0.000152589	0.00269891	-3.228	-2.543931e-11
0.57	215			0.000142963	-1.92077e-05	0.000144252	-7.65	0.000696424	-8.34471e-06	0.000696424	-0.672	0.00322534	-0.000135423	0.0032282	-2.388	0.00267698	-0.000151635	0.00268175	-3.234	-2.066474e-11
0.568	216			0.000143566	-1.74196e-05	0.000144617	-6.918	0.000699762	-9.05996e-06	0.000699762	-0.738	0.00321962	-0.000135423	0.00322153	-2.394	0.0026684	-0.000150681	0.00267221	-3.216	-1.953397e-11
0.566	217			0.000131854	-1.71439e-05	0.000132957	-7.404	0.000687603	-9.05996e-06	0.000687603	-0.738	0.00320913	-0.000134469	0.00321199	-2.388	0.00265791	-0.000150681	0.00266172	-3.228	-1.450814e-11
0.564	218			0.00010568	-1.58177e-05	0.000106849	-8.508	0.000664238	-7.39101e-06	0.000664238	-0.63	0.00319387	-0.000133515	0.00319673	-2.388	0.0026436	-0.000149728	0.00264741	-3.234	-1.836129e-11
0.562	219			8.36928e-05	-1.47671e-05	8.49892e-05	-10.002	0.000664715	-6.67575e-06	0.000664715	-0.558	0.0031767	-0.000131608	0.00317957	-2.364	0.00260641	-0.00014782	0.00261022	-3.234	-2.112547e-11
0.56	220			6.30547e-05	-1.36272e-05	6.45076e-05	-12.192	0.000667337	-7.86787e-06	0.000667337	-0.66	0.00315763	-0.000131608	0.00315954	-2.37	0.00256254	-0.000144006	0.00256635	-3.216	-1.630902e-11
0.558	221			5.86438e-05	-1.38209e-05	6.02531e-05	-13.26	0.000646118	-6.67575e-06	0.000646118	-0.594	0.00312711	-0.000129701	0.00312902	-2.37	0.00254442	-0.000144006	0.00254823	-3.222	-1.865443e-11
0.556	222			5.54847e-05	-1.25766e-05	5.68929e-05	-12.768	0.000609878	-7.39101e-06	0.000609878	-0.69	0.00309278	-0.000128747	0.00309564	-2.37	0.00254251	-0.000142098	0.00254633	-3.18	-2.183742e-11
0.554	223			4.43982e-05	-1.18763e-05	4.59629e-05	-14.97	0.000563625	-5.00682e-06	0.000563625	-0.51	0.00305559	-0.00012684	0.00305845	-2.37	0.00254251	-0.000141145	0.00254633	-3.168	-1.748171e-11
0.552	224			3.06892e-05	-1.19955e-05	3.29467e-05	-21.342	0.000523333	-2.86104e-06	0.000523333	-0.294	0.00302984	-0.000125886	0.0030327	-2.37	0.00254251	-0.000140191	0.00254633	-3.15	-2.204692e-11
0.55	225			1.30572e-05	-9.99129e-06	1.64398e-05	-37.416	0.000487806	-2.26499e-06	0.000487806	-0.258	0.00301172	-0.000125886	0.00301363	-2.382	0.00254156	-0.000140191	0.00254537	-3.15	-2.129299e-11
0.548	226			3.39375e-06	-1.00472e-05	1.0606e-05	-71.322	0.000469806	-1.1921e-06	0.000469806	-0.138	0.00300504	-0.000124932	0.00300695	-2.364	0.00254156	-0.000140191	0.00254537	-3.15	-1.999469e-11
0.546	227			1.55345e-06	-1.02483e-05	1.03601e-05	-81.36	0.00045705	4.76841e-07	0.00045705	0.066	0.00299264	-0.000124932	0.00299551	-2.37	0.00254251	-0.000141145	0.00254633	-3.168	-1.861256e-11
0.544	228			2.80516e-06	-1.01776e-05	1.05538e-05	-74.58	0.000448706	-9.53682e-07	0.000448706	-0.114	0.00298406	-0.000124932	0.00298692	-2.376	0.00254251	-0.000140191	0.00254633	-3.138	-2.363833e-11
0.542	229			9.73424e-06	-1.10269e-05	1.47075e-05	-48.552	0.00044501	-8.34469e-07	0.00044501	-0.096	0.00297357	-0.000123979	0.00297643	-2.376	0.00254251	-0.000140191	0.00254633	-3.138	-1.63928e-11
0.54	230			2.55519e-05	-1.20625e-05	2.82527e-05	-25.266	0.000450017	-1.54973e-06	0.000450017	-0.186	0.00296213	-0.000123025	0.00296499	-2.37	0.00254251	-0.000140191	0.00254633	-3.15	-1.681164e-11
0.538	231			4.23531e-05	-1.40444e-05	4.4618e-05	-18.342	0.000480296	-2.74183e-06	0.000480296	-0.318	0.00296403	-0.000123025	0.0029669	-2.37	0.00253297	-0.000141145	0.00253679	-3.18	-2.091605e-11
0.536	232			5.5969e-05	-1.44244e-05	5.77981e-05	-14.448	0.000512723	-5.00682e-06	0.000512723	-0.552	0.0029688	-0.000123025	0.00297166	-2.364	0.00251772	-0.000140191	0.00252153	-3.168	-1.840312e-11
0.534	233			6.03239e-05	-1.47969e-05	6.21122e-05	-13.782	0.000541691	-5.72208e-06	0.000541691	-0.6	0.00297739	-0.000123025	0.00298025	-2.358	0.00250055	-0.000138284	0.00250436	-3.156	-2.43085e-11
0.532	234			5.93553e-05	-1.52664e-05	6.12889e-05	-14.424	0.000567082	-6.91417e-06	0.000567082	-0.69	0.00299074	-0.000123025	0.0029936	-2.346	0.0024891	-0.00013733	0.00249292	-3.156	-2.045537e-11
0.53	235			6.0823e-05	-1.43797e-05	6.24997e-05	-13.296	0.000602726	-8.2255e-06	0.000602726	-0.774	0.00301839	-0.000124932	0.0030203	-2.352	0.00247957	-0.00013733	0.00248434	-3.168	-1.802619e-11
0.528	236			6.86427e-05	-1.54265e-05	7.03563e-05	-12.666	0.000655536	-1.00136e-05	0.000655536	-0.87	0.00305654	-0.000124932	0.0030594	-2.334	0.00247385	-0.00013733	0.00247766	-3.174	-1.86125e-11
0.526	237			8.23704e-05	-1.57395e-05	8.38605e-05	-10.818	0.000710014	-1.20402e-05	0.000710133	-0.96	0.0030861	-0.00012684	0.00308897	-2.334	0.00246431	-0.00013733	0.00246812	-3.174	-2.079044e-11
0.524	238			9.88548e-05	-1.65255e-05	0.000100226	-9.486	0.000762109	-1.51396e-05	0.000762347	-1.134	0.00311185	-0.000128747	0.00311472	-2.352	0.00245382	-0.000136376	0.00245763	-3.174	-2.016219e-11
0.522	239			0.000108876	-1.77847e-05	0.000110321	-9.276	0.000782732	-1.51396e-05	0.000782851	-1.104	0.00311853	-0.000127793	0.00312139	-2.334	0.00244905	-0.00013733	0.00245287	-3.192	-1.945018e-11
0.52	240			0.000119225	-1.82317e-05	0.00012061	-8.694	0.000802521	-1.53781e-05	0.00080264	-1.092	0.00312997	-0.00012684	0.00313284	-2.316	0.00245096	-0.000136376	0.00245477	-3.174	-1.626713e-11
0.518	241			0.000124955	-1.73674e-05	0.000126154	-7.914	0.000814799	-1.56165e-05	0.000814918	-1.098	0.00312711	-0.000128747	0.00312997	-2.34	0.00244333	-0.000135423	0.00244714	-3.168	-1.689541e-11
0.516	242			0.000124239	-1.60338e-05	0.000125275	-7.356	0.000819925	-1.7047e-05	0.000820164	-1.188	0.00311185	-0.00012684	0.00311472	-2.328	0.0024233	-0.000133515	0.00242712	-3.15	-2.175369e-11
0.514	243			0.000119187	-1.66596e-05	0.000120342	-7.956	0.000775937	-1.54973e-05	0.000776056	-1.14	0.00305559	-0.000124932	0.00305845	-2.334	0.00240518	-0.000133515	0.002409	-3.174	-1.970149e-11
0.512	244			0.000105419	-1.52962e-05	0.000106529	-8.256	0.000689391	-1.03713e-05	0.000689391	-0.852	0.00297071	-0.000122071	0.00297357	-2.34	0.00239183	-0.000133515	0.00239564	-3.174	-1.865442e-11
0.51	245			8.97353e-05	-1.43201e-05	9.08677e-05	-9.06	0.00062776	-7.39101e-06	0.00062776	-0.672	0.00291063	-0.00011921	0.00291349	-2.334	0.00237943	-0.000132562	0.00238229	-3.174	-1.928269e-11
0.508	246			6.62585e-05	-1.34856e-05	6.76219e-05	-11.496	0.000576738	-6.19891e-06	0.000576738	-0.612	0.00285913	-0.000117302	0.00286199	-2.334	0.00235464	-0.000131608	0.00235845	-3.174	-2.196313e-11
0.506	247			4.71326e-05	-1.33366e-05	4.89803e-05	-15.792	0.000558857	-4.7684e-06	0.000558857	-0.48	0.00282957	-0.000115395	0.00283243	-2.322	0.00232507	-0.000129701	0.00232793	-3.186	-2.037156e-11
0.504	248			4.69836e-05	-1.08928e-05	4.82278e-05	-13.044	0.000556353	-4.17235e-06	0.000556353	-0.426	0.00281908	-0.000115395	0.00282098	-2.328	0.00231363	-0.00012684	0.00231744	-3.132	-1.89476e-11
0.502	249			5.03587e-05	-1.22786e-05	5.18339e-05	-13.692	0.000563864	-5.60287e-06	0.000563864	-0.57	0.00282098	-0.000115395	0.00282289	-2.34	0.00231172	-0.000128747	0.00231458	-3.168	-2.049722e-11
0.5	250			5.12081e-05	-1.20849e-05	5.26162e-05	-13.272	0.000566129	-5.84128e-06	0.000566129	-0.582	0.00282289	-0.000115395	0.00282575	-2.34	0.00231172	-0.000127793	0.00231458	-3.15	-1.857067e-11
0.498	251			4.12914e-05	-1.24202e-05	4.31167e-05	-16.74	0.000566486	-5.60287e-06	0.000566486	-0.57	0.00283243	-0.000115395	0.00283433	-2.328	0.00231077	-0.000128747	0.00231363	-3.168	-1.743986e-11
0.496	252			2.44827e-05	-1.03042e-05	2.65614e-05	-22.812	0.000547532	-4.88761e-06	0.000547532	-0.504	0.00282957	-0.000115395	0.00283243	-2.334	0.00231172	-0.000127793	0.00231458	-3.15	-2.363844e-11
0.494	253			2.06531e-05	-1.00583e-05	2.29703e-05	-25.95	0.000537518	-3.81473e-06	0.000537518	-0.402	0.00282766	-0.000116349	0.00283052	-2.346	0.00231363	-0.000128747	0.00231649	-3.168	-2.321957e-11
0.492	254			3.11511e-05	-1.11536e-05	3.30808e-05	-19.686	0.00054181	-3.21867e-06	0.00054181	-0.336	0.00282289	-0.000115395	0.0028248	-2.328	0.00231649	-0.000128747	0.00231935	-3.162	-1.769114e-11
0.49	255			5.33836e-05	-1.22414e-05	5.47695e-05	-12.912	0.000559811	-6.19891e-06	0.00055993	-0.63	0.0028124	-0.000115395	0.00281526	-2.346	0.00231172	-0.000128747	0.00231554	-3.168	-1.848691e-11
0.488	256			7.22562e-05	-1.29343e-05	7.34036e-05	-10.146	0.000565056	-6.31812e-06	0.000565175	-0.636	0.0027876	-0.000114441	0.00278951	-2.34	0.00230028	-0.000127793	0.00230314	-3.168	-2.150239e-11
0.486	257			8.35066e-05	-1.27182e-05	8.44677e-05	-8.658	0.000549439	-6.19891e-06	0.000549559	-0.642	0.0027466	-0.000112534	0.0027485	-2.334	0.00228693	-0.000125886	0.00228979	-3.138	-1.325166e-11
0.484	258			8.86475e-05	-1.32323e-05	8.96235e-05	-8.484	0.000524882	-5.00682e-06	0.000524882	-0.546	0.00270368	-0.00011158	0.00270559	-2.34	0.00227453	-0.000125886	0.00227739	-3.156	-1.878009e-11
0.482	259			9.59565e-05	-1.35452e-05	9.69102e-05	-8.028	0.000509504	-5.96049e-06	0.000509623	-0.66	0.00266744	-0.000109673	0.00266935	-2.346	0.00226118	-0.000123979	0.00226404	-3.12	-1.769111e-11
0.48	260			0.000105598	-1.4484e-05	0.000106588	-7.806	0.000499133	-5.48366e-06	0.000499133	-0.618	0.00262834	-0.000107766	0.00263025	-2.334	0.0022421	-0.000123025	0.00224496	-3.132	-2.146048e-11
0.478	261			0.000107058	-1.36346e-05	0.000107922	-7.254	0.000488762	-5.36445e-06	0.000488762	-0.618	0.00260164	-0.000106812	0.00260355	-2.334	0.00222494	-0.000122071	0.0022278	-3.12	-1.760739e-11
0.476	262			0.000100956	-1.42903e-05	0.000101962	-8.052	0.000471951	-4.7684e-06	0.000471951	-0.57	0.00258447	-0.000105858	0.00258638	-2.334	0.00221826	-0.000121117	0.00222208	-3.114	-1.794239e-11
0.474	263			9.84599e-05	-1.42456e-05	9.94881e-05	-8.232	0.000474216	-3.93394e-06	0.000474216	-0.474	0.00258924	-0.000104905	0.00259115	-2.316	0.00221731	-0.000122071	0.00222112	-3.132	-1.777489e-11
0.472	264			9.96594e-05	-1.45287e-05	0.00010071	-8.292	0.000509743	-5.24524e-06	0.000509743	-0.582	0.00261404	-0.000105858	0.00261594	-2.304	0.00220968	-0.000122071	0.00221349	-3.144	-1.857063e-11
0.47	265			9.27006e-05	-1.48863e-05	9.38852e-05	-9.12	0.000544433	-6.67575e-06	0.000544552	-0.696	0.00263502	-0.000106812	0.00263692	-2.316	0.00218774	-0.000120163	0.0021906	-3.138	-2.049722e-11
0.468	266			8.4952e-05	-1.42456e-05	8.61366e-05	-9.516	0.000573996	-9.05996e-06	0.000574116	-0.9	0.00265695	-0.000107766	0.00265981	-2.31	0.00217153	-0.000120163	0.00217439	-3.144	-1.727229e-11
0.466	267			7.71065e-05	-1.40668e-05	7.83806e-05	-10.332	0.000608329	-1.01328e-05	0.000608448	-0.948	0.00269224	-0.000109673	0.00269414	-2.322	0.00216295	-0.00011921	0.00216676	-3.138	-2.070663e-11
0.464	268			6.65714e-05	-1.35527e-05	6.79423e-05	-11.502	0.000639442	-1.12057e-05	0.000639562	-0.996	0.00272276	-0.000110627	0.00272466	-2.31	0.00215341	-0.000118256	0.00215627	-3.12	-1.827751e-11
0.462	269			5.31154e-05	-1.32174e-05	5.47322e-05	-13.968	0.000648264	-1.12057e-05	0.000648383	-0.99	0.00272562	-0.000109673	0.00272848	-2.298	0.00213529	-0.000118256	0.00213911	-3.144	-1.635091e-11
0.46	270			4.99713e-05	-1.207e-05	5.14018e-05	-13.572	0.000648741	-1.09673e-05	0.000648741	-0.966	0.00271799	-0.000108719	0.00271989	-2.286	0.00212385	-0.000116349	0.00212766	-3.126	-1.630902e-11
0.458	271			5.67588e-05	-1.14591e-05	5.79061e-05	-11.406	0.000636939	-1.01328e-05	0.000637058	-0.906	0.0026951	-0.000108719	0.00269701	-2.292	0.00212003	-0.000115395	0.00212385	-3.114	-2.003653e-11
0.456	272			6.46492e-05	-1.30237e-05	6.59456e-05	-11.388	0.000590447	-9.05996e-06	0.000590447	-0.876	0.00264169	-0.000106812	0.0026436	-2.31	0.00212003	-0.000116349	0.00212385	-3.132	-1.685352e-11
0.454	273			6.32261e-05	-1.20774e-05	6.4366e-05	-10.812	0.000545505	-7.86787e-06	0.000545625	-0.822	0.00259973	-0.000105858	0.00260164	-2.322	0.00212099	-0.000115395	0.00212385	-3.114	-2.024593e-11
0.452	274			5.88822e-05	-1.22116e-05	6.01339e-05	-11.712	0.000505332	-4.17235e-06	0.000505332	-0.468	0.00256635	-0.000102044	0.00256826	-2.274	0.00212575	-0.000117302	0.00212862	-3.138	-2.502049e-11
0.45	275			6.73016e-05	-1.19955e-05	6.83595e-05	-10.104	0.000496391	-5.12603e-06	0.000496391	-0.588	0.00255109	-0.000103951	0.002553	-2.316	0.00212575	-0.000116349	0.00212862	-3.126	-1.685351e-11
0.448	276			8.24188e-05	-1.27853e-05	8.34097e-05	-8.814	0.000522498	-5.48366e-06	0.000522498	-0.6	0.00254919	-0.000102997	0.00255109	-2.304	0.00211431	-0.000116349	0.00211813	-3.138	-1.953392e-11
0.446	277			9.38182e-05	-1.33589e-05	9.47644e-05	-8.1	0.000550751	-6.55654e-06	0.00055087	-0.678	0.00255205	-0.000102997	0.00255395	-2.304	0.00209905	-0.000115395	0.00210287	-3.144	-1.861252e-11
0.444	278			9.957e-05	-1.34111e-05	0.000100472	-7.668	0.000579003	-8.2255e-06	0.000579003	-0.81	0.002553	-0.000103951	0.00255491	-2.316	0.00207998	-0.000115395	0.00208379	-3.156	-2.074852e-11
0.442	279			0.000101269	-1.37613e-05	0.0001022	-7.734	0.000604752	-8.82155e-06	0.000604872	-0.828	0.002553	-0.000102044	0.00255491	-2.274	0.00205614	-0.000113488	0.002059	-3.138	-1.886382e-11
0.44	280			9.42056e-05	-1.22637e-05	9.50028e-05	-7.416	0.00060511	-8.58313e-06	0.000605229	-0.81	0.00254442	-0.000102997	0.00254633	-2.31	0.00203897	-0.000113488	0.00204183	-3.18	-1.626715e-11
0.438	281			8.44304e-05	-1.245e-05	8.53469e-05	-8.388	0.000585679	-7.86787e-06	0.000585679	-0.768	0.00253202	-0.00010109	0.00253393	-2.274	0.00203229	-0.00011158	0.00203611	-3.132	-2.271694e-11
0.436	282			8.29031e-05	-1.19955e-05	8.37673e-05	-8.232	0.000564698	-8.2255e-06	0.000564817	-0.828	0.00251485	-0.000102044	0.00251676	-2.304	0.00203516	-0.00011158	0.00203897	-3.114	-1.748173e-11
0.434	283			8.75299e-05	-1.27182e-05	8.84463e-05	-8.262	0.000542764	-6.55654e-06	0.000542764	-0.69	0.00248338	-0.000100136	0.00248529	-2.304	0.00203516	-0.000112534	0.00203802	-3.15	-2.062289e-11
0.432	284			8.71499e-05	-1.16602e-05	8.79248e-05	-7.614	0.000507358	-6.79496e-06	0.000507478	-0.762	0.00243093	-9.91826e-05	0.00243284	-2.322	0.00201608	-0.000109673	0.00201894	-3.102	-1.484314e-11
0.43	285			8.37897e-05	-1.30162e-05	8.47955e-05	-8.826	0.000457408	-5.48366e-06	0.000457408	-0.684	0.00237085	-9.53679e-05	0.00237276	-2.304	0.00200273	-0.000108719	0.00200559	-3.108	-1.78168e-11
0.428	286			8.19569e-05	-1.15559e-05	8.27764e-05	-8.022	0.000426413	-3.57629e-06	0.000426413	-0.468	0.00233556	-9.44142e-05	0.00233747	-2.304	0.0019951	-0.000108243	0.00199844	-3.096	-1.785869e-11
0.426	287			8.12267e-05	-1.19508e-05	8.20984e-05	-8.364	0.00044048	-3.81473e-06	0.00044048	-0.492	0.00233461	-9.44142e-05	0.00233652	-2.304	0.00198175	-0.000106812	0.00198461	-3.078	-2.208871e-11
0.424	288			7.56909e-05	-1.25766e-05	7.6734e-05	-9.432	0.000453236	-4.7684e-06	0.000453236	-0.588	0.00233842	-9.44142e-05	0.00234033	-2.298	0.00196554	-0.000106335	0.00196888	-3.084	-1.777491e-11
0.422	289			7.38059e-05	-1.15336e-05	7.47e-05	-8.88	0.000459315	-5.36445e-06	0.000459315	-0.666	0.00234129	-9.44142e-05	0.00234319	-2.298	0.00195982	-0.000106335	0.00196268	-3.108	-2.397345e-11
0.42	290			7.69277e-05	-1.19135e-05	7.78441e-05	-8.802	0.000481727	-6.31812e-06	0.000481846	-0.738	0.00236036	-9.53679e-05	0.00236227	-2.31	0.00195839	-0.000106335	0.00196125	-3.096	-1.865443e-11
0.418	291			8.34097e-05	-1.30833e-05	8.44304e-05	-8.91	0.000510577	-7.03338e-06	0.000510696	-0.78	0.00238515	-9.53679e-05	0.00238706	-2.286	0.00196029	-0.000107289	0.00196315	-3.126	-2.158614e-11
0.416	292			8.97055e-05	-1.30982e-05	9.06591e-05	-8.304	0.000532988	-7.98708e-06	0.000532988	-0.852	0.00240232	-9.63216e-05	0.00240423	-2.286	0.00196172	-0.000105858	0.00196458	-3.084	-1.94083e-11
0.414	293			9.73721e-05	-1.34558e-05	9.8296e-05	-7.866	0.000551227	-8.10629e-06	0.000551347	-0.834	0.00240232	-9.63216e-05	0.00240423	-2.286	0.00195314	-0.000106335	0.00195648	-3.114	-2.020402e-11
0.412	294			0.00010296	-1.40146e-05	0.000103906	-7.752	0.000547413	-7.62945e-06	0.000547532	-0.798	0.00236894	-9.34605e-05	0.00237085	-2.238	0.0019312	-0.000104905	0.00193454	-3.102	-1.878005e-11
0.41	295			9.68506e-05	-1.34409e-05	9.77819e-05	-7.902	0.000540975	-7.2718e-06	0.000541095	-0.768	0.00234033	-9.34605e-05	0.00234319	-2.268	0.00190354	-0.000104428	0.00190688	-3.138	-2.183745e-11
0.408	296			7.7412e-05	-1.23531e-05	7.83955e-05	-9.066	0.00052369	-6.31812e-06	0.000523809	-0.678	0.00231935	-9.15532e-05	0.00232126	-2.256	0.00187875	-0.00010252	0.00188161	-3.12	-1.995273e-11
0.406	297			6.49248e-05	-1.10865e-05	6.58636e-05	-9.69	0.000501398	-4.88761e-06	0.000501398	-0.546	0.00230695	-9.25069e-05	0.00230981	-2.28	0.0018735	-0.000102997	0.00187636	-3.138	-1.957586e-11
0.404	298			6.2265e-05	-1.08556e-05	6.32037e-05	-9.888	0.000496272	-5.48366e-06	0.000496272	-0.63	0.00230695	-9.15532e-05	0.00230886	-2.268	0.00187588	-0.00010252	0.00187875	-3.12	-1.831935e-11
0.402	299			6.81137e-05	-1.09524e-05	6.89854e-05	-9.126	0.00050116	-5.36445e-06	0.00050116	-0.612	0.00230791	-9.15532e-05	0.00230981	-2.268	0.00187875	-0.00010252	0.00188113	-3.12	-1.593209e-11
0.4	300			7.39624e-05	-1.05799e-05	7.47149e-05	-8.136	0.000519279	-5.96049e-06	0.000519279	-0.648	0.00230695	-9.15532e-05	0.00230981	-2.268	0.0018673	-0.000101567	0.00187016	-3.108	-1.576456e-11
0.398	301			8.06008e-05	-1.22861e-05	8.15322e-05	-8.664	0.000532869	-6.79496e-06	0.000532869	-0.726	0.00230505	-9.25069e-05	0.00230695	-2.286	0.00185681	-0.000102044	0.00185967	-3.132	-1.844501e-11
0.396	302			8.81334e-05	-1.13845e-05	8.88635e-05	-7.356	0.000539426	-7.03338e-06	0.000539426	-0.744	0.00230028	-9.25069e-05	0.00230314	-2.286	0.001853	-0.00010109	0.00185586	-3.12	-1.852876e-11
0.394	303			9.64333e-05	-1.18092e-05	9.7156e-05	-6.978	0.000554446	-7.51021e-06	0.000554565	-0.774	0.00229646	-9.15532e-05	0.00229837	-2.262	0.00184394	-0.000100136	0.0018468	-3.102	-2.112546e-11
0.392	304			9.72156e-05	-1.19359e-05	9.79458e-05	-6.996	0.000545982	-9.29838e-06	0.000546101	-0.966	0.00227167	-9.15532e-05	0.00227357	-2.286	0.0018282	-9.96594e-05	0.00183106	-3.108	-2.351275e-11
0.39	305			9.58447e-05	-1.19806e-05	9.65898e-05	-7.122	0.000498179	-7.15259e-06	0.000498299	-0.822	0.00222112	-8.86922e-05	0.00222303	-2.286	0.00182296	-9.87058e-05	0.00182582	-3.084	-1.660221e-11
0.388	306			0.000101857	-1.20849e-05	0.000102573	-6.762	0.000448586	-5.24524e-06	0.000448586	-0.666	0.00216581	-8.58312e-05	0.00216772	-2.256	0.00182343	-9.87058e-05	0.00182582	-3.096	-2.074851e-11
0.386	307			0.000114769	-1.26064e-05	0.000115462	-6.27	0.000426533	-5.12603e-06	0.000426533	-0.678	0.00213052	-8.58312e-05	0.00213243	-2.292	0.00182296	-9.77521e-05	0.00182582	-3.066	-2.179556e-11
0.384	308			0.000119761	-1.39848e-05	0.000120573	-6.66	0.000435235	-6.31812e-06	0.000435235	-0.816	0.00211336	-8.48775e-05	0.00211526	-2.292	0.00180388	-9.77521e-05	0.00180674	-3.09	-2.208878e-11
0.382	309			9.84301e-05	-1.20998e-05	9.91751e-05	-7.008	0.000445129	-6.31812e-06	0.000445249	-0.798	0.00210764	-8.48775e-05	0.00210954	-2.28	0.00176717	-9.48911e-05	0.00177003	-3.066	-2.409908e-11
0.38	310			5.95006e-05	-9.30583e-06	6.02233e-05	-8.88	0.00042689	-4.88761e-06	0.00042689	-0.642	0.00209905	-8.29701e-05	0.00210001	-2.256	0.00173713	-9.34605e-05	0.00173951	-3.078	-2.016217e-11
0.378	311			4.28336e-05	-1.0863e-05	4.41896e-05	-14.226	0.000421764	-4.88761e-06	0.000421764	-0.654	0.00210764	-8.48775e-05	0.00210954	-2.28	0.00173093	-9.44142e-05	0.00173379	-3.108	-1.810997e-11
0.376	312			4.21109e-05	-1.08854e-05	4.34893e-05	-14.484	0.000421645	-3.45708e-06	0.000421645	-0.462	0.00211145	-8.29701e-05	0.0021124	-2.238	0.00173522	-9.48911e-05	0.0017376	-3.12	-1.769112e-11
0.374	313			5.18637e-05	-1.01627e-05	5.28472e-05	-11.082	0.000424268	-3.57629e-06	0.000424268	-0.474	0.0021105	-8.29701e-05	0.00211145	-2.244	0.00174094	-9.39374e-05	0.0017438	-3.078	-1.852873e-11
0.372	314			6.5953e-05	-1.12132e-05	6.68992e-05	-9.642	0.000437738	-3.93394e-06	0.000437738	-0.504	0.00210477	-8.20165e-05	0.00210573	-2.232	0.00173665	-9.39374e-05	0.00173951	-3.084	-1.769115e-11
0.37	315			7.99526e-05	-1.04905e-05	8.06381e-05	-7.47	0.000462176	-4.52998e-06	0.000462176	-0.552	0.0021105	-8.29701e-05	0.00211145	-2.244	0.00173045	-9.44142e-05	0.00173331	-3.108	-1.794239e-11
0.368	316			9.18214e-05	-1.16826e-05	9.2559e-05	-7.248	0.000484588	-6.31812e-06	0.000484588	-0.732	0.00211622	-8.20165e-05	0.00211717	-2.22	0.00172663	-9.39374e-05	0.0017295	-3.102	-1.995277e-11
0.366	317			0.000101701	-1.1772e-05	0.000102379	-6.6	0.000510935	-7.03338e-06	0.000511054	-0.78	0.00212099	-8.29701e-05	0.00212194	-2.232	0.00171519	-9.29837e-05	0.00171805	-3.09	-2.074851e-11
0.364	318			0.000105672	-1.2599e-05	0.000106417	-6.798	0.000524286	-8.10629e-06	0.000524286	-0.882	0.00212099	-8.39238e-05	0.00212194	-2.25	0.00170708	-9.29837e-05	0.00170947	-3.108	-1.857064e-11
0.362	319			0.000112281	-1.21594e-05	0.000112929	-6.174	0.000527505	-8.58313e-06	0.000527624	-0.924	0.00211908	-8.39238e-05	0.00212003	-2.25	0.00170613	-9.25069e-05	0.00170851	-3.096	-1.760736e-11
0.36	320			0.000122347	-1.30237e-05	0.00012304	-6.072	0.000534896	-8.70234e-06	0.000535015	-0.93	0.0021105	-8.39238e-05	0.00211145	-2.262	0.00170279	-9.203e-05	0.00170518	-3.09	-2.020403e-11
0.358	321			0.000107222	-1.26809e-05	0.000107974	-6.744	0.000530962	-9.65601e-06	0.000530962	-1.038	0.00208379	-8.20165e-05	0.0020857	-2.25	0.00166894	-9.01227e-05	0.00167132	-3.084	-1.228836e-11
0.356	322			6.05213e-05	-1.00658e-05	6.1356e-05	-9.438	0.00046766	-5.96049e-06	0.000467779	-0.726	0.00203039	-8.01091e-05	0.00203134	-2.238	0.00162936	-8.77385e-05	0.00163174	-3.078	-2.476915e-11
0.354	323			3.59716e-05	-7.97218e-06	3.68434e-05	-12.486	0.000383379	-3.45708e-06	0.000383379	-0.51	0.00195982	-7.62944e-05	0.00196125	-2.22	0.00161744	-8.6308e-05	0.00161982	-3.042	-1.953393e-11
0.352	324			3.52042e-05	-8.39686e-06	3.61877e-05	-13.41	0.000330808	-2.3842e-06	0.000330808	-0.39	0.00191546	-7.58176e-05	0.00191689	-2.262	0.00162125	-8.6308e-05	0.00162364	-3.036	-1.995277e-11
0.35	325			4.45249e-05	-8.29255e-06	4.52923e-05	-10.542	0.000328185	-1.66894e-06	0.000328185	-0.276	0.00191022	-7.53407e-05	0.00191165	-2.25	0.00162841	-8.6308e-05	0.00163079	-3.024	-2.464355e-11
0.348	326			5.64607e-05	-8.8737e-06	5.71536e-05	-8.928	0.00034702	-1.66894e-06	0.00034702	-0.276	0.00191069	-7.48639e-05	0.00191212	-2.238	0.00162316	-8.67848e-05	0.00162555	-3.054	-1.953397e-11
0.346	327			6.86501e-05	-9.93913e-06	6.93579e-05	-8.232	0.000362994	-2.3842e-06	0.000362994	-0.366	0.00190545	-7.43871e-05	0.00190688	-2.226	0.0016141	-8.67848e-05	0.00161649	-3.06	-2.175366e-11
0.344	328			8.34097e-05	-1.03936e-05	8.40505e-05	-7.098	0.000390174	-4.05314e-06	0.000390174	-0.588	0.00191642	-7.43871e-05	0.00191785	-2.208	0.00161172	-8.67848e-05	0.0016141	-3.078	-2.376407e-11
0.342	329			9.75435e-05	-1.11312e-05	9.81768e-05	-6.51	0.000422599	-5.36445e-06	0.000422599	-0.714	0.00192643	-7.58176e-05	0.00192786	-2.25	0.00160409	-8.67848e-05	0.00160647	-3.078	-1.78168e-11
0.34	330			0.000110127	-1.21892e-05	0.000110798	-6.312	0.000455143	-6.31812e-06	0.000455262	-0.786	0.00194407	-7.62944e-05	0.0019455	-2.238	0.00160075	-8.6308e-05	0.00160313	-3.072	-1.898945e-11
0.338	331			0.000117526	-1.24202e-05	0.000118182	-6.03	0.000483157	-7.51021e-06	0.000483276	-0.888	0.00195743	-7.67712e-05	0.00195886	-2.232	0.00159455	-8.6308e-05	0.00159694	-3.084	-1.857065e-11
0.336	332			9.08454e-05	-1.07587e-05	9.14787e-05	-6.75	0.00049663	-8.2255e-06	0.00049663	-0.936	0.00195695	-7.67712e-05	0.00195886	-2.244	0.00155879	-8.44006e-05	0.00156117	-3.084	-1.898949e-11
0.334	333			4.27591e-05	-8.35961e-06	4.35712e-05	-11.052	0.000473978	-7.15259e-06	0.000474097	-0.852	0.00195075	-7.67712e-05	0.00195218	-2.238	0.0015235	-8.20165e-05	0.00152589	-3.066	-2.108354e-11
0.332	334			2.38792e-05	-7.3314e-06	2.49819e-05	-17.052	0.000450732	-5.24524e-06	0.000450732	-0.66	0.00194121	-7.53407e-05	0.00194217	-2.22	0.0015154	-8.20165e-05	0.00151778	-3.084	-2.401532e-11
0.33	335			2.97503e-05	-8.2404e-06	3.0868e-05	-15.468	0.000428798	-4.52998e-06	0.000428798	-0.594	0.00192071	-7.43871e-05	0.00192214	-2.208	0.00152255	-8.29701e-05	0.00152493	-3.108	-1.693725e-11
0.328	336			4.38842e-05	-8.38941e-06	4.46739e-05	-10.818	0.000394823	-4.05314e-06	0.000394823	-0.582	0.00188018	-7.34334e-05	0.00188161	-2.22	0.00153256	-8.20165e-05	0.00153447	-3.048	-1.484315e-11
0.326	337			6.13187e-05	-8.97801e-06	6.19744e-05	-8.322	0.0003531	-2.50341e-06	0.0003531	-0.402	0.00181485	-7.1526e-05	0.0018158	-2.25	0.00152732	-8.15396e-05	0.00152922	-3.048	-1.97433e-11
0.324	338			7.72034e-05	-9.40269e-06	7.77771e-05	-6.942	0.000329496	-2.98025e-06	0.000329496	-0.51	0.00177289	-7.00955e-05	0.00177432	-2.262	0.0015235	-8.10628e-05	0.00152541	-3.03	-1.756549e-11
0.322	339			9.30061e-05	-9.89443e-06	9.35351e-05	-6.072	0.00033343	-2.02657e-06	0.00033343	-0.342	0.00175143	-6.8665e-05	0.00175286	-2.232	0.00151444	-8.05859e-05	0.00151635	-3.036	-1.522009e-11
0.32	340			0.000103303	-1.09077e-05	0.000103876	-6.03	0.000347497	-3.33787e-06	0.000347497	-0.552	0.00174666	-6.8665e-05	0.00174809	-2.238	0.00150491	-8.01091e-05	0.00150681	-3.03	-1.685349e-11
0.318	341			0.000100099	-1.17645e-05	0.000100784	-6.702	0.000363829	-4.41077e-06	0.000363829	-0.69	0.00174857	-6.8665e-05	0.00175	-2.238	0.00148917	-8.01091e-05	0.00149155	-3.06	-1.886383e-11
0.316	342			5.61106e-05	-8.74704e-06	5.67811e-05	-8.85	0.000378015	-4.52998e-06	0.000378015	-0.678	0.00176526	-6.8665e-05	0.00176669	-2.214	0.00144769	-7.77249e-05	0.00144959	-3.072	-1.991087e-11
0.314	343			2.09586e-05	-5.80403e-06	2.17409e-05	-15.468	0.000383021	-2.98025e-06	0.000383021	-0.426	0.00178672	-6.8665e-05	0.00178815	-2.19	0.0014267	-7.67712e-05	0.00142861	-3.078	-1.919895e-11
0.312	344			1.75611e-05	-7.08926e-06	1.89358e-05	-21.972	0.000391962	-4.29156e-06	0.000391962	-0.612	0.00180198	-7.00955e-05	0.00180341	-2.214	0.00142813	-7.67712e-05	0.00143052	-3.072	-1.86963e-11
0.31	345			2.96907e-05	-7.50276e-06	3.06221e-05	-14.178	0.000398042	-4.05314e-06	0.000398042	-0.576	0.00180722	-7.05724e-05	0.00180817	-2.226	0.0014391	-7.77249e-05	0.00144101	-3.078	-1.898948e-11
0.308	346			4.71699e-05	-8.07649e-06	4.78553e-05	-9.714	0.000410559	-3.6955e-06	0.000410559	-0.51	0.00180293	-7.00955e-05	0.00180436	-2.214	0.00144244	-7.82018e-05	0.00144435	-3.096	-1.752363e-11
0.306	347			6.76704e-05	-8.96311e-06	6.8259e-05	-7.548	0.00041795	-5.84128e-06	0.00041795	-0.786	0.00178576	-6.96187e-05	0.00178719	-2.22	0.00143815	-7.77249e-05	0.00144006	-3.078	-1.87382e-11
0.304	348			8.57902e-05	-9.77522e-06	8.63452e-05	-6.498	0.000404956	-4.88761e-06	0.000404956	-0.678	0.00174952	-6.81882e-05	0.00175095	-2.226	0.00143386	-7.67712e-05	0.00143624	-3.06	-2.397343e-11
0.302	349			9.67463e-05	-9.49955e-06	9.72156e-05	-5.604	0.000362398	-4.29156e-06	0.000362398	-0.672	0.00168515	-6.53272e-05	0.00168658	-2.208	0.00142384	-7.58176e-05	0.00142575	-3.042	-2.053908e-11
0.3	350			8.13236e-05	-8.8439e-06	8.18078e-05	-6.204	0.000333073	-2.98025e-06	0.000333073	-0.492	0.00164223	-6.43735e-05	0.00164367	-2.232	0.00139666	-7.34334e-05	0.00139857	-3.006	-2.041347e-11
0.298	351			3.32596e-05	-5.94559e-06	3.37886e-05	-10.122	0.000298621	-1.66894e-06	0.000298621	-0.318	0.00162078	-6.34198e-05	0.00162221	-2.226	0.00135852	-7.1526e-05	0.00136042	-3.006	-1.936643e-11
0.296	352			1.34484e-05	-5.35327e-06	1.44691e-05	-21.69	0.000275971	-3.5763e-07	0.000275971	-0.072	0.00160838	-6.24661e-05	0.00160981	-2.208	0.00134755	-7.10492e-05	0.00134946	-3.018	-1.857066e-11
0.294	353			1.7278e-05	-6.37773e-06	1.8418e-05	-20.256	0.000276687	5.9605e-07	0.000276687	0.126	0.00161219	-6.24661e-05	0.00161315	-2.202	0.00135422	-7.24797e-05	0.00135613	-3.054	-1.865443e-11
0.292	354			3.10468e-05	-7.71141e-06	3.19893e-05	-13.944	0.000318768	-2.3842e-06	0.000318768	-0.408	0.00164748	-6.34198e-05	0.00164843	-2.19	0.00135995	-7.24797e-05	0.00136185	-3.042	-1.802621e-11
0.29	355			5.37897e-05	-8.15472e-06	5.44044e-05	-8.616	0.000369908	-4.29156e-06	0.000369908	-0.66	0.00167418	-6.43735e-05	0.00167514	-2.19	0.00135899	-7.20029e-05	0.0013609	-3.03	-2.141863e-11
0.288	356			7.37612e-05	-8.61293e-06	7.42604e-05	-6.66	0.000402333	-5.24524e-06	0.000402333	-0.732	0.00168181	-6.53272e-05	0.00168324	-2.214	0.00135661	-7.24797e-05	0.00135852	-3.054	-1.651842e-11
0.286	357			8.57343e-05	-9.12329e-06	8.62186e-05	-6.072	0.000416877	-5.96049e-06	0.000416877	-0.804	0.00167323	-6.53272e-05	0.00167466	-2.226	0.00134612	-7.20029e-05	0.00134803	-3.048	-2.125106e-11
0.284	358			5.84873e-05	-8.53842e-06	5.91057e-05	-8.304	0.000399472	-4.7684e-06	0.000399472	-0.678	0.00164843	-6.2943e-05	0.00164986	-2.178	0.00131274	-7.00955e-05	0.00131465	-3.036	-1.848689e-11
0.282	359			2.04892e-05	-5.95677e-06	2.13386e-05	-16.2	0.000327351	-1.90736e-06	0.000327351	-0.324	0.00158644	-6.10356e-05	0.0015874	-2.19	0.00128318	-6.8665e-05	0.00128461	-3.048	-1.961769e-11
0.28	360			1.03526e-05	-5.00682e-06	1.14963e-05	-25.794	0.000262739	2.3842e-07	0.000262739	0.072	0.00153018	-5.81744e-05	0.00153113	-2.172	0.00127984	-6.77113e-05	0.00128127	-3.024	-1.957581e-11
0.278	361			2.05972e-05	-6.0946e-06	2.14801e-05	-16.476	0.000246288	-2.3842e-07	0.000246288	-0.048	0.00151301	-5.9128e-05	0.00151397	-2.22	0.00128842	-6.81882e-05	0.00128985	-3.018	-2.02459e-11
0.276	362			3.79013e-05	-7.02965e-06	3.85458e-05	-10.5	0.000249507	1.1921e-07	0.000249507	0.048	0.00149918	-5.72207e-05	0.00150014	-2.178	0.00129081	-6.77113e-05	0.00129271	-3.0	-2.074856e-11
0.274	363			5.52016e-05	-8.94821e-06	5.59243e-05	-9.204	0.000279548	-2.26499e-06	0.000279548	-0.45	0.00150491	-5.86512e-05	0.00150586	-2.22	0.00128318	-6.81882e-05	0.00128508	-3.03	-2.158618e-11
0.272	364			6.97118e-05	-8.84017e-06	7.02706e-05	-7.224	0.000341775	-3.81473e-06	0.000341775	-0.636	0.0015421	-6.00817e-05	0.00154353	-2.214	0.00127221	-6.72345e-05	0.00127412	-3.012	-1.647656e-11
0.27	365			5.01017e-05	-7.14886e-06	5.06083e-05	-8.118	0.000376107	-5.00682e-06	0.000376107	-0.75	0.00156689	-6.05586e-05	0.00156785	-2.202	0.00124455	-6.62808e-05	0.00124646	-3.036	-1.974333e-11
0.268	366			1.71402e-05	-5.77423e-06	1.80827e-05	-18.6	0.000362398	-3.81473e-06	0.000362398	-0.588	0.00156213	-6.05586e-05	0.00156356	-2.208	0.00122023	-6.5804e-05	0.00122214	-3.066	-1.903131e-11
0.266	367			1.10008e-05	-5.53954e-06	1.23159e-05	-26.712	0.000330808	-2.50341e-06	0.000330808	-0.414	0.00153781	-5.86512e-05	0.00153876	-2.172	0.0012188	-6.43735e-05	0.00122023	-3.006	-1.836124e-11
0.264	368			2.19607e-05	-5.64012e-06	2.26722e-05	-14.4	0.000285508	-1.07289e-06	0.000285508	-0.198	0.00148917	-5.72207e-05	0.00149012	-2.19	0.00122786	-6.5804e-05	0.00122929	-3.048	-2.669578e-11
0.262	369			4.06581e-05	-7.03338e-06	4.12615e-05	-9.81	0.000250461	-4.76841e-07	0.000250461	-0.09	0.00143481	-5.57902e-05	0.00143576	-2.208	0.00122882	-6.53272e-05	0.00123072	-3.024	-1.639277e-11
0.26	370			6.07634e-05	-6.89554e-06	6.11511e-05	-6.474	0.000261547	-7.15259e-07	0.000261547	-0.144	0.00141621	-5.48365e-05	0.00141717	-2.208	0.00121976	-6.48503e-05	0.00122119	-3.036	-1.991085e-11
0.258	371			5.77348e-05	-7.16004e-06	5.81781e-05	-7.068	0.000273587	-1.07289e-06	0.000273587	-0.21	0.00140763	-5.43597e-05	0.00140858	-2.196	0.00119592	-6.34198e-05	0.00119735	-3.03	-1.953392e-11
0.256	372			2.58313e-05	-6.30322e-06	2.65875e-05	-13.71	0.00027919	-2.62262e-06	0.00027919	-0.534	0.00142003	-5.43597e-05	0.00142098	-2.178	0.00116826	-6.19893e-05	0.00117017	-3.018	-1.852873e-11
0.254	373			1.06618e-05	-6.0052e-06	1.22339e-05	-29.382	0.000298025	-2.26499e-06	0.000298025	-0.42	0.00144912	-5.6267e-05	0.00145055	-2.214	0.00116158	-6.24661e-05	0.00116301	-3.054	-2.012029e-11
0.252	374			1.68571e-05	-5.65875e-06	1.77809e-05	-18.546	0.000308158	-2.3842e-06	0.000308158	-0.432	0.00145913	-5.57902e-05	0.00146008	-2.184	0.00116826	-6.24661e-05	0.00117017	-3.036	-1.672784e-11
0.25	375			3.50515e-05	-7.54002e-06	3.58524e-05	-12.138	0.000304105	-2.02657e-06	0.000304105	-0.378	0.00143958	-5.43597e-05	0.00144053	-2.16	0.00117255	-6.24661e-05	0.00117446	-3.024	-1.739794e-11
0.248	376			5.42554e-05	-6.50439e-06	5.46465e-05	-6.834	0.000293734	-1.90736e-06	0.000293734	-0.348	0.00139952	-5.3406e-05	0.00140048	-2.166	0.00116349	-6.15125e-05	0.0011654	-3.018	-1.915701e-11
0.246	377			4.80267e-05	-6.67575e-06	4.84849e-05	-7.908	0.000266315	-1.54973e-06	0.000266315	-0.33	0.00135089	-5.14986e-05	0.00135184	-2.178	0.00113822	-6.00817e-05	0.00114013	-3.0	-1.915701e-11
0.244	378			2.12082e-05	-4.76095e-06	2.17335e-05	-12.648	0.000242234	-1.66894e-06	0.000242234	-0.378	0.00133324	-5.19755e-05	0.0013342	-2.22	0.00111438	-5.86512e-05	0.00111581	-2.994	-1.798431e-11
0.242	379			9.77522e-06	-4.23196e-06	1.06507e-05	-23.4	0.000222445	2.3842e-07	0.000222445	0.084	0.00132228	-5.0545e-05	0.00132323	-2.178	0.00111199	-5.86512e-05	0.0011139	-3.0	-2.347083e-11
0.24	380			2.05004e-05	-5.42778e-06	2.12082e-05	-14.826	0.000244022	-1.1921e-07	0.000244022	-0.018	0.0013404	-5.0545e-05	0.00134135	-2.148	0.00111724	-6.00817e-05	0.00111867	-3.06	-1.614149e-11
0.238	381			3.90636e-05	-6.41125e-06	3.95852e-05	-9.318	0.00028825	-2.74183e-06	0.00028825	-0.54	0.00136281	-5.24523e-05	0.00136424	-2.196	0.00111533	-5.9128e-05	0.00111724	-3.012	-2.770096e-11
0.236	382			4.96136e-05	-6.96632e-06	5.00979e-05	-7.986	0.000310065	-2.98025e-06	0.000310065	-0.54	0.00135566	-5.19755e-05	0.00135661	-2.184	0.00109864	-5.81744e-05	0.00110055	-3.024	-2.095791e-11
0.234	383			2.92511e-05	-5.89344e-06	2.9836e-05	-11.382	0.000282647	-1.90736e-06	0.000282647	-0.366	0.00132323	-4.95913e-05	0.00132418	-2.136	0.00107337	-5.72207e-05	0.0010748	-3.036	-1.986898e-11
0.232	384			1.35303e-05	-3.84825e-06	1.40668e-05	-15.87	0.000226022	3.5763e-07	0.000226022	0.12	0.0012765	-4.86376e-05	0.00127745	-2.166	0.00106574	-5.57902e-05	0.00106717	-2.988	-1.857069e-11
0.23	385			1.94052e-05	-5.29367e-06	2.0113e-05	-15.258	0.000206352	1.1921e-07	0.000206352	0.036	0.00125647	-4.86376e-05	0.00125743	-2.202	0.00107098	-5.67439e-05	0.00107241	-3.012	-2.246563e-11
0.228	386			3.6862e-05	-5.46503e-06	3.7268e-05	-8.43	0.000227333	-8.34469e-07	0.000227333	-0.186	0.00125647	-4.76839e-05	0.00125743	-2.172	0.0010686	-5.57902e-05	0.00106955	-2.982	-2.024598e-11
0.226	387			4.46329e-05	-6.13186e-06	4.50539e-05	-7.818	0.000270369	-2.02657e-06	0.000270369	-0.408	0.00126887	-4.76839e-05	0.00126982	-2.148	0.0010481	-5.6267e-05	0.00104953	-3.06	-1.970146e-11
0.224	388			2.82862e-05	-5.66992e-06	2.88488e-05	-11.334	0.000278475	-1.43052e-06	0.000278475	-0.288	0.00127602	-4.76839e-05	0.00127698	-2.136	0.00102807	-5.53133e-05	0.0010295	-3.06	-1.639279e-11
0.222	389			1.54526e-05	-5.15211e-06	1.62908e-05	-18.426	0.00024903	-1.07289e-06	0.00024903	-0.246	0.00125647	-4.76839e-05	0.00125743	-2.154	0.0010233	-5.57902e-05	0.00102473	-3.096	-2.217248e-11
0.22	390			2.57232e-05	-5.21916e-06	2.62485e-05	-11.466	0.000217796	3.5763e-07	0.000217796	0.102	0.00122071	-4.62534e-05	0.00122166	-2.16	0.00102998	-5.48365e-05	0.00103141	-3.036	-1.857065e-11
0.218	391			4.47745e-05	-5.64012e-06	4.51247e-05	-7.182	0.000225783	-8.34469e-07	0.000225783	-0.204	0.00119925	-4.57766e-05	0.00120021	-2.166	0.00102235	-5.43597e-05	0.00102378	-3.024	-2.451787e-11
0.216	392			4.21146e-05	-5.76305e-06	4.25095e-05	-7.788	0.000244262	-2.02657e-06	0.000244262	-0.468	0.00119448	-4.52998e-05	0.00119592	-2.154	0.000996597	-5.10218e-05	0.000997551	-2.928	-2.493671e-11
0.214	393			2.06308e-05	-4.82801e-06	2.11858e-05	-13.164	0.000231744	-1.54973e-06	0.000231744	-0.36	0.00119305	-4.57766e-05	0.00119401	-2.178	0.000983723	-5.24523e-05	0.000985153	-3.042	-1.488501e-11
0.212	394			2.19346e-05	-4.69017e-06	2.24301e-05	-12.06	0.000225783	-1.43052e-06	0.000225783	-0.336	0.00119115	-4.48229e-05	0.00119258	-2.148	0.000987776	-5.14986e-05	0.000989206	-2.982	-2.229814e-11
0.21	395			4.02557e-05	-6.03872e-06	4.07065e-05	-8.526	0.000237704	-1.07289e-06	0.000237704	-0.24	0.00118304	-4.48229e-05	0.00118399	-2.16	0.000987776	-5.26907e-05	0.000988968	-3.054	-1.869629e-11
0.208	396			4.65701e-05	-5.42033e-06	4.6883e-05	-6.636	0.000241638	-1.07289e-06	0.000241638	-0.252	0.00115491	-4.33924e-05	0.00115538	-2.148	0.000965122	-5.14986e-05	0.000966553	-3.042	-2.22981e-11
0.206	397			2.94485e-05	-4.02334e-06	2.97205e-05	-7.776	0.000221969	-1.43052e-06	0.000221969	-0.36	0.00114013	-4.33924e-05	0.00114108	-2.178	0.00094891	-4.98297e-05	0.000950102	-2.994	-1.852878e-11
0.204	398			2.50266e-05	-4.31019e-06	2.53954e-05	-9.768	0.000196994	7.15259e-07	0.000196994	0.222	0.00112248	-4.33924e-05	0.00112391	-2.208	0.000952486	-4.95913e-05	0.000953916	-2.976	-1.907325e-11
0.202	399			4.06618e-05	-5.27877e-06	4.10045e-05	-7.392	0.000219763	-1.78815e-07	0.000219763	-0.042	0.00112391	-4.24387e-05	0.00112487	-2.154	0.000947241	-5.0545e-05	0.000948671	-3.054	-1.681159e-11
0.2	400			4.78628e-05	-5.96794e-06	4.82316e-05	-7.104	0.000250818	-1.37091e-06	0.000250818	-0.306	0.0011282	-4.10082e-05	0.00112868	-2.082	0.000929121	-4.8876e-05	0.000930551	-3.006	-1.96177e-11
0.198	401			3.28461e-05	-4.65292e-06	3.31739e-05	-8.058	0.000223578	-1.2517e-06	0.000223578	-0.318	0.00110579	-4.10082e-05	0.00110675	-2.124	0.000916723	-4.76839e-05	0.000917915	-2.976	-1.869626e-11
0.196	402			3.39935e-05	-4.66782e-06	3.43139e-05	-7.818	0.00019908	-4.17234e-07	0.00019908	-0.108	0.0010829	-4.14851e-05	0.00108386	-2.184	0.000919346	-4.81608e-05	0.000920776	-2.988	-2.14605e-11
0.194	403			5.04071e-05	-6.97005e-06	5.08877e-05	-7.866	0.000210167	-1.37091e-06	0.000210167	-0.366	0.00106526	-4.00546e-05	0.00106574	-2.13	0.000909571	-4.76839e-05	0.000910763	-2.988	-2.275884e-11
0.192	404			4.51508e-05	-5.26759e-06	4.54562e-05	-6.654	0.000226916	-7.15259e-07	0.000226916	-0.168	0.00106908	-3.95777e-05	0.00106955	-2.106	0.000889305	-4.72071e-05	0.000890497	-3.036	-1.806806e-11
0.19	405			3.2984e-05	-5.45013e-06	3.3431e-05	-9.378	0.000216485	-7.15259e-07	0.000216485	-0.174	0.00106955	-4.00546e-05	0.00107003	-2.142	0.000886921	-4.74455e-05	0.000888113	-3.054	-1.769113e-11
0.188	406			4.69612e-05	-5.15211e-06	4.72444e-05	-6.258	0.000207664	-7.15259e-07	0.000207664	-0.192	0.00104285	-3.91009e-05	0.0010438	-2.142	0.00088549	-4.67303e-05	0.000886682	-3.006	-1.903135e-11
0.186	407			5.39499e-05	-6.11696e-06	5.42963e-05	-6.468	0.000211597	-1.07289e-06	0.000211597	-0.282	0.00101996	-3.81472e-05	0.00102092	-2.13	0.000866894	-4.6015e-05	0.000868086	-3.024	-2.267504e-11
0.184	408			4.12615e-05	-5.50601e-06	4.16304e-05	-7.596	0.000197352	8.94073e-07	0.000197352	0.264	0.00101186	-3.71935e-05	0.00101233	-2.094	0.000857357	-4.55382e-05	0.000858549	-3.036	-1.672784e-11
0.182	409			4.45584e-05	-6.01637e-06	4.49645e-05	-7.686	0.000207485	-3.5763e-07	0.000207485	-0.09	0.00101901	-3.76704e-05	0.00101949	-2.118	0.000857595	-4.6015e-05	0.000858787	-3.072	-1.769112e-11
0.18	410			5.41771e-05	-4.82801e-06	5.43895e-05	-5.094	0.000214637	-1.49012e-06	0.000214637	-0.384	0.000999935	-3.76704e-05	0.00100089	-2.136	0.000844005	-4.38693e-05	0.000845198	-2.964	-1.882194e-11
0.178	411			4.6693e-05	-5.50228e-06	4.70171e-05	-6.72	0.00019312	2.98025e-07	0.00019312	0.096	0.000975136	-3.64783e-05	0.000975851	-2.13	0.000830416	-4.36308e-05	0.000831608	-3.0	-2.275884e-11
0.176	412			4.61082e-05	-5.36072e-06	4.64211e-05	-6.63	0.000181855	5.96051e-08	0.000181855	0.018	0.000962738	-3.60014e-05	0.000963453	-2.13	0.000828747	-4.38693e-05	0.000829939	-3.024	-1.718854e-11
0.174	413			5.31117e-05	-6.39635e-06	5.34954e-05	-6.864	0.000212611	-1.54973e-06	0.000212611	-0.402	0.000971559	-3.60014e-05	0.000972036	-2.124	0.000815395	-4.38693e-05	0.000816587	-3.066	-1.815181e-11
0.172	414			4.73934e-05	-4.82801e-06	4.76392e-05	-5.814	0.000197471	-1.07289e-06	0.000197471	-0.3	0.000953678	-3.5763e-05	0.000954393	-2.142	0.000804905	-4.22003e-05	0.000806097	-3.0	-1.945013e-11
0.17	415			5.03811e-05	-5.82266e-06	5.07201e-05	-6.588	0.000173152	-5.9605e-07	0.000173152	-0.186	0.000922207	-3.38557e-05	0.000922922	-2.1	0.000801805	-4.17235e-05	0.000802759	-2.976	-2.234003e-11
0.168	416			5.19494e-05	-6.46713e-06	5.2348e-05	-7.092	0.000190915	-6.55655e-07	0.000190915	-0.192	0.000921492	-3.2902e-05	0.000921968	-2.028	0.00078607	-4.17235e-05	0.000787262	-3.036	-1.957581e-11
0.166	417			4.78404e-05	-5.29367e-06	4.81347e-05	-6.312	0.000192703	-7.15259e-07	0.000192703	-0.198	0.000925068	-3.43325e-05	0.000925545	-2.124	0.000780586	-4.0293e-05	0.000781778	-2.946	-2.112545e-11
0.164	418			5.08579e-05	-5.34955e-06	5.1141e-05	-6.0	0.000172199	1.78815e-07	0.000172199	0.066	0.000891212	-3.33788e-05	0.000891928	-2.142	0.000772957	-4.10082e-05	0.000774149	-3.036	-1.597397e-11
0.162	419			5.10926e-05	-5.4166e-06	5.13794e-05	-6.048	0.000178755	-8.94073e-07	0.000178755	-0.276	0.000885013	-3.2902e-05	0.000885729	-2.124	0.00075889	-4.00546e-05	0.000759844	-3.006	-1.68116e-11
0.16	420			4.64509e-05	-4.95839e-06	4.67116e-05	-6.09	0.000178815	-7.15259e-07	0.000178815	-0.222	0.000886444	-3.19483e-05	0.000886921	-2.058	0.000754837	-3.8624e-05	0.000755791	-2.922	-1.635089e-11
0.158	421			5.07722e-05	-5.12603e-06	5.10293e-05	-5.76	0.000169695	-4.17234e-07	0.000169695	-0.132	0.000859264	-3.17099e-05	0.000859741	-2.112	0.000743154	-3.98161e-05	0.000744108	-3.054	-1.802619e-11
0.156	422			4.79373e-05	-5.15956e-06	4.82129e-05	-6.138	0.000165702	1.78815e-07	0.000165702	0.072	0.000850681	-3.21867e-05	0.000851396	-2.154	0.000734095	-3.8624e-05	0.000735287	-3.0	-2.213062e-11
0.154	423			4.88686e-05	-5.46503e-06	4.91741e-05	-6.378	0.000172139	-4.76841e-07	0.000172139	-0.156	0.000845674	-3.17099e-05	0.00084639	-2.142	0.000722889	-3.88625e-05	0.000723843	-3.072	-1.999464e-11
0.152	424			4.66856e-05	-5.08505e-06	4.69612e-05	-6.21	0.00015992	1.1921e-07	0.00015992	0.048	0.000826124	-3.07562e-05	0.000826601	-2.124	0.000715736	-3.76704e-05	0.00071669	-3.0	-1.898949e-11
0.15	425			4.61752e-05	-5.1372e-06	4.64583e-05	-6.348	0.000159801	5.36445e-07	0.000159801	0.204	0.000817779	-2.9564e-05	0.000818256	-2.052	0.000705961	-3.67167e-05	0.000706915	-2.97	-2.016214e-11
0.148	426			4.63168e-05	-4.93231e-06	4.65775e-05	-6.078	0.000160814	3.5763e-07	0.000160814	0.132	0.000808243	-2.9564e-05	0.00080872	-2.088	0.000696901	-3.76704e-05	0.000698093	-3.096	-1.672786e-11
0.146	427			4.61342e-05	-5.02917e-06	4.64062e-05	-6.216	0.000147403	1.2517e-06	0.000147403	0.504	0.000789646	-2.90872e-05	0.000790123	-2.1	0.000690464	-3.69551e-05	0.000691418	-3.054	-1.576458e-11
0.144	428			4.50688e-05	-4.97329e-06	4.53445e-05	-6.294	0.000158013	5.9605e-07	0.000158013	0.216	0.000788216	-2.98024e-05	0.000788692	-2.154	0.000675444	-3.64783e-05	0.000676397	-3.078	-1.890576e-11
0.142	429			4.33291e-05	-4.62311e-06	4.3575e-05	-6.084	0.00014031	1.01329e-06	0.00014031	0.432	0.000765804	-2.83719e-05	0.000766281	-2.106	0.00067139	-3.52862e-05	0.000672344	-3.0	-2.334519e-11
0.14	430			4.50688e-05	-4.40332e-06	4.52849e-05	-5.574	0.000150205	-2.98025e-07	0.000150205	-0.102	0.00076342	-2.83719e-05	0.000763897	-2.124	0.000661138	-3.45709e-05	0.000662092	-2.988	-1.626713e-11
0.138	431			4.14329e-05	-4.14628e-06	4.16415e-05	-5.712	0.000136555	1.07289e-06	0.000136555	0.462	0.00074387	-2.69414e-05	0.000744347	-2.064	0.000652079	-3.43325e-05	0.000653032	-3.012	-1.928269e-11
0.136	432			4.26585e-05	-4.64547e-06	4.29119e-05	-6.21	0.000140787	8.94073e-07	0.000140787	0.378	0.000739101	-2.6703e-05	0.000739578	-2.064	0.000642542	-3.36173e-05	0.000643257	-2.982	-2.334518e-11
0.134	433			4.2178e-05	-4.55978e-06	4.24238e-05	-6.168	0.000135065	8.94073e-07	0.000135065	0.396	0.000722174	-2.62262e-05	0.00072265	-2.076	0.000632528	-3.33788e-05	0.000633243	-3.0	-2.037156e-11
0.132	434			4.12429e-05	-4.46293e-06	4.14813e-05	-6.168	0.000130535	8.34469e-07	0.000130535	0.378	0.000713114	-2.57493e-05	0.000713591	-2.064	0.00062466	-3.33788e-05	0.000625614	-3.054	-2.305207e-11
0.13	435			4.29119e-05	-4.7833e-06	4.31801e-05	-6.354	0.000132323	8.34469e-07	0.000132323	0.372	0.000700954	-2.50341e-05	0.000701431	-2.028	0.000613932	-3.33788e-05	0.000614647	-3.09	-1.459186e-11
0.128	436			4.13659e-05	-5.00309e-06	4.16676e-05	-6.894	0.00012684	7.15259e-07	0.00012684	0.348	0.000689272	-2.40804e-05	0.000689749	-1.992	0.000606064	-3.19483e-05	0.000606779	-3.006	-1.819372e-11
0.126	437			4.08443e-05	-4.47038e-06	4.10865e-05	-6.246	0.000123919	1.37091e-06	0.000123919	0.648	0.000677589	-2.47956e-05	0.000678066	-2.082	0.000596527	-3.12331e-05	0.000597242	-2.976	-1.903135e-11
0.124	438			4.15856e-05	-3.69178e-06	4.17496e-05	-5.07	0.000123263	4.76841e-07	0.000123263	0.246	0.000666622	-2.47956e-05	0.000667099	-2.118	0.000586513	-3.07562e-05	0.000587229	-2.994	-2.125108e-11
0.122	439			4.11721e-05	-3.95256e-06	4.13621e-05	-5.478	0.000116528	7.74864e-07	0.000116528	0.39	0.000651363	-2.36036e-05	0.00065184	-2.064	0.000579122	-3.05178e-05	0.000580076	-2.994	-2.062287e-11
0.12	440			4.07139e-05	-3.0622e-06	4.08257e-05	-4.296	0.000118018	1.07289e-06	0.000118018	0.534	0.000646118	-2.31267e-05	0.000646595	-2.04	0.000570301	-2.9564e-05	0.000571255	-2.958	-2.217248e-11
0.118	441			4.10418e-05	-3.58002e-06	4.11982e-05	-4.986	0.000112534	4.76841e-07	0.000112534	0.252	0.000628952	-2.33651e-05	0.000629429	-2.106	0.000560049	-2.90872e-05	0.000560764	-2.964	-1.965955e-11
0.116	442			4.05575e-05	-3.71785e-06	4.07251e-05	-5.238	0.000114143	3.5763e-07	0.000114143	0.198	0.000621084	-2.31267e-05	0.000621561	-2.118	0.00054789	-2.93256e-05	0.000548605	-3.048	-2.09998e-11
0.114	443			3.96559e-05	-4.39215e-06	3.98981e-05	-6.318	0.000108421	1.2517e-06	0.000108421	0.69	0.000607971	-2.16962e-05	0.000608448	-2.022	0.000540975	-2.9564e-05	0.000541929	-3.102	-1.949202e-11
0.112	444			3.92983e-05	-3.67688e-06	3.94697e-05	-5.346	0.000106037	8.94073e-07	0.000106037	0.486	0.000597242	-2.14578e-05	0.000597481	-2.046	0.000531439	-2.81335e-05	0.000531916	-3.018	-1.823559e-11
0.11	445			3.89817e-05	-3.79236e-06	3.91642e-05	-5.55	0.000104785	1.54973e-06	0.000104785	0.876	0.000587467	-2.05041e-05	0.000587944	-1.998	0.000524048	-2.83719e-05	0.000524763	-3.096	-2.26332e-11
0.108	446			3.87134e-05	-3.94139e-06	3.89146e-05	-5.808	0.000102222	1.2517e-06	0.000102222	0.726	0.000574593	-2.05041e-05	0.000574831	-2.028	0.000512127	-2.71798e-05	0.000512842	-3.018	-1.643466e-11
0.106	447			4.00695e-05	-3.05848e-06	4.01849e-05	-4.362	9.85269e-05	2.98025e-07	9.85269e-05	0.174	0.000561956	-2.07425e-05	0.000562433	-2.106	0.000504497	-2.64646e-05	0.000505213	-2.988	-2.15862e-11
0.104	448			3.94846e-05	-3.26337e-06	3.9615e-05	-4.722	9.59341e-05	2.11598e-06	9.59341e-05	1.272	0.000548605	-1.9312e-05	0.000549082	-1.998	0.000493292	-2.63454e-05	0.000494007	-3.048	-2.037154e-11
0.102	449			3.8788e-05	-3.01377e-06	3.89034e-05	-4.44	9.38182e-05	1.10269e-06	9.38182e-05	0.684	0.000540022	-1.90736e-05	0.00054026	-2.016	0.000485541	-2.49149e-05	0.000486137	-2.934	-1.986901e-11
0.1	450			3.81882e-05	-3.39375e-06	3.83409e-05	-5.076	9.03611e-05	1.78815e-06	9.03909e-05	1.14	0.000527147	-1.9312e-05	0.000527624	-2.082	0.000475528	-2.55109e-05	0.000476243	-3.06	-1.911508e-11
0.098	451			3.81137e-05	-3.34533e-06	3.8259e-05	-5.016	8.97353e-05	1.34111e-06	8.97353e-05	0.864	0.000518087	-1.88352e-05	0.000518326	-2.064	0.000468375	-2.45572e-05	0.00046909	-2.988	-1.974337e-11
0.096	452			3.75102e-05	-3.6508e-06	3.76853e-05	-5.556	8.80663e-05	2.11598e-06	8.80961e-05	1.386	0.000508074	-1.74047e-05	0.000508312	-1.95	0.00046015	-2.49149e-05	0.000460865	-3.084	-1.723043e-11
0.094	453			3.71451e-05	-3.22612e-06	3.72829e-05	-4.962	8.53543e-05	9.83484e-07	8.53543e-05	0.672	0.00049651	-1.74047e-05	0.000496868	-1.998	0.000449779	-2.43188e-05	0.000450494	-3.09	-1.408928e-11
0.092	454			3.6184e-05	-2.83869e-06	3.6292e-05	-4.482	8.33874e-05	1.31131e-06	8.33874e-05	0.918	0.000485064	-1.69278e-05	0.000485303	-1.992	0.000439527	-2.30075e-05	0.000440123	-2.994	-1.978523e-11
0.09	455			3.43884e-05	-2.60027e-06	3.44852e-05	-4.326	7.97515e-05	5.06643e-07	7.97515e-05	0.384	0.000473024	-1.69278e-05	0.000473382	-2.04	0.000428082	-2.2173e-05	0.000428678	-2.958	-2.234005e-11
0.088	456			3.59642e-05	-2.6934e-06	3.60648e-05	-4.278	7.91554e-05	1.01329e-06	7.91554e-05	0.75	0.000462176	-1.65702e-05	0.000462415	-2.046	0.000421884	-2.26499e-05	0.00042248	-3.054	-1.965957e-11
0.086	457			3.53793e-05	-3.61355e-06	3.55619e-05	-5.832	7.68607e-05	1.96697e-06	7.68905e-05	1.476	0.000452282	-1.53781e-05	0.00045252	-1.938	0.000412824	-2.22923e-05	0.00041342	-3.078	-2.280071e-11
0.084	458			3.39451e-05	-2.76418e-06	3.40568e-05	-4.656	7.30758e-05	1.81795e-06	7.31056e-05	1.434	0.000440003	-1.56165e-05	0.000440242	-2.022	0.000402691	-2.18154e-05	0.000403287	-3.096	-1.898947e-11
0.082	459			3.42319e-05	-2.61889e-06	3.43288e-05	-4.368	7.16452e-05	1.78815e-06	7.16751e-05	1.452	0.000430586	-1.54973e-05	0.000430824	-2.046	0.000395061	-2.0981e-05	0.000395657	-3.024	-1.806807e-11
0.08	460			3.30585e-05	-3.86688e-06	3.32857e-05	-6.672	6.99763e-05	1.01329e-06	6.99763e-05	0.846	0.000419261	-1.40668e-05	0.000419619	-1.92	0.000384213	-2.06233e-05	0.000384809	-3.066	-2.166992e-11
0.078	461			3.32224e-05	-2.74555e-06	3.33379e-05	-4.722	6.792e-05	1.60933e-06	6.79498e-05	1.374	0.000408055	-1.45436e-05	0.000408294	-2.04	0.000375153	-2.02657e-05	0.00037575	-3.084	-1.940827e-11
0.076	462			3.2183e-05	-3.53159e-06	3.23767e-05	-6.258	6.57146e-05	2.3842e-06	6.57742e-05	2.088	0.000397684	-1.33515e-05	0.000397922	-1.92	0.000366809	-1.95504e-05	0.000367286	-3.036	-2.037158e-11
0.074	463			3.19819e-05	-2.30224e-06	3.20675e-05	-4.11	6.28238e-05	1.37091e-06	6.28536e-05	1.26	0.000385525	-1.38283e-05	0.000385882	-2.046	0.000357034	-1.9312e-05	0.00035763	-3.078	-2.246566e-11
0.072	464			3.08978e-05	-2.85359e-06	3.10282e-05	-5.274	6.01115e-05	1.1325e-06	6.01115e-05	1.098	0.000375392	-1.31131e-05	0.00037563	-1.992	0.000348808	-1.89544e-05	0.000349285	-3.108	-1.78168e-11
0.07	465			3.01452e-05	-2.90574e-06	3.0283e-05	-5.502	5.76379e-05	1.84775e-06	5.76677e-05	1.854	0.000362994	-1.2517e-05	0.000363233	-1.968	0.00033653	-1.83583e-05	0.000337007	-3.108	-2.200495e-11
0.068	466			2.95528e-05	-2.3246e-06	2.96423e-05	-4.494	5.582e-05	2.3246e-06	5.58796e-05	2.394	0.0003531	-1.1921e-05	0.000353219	-1.926	0.000327708	-1.80007e-05	0.000328185	-3.144	-2.192121e-11
0.066	467			2.97354e-05	-2.17931e-06	2.98173e-05	-4.188	5.34954e-05	2.05637e-06	5.35252e-05	2.214	0.000342252	-1.09673e-05	0.00034249	-1.83	0.000318648	-1.74047e-05	0.000319125	-3.114	-1.56808e-11
0.064	468			2.90388e-05	-1.51248e-06	2.9076e-05	-2.976	5.23629e-05	2.50341e-06	5.24225e-05	2.766	0.000331881	-1.14442e-05	0.000332	-1.968	0.000309469	-1.7047e-05	0.000309946	-3.132	-2.066476e-11
0.062	469			2.80888e-05	-3.03985e-06	2.8249e-05	-6.168	5.02171e-05	1.28151e-06	5.02469e-05	1.482	0.000322105	-1.08481e-05	0.000322225	-1.908	0.000302197	-1.68086e-05	0.000302674	-3.18	-2.032969e-11
0.06	470			2.67328e-05	-1.52738e-06	2.67775e-05	-3.27	4.81161e-05	2.61517e-06	4.81906e-05	3.114	0.000310065	-1.01328e-05	0.000310304	-1.872	0.000290753	-1.57357e-05	0.000291111	-3.096	-2.208873e-11
0.058	471			2.60548e-05	-2.44753e-06	2.61666e-05	-5.364	4.55009e-05	2.26499e-06	4.55531e-05	2.85	0.000299217	-1.03713e-05	0.000299336	-1.98	0.000280859	-1.56165e-05	0.000281217	-3.18	-1.836123e-11
0.056	472			2.57493e-05	-2.06383e-06	2.5835e-05	-4.578	4.47112e-05	2.60027e-06	4.47857e-05	3.336	0.000290753	-1.00136e-05	0.000290992	-1.956	0.000274183	-1.56165e-05	0.000274541	-3.258	-1.949208e-11
0.054	473			2.50825e-05	-2.0303e-06	2.51682e-05	-4.62	4.26623e-05	2.3693e-06	4.27293e-05	3.186	0.00027764	-1.00136e-05	0.000277879	-2.046	0.000262262	-1.50204e-05	0.00026262	-3.258	-1.890572e-11
0.052	474			2.50974e-05	-2.18676e-06	2.51905e-05	-4.974	4.0211e-05	2.65987e-06	4.0293e-05	3.786	0.000268223	-8.58313e-06	0.000268342	-1.818	0.000254394	-1.46628e-05	0.000254752	-3.282	-1.337728e-11
0.05	475			2.34545e-05	-1.31503e-06	2.34918e-05	-3.204	3.76704e-05	1.92226e-06	3.77151e-05	2.928	0.000257136	-9.29838e-06	0.000257375	-2.064	0.000243069	-1.27555e-05	0.000243426	-2.982	-1.99109e-11
0.048	476			2.28548e-05	-2.02285e-06	2.29442e-05	-5.052	3.65006e-05	2.4289e-06	3.65826e-05	3.816	0.000247719	-8.2255e-06	0.000247838	-1.878	0.000235916	-1.28747e-05	0.000236155	-3.12	-2.200496e-11
0.046	477			2.25083e-05	-2.1048e-06	2.26052e-05	-5.34	3.49658e-05	2.13088e-06	3.50329e-05	3.492	0.000237108	-8.10629e-06	0.000237227	-1.932	0.000225783	-1.21594e-05	0.000226022	-3.06	-1.819374e-11
0.044	478			2.19048e-05	-9.79759e-07	2.19272e-05	-2.55	3.25667e-05	2.53321e-06	3.2671e-05	4.446	0.000225783	-7.51021e-06	0.000225903	-1.896	0.000217677	-1.2517e-05	0.000218035	-3.276	-1.945022e-11
0.042	479			2.14466e-05	-1.24053e-06	2.14839e-05	-3.312	3.09797e-05	2.45126e-06	3.10841e-05	4.524	0.000216008	-6.79496e-06	0.000216127	-1.782	0.000207425	-1.20402e-05	0.000207783	-3.294	-2.309386e-11
0.04	480			2.10257e-05	-1.03564e-06	2.10517e-05	-2.814	2.89531e-05	1.95207e-06	2.90201e-05	3.858	0.00020361	-6.43733e-06	0.00020373	-1.8	0.000195564	-1.06693e-05	0.000195862	-3.12	-2.317764e-11
0.038	481			1.92189e-05	-6.81732e-07	1.92338e-05	-2.028	2.82453e-05	3.0473e-06	2.84092e-05	6.168	0.000195564	-6.55654e-06	0.000195683	-1.914	0.000189007	-1.07885e-05	0.000189305	-3.258	-1.86544e-11
0.036	482			1.7766e-05	-1.18837e-06	1.7807e-05	-3.822	2.63379e-05	2.77908e-06	2.64795e-05	6.024	0.00018561	-6.31812e-06	0.000185729	-1.932	0.000178576	-1.04309e-05	0.000178874	-3.33	-2.372214e-11
0.034	483			1.69688e-05	-1.75462e-06	1.70582e-05	-5.898	2.43859e-05	1.87755e-06	2.44604e-05	4.41	0.000174643	-5.72208e-06	0.000174762	-1.866	0.000169576	-1.04309e-05	0.000169934	-3.51	-1.706288e-11
0.032	484			1.66224e-05	-9.31326e-07	1.66522e-05	-3.204	2.26573e-05	2.3991e-06	2.2784e-05	6.048	0.000164033	-5.48366e-06	0.000164152	-1.896	0.000160457	-9.5368e-06	0.000160695	-3.39	-1.769108e-11
0.03	485			1.66447e-05	-8.86623e-07	1.66671e-05	-3.036	2.12119e-05	2.02657e-06	2.13013e-05	5.46	0.000154198	-4.7088e-06	0.000154258	-1.734	0.000151814	-8.70234e-06	0.000152052	-3.264	-1.651847e-11
0.028	486			1.5773e-05	-1.61678e-06	1.58587e-05	-5.838	2.0519e-05	2.08618e-06	2.06233e-05	5.808	0.0001449	-4.41077e-06	0.000144959	-1.728	0.000141502	-9.23878e-06	0.0001418	-3.732	-1.831934e-11
0.026	487			1.48491e-05	-1.1325e-06	1.48938e-05	-4.35	1.90289e-05	1.98932e-06	1.91332e-05	5.976	0.000134171	-3.87433e-06	0.00013429	-1.65	0.000132204	-8.2851e-06	0.000132442	-3.564	-1.718854e-11
0.024	488			1.41524e-05	-7.71139e-07	1.41711e-05	-3.114	1.68906e-05	2.80143e-06	1.71216e-05	9.42	0.000123502	-4.05314e-06	0.000123561	-1.854	0.000120819	-7.98708e-06	0.000121117	-3.774	-1.635087e-11
0.022	489			1.39773e-05	-1.03191e-06	1.40146e-05	-4.212	1.6112e-05	2.02657e-06	1.62387e-05	7.182	0.000114143	-3.99354e-06	0.000114203	-1.986	0.000113786	-7.2718e-06	0.000114024	-3.636	-1.957581e-11
0.02	490			1.33925e-05	-9.05249e-07	1.3426e-05	-3.858	1.62834e-05	2.23891e-06	1.64361e-05	7.83	0.000105083	-3.75511e-06	0.000105143	-2.016	0.000105143	-6.85456e-06	0.000105381	-3.714	-1.999459e-11
0.018	491			1.18465e-05	-4.91742e-07	1.18577e-05	-2.37	1.49124e-05	2.55556e-06	1.51285e-05	9.726	9.56361e-05	-1.99677e-06	9.56659e-05	-1.188	9.42056e-05	-5.87109e-06	9.43844e-05	-3.564	-2.213061e-11
0.016	492			1.13734e-05	-1.05426e-06	1.14255e-05	-5.292	1.35191e-05	2.69712e-06	1.37836e-05	11.292	8.70232e-05	-2.08618e-06	8.7053e-05	-1.368	8.4192e-05	-5.75188e-06	8.43708e-05	-3.894	-2.460163e-11
0.014	493			1.11126e-05	-1.45287e-06	1.12095e-05	-7.434	1.34558e-05	2.66732e-06	1.37166e-05	11.22	7.73971e-05	-1.63914e-06	7.74269e-05	-1.194	7.48937e-05	-5.39425e-06	7.50725e-05	-4.098	-1.647655e-11
0.012	494			1.11946e-05	-7.41336e-07	1.12169e-05	-3.78	1.28635e-05	2.22029e-06	1.30535e-05	9.804	6.67875e-05	-9.53682e-07	6.67875e-05	-0.798	6.67577e-05	-5.54326e-06	6.69961e-05	-4.734	-2.21306e-11
0.01	495			1.10493e-05	-1.06917e-06	1.11014e-05	-5.514	1.26809e-05	2.28734e-06	1.28858e-05	10.236	5.73101e-05	-7.15259e-07	5.73101e-05	-0.702	5.5969e-05	-4.55978e-06	5.61478e-05	-4.644	-2.208868e-11
0.008	496			1.05389e-05	-3.31553e-07	1.05426e-05	-1.794	1.15857e-05	2.42145e-06	1.18353e-05	11.814	4.56127e-05	-6.55655e-07	4.56201e-05	-0.822	4.51731e-05	-3.91158e-06	4.53445e-05	-4.944	-2.21725e-11
0.006	497			1.13026e-05	-3.83707e-07	1.13063e-05	-1.926	1.33254e-05	1.83285e-06	1.34521e-05	7.836	3.80802e-05	-6.78006e-07	3.80876e-05	-1.014	3.79311e-05	-3.44218e-06	3.80802e-05	-5.184	-1.635086e-11
0.004	498			1.04048e-05	7.45063e-08	1.04048e-05	0.42	1.24612e-05	2.59654e-06	1.27294e-05	11.784	2.7381e-05	7.07809e-07	2.73885e-05	1.494	2.70755e-05	-2.66732e-06	2.72096e-05	-5.622	-1.907324e-11
0.002	499			1.16937e-05	-8.34469e-07	1.17235e-05	-4.074	1.29827e-05	1.8701e-06	1.31168e-05	8.208	1.49124e-05	1.03936e-06	1.49459e-05	3.99	1.40481e-05	-2.65242e-06	1.4294e-05	-10.68	-2.192122e-11
0.0	500			1.14479e-05	1.97441e-07	1.14516e-05	1.002	1.34484e-05	2.64497e-06	1.37054e-05	11.13	6.44292e-06	7.78589e-07	6.48948e-06	6.9	5.31695e-06	-1.76393e-06	5.60193e-06	-18.348	-1.689536e-11
