variable x	variable x count			lockin1 x	lockin1 y	lockin1 r	lockin1 phi	lockin2 x	lockin2 y	lockin2 r	lockin2 phi	lockin3 x	lockin3 y	lockin3 r	lockin3 phi	smu1 meas	


1.0	0			0.00103975	-0.000101328	0.00104476	-5.562	-0.00451663	0.000261309	0.00452235	176.682	0.00171686	-2.62262e-05	0.0017171	-0.87	-1.903113e-11
0.9975	1			0.000995882	-9.72752e-05	0.00100065	-5.568	-0.00444224	0.00025654	0.00444892	176.694	0.00164009	-2.02657e-05	0.00164033	-0.708	-1.551307e-11
0.995	2			0.00102497	-9.89442e-05	0.00102974	-5.508	-0.00441077	0.000254633	0.00441745	176.688	0.00160623	-1.97889e-05	0.00160623	-0.702	-2.179532e-11
0.9925	3			0.000941996	-9.3699e-05	0.000946764	-5.676	-0.00438693	0.000252726	0.00439361	176.694	0.0015843	-1.83583e-05	0.00158454	-0.666	-1.865416e-11
0.99	4			0.000918392	-9.08379e-05	0.000922922	-5.646	-0.00437453	0.000251772	0.00438026	176.7	0.00157023	-1.71663e-05	0.00157023	-0.618	-2.053884e-11
0.9875	5			0.000909571	-9.203e-05	0.000914101	-5.766	-0.00434116	0.000248911	0.00434688	176.712	0.00154258	-1.52589e-05	0.00154258	-0.564	-1.890547e-11
0.985	6			0.00100637	-9.82289e-05	0.00101114	-5.562	-0.00429824	0.000247004	0.00430492	176.706	0.00151826	-1.50204e-05	0.00151826	-0.564	-2.338683e-11
0.9825	7			0.000830654	-8.60696e-05	0.000835184	-5.91	-0.00424388	0.000243188	0.0042496	176.718	0.00150252	-1.50204e-05	0.00150252	-0.564	-1.706266e-11
0.98	8			0.000736002	-8.10628e-05	0.000740532	-6.276	-0.00421908	0.000241281	0.00422481	176.718	0.00148106	-1.28747e-05	0.00148106	-0.486	-2.208847e-11
0.9775	9			0.000559095	-7.03339e-05	0.000563387	-7.152	-0.00421622	0.000241281	0.00422195	176.712	0.00147224	-1.28747e-05	0.00147224	-0.492	-2.426633e-11
0.975	10			0.000720266	-7.98707e-05	0.000724558	-6.324	-0.00421622	0.000241281	0.00422195	176.712	0.00147343	-1.33515e-05	0.00147343	-0.516	-2.028753e-11
0.9725	11			0.000619415	-7.36718e-05	0.000623945	-6.78	-0.00421718	0.000240327	0.0042229	176.736	0.0014689	-1.28747e-05	0.0014689	-0.492	-1.823536e-11
0.97	12			0.000449302	-6.21085e-05	0.000453593	-7.854	-0.00421718	0.000241281	0.0042229	176.712	0.00146271	-1.16826e-05	0.00146271	-0.45	-2.133461e-11
0.9675	13			0.000358822	-5.69823e-05	0.000363352	-9.012	-0.00421718	0.000241281	0.0042229	176.712	0.00145174	-1.07289e-05	0.00145174	-0.414	-2.472703e-11
0.965	14			0.000314476	-5.49557e-05	0.000319244	-9.894	-0.00421622	0.000240327	0.00422195	176.73	0.0014062	-8.34471e-06	0.0014062	-0.336	-2.150215e-11
0.9625	15			0.000301125	-5.36444e-05	0.000305893	-10.08	-0.00421622	0.000236512	0.00422195	176.778	0.00136162	-7.39101e-06	0.00136162	-0.306	-1.898925e-11
0.96	16			0.000322701	-5.5671e-05	0.00032747	-9.786	-0.00421718	0.000235558	0.0042229	176.796	0.00132657	-5.00682e-06	0.00132657	-0.21	-2.313553e-11
0.9575	17			0.000363471	-5.73399e-05	0.000367882	-8.964	-0.00421718	0.000234605	0.0042229	176.814	0.00130177	-4.05314e-06	0.00130177	-0.168	-2.393126e-11
0.955	18			0.000339868	-5.65054e-05	0.000344636	-9.42	-0.00421718	0.000233651	0.0042229	176.826	0.00129653	-2.86104e-06	0.00129653	-0.126	-1.413094e-11
0.9525	19			0.000375273	-6.00817e-05	0.00038016	-9.09	-0.00421718	0.000233651	0.0042229	176.826	0.00129462	-3.33787e-06	0.00129462	-0.15	-1.991063e-11
0.95	20			0.000423791	-6.16317e-05	0.000428321	-8.268	-0.00421718	0.000234605	0.0042229	176.814	0.00129748	-1.66894e-06	0.00129748	-0.066	-1.986876e-11
0.9475	21			0.000430228	-6.31814e-05	0.000434877	-8.34	-0.00421718	0.000233651	0.0042229	176.826	0.00132037	-4.52998e-06	0.00132037	-0.186	-2.254921e-11
0.945	22			0.000583652	-7.33142e-05	0.000588302	-7.152	-0.00421718	0.000235558	0.0042229	176.796	0.00141907	-9.77522e-06	0.00141907	-0.39	-2.418255e-11
0.9425	23			0.000660423	-7.77249e-05	0.000664953	-6.708	-0.00420192	0.000236512	0.00420764	176.766	0.00156356	-1.6451e-05	0.00156356	-0.6	-2.330302e-11
0.94	24			0.000853304	-8.95266e-05	0.000858072	-5.982	-0.00413516	0.000235558	0.00414088	176.73	0.00166918	-2.19346e-05	0.00166918	-0.75	-2.284234e-11
0.9375	25			0.000882987	-9.11956e-05	0.000887636	-5.898	-0.00401309	0.000229836	0.00401881	176.718	0.00169993	-2.33651e-05	0.00170017	-0.786	-1.773279e-11
0.935	26			0.000651959	-7.72481e-05	0.000656489	-6.75	-0.00392917	0.000225068	0.00393489	176.718	0.0016842	-2.19346e-05	0.00168443	-0.744	-2.049697e-11
0.9325	27			0.000532392	-6.89034e-05	0.000536922	-7.368	-0.00389864	0.000222207	0.00390436	176.73	0.00166202	-2.2173e-05	0.00166226	-0.762	-2.032941e-11
0.93	28			0.000460269	-6.31814e-05	0.00046468	-7.806	-0.00389291	0.000222207	0.00389864	176.724	0.0015185	-1.59742e-05	0.0015185	-0.6	-1.28745e-11
0.9275	29			0.000400307	-6.03201e-05	0.000404837	-8.562	-0.00389196	0.0002203	0.00389768	176.754	0.00135852	-8.34471e-06	0.00135852	-0.348	-2.58997e-11
0.925	30			0.000240208	-4.99489e-05	0.000245335	-11.736	-0.00389196	0.000218392	0.00389768	176.772	0.00128413	-5.96049e-06	0.00128413	-0.258	-1.89473e-11
0.9225	31			0.000251533	-4.86376e-05	0.000256302	-10.932	-0.00389196	0.000218392	0.00389768	176.784	0.00120974	-2.86104e-06	0.00120974	-0.126	-1.727208e-11
0.92	32			0.000235558	-4.86376e-05	0.000240565	-11.64	-0.00389196	0.000217439	0.00389768	176.796	0.00119592	-2.3842e-06	0.00119592	-0.102	-1.76909e-11
0.9175	33			0.000306489	-5.16179e-05	0.0003109	-9.552	-0.00389291	0.000217439	0.00389768	176.796	0.00119592	-4.05314e-06	0.00119592	-0.186	-1.982688e-11
0.915	34			0.000371577	-5.47173e-05	0.000375511	-8.37	-0.00389196	0.000216485	0.00389768	176.814	0.00118542	-3.33787e-06	0.00118542	-0.15	-1.588997e-11
0.9125	35			0.000372054	-5.49557e-05	0.000376107	-8.388	-0.00389291	0.000216485	0.00389768	176.814	0.00117756	-4.29156e-06	0.00117756	-0.204	-2.175339e-11
0.91	36			0.000357511	-5.42405e-05	0.000361564	-8.61	-0.00389196	0.000215531	0.00389768	176.826	0.00117732	-2.86104e-06	0.00117732	-0.132	-1.999437e-11
0.9075	37			0.000321629	-5.14986e-05	0.000325682	-9.09	-0.00389291	0.000216485	0.00389768	176.814	0.00117756	-3.09946e-06	0.00117756	-0.144	-2.095767e-11
0.905	38			0.000361564	-5.36444e-05	0.000365498	-8.43	-0.00389291	0.000215531	0.00389768	176.826	0.00117708	-3.33787e-06	0.00117708	-0.156	-2.192091e-11
0.9025	39			0.000349404	-5.3406e-05	0.000353577	-8.676	-0.00389196	0.000216485	0.00389768	176.814	0.00117541	-4.52998e-06	0.00117541	-0.21	-1.936618e-11
0.9	40			0.000235916	-4.66111e-05	0.000240446	-11.172	-0.00389196	0.000215531	0.00389768	176.826	0.00117613	-3.09946e-06	0.00117613	-0.144	-2.560657e-11
0.8975	41			0.000224234	-4.64919e-05	0.000229002	-11.7	-0.00389291	0.000215531	0.00389768	176.826	0.00117732	-2.86104e-06	0.00117732	-0.132	-1.890546e-11
0.895	42			0.000251653	-4.76839e-05	0.000256183	-10.722	-0.00389196	0.000215531	0.00389768	176.826	0.00118304	-3.33787e-06	0.00118304	-0.162	-1.756521e-11
0.8925	43			0.000316979	-5.20947e-05	0.000321271	-9.312	-0.00389291	0.000215531	0.00389768	176.826	0.00118972	-5.24524e-06	0.00118972	-0.246	-2.510396e-11
0.89	44			0.000411035	-5.8532e-05	0.000415208	-8.094	-0.00389196	0.000216485	0.00389768	176.802	0.0012014	-5.48366e-06	0.0012014	-0.252	-1.936613e-11
0.8875	45			0.000403645	-5.73399e-05	0.000407698	-8.07	-0.00389291	0.000216485	0.00389768	176.814	0.00121952	-6.67575e-06	0.00121952	-0.306	-2.091579e-11
0.885	46			0.000471594	-6.25853e-05	0.000475766	-7.554	-0.00389196	0.000217439	0.00389768	176.796	0.00124169	-6.19891e-06	0.00124169	-0.282	-2.062261e-11
0.8825	47			0.000556592	-6.75921e-05	0.000560764	-6.918	-0.00389387	0.000217439	0.00389864	176.796	0.00127388	-8.58313e-06	0.00127388	-0.384	-1.986872e-11
0.88	48			0.000551585	-6.74729e-05	0.000555757	-6.972	-0.00389864	0.000218392	0.00390436	176.778	0.00132705	-1.04905e-05	0.00132705	-0.444	-1.970122e-11
0.8775	49			0.000631694	-7.22413e-05	0.000635747	-6.516	-0.00391296	0.0002203	0.00391772	176.772	0.00139857	-1.40668e-05	0.00139857	-0.57	-2.271673e-11
0.875	50			0.000741486	-7.91554e-05	0.000745658	-6.084	-0.00392821	0.000222207	0.00393298	176.754	0.00148321	-1.88352e-05	0.00148345	-0.72	-2.313551e-11
0.8725	51			0.000741486	-7.86786e-05	0.000745658	-6.048	-0.00392154	0.000221253	0.00392631	176.772	0.00156904	-2.45572e-05	0.00156928	-0.888	-1.87379e-11
0.87	52			0.000917438	-8.78577e-05	0.00092173	-5.466	-0.00388719	0.0002203	0.00389291	176.748	0.00164128	-2.74183e-05	0.00164152	-0.954	-2.012001e-11
0.8675	53			0.000943903	-8.86922e-05	0.000948075	-5.364	-0.00385	0.000217439	0.00385572	176.76	0.0016687	-2.83719e-05	0.0016687	-0.966	-2.053884e-11
0.865	54			0.000948194	-9.02419e-05	0.000952367	-5.43	-0.0038233	0.000214578	0.00382806	176.784	0.0016687	-2.88488e-05	0.00166894	-0.99	-2.016194e-11
0.8625	55			0.00096238	-9.00035e-05	0.000966553	-5.34	-0.00380804	0.000211717	0.00381376	176.802	0.00168896	-3.02793e-05	0.0016892	-1.02	-1.580622e-11
0.86	56			0.000800852	-8.04667e-05	0.000804905	-5.736	-0.00378992	0.000211717	0.00379564	176.796	0.0017202	-3.17099e-05	0.00172067	-1.056	-2.589963e-11
0.8575	57			0.000794891	-7.95131e-05	0.000798825	-5.706	-0.00374223	0.000208856	0.003747	176.796	0.00172401	-3.07562e-05	0.00172449	-1.02	-1.970123e-11
0.855	58			0.000754599	-7.67712e-05	0.000758413	-5.802	-0.00367452	0.000205041	0.00368024	176.802	0.00167633	-2.88488e-05	0.00167633	-0.978	-2.083203e-11
0.8525	59			0.00061715	-6.84266e-05	0.000620846	-6.318	-0.00362493	0.000201226	0.0036297	176.82	0.00163627	-2.71798e-05	0.00163651	-0.948	-1.37959e-11
0.85	60			0.00059307	-6.60424e-05	0.000596646	-6.348	-0.00362016	0.000200273	0.00362493	176.826	0.00161696	-2.50341e-05	0.0016172	-0.888	-2.192094e-11
0.8475	61			0.000573877	-6.47311e-05	0.000577454	-6.426	-0.00362112	0.000200273	0.00362588	176.826	0.0016017	-2.55109e-05	0.00160194	-0.906	-1.78584e-11
0.845	62			0.00059605	-6.64e-05	0.000599746	-6.348	-0.00364687	0.00020218	0.00365163	176.82	0.00158263	-2.55109e-05	0.00158287	-0.918	-2.250728e-11
0.8425	63			0.000645999	-6.89034e-05	0.000649694	-6.084	-0.00365831	0.00020218	0.00366308	176.826	0.00156022	-2.31267e-05	0.00156046	-0.846	-2.053884e-11
0.84	64			0.000558022	-6.47311e-05	0.000561718	-6.606	-0.00365449	0.000200273	0.00365831	176.856	0.00152994	-2.2173e-05	0.00153018	-0.828	-1.9785e-11
0.8375	65			0.000502471	-6.23469e-05	0.000506405	-7.062	-0.00364782	0.000199319	0.00365163	176.874	0.00147677	-2.00273e-05	0.00147701	-0.774	-2.263295e-11
0.835	66			0.000496391	-6.1274e-05	0.000500087	-7.026	-0.00365259	0.000199319	0.0036564	176.868	0.00146724	-1.95504e-05	0.00146747	-0.756	-1.706268e-11
0.8325	67			0.000475409	-5.99625e-05	0.000479104	-7.176	-0.00364687	0.000199319	0.00365163	176.862	0.00142337	-1.83583e-05	0.0014236	-0.738	-1.857044e-11
0.83	68			0.000458481	-5.74591e-05	0.000462057	-7.134	-0.00363065	0.000197412	0.00363447	176.88	0.00133539	-1.43052e-05	0.00133539	-0.606	-2.393128e-11
0.8275	69			0.00034547	-5.01873e-05	0.000349166	-8.256	-0.0036173	0.000198365	0.00362207	176.856	0.00119973	-9.05996e-06	0.00119973	-0.432	-2.321926e-11
0.825	70			0.000356795	-5.04258e-05	0.000360372	-8.04	-0.00361539	0.000197412	0.00361921	176.862	0.0011282	-5.00682e-06	0.0011282	-0.246	-2.070639e-11
0.8225	71			0.000321152	-4.81608e-05	0.000324728	-8.514	-0.00361539	0.000198365	0.00361921	176.856	0.00110484	-2.62262e-06	0.00110484	-0.132	-1.8361e-11
0.82	72			0.000289561	-4.70879e-05	0.000293376	-9.216	-0.00361444	0.000197412	0.00361826	176.862	0.00108743	-2.3842e-06	0.00108743	-0.12	-2.053884e-11
0.8175	73			0.000272753	-4.57766e-05	0.000276567	-9.516	-0.00361539	0.000199319	0.00361921	176.844	0.00111151	-3.33787e-06	0.00111151	-0.162	-2.15859e-11
0.815	74			0.000316503	-4.78032e-05	0.000320079	-8.586	-0.00361635	0.000199319	0.00362016	176.832	0.00115395	-4.7684e-06	0.00115395	-0.234	-2.581593e-11
0.8125	75			0.000459077	-5.63862e-05	0.000462534	-6.996	-0.00361539	0.000199319	0.00362016	176.844	0.00124121	-9.77522e-06	0.00124121	-0.444	-1.777466e-11
0.81	76			0.000556353	-6.24661e-05	0.000559811	-6.402	-0.00358202	0.000197412	0.00358583	176.838	0.00134016	-1.66894e-05	0.0013404	-0.714	-1.660196e-11
0.8075	77			0.000528816	-6.13932e-05	0.000532392	-6.612	-0.00347616	0.000192643	0.00348093	176.814	0.0013578	-1.71663e-05	0.00135804	-0.72	-1.702078e-11
0.805	78			0.000535015	-6.0797e-05	0.000538472	-6.48	-0.00339986	0.000187875	0.00340368	176.826	0.00132108	-1.59742e-05	0.00132132	-0.684	-1.605751e-11
0.8025	79			0.000542406	-6.16317e-05	0.000545863	-6.48	-0.00337793	0.000187875	0.00338174	176.814	0.00128103	-1.12057e-05	0.00128103	-0.498	-1.563868e-11
0.8	80			0.000584248	-6.47311e-05	0.000587944	-6.312	-0.00337411	0.000186921	0.00337888	176.82	0.00125123	-1.16826e-05	0.00125123	-0.528	-1.7649e-11
0.7975	81			0.000532988	-6.21085e-05	0.000536684	-6.636	-0.00337316	0.000185967	0.00337793	176.832	0.0012343	-1.00136e-05	0.0012343	-0.462	-2.267481e-11
0.795	82			0.000480535	-5.8532e-05	0.000484111	-6.936	-0.00337316	0.000186921	0.00337793	176.82	0.00122286	-9.5368e-06	0.00122286	-0.438	-1.672763e-11
0.7925	83			0.00034702	-4.8876e-05	0.000350358	-8.004	-0.00337507	0.000185967	0.00337888	176.844	0.00121332	-8.58313e-06	0.00121332	-0.402	-2.468511e-11
0.79	84			0.000264408	-4.36308e-05	0.000267984	-9.348	-0.00337316	0.000185967	0.00337793	176.832	0.00120569	-7.86787e-06	0.00120569	-0.366	-2.150216e-11
0.7875	85			0.000237108	-4.25579e-05	0.000240804	-10.17	-0.00337316	0.000185967	0.00337793	176.844	0.00120116	-9.05996e-06	0.00120116	-0.426	-1.794219e-11
0.785	86			0.000216247	-4.01738e-05	0.000219823	-10.512	-0.00337316	0.000185014	0.00337793	176.856	0.00119949	-9.05996e-06	0.00119949	-0.432	-2.280045e-11
0.7825	87			0.000159265	-3.69551e-05	0.000163496	-13.044	-0.00337316	0.000185967	0.00337793	176.844	0.00119592	-7.86787e-06	0.00119592	-0.372	-1.961745e-11
0.78	88			0.0001992	-3.98757e-05	0.000203134	-11.304	-0.00337316	0.000185014	0.00337793	176.856	0.00118137	-7.39101e-06	0.00118137	-0.348	-2.305178e-11
0.7775	89			0.00017047	-3.80876e-05	0.000174643	-12.576	-0.00337316	0.000183106	0.00337793	176.88	0.00113846	-6.19891e-06	0.00113846	-0.312	-2.384753e-11
0.775	90			0.000266673	-4.46441e-05	0.000270369	-9.504	-0.00337316	0.000183106	0.00337698	176.886	0.00105739	-1.90736e-06	0.00105739	-0.102	-1.865419e-11
0.7725	91			0.000301423	-4.58958e-05	0.00030488	-8.652	-0.00337411	0.000183106	0.00337888	176.88	0.000989206	1.43052e-06	0.000989206	0.096	-2.112521e-11
0.77	92			0.000246407	-4.21407e-05	0.000249984	-9.702	-0.00337507	0.000182153	0.00337888	176.904	0.000949387	3.57629e-06	0.000949387	0.222	-2.372184e-11
0.7675	93			0.000304403	-4.69091e-05	0.000307979	-8.76	-0.00337888	0.000181199	0.0033827	176.916	0.000946049	2.62262e-06	0.000946049	0.162	-1.982688e-11
0.765	94			0.000397863	-5.16179e-05	0.000401201	-7.386	-0.00338937	0.000183106	0.00339319	176.904	0.000995405	-7.15259e-07	0.000995405	-0.03	-1.882168e-11
0.7625	95			0.000477077	-5.48365e-05	0.000480236	-6.558	-0.00339319	0.00018406	0.003397	176.886	0.00108982	-6.19891e-06	0.00108982	-0.324	-1.840287e-11
0.76	96			0.00061113	-6.31814e-05	0.000614408	-5.898	-0.00331499	0.000181199	0.0033188	176.868	0.00116254	-9.5368e-06	0.00116254	-0.468	-1.723019e-11
0.7575	97			0.00064886	-6.61616e-05	0.000652257	-5.82	-0.00321008	0.000176431	0.0032139	176.85	0.00117374	-1.12057e-05	0.00117374	-0.534	-2.162773e-11
0.755	98			0.000569884	-6.01413e-05	0.000573043	-6.018	-0.00317384	0.000174523	0.00317766	176.85	0.00116111	-1.00136e-05	0.00116111	-0.486	-1.915676e-11
0.7525	99			0.000570539	-6.03201e-05	0.000573698	-6.03	-0.00317766	0.000174523	0.00318147	176.85	0.00115395	-8.34471e-06	0.00115395	-0.414	-1.965934e-11
0.75	100			0.000506464	-5.81148e-05	0.000509802	-6.54	-0.00319292	0.000175477	0.00319673	176.844	0.00113893	-8.34471e-06	0.00113893	-0.408	-2.326122e-11
0.7475	101			0.000420155	-5.21543e-05	0.000423374	-7.074	-0.00320531	0.000174523	0.00320913	176.88	0.00114609	-8.34471e-06	0.00114609	-0.414	-1.907298e-11
0.745	102			0.000362994	-4.7982e-05	0.000366153	-7.524	-0.00320055	0.000174523	0.00320436	176.874	0.00115324	-1.04905e-05	0.00115324	-0.51	-1.823536e-11
0.7425	103			0.000352742	-4.72667e-05	0.000355842	-7.626	-0.00319673	0.000171662	0.00319959	176.922	0.00115133	-1.07289e-05	0.00115133	-0.528	-1.978497e-11
0.74	104			0.000341596	-4.72667e-05	0.000344874	-7.872	-0.00319673	0.000172616	0.00319959	176.904	0.00114823	-1.12057e-05	0.00114823	-0.558	-2.028754e-11
0.7375	105			0.000288488	-4.36308e-05	0.000291767	-8.598	-0.00318624	0.000170709	0.00319006	176.922	0.00113464	-1.02521e-05	0.00113464	-0.51	-1.802593e-11
0.735	106			0.000336351	-4.61938e-05	0.00033951	-7.812	-0.00316907	0.000171662	0.00317289	176.892	0.00112391	-9.05996e-06	0.00112391	-0.45	-2.250728e-11
0.7325	107			0.000338795	-4.67303e-05	0.000342013	-7.848	-0.00316431	0.000169755	0.00316812	176.91	0.0011263	-1.00136e-05	0.0011263	-0.498	-2.146025e-11
0.73	108			0.000345053	-4.71475e-05	0.000348272	-7.77	-0.00316621	0.000170709	0.00317003	176.904	0.00113488	-1.04905e-05	0.00113488	-0.522	-2.548096e-11
0.7275	109			0.000363292	-4.828e-05	0.000366511	-7.56	-0.00317861	0.000172616	0.00318243	176.892	0.0011437	-1.02521e-05	0.0011437	-0.51	-2.518771e-11
0.725	110			0.000388565	-4.93529e-05	0.000391664	-7.23	-0.00319959	0.000172616	0.00320341	176.898	0.00116492	-1.09673e-05	0.00116492	-0.534	-1.982691e-11
0.7225	111			0.000436665	-5.18563e-05	0.000439765	-6.768	-0.00322057	0.000174523	0.00322439	176.898	0.00118566	-1.26362e-05	0.00118566	-0.606	-2.242354e-11
0.72	112			0.000424864	-5.1141e-05	0.000427963	-6.864	-0.00322534	0.000174523	0.0032282	176.886	0.00115491	-9.5368e-06	0.00115491	-0.462	-2.041319e-11
0.7175	113			0.000402631	-4.94721e-05	0.000405671	-7.002	-0.00319006	0.000172616	0.00319387	176.904	0.00113822	-1.02521e-05	0.00113822	-0.51	-1.697889e-11
0.715	114			0.000425341	-5.06642e-05	0.000428321	-6.792	-0.00316717	0.000169755	0.00317098	176.928	0.00113989	-1.00136e-05	0.00113989	-0.492	-2.20466e-11
0.7125	115			0.000488643	-5.43001e-05	0.000491623	-6.336	-0.00313665	0.000167848	0.00314046	176.922	0.00120188	-1.43052e-05	0.00120188	-0.678	-1.869604e-11
0.71	116			0.000373008	-4.72667e-05	0.000375928	-7.218	-0.00306226	0.000164033	0.00306608	176.922	0.00125623	-1.62126e-05	0.00125623	-0.738	-2.158592e-11
0.7075	117			0.000211478	-3.82068e-05	0.000214935	-10.236	-0.003006	0.000161172	0.00300981	176.928	0.00124551	-1.50204e-05	0.00124574	-0.684	-1.748148e-11
0.705	118			0.000249984	-4.03526e-05	0.000253202	-9.156	-0.00298692	0.000159265	0.00298978	176.934	0.0012312	-1.35899e-05	0.0012312	-0.63	-2.309365e-11
0.7025	119			0.000220896	-3.85644e-05	0.000224234	-9.9	-0.00298025	0.000159265	0.00298311	176.928	0.00121451	-1.40668e-05	0.00121451	-0.66	-2.175338e-11
0.7	120			0.000236929	-3.93393e-05	0.000240208	-9.42	-0.00297834	0.000159265	0.0029812	176.922	0.00121141	-1.31131e-05	0.00121141	-0.618	-1.760709e-11
0.6975	121			0.000232697	-3.92797e-05	0.000236035	-9.576	-0.00297739	0.000160218	0.00298025	176.91	0.00119878	-1.28747e-05	0.00119878	-0.612	-2.569033e-11
0.695	122			0.000229598	-3.89221e-05	0.000232876	-9.618	-0.00297739	0.000159265	0.00298025	176.934	0.00117589	-1.16826e-05	0.00117589	-0.558	-2.070637e-11
0.6925	123			0.000249567	-4.04718e-05	0.000252845	-9.204	-0.00297739	0.000158311	0.00298025	176.946	0.00110293	-9.5368e-06	0.00110293	-0.492	-1.848669e-11
0.69	124			0.000211717	-3.87433e-05	0.000215233	-10.356	-0.00297834	0.000159265	0.0029812	176.94	0.00103904	-6.43733e-06	0.00103904	-0.348	-1.92405e-11
0.6875	125			0.000168742	-3.5167e-05	0.000172378	-11.772	-0.00297834	0.000159265	0.0029812	176.922	0.000990875	-4.05314e-06	0.000990875	-0.222	-2.028755e-11
0.685	126			0.000189365	-3.64783e-05	0.000192882	-10.884	-0.00297929	0.000159265	0.00298215	176.928	0.00095487	-3.33787e-06	0.00095487	-0.192	-2.192098e-11
0.6825	127			0.000205101	-3.77896e-05	0.000208558	-10.422	-0.00298025	0.000159265	0.00298311	176.928	0.000949148	-3.81473e-06	0.000949148	-0.222	-1.810969e-11
0.68	128			0.000308158	-4.30348e-05	0.000311198	-7.95	-0.00298597	0.000161172	0.00298978	176.904	0.000991829	-5.00682e-06	0.000991829	-0.288	-1.802596e-11
0.6775	129			0.000344994	-4.44057e-05	0.000347795	-7.332	-0.00299551	0.000161172	0.00299932	176.904	0.00105811	-8.58313e-06	0.00105811	-0.462	-2.347056e-11
0.675	130			0.000345351	-4.51806e-05	0.000348272	-7.452	-0.00297262	0.000159265	0.00297548	176.916	0.0010934	-1.16826e-05	0.0010934	-0.6	-1.739768e-11
0.6725	131			0.000325324	-4.36904e-05	0.000328245	-7.644	-0.00287057	0.000154496	0.00287439	176.916	0.00108338	-1.1921e-05	0.00108338	-0.624	-2.066453e-11
0.67	132			0.000329675	-4.38096e-05	0.000332536	-7.566	-0.00281526	0.000152589	0.00281908	176.898	0.00104786	-9.5368e-06	0.00104786	-0.51	-2.007809e-11
0.6675	133			0.000316979	-4.26772e-05	0.00031984	-7.668	-0.0028124	0.000151635	0.00281526	176.904	0.0010202	-7.39101e-06	0.0010202	-0.414	-1.802594e-11
0.665	134			0.000287892	-4.12466e-05	0.000290813	-8.142	-0.0028124	0.000150681	0.00281526	176.922	0.000986822	-6.19891e-06	0.000986822	-0.354	-2.233977e-11
0.6625	135			0.000283422	-3.93393e-05	0.000286104	-7.896	-0.00281145	0.000150681	0.00281431	176.916	0.000973228	-5.48366e-06	0.000973228	-0.312	-2.275855e-11
0.66	136			0.000222505	-3.57034e-05	0.000225306	-9.114	-0.0028124	0.000149728	0.00281526	176.934	0.000972036	-5.24524e-06	0.000972036	-0.306	-2.317743e-11
0.6575	137			0.000212193	-3.5465e-05	0.000215114	-9.48	-0.00281431	0.000149728	0.00281717	176.946	0.000968698	-5.72208e-06	0.000968698	-0.324	-1.844475e-11
0.655	138			0.000228704	-3.52862e-05	0.000231386	-8.76	-0.00282384	0.000149728	0.00282766	176.946	0.000952248	-4.29156e-06	0.000952248	-0.252	-1.739773e-11
0.6525	139			0.000217796	-3.4869e-05	0.000220598	-9.084	-0.00284006	0.000151635	0.00284292	176.934	0.000918392	-3.33787e-06	0.000918392	-0.198	-1.404719e-11
0.65	140			0.000219704	-3.5167e-05	0.000222505	-9.084	-0.00285627	0.000151635	0.00285913	176.952	0.000858311	-4.76841e-07	0.000858311	-0.024	-2.317741e-11
0.6475	141			0.000250341	-3.68359e-05	0.000253024	-8.364	-0.00283433	0.000149728	0.0028372	176.97	0.000822548	0.0	0.000822548	0.012	-2.196285e-11
0.645	142			0.00025964	-3.68359e-05	0.000262203	-8.07	-0.00281526	0.00014782	0.00281812	176.976	0.000813249	4.76841e-07	0.000813249	0.036	-2.225603e-11
0.6425	143			0.000266196	-3.62995e-05	0.00026864	-7.764	-0.00281431	0.00014782	0.00281717	176.976	0.000842337	-1.1921e-06	0.000842337	-0.078	-1.790029e-11
0.64	144			0.000374557	-4.27368e-05	0.000377061	-6.51	-0.00282289	0.00014782	0.00282575	177.0	0.000877623	-4.05314e-06	0.000877623	-0.252	-1.986876e-11
0.6375	145			0.000439228	-4.69091e-05	0.000441732	-6.09	-0.00283052	0.00014782	0.00283338	176.994	0.000925068	-6.19891e-06	0.000925068	-0.384	-2.095763e-11
0.635	146			0.000436606	-4.69091e-05	0.000439109	-6.132	-0.00279142	0.00014782	0.00279428	176.952	0.000980385	-9.05996e-06	0.000980385	-0.516	-2.2968e-11
0.6325	147			0.000435533	-4.70283e-05	0.000438096	-6.156	-0.00272562	0.000144959	0.00272848	176.946	0.000985153	-8.82155e-06	0.000985153	-0.504	-1.974309e-11
0.63	148			0.000362875	-4.17235e-05	0.000365259	-6.552	-0.00268652	0.000144006	0.00268938	176.916	0.000994928	-9.5368e-06	0.000994928	-0.54	-1.572245e-11
0.6275	149			0.000334026	-4.13063e-05	0.00033653	-7.05	-0.00267507	0.000142098	0.00267793	176.946	0.000993975	-7.86787e-06	0.000993975	-0.438	-2.334492e-11
0.625	150			0.000227333	-3.46305e-05	0.000230015	-8.652	-0.00266935	0.000141145	0.00267316	176.952	0.000992067	-7.39101e-06	0.000992067	-0.414	-2.514579e-11
0.6225	151			0.000155927	-3.11735e-05	0.000159026	-11.298	-0.00266935	0.000141145	0.00267221	176.952	0.000989921	-8.82155e-06	0.000989921	-0.504	-1.903111e-11
0.62	152			0.000165404	-3.21867e-05	0.000168503	-11.004	-0.0026684	0.000141145	0.00267126	176.952	0.000972752	-7.86787e-06	0.000972752	-0.45	-2.007814e-11
0.6175	153			0.000133813	-3.08158e-05	0.00013727	-12.948	-0.00266744	0.000139237	0.0026703	176.994	0.000947718	-6.67575e-06	0.000947718	-0.402	-2.166961e-11
0.615	154			0.000178576	-3.27232e-05	0.000181497	-10.368	-0.00266935	0.000139237	0.00267221	177.0	0.000911716	-5.00682e-06	0.000911716	-0.306	-2.20047e-11
0.6125	155			0.000245633	-3.6061e-05	0.000248315	-8.346	-0.00267221	0.000139237	0.00267507	177.0	0.00090361	-4.05314e-06	0.00090361	-0.252	-2.661171e-11
0.61	156			0.000277044	-3.84452e-05	0.000279667	-7.89	-0.00267889	0.000140191	0.00268175	176.994	0.000952724	-9.05996e-06	0.000952724	-0.528	-1.965937e-11
0.6075	157			0.000295462	-3.97565e-05	0.000298144	-7.656	-0.00267793	0.000141145	0.00268175	176.976	0.00100375	-1.16826e-05	0.00100375	-0.666	-2.468517e-11
0.605	158			0.000277938	-3.79684e-05	0.000280501	-7.776	-0.00261213	0.000136376	0.00261499	176.988	0.00104452	-1.26362e-05	0.00104452	-0.684	-2.376371e-11
0.6025	159			0.000238777	-3.61803e-05	0.000241459	-8.61	-0.00254346	0.000132562	0.00254633	177.0	0.00104786	-1.23978e-05	0.00104786	-0.672	-1.970121e-11
0.6	160			0.000204802	-3.2902e-05	0.000207425	-9.114	-0.00253202	0.000132562	0.00253393	176.982	0.00105787	-1.35899e-05	0.00105811	-0.732	-2.280048e-11
0.5975	161			0.000204743	-3.33788e-05	0.000207485	-9.252	-0.00253202	0.000132562	0.00253393	176.982	0.00104214	-1.23978e-05	0.00104214	-0.678	-1.907299e-11
0.595	162			0.000176908	-3.12331e-05	0.000179649	-10.002	-0.00253107	0.000132562	0.00253297	177.0	0.000997551	-1.07289e-05	0.000997551	-0.612	-2.254914e-11
0.5925	163			0.0001449	-3.03985e-05	0.000148059	-11.844	-0.00253297	0.000132562	0.00253583	177.0	0.000946525	-8.34471e-06	0.000946525	-0.492	-2.108331e-11
0.59	164			0.000142337	-2.92064e-05	0.000145317	-11.574	-0.00253107	0.000130654	0.00253297	177.03	0.00088549	-5.96049e-06	0.00088549	-0.378	-2.079013e-11
0.5875	165			0.000145079	-2.91468e-05	0.000147999	-11.352	-0.00253202	0.000131608	0.00253393	177.018	0.000886921	-6.91417e-06	0.000886921	-0.438	-2.141836e-11
0.585	166			0.000150562	-2.92064e-05	0.000153364	-10.974	-0.00253679	0.000132562	0.00253965	176.988	0.000871662	-5.48366e-06	0.000871662	-0.348	-2.233976e-11
0.5825	167			0.00021428	-3.20675e-05	0.000216664	-8.508	-0.00256063	0.000133515	0.00256254	177.006	0.000868086	-5.96049e-06	0.000868086	-0.384	-2.032947e-11
0.58	168			0.000250282	-3.48093e-05	0.000252666	-7.914	-0.00257303	0.000134469	0.00257494	177.006	0.000856403	-5.24524e-06	0.000856403	-0.342	-2.041321e-11
0.5775	169			0.000268104	-3.50478e-05	0.000270369	-7.434	-0.00253202	0.000133515	0.00253488	176.97	0.000864271	-5.24524e-06	0.000864271	-0.342	-2.016191e-11
0.575	170			0.000250878	-3.39749e-05	0.000253202	-7.71	-0.0024891	0.000131608	0.00249101	176.964	0.000866417	-6.19891e-06	0.000866417	-0.408	-2.426633e-11
0.5725	171			0.000256004	-3.33192e-05	0.000258209	-7.404	-0.00246622	0.000129701	0.00246908	176.982	0.00085688	-5.24524e-06	0.00085688	-0.342	-2.560649e-11
0.57	172			0.000252428	-3.49882e-05	0.000254871	-7.878	-0.00245763	0.000128747	0.00246049	176.988	0.000844482	-5.72208e-06	0.000844482	-0.372	-2.095766e-11
0.5675	173			0.000311317	-3.88029e-05	0.000313701	-7.098	-0.00245287	0.000127793	0.00245573	177.0	0.000832085	-5.48366e-06	0.000832085	-0.366	-1.748148e-11
0.565	174			0.000284078	-3.60014e-05	0.000286343	-7.218	-0.00243761	0.000127793	0.00244047	176.976	0.000826601	-4.52998e-06	0.000826601	-0.3	-1.69789e-11
0.5625	175			0.000271263	-3.50478e-05	0.000273468	-7.35	-0.00242712	0.000127793	0.00242902	176.982	0.000827555	-3.81473e-06	0.000827555	-0.252	-2.125084e-11
0.56	176			0.000230075	-3.25444e-05	0.00023234	-8.046	-0.00242139	0.000127793	0.00242426	176.976	0.000820879	-3.57629e-06	0.000820879	-0.246	-1.80678e-11
0.5575	177			0.000248732	-3.30808e-05	0.000250937	-7.566	-0.00242235	0.000125886	0.00242426	177.006	0.000795368	-2.62262e-06	0.000795368	-0.18	-1.982683e-11
0.555	178			0.000290575	-3.59418e-05	0.00029278	-7.044	-0.00242521	0.000125886	0.00242712	177.012	0.000794891	-3.81473e-06	0.000794891	-0.264	-2.066451e-11
0.5525	179			0.000300946	-3.53458e-05	0.000303032	-6.696	-0.00242998	0.000125886	0.00243188	177.03	0.000811104	-5.72208e-06	0.000811104	-0.402	-1.760713e-11
0.55	180			0.000277938	-3.43921e-05	0.000280024	-7.05	-0.00239469	0.000123979	0.00239755	177.036	0.000799898	-5.96049e-06	0.000799898	-0.42	-1.689514e-11
0.5475	181			0.00028068	-3.49286e-05	0.000282826	-7.086	-0.00232126	0.00011921	0.00232412	177.042	0.000756267	-2.14578e-06	0.000756267	-0.15	-1.848664e-11
0.545	182			0.000226499	-3.18291e-05	0.000228704	-7.992	-0.00230314	0.00011921	0.00230505	177.036	0.000738386	-1.1921e-06	0.000738386	-0.078	-1.71883e-11
0.5425	183			0.000183643	-2.87892e-05	0.000185908	-8.892	-0.00230123	0.00011921	0.00230314	177.03	0.00073171	0.0	0.00073171	0.012	-2.221413e-11
0.54	184			0.000165642	-2.83123e-05	0.000168026	-9.684	-0.00230123	0.00011921	0.00230314	177.012	0.000734095	-1.1921e-06	0.000734095	-0.078	-2.284238e-11
0.5375	185			0.000160457	-2.76567e-05	0.000162781	-9.762	-0.00230028	0.000117302	0.00230314	177.066	0.000727896	-7.15259e-07	0.000727896	-0.042	-2.648609e-11
0.535	186			0.00012374	-2.52725e-05	0.000126303	-11.538	-0.00230123	0.000117302	0.00230314	177.078	0.000728134	-1.43052e-06	0.000728134	-0.102	-1.806784e-11
0.5325	187			0.000107348	-2.46168e-05	0.00011009	-12.888	-0.00230123	0.000117302	0.00230409	177.066	0.000767235	-3.33787e-06	0.000767235	-0.234	-2.192093e-11
0.53	188			0.000143887	-2.7299e-05	0.00014645	-10.74	-0.00230314	0.000117302	0.00230505	177.084	0.000828985	-6.43733e-06	0.000828985	-0.438	-2.137649e-11
0.5275	189			0.000151635	-2.73586e-05	0.000154079	-10.218	-0.00230314	0.000118256	0.00230505	177.048	0.000890259	-1.09673e-05	0.000890259	-0.696	-2.476894e-11
0.525	190			0.000191749	-3.03389e-05	0.000194133	-8.988	-0.00227548	0.000117302	0.00227834	177.03	0.000917438	-1.07289e-05	0.000917438	-0.666	-2.016193e-11
0.5225	191			0.000210286	-3.10543e-05	0.000212551	-8.388	-0.00223257	0.000114441	0.00223447	177.042	0.000934128	-1.23978e-05	0.000934128	-0.756	-1.819343e-11
0.52	192			0.000192584	-2.96236e-05	0.000194849	-8.736	-0.00222208	0.000114441	0.00222303	177.03	0.000893597	-1.04905e-05	0.000893597	-0.666	-2.179533e-11
0.5175	193			0.000188888	-2.9862e-05	0.000191213	-8.97	-0.00222589	0.000114441	0.0022278	177.036	0.00081468	-6.19891e-06	0.00081468	-0.42	-1.785842e-11
0.515	194			0.000193954	-3.04581e-05	0.000196339	-8.916	-0.00223543	0.000115395	0.00223733	177.03	0.000747684	-4.52998e-06	0.000747684	-0.33	-1.773282e-11
0.5125	195			0.000216068	-3.13523e-05	0.000218333	-8.244	-0.00223733	0.000115395	0.0022402	177.03	0.000730041	-3.57629e-06	0.000730041	-0.276	-2.284237e-11
0.51	196			0.000257852	-3.22463e-05	0.000259819	-7.122	-0.00222684	0.000114441	0.00222875	177.036	0.000744585	-3.57629e-06	0.000744585	-0.27	-2.053886e-11
0.5075	197			0.000280382	-3.30808e-05	0.000282289	-6.72	-0.00221922	0.000114441	0.00222112	177.024	0.000800375	-7.39101e-06	0.000800375	-0.522	-2.439195e-11
0.505	198			0.000236572	-3.02793e-05	0.000238539	-7.278	-0.00221063	0.000114441	0.00221254	177.012	0.0008297	-8.58313e-06	0.0008297	-0.588	-1.944994e-11
0.5025	199			0.000226975	-3.03389e-05	0.000229002	-7.608	-0.00215341	0.00011158	0.00215437	177.024	0.000801567	-7.86787e-06	0.000801567	-0.546	-2.016187e-11
0.5	200			0.000189246	-2.83123e-05	0.000191332	-8.502	-0.00211526	0.000109673	0.00211717	177.024	0.000757936	-5.96049e-06	0.000757936	-0.438	-2.137652e-11
0.4975	201			0.000138045	-2.45572e-05	0.000140251	-10.062	-0.00210954	0.000109673	0.00211145	177.012	0.000725035	-2.86104e-06	0.000725035	-0.21	-2.171155e-11
0.495	202			0.000132383	-2.39016e-05	0.000134529	-10.23	-0.00210954	0.000107766	0.00211145	177.054	0.000719789	-2.3842e-06	0.000719789	-0.186	-1.760714e-11
0.4925	203			0.000158013	-2.52725e-05	0.000160039	-9.072	-0.0021105	0.000107766	0.0021124	177.054	0.000728611	-3.09946e-06	0.000728611	-0.234	-2.032943e-11
0.49	204			0.000150801	-2.48553e-05	0.000152887	-9.348	-0.0021105	0.000107766	0.0021124	177.054	0.000726704	-4.05314e-06	0.000726704	-0.3	-2.016191e-11
0.4875	205			0.000171603	-2.55109e-05	0.00017351	-8.448	-0.00210954	0.000106812	0.00211145	177.084	0.000690226	-2.3842e-06	0.000690226	-0.192	-2.305173e-11
0.485	206			0.000168742	-2.67626e-05	0.000170887	-9.0	-0.00211145	0.000105858	0.0021124	177.108	0.000666145	-2.14578e-06	0.000666145	-0.174	-1.882171e-11
0.4825	207			0.000186385	-2.74183e-05	0.000188352	-8.352	-0.00210859	0.000105858	0.0021105	177.102	0.00064278	-1.90736e-06	0.00064278	-0.162	-1.756526e-11
0.48	208			0.000188173	-2.62858e-05	0.000190021	-7.944	-0.00207712	0.000104905	0.00207902	177.096	0.000638966	-9.53682e-07	0.000638966	-0.072	-1.831912e-11
0.4775	209			0.000198365	-2.74779e-05	0.000200273	-7.884	-0.00203802	0.000103951	0.00203897	177.078	0.000629906	-4.76841e-07	0.000629906	-0.03	-2.393126e-11
0.475	210			0.000177086	-2.58089e-05	0.000178934	-8.286	-0.00203134	0.000102997	0.00203229	177.084	0.000615124	0.0	0.000615124	0.018	-2.246541e-11
0.4725	211			0.000189961	-2.63454e-05	0.000191749	-7.89	-0.00203802	0.000103951	0.00203897	177.078	0.000618462	-4.76841e-07	0.000618462	-0.03	-2.430818e-11
0.47	212			0.000190438	-2.82527e-05	0.000192524	-8.418	-0.00204755	0.000103951	0.00204946	177.072	0.00066543	-2.3842e-06	0.00066543	-0.198	-2.296799e-11
0.4675	213			0.000161053	-2.50341e-05	0.00016302	-8.82	-0.00203992	0.000103951	0.00204183	177.084	0.000754837	-5.72208e-06	0.000754837	-0.414	-2.355435e-11
0.465	214			0.000129522	-2.37824e-05	0.000131668	-10.38	-0.00200559	0.00010109	0.0020075	177.09	0.000756267	-6.91417e-06	0.000756267	-0.516	-1.668573e-11
0.4625	215			9.66792e-05	-2.15174e-05	9.90634e-05	-12.528	-0.00196458	9.82289e-05	0.00196649	177.126	0.000706438	-5.48366e-06	0.000706438	-0.432	-1.970119e-11
0.46	216			9.20896e-05	-2.13088e-05	9.45036e-05	-13.02	-0.00194932	0.000100136	0.0019517	177.054	0.000642065	-1.66894e-06	0.000642065	-0.15	-2.058074e-11
0.4575	217			9.29539e-05	-2.14876e-05	9.54275e-05	-13.008	-0.00194789	9.87058e-05	0.00195027	177.09	0.000605587	-1.66894e-06	0.000605587	-0.144	-2.120893e-11
0.455	218			9.43546e-05	-2.05339e-05	9.656e-05	-12.264	-0.00194789	9.87058e-05	0.00195027	177.09	0.00060511	-1.66894e-06	0.00060511	-0.144	-2.003626e-11
0.4525	219			0.000138284	-2.34843e-05	0.00014028	-9.636	-0.00194932	9.87058e-05	0.00195123	177.09	0.000626329	-1.90736e-06	0.000626329	-0.168	-2.435008e-11
0.45	220			0.000178517	-2.50043e-05	0.000180245	-7.968	-0.00194884	9.82289e-05	0.00195075	177.114	0.000646595	-2.62262e-06	0.000646595	-0.222	-1.748148e-11
0.4475	221			0.000183047	-2.58089e-05	0.000184865	-8.016	-0.00194979	9.96594e-05	0.00195218	177.072	0.000664238	-3.57629e-06	0.000664238	-0.3	-2.012002e-11
0.445	222			0.000170262	-2.43188e-05	0.00017202	-8.124	-0.00195027	9.82289e-05	0.00195218	177.114	0.000682358	-4.7684e-06	0.000682358	-0.39	-1.865417e-11
0.4425	223			0.000178934	-2.58089e-05	0.000180782	-8.202	-0.00192834	9.72752e-05	0.00193024	177.108	0.000696424	-5.24524e-06	0.000696424	-0.426	-2.267487e-11
0.44	224			0.000198961	-2.77163e-05	0.000200869	-7.932	-0.00188876	9.58447e-05	0.00189067	177.09	0.0007062	-4.52998e-06	0.0007062	-0.348	-2.309366e-11
0.4375	225			0.000205607	-2.65838e-05	0.000207336	-7.368	-0.00187922	9.44142e-05	0.00188113	177.114	0.000707868	-5.00682e-06	0.000707868	-0.402	-2.053885e-11
0.435	226			0.00020963	-2.6703e-05	0.000211329	-7.254	-0.00188494	9.53679e-05	0.00188685	177.096	0.000703577	-5.96049e-06	0.000703577	-0.474	-1.932431e-11
0.4325	227			0.000161649	-2.34545e-05	0.000163347	-8.25	-0.0018859	9.53679e-05	0.00188781	177.096	0.000652079	-5.00682e-06	0.000652079	-0.426	-1.92824e-11
0.43	228			9.37586e-05	-2.01763e-05	9.59043e-05	-12.126	-0.00184966	9.29837e-05	0.00185109	177.108	0.000559095	-7.15259e-07	0.000559095	-0.066	-2.171154e-11
0.4275	229			9.6858e-05	-1.97293e-05	9.8825e-05	-11.508	-0.00181628	9.01227e-05	0.00181819	177.15	0.00049806	2.62262e-06	0.00049806	0.324	-2.33868e-11
0.425	230			9.49209e-05	-1.93716e-05	9.68878e-05	-11.526	-0.0018096	9.05995e-05	0.00181151	177.12	0.00048423	3.33787e-06	0.00048423	0.402	-2.623471e-11
0.4225	231			9.57255e-05	-1.98187e-05	9.77521e-05	-11.688	-0.00180913	9.05995e-05	0.00181103	177.12	0.000473024	3.45708e-06	0.000473024	0.42	-1.903115e-11
0.42	232			9.79309e-05	-1.9461e-05	9.98382e-05	-11.22	-0.0018096	9.10764e-05	0.00181151	177.108	0.000507835	2.3842e-06	0.000507835	0.276	-1.836101e-11
0.4175	233			0.000127436	-2.13088e-05	0.000129224	-9.486	-0.00180865	9.01227e-05	0.00181056	177.138	0.000555638	-2.3842e-07	0.000555638	-0.018	-1.760713e-11
0.415	234			0.000110209	-2.00571e-05	0.000111998	-10.302	-0.00180913	9.10764e-05	0.00181103	177.108	0.000572804	-8.34469e-07	0.000572804	-0.072	-2.242352e-11
0.4125	235			0.000106425	-1.97889e-05	0.000108243	-10.524	-0.00181056	9.05995e-05	0.00181247	177.12	0.000582937	-9.53682e-07	0.000582937	-0.09	-2.338675e-11
0.41	236			0.000130386	-2.1428e-05	0.000132144	-9.318	-0.00179435	8.96459e-05	0.00179578	177.126	0.000600461	-3.45708e-06	0.000600461	-0.324	-1.584807e-11
0.4075	237			0.000141532	-2.24711e-05	0.00014332	-9.018	-0.00175954	8.96459e-05	0.00176144	177.084	0.00062013	-4.17235e-06	0.00062013	-0.384	-2.058072e-11
0.405	238			0.000136257	-2.19048e-05	0.000138015	-9.12	-0.00175	8.82153e-05	0.00175191	177.108	0.000649098	-5.24524e-06	0.000649098	-0.456	-1.995251e-11
0.4025	239			0.000110656	-1.92524e-05	0.000112325	-9.87	-0.00175095	8.82153e-05	0.00175286	177.102	0.000652913	-5.12603e-06	0.000652913	-0.444	-2.870581e-11
0.4	240			6.8367e-05	-1.74047e-05	7.05426e-05	-14.274	-0.00172902	8.72617e-05	0.00173093	177.108	0.000631813	-4.41077e-06	0.000631813	-0.39	-2.141836e-11
0.3975	241			5.96347e-05	-1.66894e-05	6.19297e-05	-15.618	-0.00169564	8.48775e-05	0.00169755	177.12	0.000615004	-4.05314e-06	0.000615004	-0.372	-2.104146e-11
0.395	242			8.74703e-05	-1.88054e-05	8.9467e-05	-12.12	-0.00168849	8.48775e-05	0.00168992	177.12	0.000593785	-3.09946e-06	0.000593785	-0.288	-1.88217e-11
0.3925	243			9.26857e-05	-1.84776e-05	9.45036e-05	-11.256	-0.00168896	8.44006e-05	0.0016904	177.132	0.000560764	-9.53682e-07	0.000560764	-0.09	-1.815161e-11
0.39	244			0.000109792	-1.97591e-05	0.000111551	-10.194	-0.00168944	8.39238e-05	0.00169087	177.156	0.000507716	1.1921e-07	0.000507716	0.012	-2.007816e-11
0.3875	245			0.000141771	-2.05339e-05	0.000143231	-8.232	-0.00168896	8.29701e-05	0.00169087	177.174	0.000449182	2.62262e-06	0.000449182	0.342	-1.681138e-11
0.385	246			0.000133486	-2.04743e-05	0.000135035	-8.706	-0.00168992	8.3447e-05	0.00169183	177.168	0.000438454	3.21867e-06	0.000438454	0.432	-1.886361e-11
0.3825	247			0.00013727	-1.97591e-05	0.000138701	-8.178	-0.00168134	8.3447e-05	0.00168277	177.15	0.000466825	8.34469e-07	0.000466825	0.108	-1.953365e-11
0.38	248			0.000129522	-1.96696e-05	0.000130982	-8.634	-0.00165273	8.29701e-05	0.00165416	177.114	0.000497464	-4.76841e-07	0.000497464	-0.054	-1.731394e-11
0.3775	249			8.79471e-05	-1.66596e-05	8.95266e-05	-10.71	-0.00163699	8.20165e-05	0.00163842	177.12	0.000521783	-9.53682e-07	0.000521783	-0.102	-1.982686e-11
0.375	250			6.8814e-05	-1.65702e-05	7.0781e-05	-13.518	-0.00163508	8.15396e-05	0.00163651	177.126	0.000530962	-1.54973e-06	0.000530962	-0.162	-1.823538e-11
0.3725	251			4.41375e-05	-1.65404e-05	4.71326e-05	-20.544	-0.00160313	7.96323e-05	0.00160456	177.144	0.000539903	-2.50341e-06	0.000539903	-0.252	-2.058074e-11
0.37	252			6.74357e-05	-1.67267e-05	6.94771e-05	-13.926	-0.00158358	7.82018e-05	0.00158549	177.156	0.000538234	-2.3842e-06	0.000538234	-0.246	-1.815159e-11
0.3675	253			7.96025e-05	-1.70843e-05	8.1413e-05	-12.108	-0.00158263	7.91554e-05	0.00158406	177.132	0.000542048	-2.74183e-06	0.000542048	-0.288	-2.506213e-11
0.365	254			9.99351e-05	-1.76878e-05	0.000101485	-10.038	-0.00158358	7.86786e-05	0.00158501	177.144	0.000556711	-2.62262e-06	0.000556711	-0.27	-2.13765e-11
0.3625	255			0.000107706	-1.86191e-05	0.0001093	-9.804	-0.00158311	7.91554e-05	0.00158454	177.132	0.000551347	-3.09946e-06	0.000551347	-0.318	-2.233975e-11
0.36	256			0.000123718	-1.88128e-05	0.000125141	-8.646	-0.00158501	7.82018e-05	0.00158644	177.156	0.000542287	-2.02657e-06	0.000542287	-0.204	-2.409886e-11
0.3575	257			0.000134082	-1.93567e-05	0.000135475	-8.214	-0.00157834	7.86786e-05	0.00157977	177.132	0.000537876	-3.57629e-06	0.000537876	-0.366	-2.296801e-11
0.355	258			0.000107714	-1.71961e-05	0.000109077	-9.066	-0.00155164	7.67712e-05	0.00155307	177.156	0.000489358	-1.54973e-06	0.000489358	-0.18	-1.92824e-11
0.3525	259			7.29342e-05	-1.55271e-05	7.45659e-05	-12.018	-0.00153828	7.48639e-05	0.00153971	177.198	0.000443699	2.3842e-07	0.000443699	0.042	-2.179533e-11
0.35	260			6.03499e-05	-1.42605e-05	6.20042e-05	-13.296	-0.00151969	7.43871e-05	0.00152112	177.186	0.000414969	2.14578e-06	0.000414969	0.306	-2.062261e-11
0.3475	261			6.18403e-05	-1.48044e-05	6.35837e-05	-13.458	-0.00149394	7.29566e-05	0.00149489	177.204	0.000403645	2.50341e-06	0.000403645	0.36	-1.852852e-11
0.345	262			5.921e-05	-1.51545e-05	6.11176e-05	-14.352	-0.0014906	7.39102e-05	0.00149203	177.156	0.000405552	2.26499e-06	0.000405552	0.33	-1.702076e-11
0.3425	263			6.48503e-05	-1.57134e-05	6.67279e-05	-13.614	-0.0014906	7.48639e-05	0.00149251	177.108	0.000455739	5.9605e-07	0.000455739	0.078	-1.957554e-11
0.34	264			8.09361e-05	-1.67267e-05	8.26498e-05	-11.67	-0.0014906	7.29566e-05	0.00149155	177.18	0.000501279	-2.02657e-06	0.000501279	-0.222	-1.873796e-11
0.3375	265			9.07038e-05	-1.69502e-05	9.22759e-05	-10.584	-0.00149203	7.39102e-05	0.00149346	177.15	0.000531796	-3.21867e-06	0.000531796	-0.342	-1.869609e-11
0.335	266			8.30595e-05	-1.52067e-05	8.44379e-05	-10.368	-0.00148059	7.34334e-05	0.00148202	177.15	0.000551466	-3.6955e-06	0.000551466	-0.378	-2.397315e-11
0.3325	267			9.53157e-05	-1.51173e-05	9.65078e-05	-9.012	-0.0014577	7.34334e-05	0.00145913	177.108	0.000545029	-3.6955e-06	0.000545029	-0.384	-2.280046e-11
0.33	268			8.78652e-05	-1.59146e-05	8.92957e-05	-10.266	-0.00144578	7.10492e-05	0.00144721	177.174	0.000515345	-2.74183e-06	0.000515345	-0.306	-1.924054e-11
0.3275	269			7.93342e-05	-1.508e-05	8.07499e-05	-10.764	-0.00141335	6.96187e-05	0.00141431	177.162	0.000449898	7.15259e-07	0.000449898	0.102	-1.86542e-11
0.325	270			7.44765e-05	-1.48565e-05	7.59442e-05	-11.274	-0.00140668	6.81882e-05	0.00140811	177.216	0.000374557	2.3842e-06	0.000374557	0.378	-2.510394e-11
0.3225	271			8.18972e-05	-1.52514e-05	8.33054e-05	-10.542	-0.00140715	6.81882e-05	0.00140811	177.204	0.000357511	3.09946e-06	0.000357511	0.504	-2.08739e-11
0.32	272			8.01836e-05	-1.46554e-05	8.15098e-05	-10.356	-0.00140906	6.81882e-05	0.00141049	177.21	0.000352742	2.86104e-06	0.000352742	0.468	-1.953373e-11
0.3175	273			6.9954e-05	-1.41264e-05	7.13696e-05	-11.412	-0.00140429	6.96187e-05	0.00140572	177.162	0.000414135	-1.1921e-07	0.000414135	-0.012	-2.087391e-11
0.315	274			7.76579e-05	-1.41189e-05	7.89319e-05	-10.302	-0.00139046	6.91419e-05	0.0013919	177.144	0.000489	-2.3842e-06	0.000489	-0.264	-1.873796e-11
0.3125	275			7.63168e-05	-1.44169e-05	7.76653e-05	-10.692	-0.0013733	6.72345e-05	0.00137425	177.18	0.000526194	-3.6955e-06	0.000526194	-0.396	-1.890547e-11
0.31	276			9.43695e-05	-1.52962e-05	9.56063e-05	-9.204	-0.00135566	6.62808e-05	0.00135661	177.198	0.000498656	-2.98025e-06	0.000498656	-0.336	-2.26748e-11
0.3075	277			8.16886e-05	-1.47597e-05	8.30074e-05	-10.236	-0.00133611	6.53272e-05	0.00133754	177.186	0.000459911	-1.43052e-06	0.000459911	-0.168	-2.422445e-11
0.305	278			8.63154e-05	-1.48342e-05	8.7582e-05	-9.75	-0.00133467	6.53272e-05	0.00133563	177.198	0.000433924	-2.3842e-07	0.000433924	-0.018	-2.091579e-11
0.3025	279			8.21431e-05	-1.47001e-05	8.34544e-05	-10.146	-0.00133706	6.53272e-05	0.00133801	177.186	0.000396969	9.53682e-07	0.000396969	0.156	-2.27167e-11
0.3	280			7.50278e-05	-1.36868e-05	7.62646e-05	-10.332	-0.001328	6.38966e-05	0.00132895	177.228	0.000386836	1.1921e-07	0.000386836	0.03	-1.982686e-11
0.2975	281			8.43857e-05	-1.41711e-05	8.55629e-05	-9.528	-0.00131226	6.34198e-05	0.00131322	177.222	0.00038469	5.9605e-07	0.00038469	0.102	-2.079016e-11
0.295	282			7.98558e-05	-1.37464e-05	8.10255e-05	-9.762	-0.00129605	6.19893e-05	0.001297	177.246	0.000381233	8.34469e-07	0.000381233	0.132	-2.062261e-11
0.2925	283			7.99228e-05	-1.38134e-05	8.11075e-05	-9.804	-0.00127555	6.2943e-05	0.0012765	177.174	0.000415327	-3.5763e-07	0.000415327	-0.048	-1.769084e-11
0.29	284			7.49459e-05	-1.32397e-05	7.61081e-05	-10.014	-0.00126839	6.10356e-05	0.00126935	177.234	0.000442149	-1.54973e-06	0.000442149	-0.192	-1.760712e-11
0.2875	285			8.89306e-05	-1.36197e-05	8.99737e-05	-8.706	-0.00127078	6.19893e-05	0.00127221	177.204	0.000445964	-2.50341e-06	0.000445964	-0.318	-1.986871e-11
0.285	286			7.88202e-05	-1.41785e-05	8.00868e-05	-10.194	-0.00125933	6.05586e-05	0.00125981	177.228	0.000458004	-3.6955e-06	0.000458004	-0.45	-1.957558e-11
0.2825	287			7.26436e-05	-1.26288e-05	7.3724e-05	-9.858	-0.0012436	6.10356e-05	0.00124503	177.174	0.000426294	-1.66894e-06	0.000426294	-0.222	-2.146025e-11
0.28	288			7.53556e-05	-1.33664e-05	7.65254e-05	-10.05	-0.00122834	5.9128e-05	0.00122929	177.234	0.000343086	1.31131e-06	0.000343086	0.234	-1.911487e-11
0.2775	289			8.99364e-05	-1.28076e-05	9.08379e-05	-8.106	-0.00121594	5.9128e-05	0.0012169	177.204	0.000332238	2.02657e-06	0.000332238	0.354	-2.020379e-11
0.275	290			9.86014e-05	-1.33217e-05	9.94955e-05	-7.692	-0.00120879	5.81744e-05	0.00120974	177.24	0.000358941	3.5763e-07	0.000358941	0.072	-1.526176e-11
0.2725	291			9.43099e-05	-1.39997e-05	9.53455e-05	-8.442	-0.00120497	5.9128e-05	0.00120593	177.18	0.000424268	-3.57629e-06	0.000424268	-0.468	-1.639256e-11
0.27	292			6.74282e-05	-1.28523e-05	6.86427e-05	-10.788	-0.00117303	5.67439e-05	0.0011735	177.216	0.000429275	-2.26499e-06	0.000429275	-0.294	-2.01619e-11
0.2675	293			6.64745e-05	-1.26437e-05	6.76666e-05	-10.764	-0.00117493	5.72207e-05	0.00117589	177.192	0.000398876	-1.31131e-06	0.000398876	-0.18	-2.04132e-11
0.265	294			7.94907e-05	-1.26809e-05	8.04965e-05	-9.06	-0.00116874	5.6267e-05	0.00116969	177.222	0.000381352	3.5763e-07	0.000381352	0.072	-2.43919e-11
0.2625	295			0.000105843	-1.36868e-05	0.000106723	-7.362	-0.00115729	5.67439e-05	0.00115824	177.18	0.000357034	5.9605e-07	0.000357034	0.096	-1.601564e-11
0.26	296			0.000113495	-1.39922e-05	0.000114359	-7.026	-0.00114728	5.38828e-05	0.00114823	177.306	0.000373008	-2.14578e-06	0.000373008	-0.318	-1.823536e-11
0.2575	297			7.6436e-05	-1.17124e-05	7.733e-05	-8.706	-0.0011139	5.29292e-05	0.00111485	177.276	0.000353219	-1.1921e-07	0.000353219	-0.012	-1.827724e-11
0.255	298			5.93739e-05	-1.19582e-05	6.0566e-05	-11.382	-0.00111676	5.3406e-05	0.00111771	177.246	0.000333073	8.34469e-07	0.000333073	0.162	-2.070637e-11
0.2525	299			7.31875e-05	-1.26809e-05	7.42828e-05	-9.828	-0.00111533	5.38828e-05	0.00111581	177.21	0.000362398	3.5763e-07	0.000362398	0.072	-2.09158e-11
0.25	300			0.000106715	-1.37464e-05	0.000107594	-7.338	-0.00110722	5.38828e-05	0.00110818	177.192	0.000405194	-3.33787e-06	0.000405194	-0.462	-2.087391e-11
0.2475	301			9.24696e-05	-1.2219e-05	9.32668e-05	-7.524	-0.00107432	5.24523e-05	0.0010748	177.192	0.000385048	-2.26499e-06	0.000385048	-0.324	-1.903114e-11
0.245	302			5.23108e-05	-1.11536e-05	5.34805e-05	-12.036	-0.00106574	5.10218e-05	0.00106622	177.24	0.000308277	8.34469e-07	0.000308277	0.162	-1.798406e-11
0.2425	303			7.65924e-05	-1.19508e-05	7.75163e-05	-8.862	-0.00106431	5.14986e-05	0.00106526	177.222	0.000290038	2.3842e-06	0.000290038	0.486	-2.334492e-11
0.24	304			0.000106849	-1.29939e-05	0.000107639	-6.93	-0.00105954	5.00681e-05	0.00106049	177.282	0.000325443	1.1921e-07	0.000325443	0.036	-2.141832e-11
0.2375	305			8.44155e-05	-1.21743e-05	8.52873e-05	-8.208	-0.00102902	4.95913e-05	0.0010295	177.216	0.000371935	-1.1921e-06	0.000371935	-0.174	-2.631848e-11
0.235	306			5.73697e-05	-1.11238e-05	5.84351e-05	-10.968	-0.00101758	4.91145e-05	0.00101853	177.222	0.000348689	-4.76841e-07	0.000348689	-0.078	-2.363813e-11
0.2325	307			8.16663e-05	-1.22786e-05	8.25827e-05	-8.544	-0.00102235	4.95913e-05	0.00102282	177.216	0.000305535	1.54973e-06	0.000305535	0.3	-1.978497e-11
0.23	308			0.000107728	-1.29417e-05	0.000108503	-6.846	-0.00101424	4.91145e-05	0.00101519	177.216	0.000309708	1.07289e-06	0.000309708	0.21	-1.630879e-11
0.2275	309			6.70482e-05	-1.09003e-05	6.79274e-05	-9.234	-0.000977285	4.64919e-05	0.000978239	177.276	0.000289442	1.43052e-06	0.000289442	0.288	-2.455951e-11
0.225	310			5.883e-05	-1.02372e-05	5.97166e-05	-9.864	-0.000977762	4.72071e-05	0.000978716	177.228	0.000300052	4.76841e-07	0.000300052	0.102	-2.342867e-11
0.2225	311			8.68072e-05	-1.1988e-05	8.76342e-05	-7.86	-0.000978477	4.72071e-05	0.000979431	177.234	0.000335814	-1.1921e-06	0.000335814	-0.192	-1.953367e-11
0.22	312			8.66731e-05	-1.22265e-05	8.75299e-05	-8.028	-0.000951294	4.52998e-05	0.000952009	177.27	0.000316145	-7.15259e-07	0.000316145	-0.12	-1.756524e-11
0.2175	313			6.91046e-05	-1.05203e-05	6.99018e-05	-8.652	-0.000940803	4.48229e-05	0.000941757	177.27	0.000272037	2.02657e-06	0.000272037	0.432	-2.150214e-11
0.215	314			8.32607e-05	-1.12057e-05	8.40058e-05	-7.662	-0.000943664	4.48229e-05	0.00094438	177.282	0.000255467	1.31131e-06	0.000255467	0.312	-1.785843e-11
0.2125	315			8.36034e-05	-1.15634e-05	8.44006e-05	-7.872	-0.000929121	4.36308e-05	0.000929836	177.3	0.000304582	-4.76841e-07	0.000304582	-0.09	-2.472703e-11
0.21	316			5.93367e-05	-9.44739e-06	6.00817e-05	-9.048	-0.000907663	4.3154e-05	0.000908379	177.276	0.00031543	-1.66894e-06	0.00031543	-0.3	-2.049698e-11
0.2075	317			7.50502e-05	-1.12802e-05	7.58846e-05	-8.55	-0.000908617	4.24387e-05	0.000909332	177.324	0.000260593	1.31131e-06	0.000260593	0.294	-1.932427e-11
0.205	318			8.86177e-05	-1.13622e-05	8.93478e-05	-7.302	-0.000898603	4.3154e-05	0.000899319	177.24	0.000248911	1.43052e-06	0.000248911	0.354	-1.534548e-11
0.2025	319			6.66161e-05	-9.48465e-06	6.72867e-05	-8.1	-0.000877146	4.14851e-05	0.000878099	177.294	0.000275733	0.0	0.000275733	0.0	-2.03294e-11
0.2	320			7.55941e-05	-9.89443e-06	7.62423e-05	-7.458	-0.000877146	4.22003e-05	0.000877861	177.24	0.000292422	-4.76841e-07	0.000292422	-0.09	-1.756527e-11
0.1975	321			8.0057e-05	-1.08556e-05	8.07946e-05	-7.722	-0.000867132	4.14851e-05	0.000868086	177.258	0.000253918	7.15259e-07	0.000253918	0.18	-2.079012e-11
0.195	322			7.48714e-05	-9.91678e-06	7.5527e-05	-7.542	-0.000847343	4.0293e-05	0.000848059	177.264	0.000247838	9.53682e-07	0.000247838	0.228	-2.388938e-11
0.1925	323			8.2307e-05	-1.09897e-05	8.30297e-05	-7.602	-0.00084782	4.0293e-05	0.000848774	177.276	0.000260951	3.5763e-07	0.000260951	0.102	-1.534554e-11
0.19	324			7.52066e-05	-8.8737e-06	7.57282e-05	-6.726	-0.000832085	3.95777e-05	0.0008328	177.27	0.00027323	1.1921e-07	0.00027323	0.042	-2.246541e-11
0.1875	325			8.53469e-05	-1.01776e-05	8.59504e-05	-6.798	-0.000819687	3.91009e-05	0.000820402	177.264	0.000248196	1.43052e-06	0.000248196	0.336	-1.706266e-11
0.185	326			8.57566e-05	-1.04756e-05	8.63974e-05	-6.96	-0.000818256	3.81472e-05	0.000818733	177.318	0.000238896	1.1921e-07	0.000238896	0.048	-1.907296e-11
0.1825	327			8.01687e-05	-1.12057e-05	8.09436e-05	-7.95	-0.000796322	3.74319e-05	0.000797037	177.294	0.000267031	3.5763e-07	0.000267031	0.102	-1.932428e-11
0.18	328			8.44379e-05	-1.04532e-05	8.50861e-05	-7.05	-0.000795607	3.69551e-05	0.000796083	177.324	0.000235558	8.34469e-07	0.000235558	0.21	-2.012e-11
0.1775	329			8.27094e-05	-9.81247e-06	8.32905e-05	-6.762	-0.000779156	3.64783e-05	0.000779871	177.306	0.000242115	7.15259e-07	0.000242115	0.174	-1.530363e-11
0.175	330			8.68891e-05	-9.32073e-06	8.73958e-05	-6.12	-0.000770573	3.62399e-05	0.000771049	177.3	0.000252606	-4.76841e-07	0.000252606	-0.09	-1.907298e-11
0.1725	331			8.186e-05	-1.01477e-05	8.24858e-05	-7.068	-0.000763658	3.60014e-05	0.000764135	177.288	0.000235082	-3.5763e-07	0.000235082	-0.084	-1.974308e-11
0.17	332			9.11211e-05	-9.42504e-06	9.16054e-05	-5.904	-0.000748876	3.5763e-05	0.000749592	177.246	0.000242234	3.5763e-07	0.000242234	0.108	-1.886357e-11
0.1675	333			8.57119e-05	-9.99129e-06	8.62931e-05	-6.648	-0.000741962	3.40941e-05	0.000742678	177.366	0.000227691	9.53682e-07	0.000227691	0.252	-2.284238e-11
0.165	334			8.71797e-05	-9.27603e-06	8.76714e-05	-6.072	-0.000728849	3.48093e-05	0.000729565	177.264	0.000235082	1.1921e-07	0.000235082	0.048	-1.911486e-11
0.1625	335			7.95727e-05	-9.32819e-06	8.01166e-05	-6.684	-0.000719313	3.48093e-05	0.000720028	177.228	0.000216008	5.9605e-07	0.000216008	0.156	-2.254917e-11
0.16	336			8.77311e-05	-8.62038e-06	8.81632e-05	-5.604	-0.0007062	3.31404e-05	0.000706915	177.312	0.000223757	1.1921e-07	0.000223757	0.036	-2.070635e-11
0.1575	337			7.432e-05	-7.91257e-06	7.47372e-05	-6.072	-0.000697855	3.21867e-05	0.000698332	177.348	0.00021267	-1.1921e-07	0.00021267	-0.018	-2.481076e-11
0.155	338			9.36245e-05	-9.69326e-06	9.41237e-05	-5.904	-0.000678066	3.17099e-05	0.000678543	177.312	0.000213147	7.15259e-07	0.000213147	0.198	-1.965934e-11
0.1525	339			7.06767e-05	-8.41921e-06	7.11759e-05	-6.786	-0.000675682	3.12331e-05	0.000676159	177.348	0.000210286	1.1921e-07	0.000210286	0.054	-2.158589e-11
0.15	340			8.53022e-05	-9.23133e-06	8.58014e-05	-6.174	-0.000656847	2.98024e-05	0.000657085	177.384	0.0001992	3.5763e-07	0.0001992	0.114	-2.351242e-11
0.1475	341			7.62646e-05	-8.62783e-06	7.67563e-05	-6.456	-0.000648979	2.98024e-05	0.000649456	177.354	0.000202239	7.15259e-07	0.000202239	0.21	-2.162776e-11
0.145	342			7.16229e-05	-7.86042e-06	7.20476e-05	-6.264	-0.000641588	2.98024e-05	0.000642065	177.336	0.000190736	1.1325e-06	0.000190736	0.348	-2.426631e-11
0.1425	343			7.67638e-05	-8.3e-06	7.72108e-05	-6.162	-0.000625137	2.86103e-05	0.000625614	177.372	0.000192047	7.15259e-07	0.000192047	0.216	-2.175344e-11
0.14	344			7.38432e-05	-8.69489e-06	7.43498e-05	-6.714	-0.000615362	2.93256e-05	0.000615839	177.27	0.000183345	9.53682e-07	0.000183345	0.312	-2.053883e-11
0.1375	345			6.26151e-05	-7.89767e-06	6.31069e-05	-7.182	-0.00060964	2.81335e-05	0.000610117	177.342	0.000184179	9.53682e-07	0.000184179	0.312	-2.443389e-11
0.135	346			7.40145e-05	-7.79337e-06	7.44169e-05	-6.006	-0.000595812	2.76567e-05	0.000596289	177.324	0.000181676	6.55655e-07	0.000181676	0.222	-2.187904e-11
0.1325	347			7.53631e-05	-7.41336e-06	7.57282e-05	-5.61	-0.000582937	2.74183e-05	0.000583414	177.3	0.000172795	1.90736e-06	0.000172795	0.642	-1.425658e-11
0.13	348			7.51843e-05	-8.9035e-06	7.57133e-05	-6.75	-0.000572208	2.62262e-05	0.000572685	177.366	0.000170411	8.94073e-07	0.000170411	0.312	-2.472702e-11
0.1275	349			7.36197e-05	-7.04083e-06	7.39549e-05	-5.46	-0.000565056	2.64646e-05	0.000565533	177.3	0.000169099	1.1325e-06	0.000169099	0.396	-1.873794e-11
0.125	350			7.36271e-05	-7.2867e-06	7.39847e-05	-5.646	-0.000554565	2.59877e-05	0.000555042	177.318	0.000166477	1.78815e-07	0.000166477	0.072	-2.041321e-11
0.1225	351			7.38581e-05	-6.57144e-06	7.41561e-05	-5.082	-0.000542644	2.45572e-05	0.000543121	177.396	0.000168503	1.1325e-06	0.000168503	0.384	-1.9408e-11
0.12	352			7.356e-05	-7.46551e-06	7.394e-05	-5.79	-0.000532869	2.50341e-05	0.000533346	177.294	0.000160933	7.74864e-07	0.000160933	0.294	-1.635067e-11
0.1175	353			7.06022e-05	-7.23454e-06	7.09672e-05	-5.85	-0.000519518	2.3842e-05	0.000519756	177.354	0.000150443	3.5763e-07	0.000150443	0.15	-2.13765e-11
0.115	354			7.12727e-05	-7.91257e-06	7.17123e-05	-6.33	-0.000509504	2.3842e-05	0.000509743	177.3	0.000149132	1.43052e-06	0.000149132	0.564	-1.71883e-11
0.1125	355			6.76368e-05	-7.54747e-06	6.80541e-05	-6.366	-0.000496987	2.24115e-05	0.000497345	177.414	0.000147046	1.49012e-06	0.000147046	0.582	-2.33868e-11
0.11	356			6.99614e-05	-7.53257e-06	7.03637e-05	-6.138	-0.000487329	2.20538e-05	0.000487687	177.408	0.000143469	7.74864e-07	0.000143469	0.318	-2.112517e-11
0.1075	357			7.11535e-05	-7.22709e-06	7.15186e-05	-5.796	-0.00047827	2.24115e-05	0.000478746	177.312	0.000138939	8.94073e-07	0.000138939	0.372	-2.175344e-11
0.105	358			6.96559e-05	-7.73376e-06	7.00806e-05	-6.33	-0.000466706	2.14578e-05	0.000467064	177.36	0.000133396	1.78815e-07	0.000133396	0.102	-2.028756e-11
0.1025	359			6.62585e-05	-6.34792e-06	6.6564e-05	-5.472	-0.000453951	2.14578e-05	0.000454308	177.294	0.000129701	9.53682e-07	0.000129701	0.438	-1.99944e-11
0.1	360			6.76666e-05	-6.14676e-06	6.79498e-05	-5.19	-0.000444176	2.03849e-05	0.000444533	177.36	0.000125946	6.55655e-07	0.000125946	0.306	-2.22979e-11
0.0975	361			6.87619e-05	-6.51184e-06	6.90673e-05	-5.406	-0.000434401	2.01465e-05	0.000434758	177.336	0.000124634	1.1921e-06	0.000124634	0.57	-1.991063e-11
0.095	362			6.5357e-05	-6.66085e-06	6.56922e-05	-5.82	-0.000423195	1.89544e-05	0.000423433	177.42	0.000119985	1.2517e-06	0.000119985	0.606	-2.313555e-11
0.0925	363			6.60201e-05	-5.97539e-06	6.62883e-05	-5.172	-0.00041342	1.90736e-05	0.000413777	177.348	0.000117839	7.15259e-07	0.000117839	0.372	-2.02038e-11
0.09	364			6.55581e-05	-5.42405e-06	6.57891e-05	-4.722	-0.000401856	1.74047e-05	0.000402095	177.51	0.000113488	1.1921e-06	0.000113488	0.624	-2.326116e-11
0.0875	365			6.43437e-05	-6.92162e-06	6.47237e-05	-6.138	-0.000390174	1.74047e-05	0.000390412	177.438	0.000111461	1.72854e-06	0.000111461	0.906	-1.781655e-11
0.085	366			6.42915e-05	-5.50601e-06	6.45299e-05	-4.89	-0.000379207	1.72855e-05	0.000379445	177.384	0.000107706	7.74864e-07	0.000107706	0.426	-2.225597e-11
0.0825	367			6.04021e-05	-5.48366e-06	6.0648e-05	-5.184	-0.000368001	1.69278e-05	0.000368239	177.354	0.000101805	7.15259e-07	0.000101805	0.414	-1.790029e-11
0.08	368			6.23171e-05	-5.93814e-06	6.26002e-05	-5.436	-0.000358703	1.5855e-05	0.000358941	177.468	0.000102759	1.78815e-06	0.000102759	1.02	-2.363808e-11
0.0775	369			6.31739e-05	-5.07387e-06	6.33826e-05	-4.59	-0.000346186	1.52589e-05	0.000346424	177.462	9.67984e-05	1.34111e-06	9.68282e-05	0.798	-2.263292e-11
0.075	370			6.11846e-05	-5.33464e-06	6.14231e-05	-4.98	-0.000336172	1.52589e-05	0.00033641	177.402	9.50401e-05	1.34111e-06	9.50699e-05	0.816	-2.099955e-11
0.0725	371			5.94708e-05	-3.82218e-06	5.959e-05	-3.672	-0.000324728	1.4186e-05	0.000324966	177.486	9.26559e-05	1.1921e-06	9.26559e-05	0.744	-2.141837e-11
0.07	372			5.96272e-05	-4.7237e-06	5.98135e-05	-4.524	-0.000315668	1.38283e-05	0.000315906	177.474	9.00631e-05	1.69874e-06	9.00929e-05	1.092	-2.254917e-11
0.0675	373			5.87555e-05	-5.18563e-06	5.8979e-05	-5.04	-0.000303032	1.31131e-05	0.000303151	177.504	8.46689e-05	1.87755e-06	8.46987e-05	1.272	-1.819349e-11
0.065	374			5.72952e-05	-4.7237e-06	5.74889e-05	-4.71	-0.000293018	1.39475e-05	0.000293138	177.252	8.25827e-05	1.1921e-06	8.26125e-05	0.834	-1.769091e-11
0.0625	375			5.69227e-05	-5.4315e-06	5.71834e-05	-5.448	-0.000281097	1.32323e-05	0.000281217	177.3	7.94535e-05	8.64271e-07	7.94535e-05	0.624	-2.284238e-11
0.06	376			5.62e-05	-4.74605e-06	5.64011e-05	-4.824	-0.000271918	1.23978e-05	0.000272037	177.39	7.73375e-05	2.26499e-06	7.73673e-05	1.692	-2.058069e-11
0.0575	377			5.56412e-05	-4.48528e-06	5.582e-05	-4.602	-0.00026107	1.15634e-05	0.000261189	177.444	7.49533e-05	1.54973e-06	7.49831e-05	1.194	-2.053885e-11
0.055	378			5.2877e-05	-4.35862e-06	5.30558e-05	-4.704	-0.000250461	1.12057e-05	0.00025058	177.426	7.1526e-05	1.57953e-06	7.1526e-05	1.284	-1.769088e-11
0.0525	379			5.30707e-05	-3.27827e-06	5.31676e-05	-3.528	-0.000239373	1.02521e-05	0.000239492	177.546	6.90226e-05	1.46032e-06	6.90226e-05	1.218	-2.012004e-11
0.05	380			5.129e-05	-4.68644e-06	5.14986e-05	-5.214	-0.000227095	1.01328e-05	0.000227095	177.426	6.50291e-05	1.81795e-06	6.50589e-05	1.614	-2.225595e-11
0.0475	381			5.12528e-05	-4.32882e-06	5.14316e-05	-4.824	-0.000215412	8.94075e-06	0.000215531	177.606	6.2794e-05	1.34111e-06	6.2794e-05	1.248	-2.673734e-11
0.045	382			4.95838e-05	-3.37513e-06	4.96956e-05	-3.894	-0.00020814	9.29838e-06	0.00020814	177.432	5.95751e-05	1.37091e-06	5.96049e-05	1.332	-1.777469e-11
0.0425	383			4.83023e-05	-3.24847e-06	4.84067e-05	-3.846	-0.000196041	8.52352e-06	0.000196219	177.498	5.71611e-05	5.9605e-07	5.71611e-05	0.6	-1.769089e-11
0.04	384			4.7982e-05	-2.64497e-06	4.80565e-05	-3.15	-0.000186206	8.58313e-06	0.000186385	177.354	5.43299e-05	1.75834e-06	5.43597e-05	1.878	-2.44757e-11
0.0375	385			4.6015e-05	-3.59864e-06	4.61566e-05	-4.464	-0.000173272	7.09298e-06	0.000173331	177.642	5.13496e-05	1.57953e-06	5.13794e-05	1.782	-2.196284e-11
0.035	386			4.46292e-05	-3.74021e-06	4.47782e-05	-4.782	-0.000160755	7.03338e-06	0.000160874	177.486	4.77138e-05	8.64271e-07	4.77212e-05	1.038	-1.974311e-11
0.0325	387			4.413e-05	-3.92649e-06	4.43014e-05	-5.076	-0.000152589	6.25852e-06	0.000152648	177.636	4.57468e-05	1.34856e-06	4.57691e-05	1.692	-1.932431e-11
0.03	388			4.09561e-05	-2.81633e-06	4.10455e-05	-3.93	-0.000142098	6.19891e-06	0.000142158	177.504	4.37202e-05	1.64659e-06	4.37575e-05	2.154	-2.04132e-11
0.0275	389			3.96448e-05	-2.34695e-06	3.97044e-05	-3.39	-0.000131668	5.96049e-06	0.000131787	177.39	4.12243e-05	1.64659e-06	4.12541e-05	2.298	-2.476891e-11
0.025	390			3.8408e-05	-2.57792e-06	3.84974e-05	-3.834	-0.000120342	5.18563e-06	0.000120402	177.528	3.81249e-05	1.03564e-06	3.81398e-05	1.56	-2.208847e-11
0.0225	391			3.52415e-05	-2.3991e-06	3.53234e-05	-3.882	-0.000109613	5.30484e-06	0.000109673	177.216	3.5234e-05	1.22935e-06	3.52564e-05	2.004	-2.418255e-11
0.02	392			3.42953e-05	-2.49596e-06	3.43847e-05	-4.158	-9.91826e-05	3.21867e-06	9.91826e-05	178.134	3.3811e-05	1.39327e-06	3.38333e-05	2.358	-2.041319e-11
0.0175	393			3.12107e-05	-2.71948e-06	3.13299e-05	-4.968	-8.93478e-05	3.6955e-06	8.94074e-05	177.618	3.13672e-05	1.51248e-06	3.14044e-05	2.76	-1.790027e-11
0.015	394			2.91319e-05	-1.46032e-06	2.91617e-05	-2.868	-7.79633e-05	3.90413e-06	7.80229e-05	177.126	2.92064e-05	1.97442e-06	2.92734e-05	3.876	-1.97012e-11
0.0125	395			2.753e-05	-1.7807e-06	2.75896e-05	-3.684	-6.63702e-05	2.02657e-06	6.63702e-05	178.23	2.70085e-05	1.72854e-06	2.70606e-05	3.672	-2.447571e-11
0.01	396			2.54513e-05	-1.46032e-06	2.54886e-05	-3.27	-5.57902e-05	2.59282e-06	5.582e-05	177.312	2.5116e-05	1.71364e-06	2.51756e-05	3.918	-1.723021e-11
0.0075	397			2.36185e-05	-1.08034e-06	2.36483e-05	-2.616	-4.30348e-05	9.53682e-07	4.30422e-05	178.722	2.42816e-05	1.43797e-06	2.43188e-05	3.396	-1.681139e-11
0.005	398			2.26722e-05	-5.58797e-07	2.26722e-05	-1.398	-2.98695e-05	1.57953e-06	2.98993e-05	176.958	2.23072e-05	1.71364e-06	2.23742e-05	4.41	-2.016192e-11
0.0025	399			2.22103e-05	5.21544e-07	2.22177e-05	1.356	-1.77027e-05	-3.50179e-07	1.77027e-05	-178.878	2.22625e-05	1.16975e-06	2.22923e-05	3.018	-2.342864e-11
0.0	400			2.11598e-05	-1.58698e-06	2.12194e-05	-4.272	-3.56512e-06	-3.6508e-07	3.58002e-06	-174.18	2.26201e-05	7.2271e-07	2.2635e-05	1.842	-2.024569e-11
