variable x	variable x count			lockin1 x	lockin1 y	lockin1 r	lockin1 phi	lockin2 x	lockin2 y	lockin2 r	lockin2 phi	lockin3 x	lockin3 y	lockin3 r	lockin3 phi	lockin4 x	lockin4 y	lockin4 r	lockin4 phi	smu1 meas	


0.0	0			1.89041e-05	-6.89183e-08	1.89041e-05	-0.204	1.96622e-05	2.26127e-06	1.97889e-05	6.564	8.17893e-06	1.38209e-06	8.29535e-06	9.594	7.87253e-06	-1.88221e-06	8.09418e-06	-13.446	-1.425698e-11
0.002	1			1.83975e-05	-3.24102e-07	1.84012e-05	-1.008	1.98969e-05	1.57581e-06	1.99602e-05	4.53	2.13851e-05	1.71364e-07	2.13851e-05	0.462	2.18489e-05	-2.73251e-06	2.20184e-05	-7.128	-1.8152e-11
0.004	2			1.82689e-05	-3.96745e-07	1.82727e-05	-1.236	1.92673e-05	1.27033e-06	1.9312e-05	3.78	3.51539e-05	-3.39003e-07	3.51558e-05	-0.552	3.62752e-05	-2.87035e-06	3.6387e-05	-4.524	-2.502076e-11
0.006	3			1.86322e-05	-9.127e-07	1.86526e-05	-2.802	1.83174e-05	2.753e-06	1.85223e-05	8.55	4.8388e-05	2.98025e-08	4.8388e-05	0.036	4.85892e-05	-3.89668e-06	4.87457e-05	-4.584	-2.213081e-11
0.008	4			1.72519e-05	-1.10828e-06	1.72873e-05	-3.672	1.71476e-05	2.38793e-06	1.73153e-05	7.932	6.26859e-05	-8.19568e-07	6.26934e-05	-0.75	6.30473e-05	-4.80193e-06	6.32335e-05	-4.356	-2.14607e-11
0.01	5			1.76599e-05	-4.06058e-07	1.76654e-05	-1.314	1.8146e-05	2.09735e-06	1.82689e-05	6.6	7.63726e-05	-2.02285e-06	7.63987e-05	-1.512	7.64173e-05	-5.66992e-06	7.66297e-05	-4.242	-1.878028e-11
0.012	6			1.7183e-05	-8.2143e-07	1.72035e-05	-2.73	1.77548e-05	1.37464e-06	1.7807e-05	4.434	8.8234e-05	-2.67105e-06	8.82749e-05	-1.734	8.92882e-05	-5.27504e-06	8.94447e-05	-3.378	-2.309413e-11
0.014	7			1.75816e-05	-9.42502e-07	1.76058e-05	-3.066	1.82391e-05	2.79771e-06	1.84515e-05	8.73	0.000100136	-2.29479e-06	0.000100166	-1.314	0.000100643	-7.13769e-06	0.000100896	-4.056	-2.150262e-11
0.016	8			1.64268e-05	-1.50316e-06	1.64957e-05	-5.22	1.82652e-05	2.22774e-06	1.83993e-05	6.96	0.000114158	-3.52414e-06	0.00011421	-1.764	0.00011126	-7.62197e-06	0.000111521	-3.918	-2.317797e-11
0.018	9			1.69371e-05	-1.11014e-06	1.69725e-05	-3.75	1.79523e-05	2.06755e-06	1.80752e-05	6.576	0.00012748	-3.7253e-06	0.000127533	-1.668	0.0001264	-8.11374e-06	0.000126661	-3.672	-2.355486e-11
0.02	10			1.66745e-05	-1.09338e-06	1.67099e-05	-3.75	1.71476e-05	2.22401e-06	1.72892e-05	7.398	0.000138269	-4.37352e-06	0.000138336	-1.806	0.00013628	-8.3e-06	0.000136533	-3.48	-1.710499e-11
0.022	11			1.801e-05	-8.99661e-07	1.80324e-05	-2.856	1.8526e-05	2.81261e-06	1.87421e-05	8.634	0.000149467	-4.20216e-06	0.000149534	-1.608	0.000148335	-8.47137e-06	0.00014858	-3.264	-1.80264e-11
0.024	12			1.75853e-05	-3.46454e-07	1.75891e-05	-1.122	1.77735e-05	2.79771e-06	1.79933e-05	8.952	0.000161418	-4.99192e-06	0.0001615	-1.77	0.000160732	-9.25368e-06	0.000160993	-3.294	-1.618358e-11
0.026	13			1.73525e-05	-1.60188e-06	1.7427e-05	-5.274	1.7278e-05	1.77325e-06	1.73674e-05	5.862	0.000173711	-5.46876e-06	0.000173793	-1.8	0.000172392	-1.03787e-05	0.000172713	-3.444	-2.254963e-11
0.028	14			1.68366e-05	-1.58326e-06	1.69092e-05	-5.364	1.75015e-05	2.24636e-06	1.76431e-05	7.314	0.000187636	-5.39425e-06	0.000187726	-1.638	0.000188054	-1.09077e-05	0.000188381	-3.318	-1.760759e-11
0.03	15			1.82186e-05	-1.92785e-06	1.83192e-05	-6.036	1.77958e-05	2.63379e-06	1.79895e-05	8.424	0.000200481	-6.19891e-06	0.0002006	-1.764	0.000198425	-1.207e-05	0.000198782	-3.474	-1.697934e-11
0.032	16			1.67788e-05	-1.12504e-06	1.68161e-05	-3.828	1.74643e-05	3.04358e-06	1.77288e-05	9.894	0.000213415	-6.76516e-06	0.000213535	-1.812	0.000210793	-1.15336e-05	0.000211121	-3.126	-1.970168e-11
0.034	17			1.77064e-05	-1.69129e-06	1.77865e-05	-5.454	1.76692e-05	2.753e-06	1.78852e-05	8.856	0.000226111	-7.3612e-06	0.00022623	-1.854	0.000223995	-1.26064e-05	0.000224353	-3.222	-1.748193e-11
0.036	18			1.73451e-05	-1.96511e-06	1.74568e-05	-6.462	1.86787e-05	2.57046e-06	1.88538e-05	7.842	0.000239612	-7.80827e-06	0.000239731	-1.866	0.000236184	-1.29343e-05	0.000236512	-3.132	-1.66862e-11
0.038	19			1.71942e-05	-2.33577e-06	1.73525e-05	-7.734	1.7699e-05	2.90947e-06	1.79337e-05	9.336	0.000251176	-7.56982e-06	0.000251295	-1.722	0.000250192	-1.43946e-05	0.00025061	-3.288	-1.945037e-11
0.04	20			1.79281e-05	-1.84589e-06	1.80231e-05	-5.874	1.84366e-05	3.3267e-06	1.87346e-05	10.236	0.000263603	-9.11957e-06	0.000263752	-1.98	0.000264676	-1.45734e-05	0.000265064	-3.144	-1.785887e-11
0.042	21			1.78163e-05	-1.4715e-06	1.78759e-05	-4.716	1.75984e-05	2.43635e-06	1.77623e-05	7.896	0.000276478	-8.82155e-06	0.000276627	-1.824	0.000275405	-1.48416e-05	0.000275793	-3.084	-1.660241e-11
0.044	22			1.69614e-05	-1.94462e-06	1.70731e-05	-6.534	1.81237e-05	3.48316e-06	1.84589e-05	10.89	0.000289412	-9.41759e-06	0.000289561	-1.86	0.000287445	-1.59742e-05	0.000287892	-3.18	-1.618359e-11
0.046	23			1.73227e-05	-1.81236e-06	1.74177e-05	-5.97	1.84105e-05	2.82751e-06	1.86266e-05	8.736	0.00030339	-1.04011e-05	0.000303568	-1.962	0.000303181	-1.64212e-05	0.000303628	-3.096	-2.192142e-11
0.048	24			1.71048e-05	-2.83869e-06	1.73376e-05	-9.42	1.81237e-05	3.88178e-06	1.85334e-05	12.09	0.000315281	-1.06097e-05	0.000315459	-1.92	0.000313045	-1.70768e-05	0.000313492	-3.12	-2.167014e-11
0.05	25			1.73693e-05	-1.50875e-06	1.74326e-05	-4.962	1.86005e-05	3.0026e-06	1.88389e-05	9.168	0.000328692	-1.12951e-05	0.00032887	-1.968	0.000328513	-1.73749e-05	0.00032896	-3.024	-1.811016e-11
0.052	26			1.72463e-05	-1.62237e-06	1.73227e-05	-5.37	1.91742e-05	3.29317e-06	1.94536e-05	9.744	0.000341685	-1.12355e-05	0.000341894	-1.884	0.000341298	-1.8567e-05	0.000341805	-3.114	-1.882213e-11
0.054	27			1.72557e-05	-2.94486e-06	1.75053e-05	-9.678	1.8444e-05	3.63962e-06	1.88017e-05	11.16	0.000354471	-1.207e-05	0.000354649	-1.95	0.000351997	-1.96398e-05	0.000352534	-3.192	-1.609982e-11
0.056	28			1.73376e-05	-2.22215e-06	1.74792e-05	-7.302	1.87122e-05	3.23357e-06	1.89879e-05	9.816	0.000368269	-1.34111e-05	0.000368508	-2.082	0.000367315	-1.96995e-05	0.000367852	-3.066	-1.852895e-11
0.058	29			1.67732e-05	-2.66919e-06	1.69856e-05	-9.036	1.84776e-05	3.61355e-06	1.88277e-05	11.076	0.000378998	-1.27256e-05	0.000379236	-1.92	0.000376852	-2.04743e-05	0.000377418	-3.108	-1.936662e-11
0.06	30			1.66727e-05	-3.03426e-06	1.69446e-05	-10.314	1.91518e-05	3.58002e-06	1.94834e-05	10.596	0.000393154	-1.34707e-05	0.000393393	-1.962	0.000390442	-2.11896e-05	0.000391008	-3.108	-1.727252e-11
0.062	31			1.74568e-05	-2.075e-06	1.75798e-05	-6.78	1.88836e-05	3.7253e-06	1.92487e-05	11.16	0.000406446	-1.42158e-05	0.000406684	-1.998	0.000406625	-2.17856e-05	0.000407191	-3.066	-1.496901e-11
0.064	32			1.72911e-05	-2.19235e-06	1.74307e-05	-7.224	1.87607e-05	3.57257e-06	1.9096e-05	10.782	0.000418605	-1.51992e-05	0.000418903	-2.076	0.000415536	-2.23221e-05	0.000416132	-3.072	-1.723064e-11
0.066	33			1.66559e-05	-2.00981e-06	1.67751e-05	-6.876	1.83025e-05	3.96001e-06	1.87234e-05	12.216	0.00043145	-1.508e-05	0.000431718	-1.998	0.000428917	-2.24413e-05	0.000429513	-2.994	-1.781697e-11
0.068	34			1.64957e-05	-2.49968e-06	1.66838e-05	-8.61	1.93306e-05	3.26709e-06	1.96026e-05	9.6	0.000443758	-1.57357e-05	0.000444027	-2.028	0.000440272	-2.3544e-05	0.000440897	-3.06	-1.212098e-11
0.07	35			1.76859e-05	-2.54998e-06	1.78703e-05	-8.196	1.97926e-05	4.54116e-06	2.03067e-05	12.924	0.000458362	-1.65702e-05	0.00045866	-2.064	0.000457766	-2.47956e-05	0.000458421	-3.096	-2.100004e-11
0.072	36			1.65832e-05	-2.78653e-06	1.68142e-05	-9.534	1.90587e-05	4.07922e-06	1.94908e-05	12.084	0.000470044	-1.66894e-05	0.000470342	-2.028	0.00046617	-2.51533e-05	0.000466825	-3.084	-1.852894e-11
0.074	37			1.70545e-05	-2.26872e-06	1.72054e-05	-7.578	1.8973e-05	3.61355e-06	1.93157e-05	10.788	0.000482263	-1.83583e-05	0.000482621	-2.172	0.000479819	-2.49745e-05	0.000480475	-2.976	-1.664429e-11
0.076	38			1.67937e-05	-2.13088e-06	1.69278e-05	-7.23	1.84962e-05	3.96374e-06	1.89171e-05	12.102	0.000494305	-1.75239e-05	0.000494603	-2.022	0.000491802	-2.59877e-05	0.000492517	-3.024	-2.162825e-11
0.078	39			1.68999e-05	-2.7083e-06	1.7116e-05	-9.096	2.00347e-05	4.69762e-06	2.05786e-05	13.2	0.000508253	-1.89544e-05	0.00050867	-2.13	0.000504319	-2.66434e-05	0.000505034	-3.018	-1.136713e-11
0.08	40			1.64231e-05	-3.42542e-06	1.6777e-05	-11.778	2.08431e-05	4.1053e-06	2.12454e-05	11.142	0.000522081	-1.91332e-05	0.000522438	-2.094	0.000516716	-2.78355e-05	0.000517432	-3.084	-1.924099e-11
0.082	41			1.67025e-05	-2.23519e-06	1.68496e-05	-7.62	2.01241e-05	4.74232e-06	2.06755e-05	13.26	0.000534955	-1.99081e-05	0.000535313	-2.124	0.000530664	-2.81335e-05	0.000531379	-3.03	-2.217275e-11
0.084	42			1.65367e-05	-4.00658e-06	1.70154e-05	-13.614	1.91854e-05	5.31974e-06	1.99081e-05	15.504	0.000547711	-1.93716e-05	0.000548009	-2.022	0.000543896	-2.89084e-05	0.000544671	-3.042	-1.568097e-11
0.086	43			1.6926e-05	-3.46826e-06	1.72762e-05	-11.574	1.86042e-05	4.31764e-06	1.9096e-05	13.068	0.000560109	-2.00869e-05	0.000560466	-2.052	0.00055689	-2.87892e-05	0.000557665	-2.958	-2.192147e-11
0.088	44			1.5637e-05	-3.06407e-06	1.59332e-05	-11.082	1.89693e-05	5.4464e-06	1.97367e-05	16.026	0.00057346	-2.08021e-05	0.000573818	-2.076	0.000570063	-3.02793e-05	0.000570897	-3.036	-1.555534e-11
0.09	45			1.56221e-05	-3.03799e-06	1.59127e-05	-10.998	1.90289e-05	4.71625e-06	1.96026e-05	13.92	0.000586394	-2.15174e-05	0.000586752	-2.094	0.000581983	-3.03985e-05	0.000582758	-2.988	-2.003674e-11
0.092	46			1.66596e-05	-3.6508e-06	1.70545e-05	-12.354	2.0411e-05	4.93604e-06	2.09996e-05	13.596	0.000600342	-2.24711e-05	0.000600819	-2.142	0.000595395	-3.14119e-05	0.000596229	-3.018	-1.73144e-11
0.094	47			1.79951e-05	-3.82776e-06	1.83975e-05	-12.006	2.1495e-05	5.25641e-06	2.21283e-05	13.752	0.00061262	-2.19346e-05	0.000613037	-2.046	0.000607196	-3.19483e-05	0.000608031	-3.006	-2.066495e-11
0.096	48			1.7671e-05	-3.79981e-06	1.80752e-05	-12.132	2.17409e-05	4.31392e-06	2.21656e-05	11.226	0.000624243	-2.31863e-05	0.00062472	-2.124	0.000621382	-3.2604e-05	0.000622217	-3.0	-1.970168e-11
0.098	49			1.64603e-05	-3.16837e-06	1.67621e-05	-10.896	1.86564e-05	5.26014e-06	1.93828e-05	15.75	0.000636045	-2.23519e-05	0.000636462	-2.01	0.000632528	-3.30808e-05	0.000633363	-2.988	-1.79426e-11
0.1	50			1.47597e-05	-3.12553e-06	1.50875e-05	-11.952	1.67192e-05	5.67737e-06	1.7658e-05	18.762	0.000648919	-2.40208e-05	0.000649337	-2.118	0.000646595	-3.42729e-05	0.000647489	-3.03	-1.827769e-11
0.102	51			1.54396e-05	-4.1798e-06	1.59947e-05	-15.138	1.98596e-05	4.73487e-06	2.04184e-05	13.41	0.000664715	-2.4438e-05	0.000665132	-2.106	0.00065941	-3.4869e-05	0.000660364	-3.024	-1.991108e-11
0.104	52			1.75351e-05	-3.4962e-06	1.78796e-05	-11.268	2.28771e-05	4.27294e-06	2.32757e-05	10.578	0.000675563	-2.55109e-05	0.00067604	-2.16	0.000670377	-3.53458e-05	0.000671271	-3.012	-1.978542e-11
0.106	53			1.51732e-05	-3.34719e-06	1.55383e-05	-12.438	1.60151e-05	5.57679e-06	1.69576e-05	19.206	0.000685815	-2.56897e-05	0.000686292	-2.142	0.000684742	-3.61206e-05	0.000685696	-3.012	-2.116755e-11
0.108	54			1.43741e-05	-3.03054e-06	1.46889e-05	-11.904	1.70619e-05	3.94511e-06	1.7509e-05	13.02	0.000703041	-2.68222e-05	0.000703517	-2.184	0.000697974	-3.61803e-05	0.000698928	-2.964	-1.848708e-11
0.11	55			1.70135e-05	-4.3195e-06	1.75537e-05	-14.244	2.52054e-05	3.81473e-06	2.54923e-05	8.61	0.000715438	-2.62858e-05	0.000715915	-2.1	0.000708345	-3.62399e-05	0.000709299	-2.928	-1.597415e-11
0.112	56			1.33254e-05	-4.15e-06	1.3955e-05	-17.292	1.44393e-05	5.4613e-06	1.54377e-05	20.724	0.000724737	-2.62262e-05	0.000725213	-2.07	0.00072277	-3.74916e-05	0.000723723	-2.97	-2.045555e-11
0.114	57			1.57134e-05	-4.1202e-06	1.62442e-05	-14.694	2.18601e-05	5.01054e-06	2.24264e-05	12.912	0.000742737	-2.81335e-05	0.000743333	-2.166	0.000735942	-3.81472e-05	0.000736956	-2.964	-1.459203e-11
0.116	58			1.47764e-05	-4.00658e-06	1.53111e-05	-15.162	1.84366e-05	5.86364e-06	1.93455e-05	17.646	0.000750605	-2.66434e-05	0.000751082	-2.034	0.00074685	-3.88625e-05	0.000747863	-2.976	-2.271715e-11
0.118	59			1.32956e-05	-3.52041e-06	1.37538e-05	-14.826	1.64845e-05	5.69972e-06	1.74457e-05	19.08	0.000767771	-2.80739e-05	0.000768248	-2.088	0.000763062	-3.93989e-05	0.000764076	-2.958	-1.999486e-11
0.12	60			1.83341e-05	-3.98236e-06	1.87625e-05	-12.252	2.43002e-05	5.27504e-06	2.48664e-05	12.252	0.000776831	-2.80739e-05	0.000777368	-2.07	0.000771586	-4.01738e-05	0.000772599	-2.982	-1.869649e-11
0.122	61			1.27014e-05	-4.14628e-06	1.33608e-05	-18.072	1.52253e-05	6.16166e-06	1.64249e-05	22.038	0.000791732	-2.87892e-05	0.000792269	-2.082	0.000788037	-4.10678e-05	0.00078911	-2.982	-1.597416e-11
0.124	62			1.72948e-05	-4.40146e-06	1.78461e-05	-14.274	2.71128e-05	5.36445e-06	2.76418e-05	11.196	0.000804249	-3.05178e-05	0.000804845	-2.166	0.00079513	-4.10678e-05	0.000796203	-2.958	-2.112567e-11
0.126	63			1.23513e-05	-4.26176e-06	1.30665e-05	-19.032	1.6112e-05	5.69972e-06	1.70917e-05	19.482	0.000819389	-3.08754e-05	0.000819925	-2.154	0.000814442	-4.24983e-05	0.000815574	-2.982	-2.100004e-11
0.128	64			1.72482e-05	-3.98795e-06	1.77027e-05	-13.014	2.38122e-05	5.80031e-06	2.45088e-05	13.698	0.000827674	-3.06966e-05	0.00082821	-2.124	0.000821177	-4.2856e-05	0.000822309	-2.988	-2.003669e-11
0.13	65			1.23121e-05	-4.78889e-06	1.32099e-05	-21.252	1.67118e-05	5.98657e-06	1.77511e-05	19.716	0.000846628	-3.12331e-05	0.000847165	-2.112	0.000840489	-4.39885e-05	0.000841621	-2.994	-2.200519e-11
0.132	66			1.44858e-05	-4.32882e-06	1.51191e-05	-16.632	1.78443e-05	5.62894e-06	1.87122e-05	17.508	0.000850502	-3.10543e-05	0.000851098	-2.088	0.000847641	-4.375e-05	0.000848774	-2.952	-1.953416e-11
0.134	67			1.43666e-05	-4.7982e-06	1.51471e-05	-18.468	2.15397e-05	6.28459e-06	2.24413e-05	16.266	0.000873808	-3.17695e-05	0.000874404	-2.082	0.000864629	-4.51806e-05	0.000865821	-2.988	-1.70631e-11
0.136	68			9.0283e-06	-3.51669e-06	9.68954e-06	-21.27	1.17533e-05	6.04618e-06	1.32211e-05	27.234	0.000877563	-3.33788e-05	0.000878159	-2.172	0.000875894	-4.52402e-05	0.000877086	-2.958	-1.769135e-11
0.138	69			2.08208e-05	-4.21706e-06	2.12454e-05	-11.448	3.31851e-05	5.81521e-06	3.36918e-05	9.942	0.000899438	-3.32e-05	0.000900034	-2.112	0.000886086	-4.58362e-05	0.000887278	-2.958	-1.697934e-11
0.14	70			7.36865e-06	-4.77585e-06	8.78057e-06	-32.94	8.16217e-06	7.18239e-06	1.08705e-05	41.346	0.000907663	-3.37365e-05	0.000908259	-2.13	0.000908021	-4.83992e-05	0.000909332	-3.048	-2.426685e-11
0.142	71			1.69819e-05	-4.99378e-06	1.77008e-05	-16.386	2.44492e-05	5.61032e-06	2.50862e-05	12.93	0.000916127	-3.40941e-05	0.000916723	-2.13	0.000908379	-4.70879e-05	0.000909571	-2.964	-1.609981e-11
0.144	72			1.54508e-05	-4.66596e-06	1.61381e-05	-16.8	2.30001e-05	6.36655e-06	2.38681e-05	15.48	0.000939373	-3.52862e-05	0.000940088	-2.148	0.000929598	-4.81608e-05	0.000930909	-2.964	-2.016236e-11
0.146	73			7.5307e-06	-4.923e-06	8.99477e-06	-33.162	9.95031e-06	6.27342e-06	1.17645e-05	32.238	0.000941757	-3.54054e-05	0.000942472	-2.148	0.000941399	-4.94721e-05	0.000942592	-3.006	-1.831957e-11
0.148	74			2.14056e-05	-4.92486e-06	2.19644e-05	-12.954	3.46231e-05	4.7535e-06	3.49509e-05	7.824	0.000959639	-3.61206e-05	0.000960354	-2.154	0.000947002	-4.87568e-05	0.000948194	-2.94	-2.083249e-11
0.15	75			1.2504e-05	-4.04011e-06	1.3141e-05	-17.904	1.82689e-05	6.84339e-06	1.95057e-05	20.544	0.000977643	-3.73127e-05	0.000978358	-2.184	0.000970606	-5.10218e-05	0.000971917	-3.006	-1.836145e-11
0.152	76			7.45061e-06	-4.95467e-06	8.94634e-06	-33.612	8.64273e-06	6.73535e-06	1.09561e-05	37.932	0.000978	-3.60014e-05	0.000978716	-2.106	0.000978	-5.0545e-05	0.000979312	-2.958	-1.685367e-11
0.154	77			2.41344e-05	-5.88599e-06	2.48422e-05	-13.704	3.86389e-05	4.92114e-06	3.89519e-05	7.26	0.000999101	-3.75512e-05	0.000999816	-2.148	0.000983723	-5.1141e-05	0.000985034	-2.976	-1.68956e-11
0.156	78			1.24928e-05	-5.42964e-06	1.36216e-05	-23.484	1.74494e-05	6.99612e-06	1.88017e-05	21.846	0.00101639	-3.82664e-05	0.0010171	-2.154	0.00100911	-5.28099e-05	0.00101043	-2.994	-1.936661e-11
0.158	79			6.70928e-06	-5.46503e-06	8.65204e-06	-39.162	8.12119e-06	7.68533e-06	1.11797e-05	43.416	0.00101794	-3.8028e-05	0.00101865	-2.136	0.0010177	-5.25715e-05	0.00101901	-2.952	-1.978546e-11
0.16	80			2.21079e-05	-4.92114e-06	2.2648e-05	-12.546	3.5275e-05	6.44106e-06	3.58562e-05	10.35	0.00103272	-3.91009e-05	0.00103343	-2.166	0.00102056	-5.32868e-05	0.00102199	-2.988	-1.878027e-11
0.162	81			1.66633e-05	-4.81124e-06	1.73432e-05	-16.098	2.52315e-05	7.23082e-06	2.62485e-05	15.996	0.00105716	-3.92201e-05	0.00105787	-2.118	0.0010469	-5.43597e-05	0.00104833	-2.97	-2.213085e-11
0.164	82			4.66409e-06	-4.57655e-06	6.53419e-06	-44.454	8.84017e-06	8.32608e-06	1.21482e-05	43.29	0.00106145	-3.92201e-05	0.00106216	-2.112	0.00105906	-5.53133e-05	0.00106049	-2.982	-1.806829e-11
0.166	83			1.20029e-05	-4.76281e-06	1.29138e-05	-21.636	1.79225e-05	7.81944e-06	1.95579e-05	23.574	0.00106467	-3.98161e-05	0.00106538	-2.142	0.00106109	-5.41213e-05	0.00106252	-2.916	-2.309411e-11
0.168	84			2.69805e-05	-6.07784e-06	2.76567e-05	-12.69	4.22748e-05	6.91417e-06	4.28411e-05	9.288	0.00109554	-4.05314e-05	0.00109626	-2.118	0.00107766	-5.59094e-05	0.00107909	-2.964	-1.995298e-11
0.17	85			8.73214e-06	-5.42405e-06	1.02781e-05	-31.842	1.25059e-05	8.09139e-06	1.48938e-05	32.91	0.00110532	-4.16043e-05	0.00110615	-2.154	0.00110174	-5.75783e-05	0.00110317	-2.988	-1.744009e-11
0.172	86			4.59704e-06	-4.34372e-06	6.32371e-06	-43.368	7.3314e-06	7.86042e-06	1.07512e-05	46.998	0.00110722	-4.17235e-05	0.00110806	-2.154	0.00110603	-5.67439e-05	0.00110758	-2.934	-1.873839e-11
0.174	87			1.78443e-05	-5.5265e-06	1.86806e-05	-17.202	2.93293e-05	6.90672e-06	3.0134e-05	13.254	0.00111807	-4.20811e-05	0.00111891	-2.148	0.00110794	-5.72207e-05	0.00110937	-2.952	-1.66443e-11
0.176	88			2.46336e-05	-7.23454e-06	2.5673e-05	-16.362	3.80913e-05	6.72045e-06	3.86799e-05	10.008	0.00114966	-4.36308e-05	0.0011505	-2.166	0.00113202	-5.93665e-05	0.00113357	-3.0	-1.785887e-11
0.178	89			7.68719e-06	-5.57679e-06	9.49769e-06	-35.952	9.8311e-06	8.10629e-06	1.27443e-05	39.516	0.00115586	-4.375e-05	0.00115658	-2.166	0.00115395	-5.98433e-05	0.0011555	-2.964	-1.903154e-11
0.18	90			4.4741e-06	-5.35141e-06	6.97377e-06	-50.088	7.15631e-06	7.9312e-06	1.06805e-05	47.946	0.00115717	-4.3154e-05	0.00115789	-2.136	0.0011567	-5.98433e-05	0.00115824	-2.958	-1.601608e-11
0.182	91			1.57339e-05	-5.8953e-06	1.68012e-05	-20.538	2.58946e-05	6.56399e-06	2.67142e-05	14.226	0.00116623	-4.41077e-05	0.00116695	-2.166	0.00115741	-6.02009e-05	0.00115896	-2.976	-1.995294e-11
0.184	92			2.99291e-05	-6.93279e-06	3.07208e-05	-13.038	4.86413e-05	6.89927e-06	4.91256e-05	8.07	0.00120247	-4.44653e-05	0.00120331	-2.118	0.00117994	-6.15125e-05	0.00118149	-2.982	-1.911531e-11
0.186	93			1.00267e-05	-5.34023e-06	1.13603e-05	-28.032	1.38134e-05	8.829e-06	1.63951e-05	32.58	0.00121189	-4.6015e-05	0.00121284	-2.172	0.00120617	-6.24661e-05	0.00120772	-2.964	-1.903155e-11
0.188	94			3.32111e-06	-5.39984e-06	6.33675e-06	-58.392	5.96422e-06	9.01526e-06	1.08109e-05	56.508	0.00121165	-4.56574e-05	0.00121249	-2.154	0.00121046	-6.2943e-05	0.00121201	-2.97	-1.589042e-11
0.19	95			6.4038e-06	-5.81148e-06	8.64646e-06	-42.222	1.24649e-05	8.20687e-06	1.49236e-05	33.366	0.0012157	-4.58958e-05	0.00121666	-2.16	0.00121141	-6.22277e-05	0.00121296	-2.934	-2.066496e-11
0.192	96			3.05513e-05	-6.61428e-06	3.12591e-05	-12.216	5.44044e-05	7.11161e-06	5.48663e-05	7.446	0.00124241	-4.72071e-05	0.00124324	-2.172	0.00121845	-6.33006e-05	0.00122011	-2.97	-1.308433e-11
0.194	97			2.13814e-05	-6.83221e-06	2.24469e-05	-17.718	3.15721e-05	8.29628e-06	3.2645e-05	14.724	0.00126911	-4.80416e-05	0.00126994	-2.16	0.0012554	-6.5804e-05	0.00125719	-2.994	-1.865458e-11
0.196	98			5.40543e-06	-6.10578e-06	8.15286e-06	-48.474	8.27393e-06	8.8886e-06	1.21445e-05	47.046	0.00127161	-4.87568e-05	0.00127257	-2.19	0.00127006	-6.60424e-05	0.00127185	-2.97	-1.823579e-11
0.198	99			2.68036e-06	-6.40567e-06	6.94211e-06	-67.284	5.26759e-06	9.71189e-06	1.10493e-05	61.518	0.00127376	-4.70879e-05	0.00127471	-2.112	0.00127185	-6.59232e-05	0.00127364	-2.964	-1.827768e-11
0.2	100			8.5496e-06	-5.64384e-06	1.02446e-05	-33.42	1.48751e-05	7.82317e-06	1.68086e-05	27.75	0.00127745	-4.93529e-05	0.00127841	-2.214	0.00127269	-6.56848e-05	0.00127435	-2.952	-1.878026e-11
0.202	101			3.46082e-05	-7.41708e-06	3.53924e-05	-12.096	5.97762e-05	7.02593e-06	6.0186e-05	6.702	0.00130785	-4.91145e-05	0.00130869	-2.148	0.00128103	-6.68769e-05	0.00128282	-2.982	-1.928285e-11
0.204	102			2.54159e-05	-7.21219e-06	2.64199e-05	-15.84	3.79572e-05	7.3314e-06	3.86613e-05	10.932	0.00133456	-5.1141e-05	0.00133563	-2.19	0.00131882	-6.85458e-05	0.00132061	-2.97	-1.693746e-11
0.206	103			6.69624e-06	-6.96818e-06	9.66346e-06	-46.134	1.02334e-05	8.65018e-06	1.33999e-05	40.212	0.00133909	-5.04258e-05	0.00134004	-2.154	0.00133682	-6.94995e-05	0.00133861	-2.97	-2.37643e-11
0.208	104			1.89059e-06	-6.61801e-06	6.88064e-06	-74.046	5.62149e-06	8.89233e-06	1.05203e-05	57.696	0.00133885	-5.0545e-05	0.0013398	-2.16	0.00133777	-6.93803e-05	0.00133956	-2.964	-1.852897e-11
0.21	105			4.08295e-06	-5.79099e-06	7.08367e-06	-54.804	9.87953e-06	8.97056e-06	1.33478e-05	42.24	0.00134207	-5.0545e-05	0.00134302	-2.154	0.00133885	-6.94995e-05	0.00134064	-2.97	-1.915718e-11
0.212	106			1.94499e-05	-7.24013e-06	2.07556e-05	-20.412	3.54687e-05	7.56982e-06	3.62697e-05	12.054	0.00135613	-5.20947e-05	0.00135709	-2.196	0.00134195	-7.03339e-05	0.00134385	-3.0	-1.718877e-11
0.214	107			4.234e-05	-8.23668e-06	4.31335e-05	-11.01	6.77188e-05	6.48203e-06	6.8028e-05	5.466	0.00139702	-5.31676e-05	0.00139797	-2.172	0.0013671	-7.10492e-05	0.00136889	-2.97	-1.576474e-11
0.216	108			1.6194e-05	-6.82476e-06	1.75742e-05	-22.854	2.51756e-05	8.87742e-06	2.66955e-05	19.428	0.00141311	-5.36444e-05	0.00141407	-2.172	0.00140239	-7.30758e-05	0.00140429	-2.982	-2.062309e-11
0.218	109			5.13162e-06	-6.28646e-06	8.11374e-06	-50.76	7.16749e-06	9.27976e-06	1.17273e-05	52.32	0.00141407	-5.42405e-05	0.00141514	-2.19	0.00141288	-7.30758e-05	0.00141478	-2.958	-1.802641e-11
0.22	110			1.65031e-06	-6.2194e-06	6.43174e-06	-75.126	4.80938e-06	1.00546e-05	1.11461e-05	64.44	0.00141443	-5.37636e-05	0.0014155	-2.172	0.00141288	-7.29566e-05	0.00141478	-2.952	-1.995301e-11
0.222	111			3.21494e-06	-5.35886e-06	6.2492e-06	-59.022	1.08667e-05	8.71724e-06	1.39326e-05	38.736	0.00141788	-5.42405e-05	0.00141896	-2.184	0.00141276	-7.27181e-05	0.00141466	-2.946	-1.915721e-11
0.224	112			1.75593e-05	-6.93093e-06	1.88762e-05	-21.54	3.49509e-05	7.61825e-06	3.57705e-05	12.3	0.00143207	-5.55518e-05	0.00143314	-2.22	0.00141645	-7.40294e-05	0.00141836	-2.988	-1.815204e-11
0.226	113			4.687e-05	-9.23505e-06	4.77715e-05	-11.148	7.64434e-05	6.7279e-06	7.67377e-05	5.034	0.00147033	-5.59094e-05	0.00147141	-2.172	0.00143827	-7.48639e-05	0.00144017	-2.976	-2.037179e-11
0.228	114			2.60418e-05	-7.94983e-06	2.72283e-05	-16.974	3.66049e-05	9.09722e-06	3.77188e-05	13.956	0.0014931	-5.76975e-05	0.00149418	-2.214	0.00147928	-7.70097e-05	0.0014813	-2.976	-1.572286e-11
0.23	115			7.26993e-06	-7.10975e-06	1.01664e-05	-44.352	1.03675e-05	1.03005e-05	1.46144e-05	44.814	0.00149608	-5.75783e-05	0.00149716	-2.202	0.0014943	-7.77249e-05	0.0014962	-2.976	-1.72725e-11
0.232	116			1.79187e-06	-6.87878e-06	7.10788e-06	-75.384	4.56351e-06	1.06954e-05	1.16267e-05	66.882	0.00149644	-5.67439e-05	0.0014974	-2.172	0.00149561	-7.80826e-05	0.00149775	-2.988	-1.844521e-11
0.234	117			6.01638e-07	-5.79658e-06	5.82638e-06	-84.054	5.59914e-06	9.41387e-06	1.09561e-05	59.262	0.00149942	-5.82936e-05	0.00150049	-2.226	0.00149608	-7.73673e-05	0.00149799	-2.958	-1.97436e-11
0.236	118			4.88575e-06	-6.76329e-06	8.34285e-06	-54.15	1.64994e-05	9.98756e-06	1.92859e-05	31.188	0.00150634	-5.78167e-05	0.00150753	-2.196	0.00149668	-7.76057e-05	0.00149871	-2.964	-1.827767e-11
0.238	119			2.35626e-05	-8.06717e-06	2.49055e-05	-18.894	4.77771e-05	8.40804e-06	4.8511e-05	9.984	0.00152446	-5.81744e-05	0.00152553	-2.178	0.00150073	-7.84402e-05	0.00150288	-2.988	-2.472754e-11
0.24	120			5.15284e-05	-9.50327e-06	5.24002e-05	-10.452	8.09398e-05	6.42615e-06	8.11932e-05	4.542	0.00156356	-5.99625e-05	0.00156475	-2.196	0.00153006	-7.97515e-05	0.00153209	-2.982	-1.857087e-11
0.242	121			2.84353e-05	-8.53842e-06	2.9687e-05	-16.71	3.89407e-05	9.40269e-06	4.00583e-05	13.578	0.00158692	-6.0797e-05	0.00158799	-2.196	0.00157214	-8.18972e-05	0.00157429	-2.982	-2.37643e-11
0.244	122			7.37238e-06	-7.13396e-06	1.02595e-05	-44.052	1.26139e-05	1.02856e-05	1.62759e-05	39.192	0.00159026	-6.10356e-05	0.00159145	-2.196	0.00158656	-8.22549e-05	0.00158859	-2.964	-1.86965e-11
0.246	123			1.04681e-06	-7.15445e-06	7.22895e-06	-81.66	4.57469e-06	1.07177e-05	1.16528e-05	66.882	0.0015905	-6.15125e-05	0.00159169	-2.208	0.00159002	-8.23741e-05	0.00159217	-2.964	-1.576474e-11
0.248	124			4.06058e-07	-7.47482e-06	7.486e-06	-86.886	3.98982e-06	1.09375e-05	1.16453e-05	69.948	0.00159074	-6.06778e-05	0.00159181	-2.184	0.00158954	-8.29701e-05	0.00159169	-2.982	-1.195346e-11
0.25	125			1.38954e-06	-7.17866e-06	7.31091e-06	-79.038	8.59058e-06	1.05985e-05	1.36458e-05	50.97	0.00159562	-6.04393e-05	0.0015967	-2.166	0.00159002	-8.26125e-05	0.00159217	-2.976	-1.953416e-11
0.252	126			6.95515e-06	-7.58472e-06	1.02912e-05	-47.472	2.62001e-05	9.43622e-06	2.78504e-05	19.812	0.00160814	-6.23469e-05	0.00160933	-2.214	0.00159026	-8.26125e-05	0.00159241	-2.976	-1.936663e-11
0.254	127			3.2142e-05	-9.28534e-06	3.34571e-05	-16.11	6.50031e-05	8.52352e-06	6.55581e-05	7.476	0.0016327	-6.19893e-05	0.00163389	-2.172	0.00160003	-8.36854e-05	0.00160218	-2.988	-2.112568e-11
0.256	128			5.56114e-05	-1.0267e-05	5.65539e-05	-10.458	8.35699e-05	7.08926e-06	8.38717e-05	4.848	0.00166989	-6.47311e-05	0.0016712	-2.22	0.00163747	-8.52351e-05	0.00163961	-2.976	-1.735629e-11
0.258	129			3.04618e-05	-8.97056e-06	3.17583e-05	-16.404	3.87991e-05	9.59268e-06	3.99689e-05	13.89	0.00169123	-6.62808e-05	0.00169254	-2.244	0.00168062	-8.80961e-05	0.00168288	-2.994	-1.702122e-11
0.26	130			7.70396e-06	-7.40963e-06	1.06879e-05	-43.86	1.26325e-05	1.0226e-05	1.62536e-05	38.982	0.00169671	-6.5804e-05	0.00169802	-2.22	0.0016929	-8.80961e-05	0.00169516	-2.976	-1.919909e-11
0.262	131			1.93158e-06	-8.19383e-06	8.41735e-06	-76.734	4.86898e-06	1.19061e-05	1.28598e-05	67.752	0.00169636	-6.49695e-05	0.00169767	-2.19	0.0016954	-8.89306e-05	0.00169779	-3.0	-1.940852e-11
0.264	132			8.53095e-07	-7.86973e-06	7.9163e-06	-83.814	3.24847e-06	1.14516e-05	1.19061e-05	74.16	0.001696	-6.43735e-05	0.00169719	-2.172	0.00169516	-8.86922e-05	0.00169755	-2.994	-1.224667e-11
0.266	133			-9.31327e-08	-7.49345e-06	7.49159e-06	-90.702	4.50391e-06	1.14516e-05	1.23047e-05	68.52	0.00169826	-6.49695e-05	0.00169946	-2.184	0.00169528	-8.80961e-05	0.00169755	-2.97	-1.903155e-11
0.268	134			2.0154e-06	-7.64622e-06	7.90512e-06	-75.222	1.32807e-05	1.11238e-05	1.73227e-05	39.954	0.00170565	-6.49695e-05	0.00170685	-2.178	0.00169564	-8.83345e-05	0.00169791	-2.982	-1.865461e-11
0.27	135			1.3128e-05	-8.24971e-06	1.55048e-05	-32.142	3.98906e-05	9.58896e-06	4.10269e-05	13.518	0.00172449	-6.73537e-05	0.0017258	-2.232	0.00169898	-8.90498e-05	0.00170136	-3.0	-1.790077e-11
0.272	136			4.04848e-05	-9.32446e-06	4.15447e-05	-12.966	8.03922e-05	7.04083e-06	8.06977e-05	5.01	0.00175513	-6.84266e-05	0.00175644	-2.232	0.00171531	-8.97651e-05	0.00171769	-2.994	-1.844522e-11
0.274	137			5.92659e-05	-1.08965e-05	6.02605e-05	-10.416	8.50414e-05	8.10629e-06	8.54288e-05	5.448	0.00178934	-6.94995e-05	0.00179065	-2.22	0.00175823	-9.19108e-05	0.00176061	-2.988	-2.204709e-11
0.276	138			3.55842e-05	-9.55915e-06	3.68434e-05	-15.03	4.31912e-05	9.91678e-06	4.43237e-05	12.93	0.00180913	-7.03339e-05	0.00181032	-2.22	0.00179995	-9.3699e-05	0.00180245	-2.976	-1.945036e-11
0.278	139			8.73214e-06	-7.66671e-06	1.16192e-05	-41.28	1.34558e-05	1.13994e-05	1.76356e-05	40.272	0.00181628	-7.10492e-05	0.00181771	-2.238	0.00181437	-9.3699e-05	0.00181652	-2.952	-2.129319e-11
0.28	140			1.74903e-06	-8.05041e-06	8.23668e-06	-77.736	5.47993e-06	1.20886e-05	1.32733e-05	65.604	0.00181652	-7.00955e-05	0.00181795	-2.208	0.00181556	-9.41758e-05	0.00181819	-2.97	-1.589039e-11
0.282	141			-5.27132e-07	-8.79361e-06	8.80664e-06	-93.426	3.25219e-06	1.13138e-05	1.17757e-05	73.962	0.001817	-7.10492e-05	0.00181843	-2.232	0.00181604	-9.51295e-05	0.00181866	-2.994	-2.070683e-11
0.284	142			-7.45063e-08	-8.23109e-06	8.22922e-06	-90.51	2.43635e-06	1.21818e-05	1.24202e-05	78.69	0.00181676	-7.03339e-05	0.00181819	-2.214	0.00181747	-9.48911e-05	0.00181986	-2.988	-1.898967e-11
0.286	143			-3.79981e-07	-8.79733e-06	8.80292e-06	-92.46	5.52836e-06	1.21184e-05	1.33217e-05	65.472	0.00181986	-7.00955e-05	0.00182129	-2.202	0.00181676	-9.48911e-05	0.00181938	-2.988	-2.162828e-11
0.288	144			2.52017e-06	-8.20315e-06	8.58126e-06	-72.912	1.67378e-05	1.07475e-05	1.98894e-05	32.706	0.00182868	-7.10492e-05	0.00183011	-2.22	0.00181628	-9.48911e-05	0.00181866	-2.982	-1.702125e-11
0.29	145			1.09748e-05	-8.1957e-06	1.36961e-05	-36.744	4.41896e-05	1.09003e-05	4.55158e-05	13.86	0.00185133	-7.17645e-05	0.00185252	-2.214	0.00182033	-9.51295e-05	0.00182296	-2.988	-1.559721e-11
0.292	146			3.62231e-05	-9.62062e-06	3.74785e-05	-14.874	8.15098e-05	9.20153e-06	8.20276e-05	6.444	0.00188304	-7.27181e-05	0.00188447	-2.208	0.00183821	-9.60832e-05	0.0018406	-2.988	-2.59002e-11
0.294	147			6.31367e-05	-1.12914e-05	6.41351e-05	-10.14	9.45558e-05	8.47137e-06	9.49358e-05	5.124	0.00191856	-7.65328e-05	0.00191999	-2.28	0.00188304	-9.91826e-05	0.00188566	-3.012	-2.33873e-11
0.296	148			4.94311e-05	-1.07252e-05	5.05785e-05	-12.24	6.31814e-05	8.65763e-06	6.37774e-05	7.806	0.00194145	-7.62944e-05	0.00194288	-2.244	0.00192548	-0.000100375	0.0019281	-2.982	-2.422495e-11
0.298	149			2.25344e-05	-1.04458e-05	2.48366e-05	-24.864	2.5876e-05	1.10269e-05	2.81261e-05	23.088	0.00195218	-7.55792e-05	0.00195362	-2.214	0.00194884	-0.000102044	0.0019517	-2.988	-1.903155e-11
0.3	150			6.87691e-06	-9.26858e-06	1.15373e-05	-53.424	9.846e-06	1.30311e-05	1.63355e-05	52.92	0.001956	-7.62944e-05	0.00195767	-2.232	0.00195481	-0.00010252	0.00195743	-3.0	-2.100002e-11
0.302	151			4.58213e-07	-8.8588e-06	8.86811e-06	-87.03	3.35278e-06	1.30274e-05	1.34521e-05	75.57	0.00195672	-7.70097e-05	0.00195839	-2.25	0.001956	-0.000102044	0.00195886	-2.982	-1.886402e-11
0.304	152			1.39699e-07	-9.41945e-06	9.41945e-06	-89.148	2.72693e-06	1.2789e-05	1.30758e-05	77.952	0.001956	-7.6056e-05	0.00195743	-2.226	0.00195624	-0.00010252	0.00195886	-2.994	-1.957602e-11
0.306	153			-5.38308e-07	-8.28138e-06	8.29628e-06	-93.708	3.21494e-06	1.2666e-05	1.30721e-05	75.756	0.00195719	-7.6056e-05	0.00195886	-2.22	0.001956	-0.000102044	0.00195862	-2.982	-1.664427e-11
0.308	154			-1.60188e-07	-8.28697e-06	8.28697e-06	-91.092	4.56351e-06	1.2409e-05	1.32211e-05	69.798	0.00195767	-7.62944e-05	0.00195934	-2.226	0.001956	-0.000102044	0.00195862	-2.982	-1.526213e-11
0.31	155			4.15372e-07	-8.85135e-06	8.86066e-06	-87.306	1.05277e-05	1.23233e-05	1.62126e-05	49.494	0.00196387	-7.67712e-05	0.00196554	-2.232	0.00195672	-0.000102044	0.00195934	-2.976	-2.095812e-11
0.312	156			5.32161e-06	-8.27393e-06	9.83669e-06	-57.24	3.02718e-05	1.13696e-05	3.23395e-05	20.586	0.0019796	-7.77249e-05	0.00198103	-2.244	0.00195862	-0.00010252	0.00196125	-2.994	-1.358686e-11
0.314	157			1.96194e-05	-1.0334e-05	2.21749e-05	-27.774	6.75549e-05	9.56288e-06	6.82292e-05	8.058	0.00201537	-7.91554e-05	0.00201704	-2.244	0.00196721	-0.000102997	0.00196983	-2.994	-1.819388e-11
0.316	158			4.7738e-05	-1.12616e-05	4.90493e-05	-13.272	9.71039e-05	8.96311e-06	9.75211e-05	5.274	0.00205113	-8.01091e-05	0.00205256	-2.232	0.00199915	-0.000105381	0.00200202	-3.018	-1.932473e-11
0.318	159			6.24363e-05	-1.20663e-05	6.35912e-05	-10.938	9.43993e-05	9.64856e-06	9.48911e-05	5.838	0.00208212	-8.20165e-05	0.00208379	-2.256	0.00204732	-0.000108719	0.00205018	-3.036	-1.718874e-11
0.32	160			5.13236e-05	-1.20514e-05	5.27205e-05	-13.212	6.74133e-05	1.04383e-05	6.8218e-05	8.802	0.00210215	-8.36854e-05	0.00210382	-2.274	0.00208499	-0.00011015	0.00208785	-3.018	-1.898968e-11
0.322	161			2.98322e-05	-1.00658e-05	3.14827e-05	-18.636	3.54948e-05	1.27555e-05	3.77225e-05	19.77	0.00211336	-8.32085e-05	0.00211503	-2.25	0.00210692	-0.000110865	0.00210978	-3.006	-1.630921e-11
0.324	162			1.01589e-05	-9.07114e-06	1.3616e-05	-41.754	1.50949e-05	1.27406e-05	1.97591e-05	40.17	0.00211765	-8.3447e-05	0.00211932	-2.256	0.0021155	-0.000110865	0.00211836	-2.994	-1.806824e-11
0.326	163			2.51459e-06	-8.67067e-06	9.02457e-06	-73.824	6.38518e-06	1.31429e-05	1.46144e-05	64.092	0.00212027	-8.3447e-05	0.00212194	-2.25	0.00211789	-0.000110865	0.00212075	-2.988	-1.915722e-11
0.328	164			-1.01515e-06	-8.08208e-06	8.14354e-06	-97.158	3.35278e-06	1.27406e-05	1.31727e-05	75.258	0.00211979	-8.36854e-05	0.00212146	-2.262	0.00211956	-0.000110865	0.00212242	-2.988	-2.032989e-11
0.33	165			-3.48316e-07	-9.6914e-06	9.69513e-06	-92.046	2.14578e-06	1.36793e-05	1.38432e-05	81.084	0.00211884	-8.3447e-05	0.00212051	-2.25	0.00211956	-0.000110388	0.00212242	-2.976	-1.831954e-11
0.332	166			-1.37837e-07	-9.70071e-06	9.70071e-06	-90.81	1.85148e-06	1.35266e-05	1.36532e-05	82.2	0.00211884	-8.36854e-05	0.00212051	-2.256	0.00211932	-0.000110865	0.00212218	-2.988	-1.9953e-11
0.334	167			-1.09152e-06	-9.92609e-06	9.98384e-06	-96.264	3.45708e-06	1.38246e-05	1.42493e-05	75.954	0.00212051	-8.32085e-05	0.00212218	-2.238	0.0021186	-0.00011158	0.0021217	-3.012	-2.217273e-11
0.336	168			2.99888e-07	-9.90933e-06	9.91119e-06	-88.254	7.62197e-06	1.45361e-05	1.64137e-05	62.334	0.00212385	-8.20165e-05	0.00212552	-2.208	0.00211932	-0.000111342	0.00212218	-3.006	-2.229837e-11
0.338	169			2.05637e-06	-9.81806e-06	1.00285e-05	-78.168	2.16962e-05	1.31615e-05	2.53768e-05	31.242	0.00213672	-8.36854e-05	0.00213839	-2.238	0.00211979	-0.000111104	0.00212266	-2.994	-1.731439e-11
0.34	170			9.62435e-06	-1.07512e-05	1.44281e-05	-48.162	5.07126e-05	1.17832e-05	5.20612e-05	13.086	0.00216509	-8.53543e-05	0.00216676	-2.256	0.00212528	-0.000112057	0.00212814	-3.018	-1.605789e-11
0.342	171			2.89549e-05	-1.12653e-05	3.10692e-05	-21.258	8.99364e-05	1.00099e-05	9.04952e-05	6.354	0.00221039	-8.75001e-05	0.00221206	-2.268	0.00214817	-0.000113488	0.00215127	-3.018	-1.844518e-11
0.344	172			5.43075e-05	-1.35676e-05	5.59764e-05	-14.022	0.000101358	9.23133e-06	0.000101775	5.208	0.00224735	-8.84538e-05	0.00224902	-2.25	0.0021968	-0.000116349	0.00219966	-3.024	-2.305231e-11
0.346	173			6.08976e-05	-1.27145e-05	6.22128e-05	-11.79	9.00407e-05	1.00509e-05	9.05995e-05	6.372	0.00226881	-8.98843e-05	0.00227071	-2.262	0.002239	-0.000118018	0.0022421	-3.018	-1.618356e-11
0.348	174			5.41809e-05	-1.28672e-05	5.56896e-05	-13.356	7.3195e-05	1.16602e-05	7.41188e-05	9.054	0.00228693	-9.08379e-05	0.00228883	-2.274	0.00226738	-0.000120163	0.00227048	-3.03	-1.965977e-11
0.35	175			3.87284e-05	-1.22898e-05	4.0632e-05	-17.598	4.9338e-05	1.32993e-05	5.10963e-05	15.084	0.00230099	-9.05995e-05	0.0023029	-2.25	0.00229074	-0.000120879	0.00229384	-3.018	-1.706308e-11
0.352	176			1.82056e-05	-1.11387e-05	2.13423e-05	-31.446	2.35738e-05	1.44691e-05	2.76641e-05	31.542	0.00230767	-9.10764e-05	0.00230958	-2.256	0.00230481	-0.000121356	0.00230791	-3.012	-2.028801e-11
0.354	177			6.32185e-06	-1.04458e-05	1.22078e-05	-58.806	8.83645e-06	1.5624e-05	1.79523e-05	60.504	0.00231148	-9.15532e-05	0.00231315	-2.262	0.00231053	-0.000121832	0.00231363	-3.018	-1.978544e-11
0.356	178			6.14677e-07	-1.07997e-05	1.08109e-05	-86.73	4.42195e-06	1.44318e-05	1.50949e-05	72.96	0.00231172	-9.10764e-05	0.00231363	-2.256	0.00231077	-0.000121594	0.00231387	-3.012	-2.116754e-11
0.358	179			-6.07226e-07	-9.38593e-06	9.40455e-06	-93.696	2.4289e-06	1.48975e-05	1.50949e-05	80.736	0.00231196	-9.13148e-05	0.00231363	-2.256	0.00231077	-0.000121356	0.00231387	-3.006	-2.20052e-11
0.36	180			-6.09089e-07	-1.08742e-05	1.08891e-05	-93.204	2.74555e-06	1.42083e-05	1.44691e-05	79.062	0.00231148	-9.15532e-05	0.00231339	-2.262	0.00231148	-0.000122071	0.00231482	-3.018	-1.949225e-11
0.362	181			-1.49757e-06	-1.00565e-05	1.01645e-05	-98.466	2.68595e-06	1.42344e-05	1.4484e-05	79.314	0.00231148	-9.10764e-05	0.00231339	-2.256	0.00231101	-0.000120879	0.00231434	-2.994	-2.414116e-11
0.364	182			-5.08506e-07	-1.03266e-05	1.03377e-05	-92.82	2.46988e-06	1.44989e-05	1.47075e-05	80.334	0.00231101	-9.08379e-05	0.00231268	-2.25	0.00231148	-0.000120879	0.00231482	-2.994	-1.777505e-11
0.366	183			-4.39586e-07	-1.02614e-05	1.02688e-05	-92.448	4.42195e-06	1.47075e-05	1.53558e-05	73.266	0.00231363	-9.15532e-05	0.0023153	-2.262	0.00231196	-0.000122548	0.00231506	-3.03	-1.861272e-11
0.368	184			-9.05249e-07	-1.07065e-05	1.07438e-05	-94.83	1.02297e-05	1.34893e-05	1.69316e-05	52.824	0.00231744	-9.15532e-05	0.00231935	-2.262	0.00231101	-0.000120879	0.00231434	-2.994	-2.125128e-11
0.37	185			2.02844e-06	-1.07531e-05	1.09412e-05	-79.308	2.3719e-05	1.36234e-05	2.73586e-05	29.874	0.00233246	-9.15532e-05	0.00233413	-2.244	0.00231315	-0.000122071	0.00231625	-3.018	-2.238215e-11
0.372	186			9.33936e-06	-1.16397e-05	1.49217e-05	-51.258	5.34246e-05	1.27219e-05	5.49185e-05	13.392	0.00236441	-9.41758e-05	0.00236632	-2.28	0.00232078	-0.000123025	0.00232388	-3.03	-2.028807e-11
0.374	187			2.48739e-05	-1.22302e-05	2.77181e-05	-26.178	8.77683e-05	1.12691e-05	8.84873e-05	7.32	0.00241591	-9.58447e-05	0.00241782	-2.268	0.0023513	-0.000125171	0.00235464	-3.048	-2.129318e-11
0.376	188			4.3141e-05	-1.32342e-05	4.51247e-05	-17.052	9.17246e-05	1.15261e-05	9.24473e-05	7.164	0.00245596	-9.79905e-05	0.00245787	-2.28	0.0024028	-0.000127078	0.00240614	-3.024	-1.953412e-11
0.378	189			4.96546e-05	-1.36123e-05	5.14837e-05	-15.324	7.97813e-05	1.1541e-05	8.06157e-05	8.232	0.00247861	-9.91826e-05	0.00248052	-2.292	0.00244834	-0.000129224	0.00245167	-3.018	-1.924096e-11
0.38	190			4.8008e-05	-1.30535e-05	4.97478e-05	-15.21	7.37538e-05	1.34484e-05	7.49757e-05	10.338	0.00249483	-9.96594e-05	0.00249697	-2.28	0.00246908	-0.000131131	0.00247265	-3.036	-1.949223e-11
0.382	191			4.53333e-05	-1.40928e-05	4.74716e-05	-17.268	7.07884e-05	1.35974e-05	7.20774e-05	10.872	0.0025108	-9.98979e-05	0.00251271	-2.274	0.00248744	-0.000132085	0.00249101	-3.036	-1.844517e-11
0.384	192			3.98124e-05	-1.29231e-05	4.18576e-05	-17.976	5.66321e-05	1.3426e-05	5.82042e-05	13.338	0.0025263	-0.000101328	0.00252844	-2.298	0.00251032	-0.000133992	0.0025139	-3.054	-1.681179e-11
0.386	193			2.59505e-05	-1.20663e-05	2.86178e-05	-24.936	3.4176e-05	1.53036e-05	3.74394e-05	24.126	0.00253655	-0.000101328	0.00253846	-2.286	0.00252916	-0.000134231	0.00253274	-3.03	-2.041365e-11
0.388	194			9.03016e-06	-1.20216e-05	1.50353e-05	-53.076	1.44914e-05	1.6302e-05	2.1808e-05	48.372	0.00254156	-0.000101805	0.00254346	-2.292	0.0025387	-0.000134707	0.00254227	-3.036	-2.007861e-11
0.39	195			1.32621e-06	-1.09561e-05	1.10306e-05	-83.094	6.31812e-06	1.6302e-05	1.74829e-05	68.814	0.00254227	-0.000100852	0.00254418	-2.268	0.00254156	-0.000134707	0.00254513	-3.03	-1.413134e-11
0.392	196			-4.43311e-07	-1.0904e-05	1.09114e-05	-92.31	3.84825e-06	1.54787e-05	1.59481e-05	76.032	0.0025418	-0.000101328	0.00254394	-2.28	0.0025418	-0.000133754	0.00254513	-3.012	-1.898966e-11
0.394	197			-1.08034e-06	-1.03191e-05	1.03713e-05	-95.976	2.43635e-06	1.57059e-05	1.58959e-05	81.186	0.0025418	-0.000101805	0.00254394	-2.292	0.00254227	-0.000133992	0.00254585	-3.012	-2.280098e-11
0.396	198			-6.18402e-07	-1.08258e-05	1.08369e-05	-93.264	3.66943e-06	1.57842e-05	1.62051e-05	76.914	0.00254227	-0.000100613	0.00254418	-2.262	0.0025418	-0.000133038	0.00254513	-2.994	-1.6728e-11
0.398	199			-1.03936e-06	-1.06097e-05	1.06581e-05	-95.58	2.96535e-06	1.5475e-05	1.57581e-05	79.146	0.0025418	-0.000100375	0.0025437	-2.256	0.00254156	-0.000134231	0.00254513	-3.018	-2.141886e-11
0.4	200			-1.30013e-06	-1.05128e-05	1.05873e-05	-97.032	2.29107e-06	1.6004e-05	1.61679e-05	81.846	0.00254203	-0.000101328	0.00254418	-2.28	0.00254251	-0.000133754	0.00254585	-3.012	-1.51365e-11
0.402	201			-1.22563e-06	-1.0673e-05	1.07401e-05	-96.54	2.77536e-06	1.49683e-05	1.52253e-05	79.494	0.00254203	-0.00010109	0.00254418	-2.274	0.00254156	-0.000133515	0.00254513	-3.0	-1.949223e-11
0.404	202			-8.27018e-07	-1.14032e-05	1.14292e-05	-94.128	5.30112e-06	1.62387e-05	1.70806e-05	71.916	0.00254466	-0.000100375	0.0025468	-2.256	0.00254203	-0.000134231	0.00254561	-3.018	-2.14189e-11
0.406	203			7.82316e-08	-1.21855e-05	1.21818e-05	-89.622	9.96521e-06	1.603e-05	1.88762e-05	58.134	0.00254895	-0.000101328	0.00255086	-2.274	0.00254227	-0.000134707	0.00254585	-3.03	-2.12094e-11
0.408	204			2.42145e-06	-1.18539e-05	1.20961e-05	-78.444	2.43412e-05	1.54936e-05	2.88525e-05	32.478	0.00256182	-0.00010109	0.00256373	-2.256	0.00254275	-0.000134946	0.00254633	-3.036	-1.806823e-11
0.41	205			9.67464e-06	-1.23084e-05	1.56538e-05	-51.822	5.68184e-05	1.37203e-05	5.84538e-05	13.578	0.00259425	-0.000103236	0.00259615	-2.274	0.00254871	-0.000135184	0.00255229	-3.03	-1.957603e-11
0.412	206			1.92189e-05	-1.22674e-05	2.27989e-05	-32.55	9.8214e-05	1.22637e-05	9.89777e-05	7.116	0.00265147	-0.000106335	0.00265361	-2.292	0.00257136	-0.0001359	0.00257517	-3.024	-1.986922e-11
0.414	207			3.38519e-05	-1.46777e-05	3.68918e-05	-23.442	9.88101e-05	1.245e-05	9.95924e-05	7.182	0.00269724	-0.000108719	0.00269939	-2.304	0.00262882	-0.000140191	0.00263239	-3.048	-1.961787e-11
0.416	208			3.66757e-05	-1.42195e-05	3.93356e-05	-21.186	6.62659e-05	1.47448e-05	6.78902e-05	12.546	0.0027156	-0.000109673	0.00271799	-2.31	0.0026858	-0.000144006	0.00268961	-3.066	-2.292659e-11
0.418	209			3.25704e-05	-1.32844e-05	3.51744e-05	-22.188	4.96956e-05	1.44914e-05	5.17669e-05	16.26	0.00272943	-0.000110865	0.00273158	-2.322	0.00271393	-0.000145198	0.00271799	-3.06	-1.844517e-11
0.42	210			2.8737e-05	-1.3236e-05	3.16354e-05	-24.726	5.61702e-05	1.52216e-05	5.81967e-05	15.168	0.00275137	-0.000111104	0.00275351	-2.31	0.00272562	-0.000144721	0.00272943	-3.036	-2.070683e-11
0.422	211			2.99515e-05	-1.37911e-05	3.29728e-05	-24.72	6.42319e-05	1.4782e-05	6.59158e-05	12.96	0.00276972	-0.000111342	0.00277187	-2.298	0.0027373	-0.000146152	0.00274111	-3.054	-1.873838e-11
0.424	212			3.24587e-05	-1.38917e-05	3.53085e-05	-23.166	6.63404e-05	1.4551e-05	6.792e-05	12.372	0.0027888	-0.000113011	0.00279118	-2.316	0.00275661	-0.000146867	0.00276043	-3.048	-1.622543e-11
0.426	213			3.11846e-05	-1.40109e-05	3.41872e-05	-24.192	5.68631e-05	1.55495e-05	5.89492e-05	15.294	0.00280572	-0.000113011	0.00280811	-2.304	0.00278045	-0.000148536	0.00278427	-3.054	-1.748188e-11
0.428	214			2.45237e-05	-1.32807e-05	2.78876e-05	-28.434	3.9086e-05	1.56612e-05	4.21109e-05	21.84	0.00281717	-0.000113726	0.00281955	-2.31	0.00280382	-0.000149013	0.00280787	-3.042	-2.301034e-11
0.43	215			1.20663e-05	-1.207e-05	1.70657e-05	-45.0	1.78666e-05	1.81125e-05	2.54513e-05	45.39	0.00282194	-0.000113726	0.00282432	-2.304	0.00281931	-0.000150681	0.00282337	-3.06	-1.827766e-11
0.432	216			2.14206e-06	-1.25729e-05	1.2748e-05	-80.322	6.79123e-06	1.78741e-05	1.9122e-05	69.192	0.00282265	-0.000113011	0.0028248	-2.286	0.00282337	-0.000150205	0.00282742	-3.042	-1.970168e-11
0.434	217			-1.15484e-07	-1.25208e-05	1.2517e-05	-90.516	3.79236e-06	1.86638e-05	1.90438e-05	78.51	0.00282313	-0.000113011	0.00282551	-2.286	0.00282432	-0.000150443	0.00282814	-3.048	-1.735626e-11
0.436	218			-2.49968e-06	-1.34074e-05	1.36346e-05	-100.548	3.06965e-06	1.79299e-05	1.81907e-05	80.286	0.00282408	-0.000113249	0.00282647	-2.292	0.00282361	-0.000150681	0.00282766	-3.054	-2.04137e-11
0.438	219			-1.60933e-06	-1.29976e-05	1.30945e-05	-97.05	2.62634e-06	1.76505e-05	1.78443e-05	81.528	0.00282384	-0.000113488	0.00282623	-2.298	0.00282337	-0.000149728	0.00282742	-3.03	-1.802636e-11
0.44	220			-7.71139e-07	-1.22637e-05	1.22861e-05	-93.594	3.77746e-06	1.68906e-05	1.73078e-05	77.388	0.00282504	-0.000113965	0.00282742	-2.304	0.00282432	-0.000149489	0.00282814	-3.024	-1.735623e-11
0.442	221			-1.27406e-06	-1.29901e-05	1.30498e-05	-95.598	3.51296e-06	1.69092e-05	1.72743e-05	78.252	0.00282384	-0.000113249	0.00282623	-2.292	0.00282265	-0.000149013	0.00282671	-3.024	-1.388e-11
0.444	222			-1.04309e-06	-1.22004e-05	1.22414e-05	-94.872	2.25754e-06	1.74866e-05	1.76356e-05	82.638	0.00282361	-0.000113011	0.00282599	-2.292	0.00282361	-0.000149013	0.00282766	-3.018	-1.471768e-11
0.446	223			-1.90736e-06	-1.25096e-05	1.26474e-05	-98.67	3.6061e-06	1.74382e-05	1.7807e-05	78.318	0.00282504	-0.000112772	0.00282718	-2.28	0.00282432	-0.000149013	0.00282814	-3.018	-1.932473e-11
0.448	224			-9.2015e-07	-1.22563e-05	1.22861e-05	-94.296	3.41983e-06	1.70396e-05	1.73823e-05	78.654	0.00282408	-0.000113726	0.00282647	-2.304	0.00282408	-0.000149251	0.00282814	-3.024	-1.844519e-11
0.45	225			-1.03564e-06	-1.24463e-05	1.24835e-05	-94.746	4.85781e-06	1.7699e-05	1.83546e-05	74.652	0.00282623	-0.000113011	0.00282861	-2.286	0.00282456	-0.000149728	0.00282861	-3.03	-1.857084e-11
0.452	226			-5.40171e-07	-1.3005e-05	1.30125e-05	-92.364	1.04011e-05	1.84329e-05	2.11672e-05	60.564	0.002831	-0.000113726	0.00283338	-2.292	0.00282432	-0.000151158	0.00282837	-3.06	-1.932477e-11
0.454	227			1.13995e-06	-1.33552e-05	1.34037e-05	-85.122	1.90028e-05	1.74233e-05	2.57829e-05	42.516	0.00283839	-0.000114203	0.00284077	-2.304	0.00282528	-0.000150681	0.00282933	-3.054	-1.526214e-11
0.456	228			9.57405e-06	-1.38432e-05	1.6831e-05	-55.326	4.44206e-05	1.67714e-05	4.74791e-05	20.688	0.00285794	-0.00011468	0.00286032	-2.298	0.00282694	-0.000150443	0.002831	-3.042	-1.710501e-11
0.458	229			2.24189e-05	-1.39922e-05	2.64236e-05	-31.962	0.000100989	1.27145e-05	0.000101787	7.176	0.00291111	-0.000118018	0.00291349	-2.322	0.00283505	-0.000151397	0.0028391	-3.054	-1.413135e-11
0.46	230			3.44405e-05	-1.54377e-05	3.77411e-05	-24.144	0.000150018	1.07587e-05	0.000150406	4.104	0.00297834	-0.000120879	0.00298096	-2.322	0.00286247	-0.000152827	0.00286652	-3.054	-2.020425e-11
0.462	231			3.82366e-05	-1.5434e-05	4.12317e-05	-21.978	0.000123658	1.17571e-05	0.000124217	5.43	0.00301243	-0.000123025	0.00301506	-2.334	0.00292136	-0.00015688	0.00292565	-3.072	-1.13671e-11
0.464	232			3.12554e-05	-1.4823e-05	3.45933e-05	-25.362	6.42245e-05	1.59518e-05	6.6184e-05	13.95	0.00301982	-0.000123979	0.00302245	-2.346	0.00298525	-0.00015998	0.00298978	-3.066	-1.635109e-11
0.466	233			2.25828e-05	-1.44803e-05	2.68259e-05	-32.664	3.15162e-05	1.73153e-05	3.59642e-05	28.788	0.00302078	-0.000123025	0.00302316	-2.328	0.00301482	-0.000161887	0.00301911	-3.072	-2.146072e-11
0.468	234			2.19309e-05	-1.4864e-05	2.64944e-05	-34.122	2.34769e-05	1.73227e-05	2.91766e-05	36.426	0.00302674	-0.000123025	0.00302912	-2.322	0.00302841	-0.000161887	0.0030327	-3.054	-1.693748e-11
0.47	235			2.07388e-05	-1.49944e-05	2.55891e-05	-35.862	2.77386e-05	1.80082e-05	3.30659e-05	33.0	0.00304677	-0.000124694	0.00304939	-2.34	0.00304295	-0.000163794	0.00304748	-3.078	-1.806826e-11
0.472	236			1.78927e-05	-1.51806e-05	2.34657e-05	-40.308	3.5994e-05	1.82391e-05	4.03526e-05	26.88	0.00308062	-0.000124932	0.00308324	-2.322	0.00306346	-0.000164748	0.00306799	-3.078	-2.116754e-11
0.474	237			1.86638e-05	-1.47746e-05	2.38047e-05	-38.358	4.86451e-05	1.76505e-05	5.1752e-05	19.944	0.00311281	-0.00012684	0.00311519	-2.328	0.00308444	-0.000166894	0.00308897	-3.096	-2.074873e-11
0.476	238			2.13088e-05	-1.54265e-05	2.63044e-05	-35.904	5.52239e-05	1.88128e-05	5.83457e-05	18.816	0.00313689	-0.000127793	0.00313951	-2.328	0.00310566	-0.000167609	0.00311019	-3.084	-1.392193e-11
0.478	239			2.25866e-05	-1.45697e-05	2.68781e-05	-32.82	5.07238e-05	1.72482e-05	5.35774e-05	18.786	0.00315477	-0.000128747	0.00315739	-2.334	0.00312831	-0.000168086	0.00313284	-3.072	-1.723064e-11
0.48	240			1.76058e-05	-1.5352e-05	2.33577e-05	-41.082	3.86166e-05	1.78666e-05	4.25505e-05	24.834	0.00316693	-0.000128985	0.00316955	-2.328	0.00314857	-0.000169755	0.0031531	-3.084	-2.074872e-11
0.482	241			1.05315e-05	-1.55197e-05	1.87532e-05	-55.836	2.24562e-05	1.89916e-05	2.94076e-05	40.218	0.00317241	-0.000128509	0.00317527	-2.316	0.00316478	-0.000170232	0.00316907	-3.078	-1.940849e-11
0.484	242			4.47783e-06	-1.36383e-05	1.43499e-05	-71.814	1.07661e-05	2.00496e-05	2.27542e-05	61.77	0.0031748	-0.000130177	0.00317742	-2.346	0.00317432	-0.000170947	0.00317909	-3.078	-2.11675e-11
0.486	243			1.93716e-07	-1.38879e-05	1.38842e-05	-89.19	3.76256e-06	2.08319e-05	2.11672e-05	79.752	0.0031748	-0.000128747	0.00317742	-2.322	0.00317575	-0.00017047	0.00318028	-3.072	-1.911532e-11
0.488	244			-1.21818e-06	-1.38693e-05	1.39177e-05	-95.016	3.33787e-06	2.10927e-05	2.13535e-05	81.006	0.00317551	-0.000129224	0.00317813	-2.328	0.00317551	-0.000170232	0.00318004	-3.066	-1.752381e-11
0.49	245			-5.40171e-07	-1.39811e-05	1.39885e-05	-92.196	4.33627e-06	2.05041e-05	2.09586e-05	78.048	0.00317647	-0.000128032	0.00317909	-2.304	0.00317575	-0.000169517	0.00318028	-3.054	-1.760755e-11
0.492	246			-8.45645e-07	-1.43462e-05	1.43685e-05	-93.366	3.13671e-06	2.00794e-05	2.03253e-05	81.114	0.00317623	-0.000127555	0.00317861	-2.298	0.00317694	-0.000169517	0.00318147	-3.054	-1.459207e-11
0.494	247			-1.29641e-06	-1.36905e-05	1.37464e-05	-95.4	3.42356e-06	1.97069e-05	2.00049e-05	80.136	0.00317527	-0.000128509	0.00317813	-2.316	0.00317623	-0.000168801	0.00318076	-3.042	-1.723061e-11
0.496	248			-1.15485e-06	-1.38879e-05	1.39326e-05	-94.746	2.48851e-06	1.93344e-05	1.94946e-05	82.662	0.00317504	-0.000127555	0.00317742	-2.298	0.00317647	-0.000168086	0.00318076	-3.03	-1.878024e-11
0.498	249			-1.28896e-06	-1.41115e-05	1.41673e-05	-95.208	3.73648e-06	1.95355e-05	1.98857e-05	79.17	0.00317647	-0.00012827	0.00317909	-2.31	0.00317623	-0.000169517	0.00318076	-3.054	-1.852897e-11
0.5	250			-2.12343e-06	-1.42009e-05	1.43536e-05	-98.508	2.3693e-06	1.93716e-05	1.95132e-05	83.028	0.00317623	-0.000129224	0.00317885	-2.328	0.00317599	-0.00016904	0.00318052	-3.048	-1.802638e-11
0.502	251			-6.18402e-07	-1.42195e-05	1.42307e-05	-92.484	3.0175e-06	1.91556e-05	1.93903e-05	81.042	0.00317575	-0.00012827	0.00317861	-2.31	0.00317694	-0.000168086	0.00318147	-3.024	-1.982736e-11
0.504	252			-1.02074e-06	-1.39475e-05	1.39811e-05	-94.182	3.09573e-06	1.98708e-05	2.01092e-05	81.144	0.00317599	-0.000128747	0.00317861	-2.322	0.00317694	-0.000169517	0.00318147	-3.054	-1.769133e-11
0.506	253			-1.16975e-06	-1.40928e-05	1.41338e-05	-94.734	2.56674e-06	1.99155e-05	2.00832e-05	82.65	0.00317575	-0.000129701	0.00317837	-2.334	0.0031767	-0.000169755	0.00318123	-3.06	-2.217269e-11
0.508	254			-1.29641e-06	-1.40146e-05	1.40705e-05	-95.274	4.64919e-06	1.93865e-05	1.99379e-05	76.512	0.00317813	-0.000128509	0.00318076	-2.31	0.00317623	-0.000169755	0.00318076	-3.06	-1.924103e-11
0.51	255			-1.00956e-06	-1.46814e-05	1.47112e-05	-93.924	9.91306e-06	1.99267e-05	2.22587e-05	63.546	0.00318314	-0.000128985	0.00318576	-2.316	0.00317575	-0.000170709	0.00318028	-3.072	-1.681178e-11
0.512	256			6.63105e-07	-1.46814e-05	1.46926e-05	-87.402	2.13349e-05	1.91928e-05	2.8696e-05	41.976	0.00319339	-0.000130177	0.00319602	-2.334	0.0031779	-0.000171185	0.00318243	-3.084	-1.915716e-11
0.514	257			8.31863e-06	-1.42642e-05	1.65106e-05	-59.742	4.10306e-05	1.87942e-05	4.51284e-05	24.612	0.00320913	-0.000130177	0.00321175	-2.322	0.0031798	-0.000170947	0.00318457	-3.072	-2.167018e-11
0.516	258			2.40171e-05	-1.57991e-05	2.87482e-05	-33.33	8.89753e-05	1.6112e-05	9.04207e-05	10.266	0.00324656	-0.0001328	0.00324918	-2.34	0.00318576	-0.000171424	0.00319029	-3.078	-1.769131e-11
0.518	259			4.56648e-05	-1.72743e-05	4.88239e-05	-20.718	0.000161768	1.23308e-05	0.000162237	4.362	0.00331594	-0.000135661	0.00331856	-2.34	0.00320078	-0.000172616	0.00320531	-3.084	-2.162824e-11
0.52	260			5.80403e-05	-1.73153e-05	6.0566e-05	-16.608	0.000189961	1.09673e-05	0.000190259	3.312	0.00336839	-0.000138999	0.00337125	-2.358	0.00323559	-0.000174523	0.00324036	-3.084	-2.146073e-11
0.522	261			5.26945e-05	-1.78294e-05	5.563e-05	-18.69	0.000136913	1.48118e-05	0.000137717	6.18	0.00338842	-0.000138999	0.00339128	-2.346	0.0033014	-0.00017953	0.0033064	-3.108	-1.886405e-11
0.524	262			3.26897e-05	-1.75015e-05	3.70818e-05	-28.158	7.14068e-05	1.88352e-05	7.38506e-05	14.784	0.00339557	-0.000139237	0.00339843	-2.346	0.00335623	-0.000182153	0.00336124	-3.102	-1.760754e-11
0.526	263			1.54824e-05	-1.69278e-05	2.29405e-05	-47.544	3.60163e-05	1.97144e-05	4.10604e-05	28.698	0.00339629	-0.000138999	0.00339891	-2.34	0.00338079	-0.000183345	0.00338556	-3.102	-1.727249e-11
0.528	264			7.38728e-06	-1.65851e-05	1.81535e-05	-65.982	1.94238e-05	2.03998e-05	2.81708e-05	46.41	0.00339724	-0.000138761	0.0034001	-2.334	0.00338985	-0.000183345	0.00339486	-3.096	-1.873837e-11
0.53	265			6.20636e-06	-1.57097e-05	1.68869e-05	-68.436	1.13324e-05	2.05041e-05	2.34322e-05	61.074	0.00339819	-0.000139714	0.00340106	-2.352	0.003397	-0.000183345	0.00340201	-3.084	-2.05393e-11
0.532	266			7.45806e-06	-1.60896e-05	1.77325e-05	-65.118	7.45806e-06	2.23519e-05	2.35663e-05	71.55	0.00340654	-0.000139476	0.0034094	-2.34	0.0034094	-0.000185729	0.00341441	-3.114	-1.945038e-11
0.534	267			1.54973e-05	-1.63392e-05	2.25158e-05	-46.506	6.13931e-06	2.1957e-05	2.27989e-05	74.382	0.0034299	-0.000140906	0.00343277	-2.352	0.00343968	-0.000186683	0.00344469	-3.108	-1.852895e-11
0.536	268			2.59803e-05	-1.69874e-05	3.10394e-05	-33.174	8.50862e-06	2.11374e-05	2.2784e-05	68.064	0.00346638	-0.000144006	0.00346924	-2.376	0.00348355	-0.000189544	0.00348856	-3.114	-1.601608e-11
0.538	269			2.98136e-05	-1.77139e-05	3.46752e-05	-30.714	1.48565e-05	2.23891e-05	2.68669e-05	56.43	0.00350739	-0.000144721	0.00351049	-2.364	0.00352313	-0.000192166	0.00352837	-3.12	-1.32937e-11
0.54	270			2.75971e-05	-1.88911e-05	3.34422e-05	-34.386	1.98708e-05	2.09586e-05	2.88786e-05	46.536	0.00354315	-0.000146628	0.00354625	-2.364	0.00355293	-0.000193835	0.00355817	-3.12	-1.710496e-11
0.542	271			1.99788e-05	-1.74196e-05	2.65056e-05	-41.082	2.58462e-05	2.17707e-05	3.37961e-05	40.104	0.00357319	-0.000147344	0.00357606	-2.358	0.00357105	-0.000195027	0.00357653	-3.12	-1.718876e-11
0.544	272			1.25506e-05	-1.71551e-05	2.12529e-05	-53.802	2.69787e-05	2.13907e-05	3.44368e-05	38.406	0.00359751	-0.000149013	0.00360061	-2.37	0.00358988	-0.000195743	0.00359513	-3.12	-2.15026e-11
0.546	273			1.00323e-05	-1.61828e-05	1.90363e-05	-58.2	2.53544e-05	2.19719e-05	3.35502e-05	40.908	0.00361444	-0.000150205	0.00361778	-2.376	0.0036018	-0.000195504	0.00360705	-3.108	-1.932468e-11
0.548	274			6.98122e-06	-1.67267e-05	1.81237e-05	-67.338	1.94685e-05	2.23742e-05	2.96609e-05	48.972	0.00362326	-0.000150205	0.00362636	-2.37	0.00361468	-0.000197173	0.00361992	-3.12	-1.919909e-11
0.55	275			3.55022e-06	-1.71663e-05	1.75276e-05	-78.306	1.29268e-05	2.40059e-05	2.72692e-05	61.692	0.0036266	-0.000149013	0.00362946	-2.352	0.00362279	-0.000198127	0.00362827	-3.126	-2.510446e-11
0.552	276			1.83658e-06	-1.64659e-05	1.65628e-05	-83.622	8.63528e-06	2.31044e-05	2.46615e-05	69.498	0.00362827	-0.000150205	0.00363161	-2.37	0.00362684	-0.000196696	0.00363208	-3.102	-2.12932e-11
0.554	277			-6.25852e-07	-1.5773e-05	1.57842e-05	-92.262	4.87271e-06	2.34322e-05	2.39388e-05	78.24	0.00362827	-0.000149251	0.00363113	-2.352	0.00362922	-0.000196458	0.00363447	-3.096	-1.65605e-11
0.556	278			-2.01167e-06	-1.51918e-05	1.53222e-05	-97.536	3.6657e-06	2.34322e-05	2.37153e-05	81.108	0.00362755	-0.000149251	0.00363065	-2.352	0.00362875	-0.000196696	0.00363399	-3.102	-1.915717e-11
0.558	279			-2.03402e-06	-1.60375e-05	1.61642e-05	-97.224	3.36768e-06	2.21134e-05	2.23668e-05	81.33	0.00362779	-0.000150205	0.00363089	-2.37	0.00362898	-0.000196696	0.00363423	-3.102	-2.28847e-11
0.56	280			-7.30161e-07	-1.56054e-05	1.56165e-05	-92.676	3.78491e-06	2.34024e-05	2.37079e-05	80.808	0.00362755	-0.000149728	0.00363065	-2.364	0.00362875	-0.000195504	0.00363423	-3.084	-1.64349e-11
0.562	281			-8.90348e-07	-1.63802e-05	1.64026e-05	-93.108	4.26921e-06	2.23146e-05	2.27244e-05	79.164	0.00362875	-0.000149013	0.00363185	-2.346	0.00362922	-0.000195027	0.00363423	-3.072	-1.727248e-11
0.564	282			-1.29268e-06	-1.62796e-05	1.63243e-05	-94.53	3.77746e-06	2.20836e-05	2.2404e-05	80.286	0.00362755	-0.000149013	0.00363065	-2.352	0.00362898	-0.000195266	0.00363423	-3.078	-1.84033e-11
0.566	283			-1.27033e-06	-1.63839e-05	1.64324e-05	-94.434	3.44963e-06	2.26201e-05	2.28808e-05	81.324	0.00362827	-0.000149013	0.00363137	-2.346	0.00362994	-0.000195504	0.00363542	-3.078	-1.702121e-11
0.568	284			-1.39699e-06	-1.52365e-05	1.52962e-05	-95.226	3.53904e-06	2.1875e-05	2.21656e-05	80.808	0.00362875	-0.000150681	0.00363208	-2.376	0.00362922	-0.000195027	0.00363447	-3.078	-1.882212e-11
0.57	285			-1.73972e-06	-1.56724e-05	1.57655e-05	-96.324	3.27827e-06	2.22252e-05	2.24711e-05	81.606	0.00362827	-0.000148059	0.00363137	-2.334	0.00363041	-0.000195027	0.00363542	-3.072	-1.656049e-11
0.572	286			-9.90934e-07	-1.51769e-05	1.52067e-05	-93.732	2.31715e-06	2.26126e-05	2.27318e-05	84.144	0.00362732	-0.000149251	0.00363041	-2.352	0.00362994	-0.000194789	0.00363518	-3.072	-2.16701e-11
0.574	287			-9.31326e-07	-1.57022e-05	1.57246e-05	-93.39	3.36023e-06	2.22476e-05	2.25009e-05	81.396	0.00362779	-0.000148536	0.00363089	-2.34	0.00362922	-0.000195027	0.00363447	-3.072	-1.836141e-11
0.576	288			-1.68384e-06	-1.56501e-05	1.57357e-05	-96.138	3.32297e-06	2.15099e-05	2.17633e-05	81.21	0.00362827	-0.000149251	0.00363137	-2.352	0.0036297	-0.00019455	0.00363494	-3.066	-1.940853e-11
0.578	289			-2.16441e-06	-1.68012e-05	1.6939e-05	-97.338	2.98025e-06	2.22848e-05	2.24785e-05	82.368	0.00362803	-0.000148297	0.00363089	-2.34	0.00362994	-0.000195027	0.00363494	-3.072	-1.995296e-11
0.58	290			-5.06643e-07	-1.63951e-05	1.63988e-05	-91.758	4.25431e-06	2.16366e-05	2.20464e-05	78.864	0.00362898	-0.000149013	0.00363208	-2.352	0.00363018	-0.000194789	0.00363542	-3.072	-2.288471e-11
0.582	291			-1.59443e-06	-1.60189e-05	1.60934e-05	-95.682	4.7684e-06	2.28734e-05	2.33651e-05	78.216	0.00362994	-0.000148774	0.00363304	-2.346	0.0036297	-0.000195743	0.00363494	-3.084	-1.798449e-11
0.584	292			-4.91742e-07	-1.64137e-05	1.64175e-05	-91.71	6.16166e-06	2.28212e-05	2.36408e-05	74.88	0.00363232	-0.000148297	0.00363542	-2.334	0.00363137	-0.000196696	0.00363661	-3.102	-2.079065e-11
0.586	293			-1.4864e-06	-1.5881e-05	1.59481e-05	-95.34	1.2517e-05	2.37079e-05	2.68073e-05	62.166	0.00363971	-0.000149728	0.00364257	-2.352	0.00363161	-0.000196696	0.00363709	-3.102	-2.192142e-11
0.588	294			2.29479e-06	-1.66298e-05	1.67825e-05	-82.134	2.86252e-05	2.17782e-05	3.59716e-05	37.266	0.00365759	-0.000150681	0.00366093	-2.358	0.00363638	-0.000197888	0.00364186	-3.114	-1.848713e-11
0.59	295			9.32073e-06	-1.70061e-05	1.93903e-05	-61.266	5.57976e-05	2.1346e-05	5.9739e-05	20.94	0.00368334	-0.000151874	0.00368644	-2.358	0.00364186	-0.000198365	0.0036471	-3.114	-2.506257e-11
0.592	296			2.18825e-05	-1.75537e-05	2.80553e-05	-38.73	9.74839e-05	1.9394e-05	9.93987e-05	11.256	0.00372292	-0.000154258	0.00372602	-2.37	0.0036514	-0.000199557	0.00365688	-3.126	-1.538778e-11
0.594	297			4.49272e-05	-1.91332e-05	4.88313e-05	-23.064	0.000161649	1.70917e-05	0.00016255	6.036	0.00378443	-0.00015688	0.00378753	-2.37	0.00367118	-0.000200511	0.00367667	-3.126	-1.580662e-11
0.596	298			6.38072e-05	-1.97367e-05	6.67912e-05	-17.184	0.000204862	1.41562e-05	0.000205369	3.96	0.00384976	-0.000160695	0.00385286	-2.388	0.00370838	-0.000202418	0.00371386	-3.12	-1.764941e-11
0.598	299			6.56475e-05	-2.07425e-05	6.88438e-05	-17.532	0.000176699	1.66298e-05	0.000177504	5.382	0.00388624	-0.000162364	0.00388958	-2.394	0.00377251	-0.000207664	0.00377823	-3.15	-1.794263e-11
0.6	300			4.82502e-05	-1.8757e-05	5.17669e-05	-21.24	0.00010404	2.0981e-05	0.000106156	11.4	0.00390102	-0.000163079	0.00390436	-2.394	0.00384261	-0.000210525	0.00384857	-3.138	-1.496898e-11
0.602	301			2.6852e-05	-1.89916e-05	3.28908e-05	-35.262	4.83992e-05	2.24711e-05	5.33762e-05	24.924	0.00390388	-0.000162841	0.00390723	-2.388	0.00388648	-0.00021267	0.0038922	-3.132	-2.443435e-11
0.604	302			1.17459e-05	-1.79486e-05	2.14466e-05	-56.796	2.36706e-05	2.49074e-05	3.43623e-05	46.464	0.00390603	-0.000162841	0.00390938	-2.382	0.00389983	-0.000213386	0.00390555	-3.126	-1.861274e-11
0.606	303			3.82963e-06	-1.79039e-05	1.83062e-05	-77.922	1.24723e-05	2.45125e-05	2.75077e-05	63.036	0.00390723	-0.000162364	0.00391057	-2.376	0.00390507	-0.000213862	0.00391081	-3.132	-2.095815e-11
0.608	304			1.98187e-06	-1.74345e-05	1.75425e-05	-83.508	7.77101e-06	2.60622e-05	2.71947e-05	73.398	0.00390676	-0.000161887	0.00391009	-2.37	0.00390771	-0.000213386	0.00391343	-3.126	-2.045556e-11
0.61	305			-7.45064e-09	-1.74941e-05	1.74904e-05	-90.024	5.3421e-06	2.51309e-05	2.56897e-05	77.988	0.00390723	-0.000162841	0.00391057	-2.382	0.00390771	-0.000213386	0.00391367	-3.12	-1.995295e-11
0.612	306			-5.43896e-07	-1.74419e-05	1.74457e-05	-91.782	4.20216e-06	2.45051e-05	2.48702e-05	80.262	0.00390652	-0.000162602	0.00390986	-2.382	0.00390795	-0.000212909	0.00391391	-3.12	-1.919907e-11
0.614	307			-1.66894e-06	-1.7997e-05	1.80715e-05	-95.292	3.44218e-06	2.48851e-05	2.51235e-05	82.116	0.00390771	-0.000162126	0.00391105	-2.376	0.00390771	-0.000213386	0.00391343	-3.126	-1.082264e-11
0.616	308			-6.03501e-07	-1.77362e-05	1.77399e-05	-91.938	3.33787e-06	2.43784e-05	2.46094e-05	82.2	0.00390771	-0.000161172	0.00391105	-2.364	0.00391033	-0.00021267	0.00391605	-3.108	-1.760756e-11
0.618	309			-3.0175e-07	-1.77809e-05	1.77809e-05	-90.966	3.74766e-06	2.5414e-05	2.56897e-05	81.6	0.00391439	-0.00016141	0.00391772	-2.358	0.00391534	-0.000214339	0.00392106	-3.132	-1.878025e-11
0.62	310			4.14628e-06	-1.81423e-05	1.86042e-05	-77.124	4.80565e-06	2.61815e-05	2.6621e-05	79.596	0.00393227	-0.000164033	0.00393584	-2.388	0.00393513	-0.00021577	0.00394109	-3.138	-2.087439e-11
0.622	311			8.65763e-06	-1.87122e-05	2.06121e-05	-65.16	4.29901e-06	2.49819e-05	2.5347e-05	80.238	0.00397947	-0.000166179	0.00398305	-2.388	0.00398257	-0.000218631	0.00398853	-3.138	-1.840333e-11
0.624	312			1.47597e-05	-1.99304e-05	2.47994e-05	-53.472	6.08715e-06	2.57642e-05	2.6472e-05	76.698	0.00405791	-0.000172378	0.00406149	-2.43	0.00406268	-0.000225068	0.00406888	-3.168	-1.672803e-11
0.626	313			1.69874e-05	-1.90363e-05	2.55146e-05	-48.252	6.31067e-06	2.54364e-05	2.62113e-05	76.062	0.00412753	-0.000176669	0.00413159	-2.448	0.00413659	-0.00022936	0.00414303	-3.168	-2.137699e-11
0.628	314			1.20551e-05	-1.96324e-05	2.30336e-05	-58.44	6.53419e-06	2.54513e-05	2.62783e-05	75.588	0.00416926	-0.000178576	0.00417307	-2.454	0.00417808	-0.000232221	0.00418451	-3.18	-1.312617e-11
0.63	315			8.11747e-06	-1.91891e-05	2.08319e-05	-67.062	5.69227e-06	2.61144e-05	2.67253e-05	77.706	0.00418952	-0.000179292	0.00419357	-2.448	0.00419763	-0.000233413	0.00420406	-3.18	-2.058118e-11
0.632	316			6.41125e-06	-1.86787e-05	1.97442e-05	-71.046	6.25852e-06	2.54588e-05	2.62187e-05	76.188	0.0042012	-0.00017953	0.00420502	-2.442	0.00420788	-0.000232936	0.00421456	-3.168	-2.43087e-11
0.634	317			4.51881e-06	-1.96063e-05	2.01167e-05	-77.016	7.54002e-06	2.6621e-05	2.76716e-05	74.172	0.00421122	-0.000179053	0.00421503	-2.43	0.00421408	-0.000234128	0.00422075	-3.18	-1.873837e-11
0.636	318			2.33205e-06	-1.87868e-05	1.89283e-05	-82.92	8.8588e-06	2.56823e-05	2.71649e-05	70.968	0.00422075	-0.000179292	0.00422457	-2.43	0.00422123	-0.000233413	0.00422791	-3.162	-1.982735e-11
0.638	319			1.87755e-06	-1.82056e-05	1.82987e-05	-84.102	8.80664e-06	2.79919e-05	2.9348e-05	72.528	0.00422648	-0.000178576	0.00423029	-2.418	0.00422624	-0.000233651	0.00423291	-3.162	-2.443433e-11
0.64	320			-1.15857e-06	-1.86899e-05	1.87234e-05	-93.54	7.16749e-06	2.75747e-05	2.84986e-05	75.42	0.00422886	-0.000177384	0.00423267	-2.4	0.00422862	-0.000233174	0.00423506	-3.156	-1.62673e-11
0.642	321			1.49013e-07	-1.86228e-05	1.86191e-05	-89.538	6.0797e-06	2.76716e-05	2.83272e-05	77.61	0.00423053	-0.000177623	0.00423411	-2.4	0.00423053	-0.000232936	0.00423673	-3.15	-1.882214e-11
0.644	322			-1.32994e-06	-1.86005e-05	1.86452e-05	-94.08	4.86526e-06	2.78429e-05	2.82602e-05	80.088	0.00423053	-0.000177861	0.00423434	-2.406	0.00423196	-0.000232221	0.0042384	-3.138	-1.995296e-11
0.646	323			-1.58698e-06	-1.80268e-05	1.80939e-05	-95.028	4.59704e-06	2.80143e-05	2.83868e-05	80.676	0.00423005	-0.000177623	0.00423387	-2.4	0.00423124	-0.000233174	0.00423744	-3.15	-1.865461e-11
0.648	324			-1.95579e-06	-1.89916e-05	1.90885e-05	-95.874	3.6955e-06	2.66732e-05	2.69265e-05	82.104	0.00423124	-0.000177623	0.00423506	-2.4	0.00423148	-0.000232221	0.00423792	-3.138	-1.735626e-11
0.65	325			-1.73227e-06	-1.8444e-05	1.85223e-05	-95.358	5.88599e-06	2.65614e-05	2.72096e-05	77.49	0.00423101	-0.000177861	0.00423458	-2.406	0.00423196	-0.000231744	0.0042384	-3.132	-1.919907e-11
0.652	326			-2.91319e-06	-1.80827e-05	1.83136e-05	-99.144	3.82218e-06	2.6323e-05	2.65987e-05	81.732	0.00423077	-0.000177384	0.00423458	-2.4	0.00423172	-0.000231267	0.00423816	-3.126	-2.129323e-11
0.654	327			-2.30969e-06	-1.81795e-05	1.83248e-05	-97.23	3.53904e-06	2.6405e-05	2.66359e-05	82.362	0.00423124	-0.000176669	0.00423506	-2.388	0.00423267	-0.000230552	0.00423887	-3.114	-1.723061e-11
0.656	328			-1.4566e-06	-1.7386e-05	1.74457e-05	-94.776	4.01589e-06	2.52427e-05	2.55631e-05	80.952	0.00423005	-0.000177623	0.00423363	-2.4	0.00423291	-0.00023079	0.00423935	-3.12	-1.898964e-11
0.658	329			-1.28896e-06	-1.85111e-05	1.85521e-05	-93.978	3.94884e-06	2.69414e-05	2.7232e-05	81.654	0.00423029	-0.000176669	0.00423387	-2.388	0.0042322	-0.000231029	0.00423864	-3.12	-1.438262e-11
0.66	330			-1.207e-06	-1.94312e-05	1.94648e-05	-93.552	4.11275e-06	2.59281e-05	2.6256e-05	80.97	0.00423005	-0.000176669	0.00423387	-2.388	0.00423339	-0.000230313	0.00423983	-3.114	-1.852895e-11
0.662	331			-2.05637e-06	-1.79262e-05	1.80417e-05	-96.534	3.98609e-06	2.64124e-05	2.67179e-05	81.402	0.00423029	-0.000176669	0.00423387	-2.388	0.00423244	-0.000230075	0.00423864	-3.108	-1.714684e-11
0.664	332			-1.74344e-06	-1.79895e-05	1.80678e-05	-95.526	3.94139e-06	2.65391e-05	2.68371e-05	81.546	0.00423077	-0.000176431	0.00423458	-2.388	0.00423315	-0.000231029	0.00423935	-3.12	-1.894778e-11
0.666	333			-8.86623e-07	-1.76654e-05	1.76841e-05	-92.862	3.49434e-06	2.65316e-05	2.67552e-05	82.482	0.00423148	-0.000177384	0.00423506	-2.4	0.00423291	-0.00023079	0.00423935	-3.12	-1.672804e-11
0.668	334			-1.44169e-06	-1.82093e-05	1.82652e-05	-94.518	3.18886e-06	2.57866e-05	2.59877e-05	82.944	0.00423172	-0.000176908	0.00423554	-2.394	0.00423244	-0.000230313	0.00423887	-3.114	-1.811013e-11
0.67	335			-2.18676e-06	-1.80044e-05	1.81348e-05	-96.924	2.73438e-06	2.6025e-05	2.61666e-05	83.988	0.00423053	-0.000176908	0.00423434	-2.394	0.00423291	-0.000230313	0.00423935	-3.114	-1.739816e-11
0.672	336			-2.13461e-06	-1.85297e-05	1.86489e-05	-96.57	3.94139e-06	2.53097e-05	2.56152e-05	81.138	0.00423029	-0.000177384	0.00423387	-2.4	0.00423196	-0.000230552	0.0042384	-3.114	-1.186968e-11
0.674	337			-1.49012e-06	-1.78517e-05	1.79113e-05	-94.758	3.56884e-06	2.54364e-05	2.56823e-05	82.008	0.00423005	-0.000176192	0.00423387	-2.382	0.00423387	-0.00022936	0.00424007	-3.102	-1.811015e-11
0.676	338			-1.26288e-06	-1.93046e-05	1.93418e-05	-93.738	3.59119e-06	2.58015e-05	2.60473e-05	82.074	0.00423005	-0.000175715	0.00423387	-2.376	0.00423315	-0.00023079	0.00423935	-3.12	-2.041366e-11
0.678	339			-1.28896e-06	-2.0031e-05	2.00683e-05	-93.678	4.11275e-06	2.64497e-05	2.67701e-05	81.162	0.00423101	-0.000175715	0.00423458	-2.376	0.00423315	-0.000231267	0.00423935	-3.126	-1.995295e-11
0.68	340			-1.63168e-06	-1.91109e-05	1.91779e-05	-94.878	5.01427e-06	2.58164e-05	2.63007e-05	78.996	0.00423124	-0.000176192	0.00423482	-2.382	0.0042322	-0.000231029	0.00423864	-3.126	-2.192145e-11
0.682	341			-2.0601e-06	-1.97628e-05	1.98671e-05	-95.952	4.36607e-06	2.72469e-05	2.75971e-05	80.886	0.00423196	-0.000175477	0.00423554	-2.37	0.00423244	-0.000231744	0.00423887	-3.132	-1.781698e-11
0.684	342			-1.34484e-06	-2.03551e-05	2.03924e-05	-93.774	6.16911e-06	2.70457e-05	2.77386e-05	77.148	0.00423434	-0.000176431	0.00423792	-2.382	0.00423411	-0.000232221	0.00424054	-3.138	-1.542968e-11
0.686	343			-9.16425e-07	-1.98261e-05	1.9841e-05	-92.64	1.01925e-05	2.69936e-05	2.88562e-05	69.306	0.00424102	-0.000176669	0.0042446	-2.382	0.00423673	-0.000232221	0.00424317	-3.132	-1.957601e-11
0.688	344			2.15323e-06	-1.98298e-05	1.99453e-05	-83.802	1.81646e-05	2.70457e-05	3.25816e-05	56.118	0.00425771	-0.0001781	0.00426152	-2.394	0.0042477	-0.000233413	0.00425413	-3.144	-1.886399e-11
0.69	345			8.06531e-06	-1.98559e-05	2.1428e-05	-67.89	3.81472e-05	2.65987e-05	4.65068e-05	34.884	0.00429085	-0.000180007	0.0042949	-2.4	0.00426462	-0.000236035	0.00427106	-3.168	-1.970167e-11
0.692	346			1.65218e-05	-2.00794e-05	2.59989e-05	-50.544	6.94771e-05	2.47733e-05	7.37687e-05	19.626	0.00433877	-0.00018263	0.00434259	-2.406	0.00429013	-0.000237227	0.00429657	-3.162	-2.238218e-11
0.694	347			2.71575e-05	-2.16478e-05	3.47274e-05	-38.556	0.000100747	2.32161e-05	0.000103385	12.978	0.00438812	-0.000184775	0.00439194	-2.412	0.00431779	-0.00023985	0.00432447	-3.174	-1.630926e-11
0.696	348			4.23866e-05	-2.24673e-05	4.79745e-05	-27.924	0.000144021	2.1957e-05	0.00014569	8.67	0.0044525	-0.000188352	0.00445655	-2.418	0.00435308	-0.000241519	0.00435951	-3.174	-2.146072e-11
0.698	349			5.72095e-05	-2.40841e-05	6.20713e-05	-22.83	0.000185215	1.90587e-05	0.000186198	5.874	0.00451902	-0.000193597	0.00452283	-2.448	0.00439575	-0.000245335	0.00440267	-3.192	-2.200522e-11
0.7	350			6.60275e-05	-2.43337e-05	7.03637e-05	-20.232	0.000193776	1.88948e-05	0.0001947	5.574	0.00457004	-0.000195027	0.00457385	-2.436	0.00444368	-0.000247719	0.00445035	-3.186	-1.760757e-11
0.702	351			6.08938e-05	-2.2486e-05	6.49136e-05	-20.262	0.000148178	2.1875e-05	0.000149787	8.406	0.00459817	-0.000197412	0.00460246	-2.454	0.0045214	-0.000250341	0.00452808	-3.168	-2.288474e-11
0.704	352			4.06282e-05	-2.25344e-05	4.64546e-05	-29.01	8.74703e-05	2.48851e-05	9.09572e-05	15.888	0.00460628	-0.000196458	0.00461105	-2.442	0.00456145	-0.000253679	0.00456861	-3.18	-1.794262e-11
0.706	353			2.16254e-05	-2.11188e-05	3.02234e-05	-44.316	4.18129e-05	2.9117e-05	5.09622e-05	34.854	0.00461152	-0.000196458	0.00461534	-2.43	0.00459531	-0.000255587	0.00460246	-3.18	-1.878026e-11
0.708	354			8.80292e-06	-2.09027e-05	2.2676e-05	-67.164	1.96771e-05	3.06445e-05	3.64112e-05	57.294	0.00461248	-0.000196458	0.00461629	-2.43	0.00460961	-0.000257017	0.00461629	-3.192	-2.246593e-11
0.71	355			2.4289e-06	-2.05265e-05	2.0668e-05	-83.25	1.13473e-05	2.96087e-05	3.17099e-05	69.024	0.00461343	-0.000195981	0.00461772	-2.43	0.00461438	-0.000256063	0.00462106	-3.174	-2.167013e-11
0.712	356			-2.49596e-07	-2.06941e-05	2.06904e-05	-90.684	5.357e-06	3.03016e-05	3.07786e-05	79.968	0.00461343	-0.000195981	0.00461772	-2.43	0.00461677	-0.00025654	0.00462392	-3.18	-2.179577e-11
0.714	357			-1.50502e-06	-2.0791e-05	2.08394e-05	-94.134	4.31392e-06	2.98918e-05	3.02048e-05	81.78	0.00461295	-0.000195027	0.00461677	-2.418	0.00461677	-0.000255587	0.00462392	-3.168	-2.020427e-11
0.716	358			-2.17186e-06	-2.09698e-05	2.10815e-05	-95.91	4.82055e-06	3.02048e-05	3.05849e-05	80.922	0.00461438	-0.000196458	0.00461867	-2.436	0.00461581	-0.000257017	0.00462297	-3.18	-2.372235e-11
0.718	359			-8.41919e-07	-1.98485e-05	1.98596e-05	-92.424	4.06805e-06	2.96609e-05	2.9944e-05	82.182	0.00461343	-0.000195981	0.00461772	-2.43	0.00461581	-0.00025654	0.00462297	-3.18	-1.693743e-11
0.72	360			-1.74344e-06	-1.98857e-05	1.99565e-05	-95.01	4.8131e-06	2.98173e-05	3.02048e-05	80.82	0.00461486	-0.000195504	0.00461867	-2.424	0.00461724	-0.000255587	0.00462392	-3.168	-2.053933e-11
0.722	361			-2.04892e-06	-2.02806e-05	2.03812e-05	-95.76	3.94884e-06	2.90797e-05	2.9348e-05	82.26	0.00461391	-0.000195981	0.00461772	-2.43	0.00461629	-0.000256063	0.00462297	-3.168	-1.538781e-11
0.724	362			-2.3693e-06	-2.03477e-05	2.04818e-05	-96.636	4.99937e-06	2.80143e-05	2.84613e-05	79.872	0.00461534	-0.000195027	0.00461915	-2.418	0.00461581	-0.000253679	0.00462297	-3.144	-1.777508e-11
0.726	363			-1.98932e-06	-2.05712e-05	2.06643e-05	-95.514	4.1798e-06	2.81186e-05	2.84315e-05	81.534	0.00461391	-0.000195504	0.00461772	-2.424	0.00461629	-0.000254633	0.00462297	-3.156	-1.961791e-11
0.728	364			-1.76207e-06	-2.01912e-05	2.02657e-05	-94.98	4.08295e-06	2.80814e-05	2.83719e-05	81.72	0.00461391	-0.000195981	0.00461772	-2.43	0.00461629	-0.000254633	0.00462344	-3.156	-1.819392e-11
0.73	365			-1.8403e-06	-2.07761e-05	2.08543e-05	-95.052	4.85781e-06	2.90648e-05	2.94746e-05	80.508	0.00461486	-0.000195027	0.00461867	-2.418	0.00461677	-0.000254633	0.00462392	-3.156	-1.555533e-11
0.732	366			-1.55345e-06	-2.09474e-05	2.09996e-05	-94.242	4.74605e-06	2.88041e-05	2.91915e-05	80.646	0.00461438	-0.000194074	0.0046182	-2.4	0.00461581	-0.000254156	0.00462297	-3.15	-1.639296e-11
0.734	367			-2.07873e-06	-2.13758e-05	2.14727e-05	-95.55	4.50763e-06	3.02271e-05	3.05625e-05	81.51	0.00461438	-0.000194074	0.0046182	-2.406	0.00461629	-0.00025511	0.00462297	-3.156	-2.037177e-11
0.736	368			-1.29641e-06	-2.19309e-05	2.19644e-05	-93.378	4.87271e-06	2.9862e-05	3.02569e-05	80.718	0.00461534	-0.000194074	0.00461915	-2.4	0.00461772	-0.000256063	0.0046244	-3.168	-2.04974e-11
0.738	369			-1.39699e-06	-2.18154e-05	2.18527e-05	-93.654	5.63267e-06	2.9944e-05	3.04655e-05	79.332	0.0046182	-0.000194074	0.00462201	-2.4	0.00461867	-0.000255587	0.00462583	-3.162	-1.622542e-11
0.74	370			-1.05054e-06	-2.17744e-05	2.17968e-05	-92.76	5.92324e-06	2.9713e-05	3.03016e-05	78.738	0.00462392	-0.000194074	0.00462821	-2.4	0.0046244	-0.000256063	0.00463155	-3.162	-1.915718e-11
0.742	371			-1.72109e-06	-2.18564e-05	2.19197e-05	-94.5	6.24362e-06	2.99813e-05	3.06296e-05	78.234	0.00465062	-0.000196458	0.00465444	-2.418	0.00464633	-0.000257017	0.00465301	-3.162	-1.815204e-11
0.744	372			-2.943e-07	-2.13684e-05	2.13684e-05	-90.786	6.70555e-06	3.09499e-05	3.16652e-05	77.772	0.00472501	-0.000200749	0.0047293	-2.43	0.00471261	-0.000262739	0.00471976	-3.192	-2.049744e-11
0.746	373			-6.10951e-07	-2.2486e-05	2.2486e-05	-91.554	6.83966e-06	3.05923e-05	3.13448e-05	77.388	0.00483087	-0.000207425	0.00483516	-2.454	0.00481895	-0.000270369	0.00482658	-3.204	-1.643488e-11
0.748	374			1.37464e-06	-2.27244e-05	2.27616e-05	-86.532	6.56399e-06	3.11511e-05	3.18366e-05	78.096	0.00492814	-0.000215054	0.00493291	-2.496	0.00491861	-0.000277998	0.00492671	-3.234	-1.94085e-11
0.75	375			7.00358e-07	-2.21954e-05	2.21991e-05	-88.188	6.78006e-06	3.20973e-05	3.28051e-05	78.06	0.00499824	-0.000217916	0.00500301	-2.496	0.00499395	-0.000282766	0.00500157	-3.24	-1.785885e-11
0.752	376			1.21818e-06	-2.26871e-05	2.27169e-05	-86.922	5.48366e-06	3.17099e-05	3.21793e-05	80.184	0.00503352	-0.000220777	0.00503829	-2.508	0.00503591	-0.000286104	0.00504401	-3.252	-1.907342e-11
0.754	377			1.08034e-07	-2.21842e-05	2.21805e-05	-89.718	3.82963e-06	3.22761e-05	3.24997e-05	83.226	0.00505164	-0.000222684	0.00505641	-2.52	0.00505546	-0.000287058	0.00506356	-3.252	-1.413134e-11
0.756	378			-9.2015e-07	-2.15658e-05	2.15807e-05	-92.436	4.90996e-06	3.25444e-05	3.29094e-05	81.414	0.00506166	-0.000222684	0.00506642	-2.514	0.00506547	-0.000287535	0.00507358	-3.246	-2.321981e-11
0.758	379			-7.97216e-07	-2.23817e-05	2.23891e-05	-92.04	4.0755e-06	3.06296e-05	3.09052e-05	82.41	0.00506642	-0.000222684	0.00507167	-2.514	0.00507072	-0.000288012	0.00507882	-3.246	-1.718872e-11
0.76	380			-7.74864e-07	-2.16925e-05	2.16999e-05	-92.04	4.30646e-06	3.17025e-05	3.1993e-05	82.266	0.00506976	-0.000222684	0.00507501	-2.514	0.00507358	-0.000287535	0.00508168	-3.24	-1.459205e-11
0.762	381			-1.89245e-06	-2.22177e-05	2.22923e-05	-94.866	5.00682e-06	3.18887e-05	3.22836e-05	81.066	0.00507215	-0.00022173	0.00507692	-2.502	0.00507405	-0.000286581	0.00508216	-3.228	-1.706313e-11
0.764	382			-9.42502e-07	-2.10368e-05	2.10555e-05	-92.556	5.18563e-06	3.32447e-05	3.36396e-05	81.132	0.00507167	-0.000220777	0.00507644	-2.49	0.00507548	-0.000286581	0.00508359	-3.228	-1.844523e-11
0.766	383			-1.11014e-06	-2.23928e-05	2.24189e-05	-92.838	4.96212e-06	3.29169e-05	3.32894e-05	81.42	0.00507262	-0.000218869	0.00507692	-2.466	0.00507501	-0.00028515	0.00508264	-3.216	-2.167014e-11
0.768	384			-2.82006e-06	-2.18303e-05	2.20091e-05	-97.35	6.43733e-06	3.19409e-05	3.25816e-05	78.6	0.00507358	-0.000218392	0.00507835	-2.466	0.00507501	-0.00028372	0.00508264	-3.198	-2.116754e-11
0.77	385			-1.37091e-06	-2.24338e-05	2.24748e-05	-93.492	5.05152e-06	3.32671e-05	3.36471e-05	81.366	0.00507262	-0.000217439	0.00507739	-2.454	0.00507501	-0.000284197	0.00508311	-3.204	-1.769135e-11
0.772	386			-2.66732e-06	-2.1957e-05	2.21134e-05	-96.924	5.09623e-06	3.27604e-05	3.31553e-05	81.156	0.00507405	-0.000217916	0.00507882	-2.454	0.00507596	-0.000282766	0.00508407	-3.186	-1.932473e-11
0.774	387			-1.8403e-06	-2.17931e-05	2.18676e-05	-94.818	5.4464e-06	3.22314e-05	3.26934e-05	80.4	0.00507358	-0.000217916	0.00507835	-2.454	0.00507596	-0.000282289	0.00508359	-3.18	-1.781698e-11
0.776	388			-2.12716e-06	-2.18452e-05	2.19458e-05	-95.562	3.48689e-06	3.09648e-05	3.11586e-05	83.562	0.00507262	-0.000218392	0.00507739	-2.46	0.00507644	-0.000281813	0.00508407	-3.174	-1.915721e-11
0.778	389			-1.71364e-06	-2.18378e-05	2.19011e-05	-94.476	4.12765e-06	3.14193e-05	3.1695e-05	82.494	0.00507358	-0.000217916	0.00507835	-2.454	0.00507692	-0.000282766	0.00508502	-3.18	-1.98692e-11
0.78	390			-1.24798e-06	-2.20762e-05	2.2106e-05	-93.234	5.37935e-06	3.03016e-05	3.07786e-05	79.932	0.00507358	-0.000217439	0.00507835	-2.454	0.00507739	-0.000281336	0.00508502	-3.174	-1.777508e-11
0.782	391			-1.85148e-06	-2.12864e-05	2.13647e-05	-94.968	3.44963e-06	3.03165e-05	3.05102e-05	83.502	0.0050731	-0.000218392	0.00507787	-2.46	0.00507739	-0.000280859	0.00508502	-3.162	-2.049743e-11
0.784	392			-1.58326e-06	-2.23966e-05	2.24524e-05	-94.032	4.37352e-06	3.08009e-05	3.11064e-05	81.906	0.00507453	-0.000217916	0.0050793	-2.454	0.00507739	-0.000281336	0.00508502	-3.174	-1.940851e-11
0.786	393			-1.89618e-06	-2.19197e-05	2.1998e-05	-94.938	4.63429e-06	3.22612e-05	3.25965e-05	81.816	0.00507405	-0.000216962	0.00507882	-2.442	0.00507692	-0.000282289	0.00508454	-3.18	-1.940851e-11
0.788	394			-2.0601e-06	-2.14727e-05	2.15621e-05	-95.472	3.34533e-06	3.13672e-05	3.1546e-05	83.91	0.00507358	-0.000218392	0.00507835	-2.46	0.00507787	-0.000281336	0.0050855	-3.168	-1.467582e-11
0.79	395			-2.09735e-06	-2.11486e-05	2.12454e-05	-95.664	4.38097e-06	3.15832e-05	3.18813e-05	82.092	0.00507405	-0.000218392	0.00507882	-2.46	0.00507739	-0.000282289	0.00508502	-3.18	-1.898971e-11
0.792	396			-2.18303e-06	-2.23258e-05	2.24264e-05	-95.574	2.9728e-06	3.18217e-05	3.19632e-05	84.648	0.00507358	-0.000217439	0.00507835	-2.448	0.00507787	-0.000281336	0.0050855	-3.168	-2.305223e-11
0.794	397			-2.77536e-06	-2.12976e-05	2.14727e-05	-97.422	4.20961e-06	3.03538e-05	3.06519e-05	82.098	0.00507405	-0.000217439	0.00507882	-2.454	0.00507692	-0.000281813	0.00508454	-3.174	-1.790072e-11
0.796	398			-1.90363e-06	-2.15025e-05	2.15807e-05	-95.052	3.96374e-06	3.17993e-05	3.20452e-05	82.89	0.00507358	-0.000217916	0.00507835	-2.454	0.00507787	-0.000281813	0.0050855	-3.174	-1.45083e-11
0.798	399			-1.59071e-06	-2.17931e-05	2.18489e-05	-94.17	3.98609e-06	3.07115e-05	3.09648e-05	82.602	0.0050731	-0.000217916	0.00507787	-2.454	0.00507692	-0.000281336	0.00508454	-3.174	-1.94085e-11
0.8	400			-2.42518e-06	-2.13907e-05	2.15248e-05	-96.462	4.26921e-06	3.14119e-05	3.1695e-05	82.254	0.00507453	-0.000217439	0.0050793	-2.454	0.00507692	-0.000281813	0.00508502	-3.174	-1.878025e-11
0.802	401			-1.97069e-06	-2.19011e-05	2.19868e-05	-95.142	4.43312e-06	3.09127e-05	3.12256e-05	81.84	0.00507405	-0.000216962	0.00507882	-2.442	0.00507739	-0.000280859	0.00508502	-3.162	-1.882212e-11
0.804	402			-2.1197e-06	-2.26462e-05	2.27393e-05	-95.34	5.09623e-06	3.10245e-05	3.14342e-05	80.664	0.00507405	-0.000217439	0.00507882	-2.454	0.00507692	-0.000281336	0.00508502	-3.174	-1.924101e-11
0.806	403			-2.19421e-06	-2.20054e-05	2.21097e-05	-95.694	4.51508e-06	3.05402e-05	3.08754e-05	81.582	0.00507405	-0.000217916	0.00507882	-2.454	0.00507692	-0.000281336	0.00508502	-3.168	-1.89897e-11
0.808	404			-2.30969e-06	-2.23593e-05	2.24748e-05	-95.892	4.65664e-06	3.0026e-05	3.0391e-05	81.18	0.00507358	-0.000217439	0.00507835	-2.454	0.00507739	-0.000282289	0.00508502	-3.18	-2.129318e-11
0.81	405			-1.58326e-06	-2.26685e-05	2.27207e-05	-93.984	4.18726e-06	3.13746e-05	3.16577e-05	82.386	0.0050731	-0.000217439	0.00507787	-2.448	0.00507692	-0.000282289	0.00508502	-3.18	-1.790073e-11
0.812	406			-2.6785e-06	-2.21842e-05	2.23407e-05	-96.882	4.11275e-06	3.16428e-05	3.19111e-05	82.584	0.00507358	-0.000217916	0.00507835	-2.454	0.00507739	-0.000281813	0.00508502	-3.174	-1.84871e-11
0.814	407			-2.10853e-06	-2.2974e-05	2.30671e-05	-95.238	3.85943e-06	3.20452e-05	3.22836e-05	83.136	0.00507501	-0.000216485	0.0050793	-2.442	0.00507739	-0.000282766	0.0050855	-3.18	-1.911531e-11
0.816	408			-1.68756e-06	-2.29516e-05	2.30112e-05	-94.206	3.87433e-06	3.19185e-05	3.21495e-05	83.07	0.00507358	-0.000216008	0.00507835	-2.436	0.00507692	-0.000281336	0.00508454	-3.174	-1.819393e-11
0.818	409			-1.60188e-06	-2.37898e-05	2.3842e-05	-93.846	4.53743e-06	3.24848e-05	3.27977e-05	82.044	0.00507358	-0.000215054	0.00507835	-2.424	0.00507692	-0.000282766	0.00508502	-3.186	-1.995296e-11
0.82	410			-1.95579e-06	-2.38494e-05	2.39277e-05	-94.68	4.15e-06	3.12852e-05	3.15609e-05	82.44	0.00507358	-0.000215054	0.00507835	-2.424	0.00507739	-0.000282289	0.00508502	-3.18	-1.90734e-11
0.822	411			-2.08618e-06	-2.35998e-05	2.36892e-05	-95.046	5.80403e-06	3.31479e-05	3.36545e-05	80.064	0.00507453	-0.000215531	0.0050793	-2.43	0.00507739	-0.00028372	0.0050855	-3.192	-1.823577e-11
0.824	412			-2.15696e-06	-2.49856e-05	2.5075e-05	-94.926	4.89506e-06	3.24624e-05	3.28275e-05	81.414	0.00507596	-0.000214578	0.00508073	-2.418	0.00507787	-0.000283243	0.00508597	-3.192	-1.924096e-11
0.826	413			-1.96324e-06	-2.40692e-05	2.41437e-05	-94.656	6.01265e-06	3.27828e-05	3.33267e-05	79.596	0.00507882	-0.000215054	0.00508359	-2.424	0.00507978	-0.00028372	0.00508788	-3.192	-1.986919e-11
0.828	414			-4.13509e-07	-2.39947e-05	2.39947e-05	-90.978	8.67998e-06	3.2291e-05	3.34384e-05	74.946	0.00508836	-0.000216008	0.00509313	-2.43	0.00508693	-0.00028372	0.00509503	-3.192	-1.924095e-11
0.83	415			2.55184e-06	-2.46466e-05	2.4777e-05	-84.084	1.3046e-05	3.27157e-05	3.52191e-05	68.262	0.00511697	-0.000217916	0.00512126	-2.436	0.0051122	-0.000286581	0.00512031	-3.204	-1.672804e-11
0.832	416			1.01664e-05	-2.59766e-05	2.78951e-05	-68.616	1.95728e-05	3.13448e-05	3.69551e-05	58.008	0.00516847	-0.00022173	0.00517324	-2.454	0.00516084	-0.000290396	0.00516894	-3.216	-1.622545e-11
0.834	417			2.00273e-05	-2.58127e-05	3.2671e-05	-52.188	2.99813e-05	3.37439e-05	4.51433e-05	48.378	0.00522712	-0.000225068	0.00523189	-2.46	0.00521901	-0.000294687	0.0052276	-3.228	-1.325185e-11
0.836	418			2.54923e-05	-2.64609e-05	3.67428e-05	-46.062	4.59331e-05	3.35502e-05	5.6878e-05	36.144	0.00528625	-0.000228883	0.00529101	-2.478	0.00526956	-0.000298979	0.00527766	-3.246	-1.928277e-11
0.838	419			3.21458e-05	-2.61517e-05	4.14404e-05	-39.126	6.10356e-05	3.1248e-05	6.85682e-05	27.114	0.0053449	-0.000233651	0.00535014	-2.502	0.0053201	-0.000302317	0.00532869	-3.252	-1.735621e-11
0.84	420			3.77076e-05	-2.65093e-05	4.60932e-05	-35.106	7.51172e-05	3.12182e-05	8.13459e-05	22.566	0.00541356	-0.000237466	0.00541881	-2.508	0.00537828	-0.000307085	0.00538734	-3.264	-1.660238e-11
0.842	421			4.26548e-05	-2.753e-05	5.07648e-05	-32.838	8.90647e-05	3.0868e-05	9.42652e-05	19.116	0.00547507	-0.000240804	0.00548032	-2.514	0.00543121	-0.000309946	0.00543979	-3.264	-1.46758e-11
0.844	422			4.39475e-05	-2.74518e-05	5.18116e-05	-31.986	0.000100926	3.14864e-05	0.000105724	17.328	0.00553516	-0.000243665	0.0055404	-2.514	0.00548318	-0.000313761	0.00549224	-3.276	-1.484332e-11
0.846	423			4.19843e-05	-2.6934e-05	4.98781e-05	-32.682	9.79383e-05	3.14119e-05	0.000102856	17.784	0.00557664	-0.00024605	0.00558189	-2.52	0.00552467	-0.000316145	0.00553373	-3.276	-1.542967e-11
0.848	424			3.71265e-05	-2.67365e-05	4.57505e-05	-35.754	8.70754e-05	3.3431e-05	9.32743e-05	21.006	0.00560763	-0.000245096	0.00561288	-2.502	0.00556329	-0.000317099	0.00557235	-3.264	-1.58066e-11
0.85	425			2.68297e-05	-2.67514e-05	3.78864e-05	-44.91	6.42841e-05	3.43772e-05	7.28969e-05	28.14	0.00562432	-0.000247004	0.00562957	-2.514	0.00559428	-0.000319006	0.00560287	-3.258	-2.368046e-11
0.852	426			1.68161e-05	-2.60548e-05	3.10058e-05	-57.156	4.33775e-05	3.48317e-05	5.56412e-05	38.766	0.00563243	-0.000247004	0.00563768	-2.508	0.00561431	-0.000320436	0.00562289	-3.264	-1.811013e-11
0.854	427			9.82365e-06	-2.56078e-05	2.7422e-05	-69.006	2.7232e-05	3.60312e-05	4.51657e-05	52.926	0.00563291	-0.000246527	0.00563863	-2.502	0.00562623	-0.000320436	0.00563529	-3.258	-1.890587e-11
0.856	428			4.64919e-06	-2.6174e-05	2.65801e-05	-79.926	1.65628e-05	3.70147e-05	4.05537e-05	65.892	0.00563529	-0.000245573	0.00564054	-2.49	0.00563291	-0.00032139	0.00564197	-3.264	-1.639297e-11
0.858	429			4.24685e-07	-2.52539e-05	2.52539e-05	-89.034	1.02446e-05	3.68285e-05	3.82292e-05	74.454	0.00563529	-0.000247004	0.00564054	-2.508	0.00563672	-0.000320436	0.00564578	-3.252	-1.735625e-11
0.86	430			-9.72308e-07	-2.58834e-05	2.58983e-05	-92.148	6.77261e-06	3.72606e-05	3.78715e-05	79.698	0.00563625	-0.000247004	0.00564149	-2.508	0.00563863	-0.00032139	0.00564769	-3.258	-1.781697e-11
0.862	431			-1.46032e-06	-2.48739e-05	2.49149e-05	-93.36	6.713e-06	3.7119e-05	3.77225e-05	79.752	0.00563577	-0.000246527	0.00564101	-2.502	0.00563863	-0.000320436	0.00564721	-3.252	-1.647674e-11
0.864	432			-1.82912e-06	-2.4859e-05	2.49223e-05	-94.206	5.93069e-06	3.76778e-05	3.81472e-05	81.054	0.00563577	-0.00024605	0.00564101	-2.496	0.00563863	-0.00032139	0.00564769	-3.258	-1.932473e-11
0.866	433			-2.15696e-06	-2.44641e-05	2.45535e-05	-95.04	5.94559e-06	3.85644e-05	3.90115e-05	81.234	0.00563625	-0.000245573	0.00564197	-2.49	0.00563815	-0.000320913	0.00564721	-3.258	-1.714686e-11
0.868	434			-2.40655e-06	-2.42145e-05	2.433e-05	-95.67	5.36445e-06	3.70892e-05	3.74767e-05	81.768	0.00563625	-0.000245096	0.00564149	-2.49	0.00563911	-0.000319483	0.00564817	-3.24	-2.225648e-11
0.87	435			-2.30969e-06	-2.42182e-05	2.43225e-05	-95.442	4.79075e-06	3.56215e-05	3.59418e-05	82.338	0.00563529	-0.00024605	0.00564054	-2.496	0.00563958	-0.000318529	0.00564864	-3.228	-2.091622e-11
0.872	436			-3.08455e-06	-2.47956e-05	2.49819e-05	-97.086	4.1351e-06	3.5465e-05	3.57034e-05	83.34	0.00563577	-0.000245573	0.00564101	-2.49	0.00563958	-0.000318052	0.00564864	-3.222	-1.718873e-11
0.874	437			-2.37302e-06	-2.46615e-05	2.47696e-05	-95.49	5.03662e-06	3.60908e-05	3.6441e-05	82.05	0.00563625	-0.000245096	0.00564197	-2.484	0.00563958	-0.000318052	0.00564864	-3.228	-2.028799e-11
0.876	438			-2.10853e-06	-2.44492e-05	2.45386e-05	-94.926	3.94884e-06	3.61281e-05	3.63442e-05	83.754	0.00563625	-0.000245573	0.00564149	-2.49	0.00563958	-0.000318052	0.00564864	-3.222	-1.723062e-11
0.878	439			-2.0303e-06	-2.40692e-05	2.41549e-05	-94.824	4.90996e-06	3.58971e-05	3.6225e-05	82.206	0.00563577	-0.000245096	0.00564101	-2.484	0.00564006	-0.000317575	0.00564912	-3.222	-1.811012e-11
0.88	440			-2.3991e-06	-2.47249e-05	2.48366e-05	-95.538	4.49273e-06	3.56513e-05	3.59344e-05	82.818	0.00563529	-0.000245096	0.00564054	-2.49	0.00563958	-0.000318052	0.00564864	-3.222	-1.974354e-11
0.882	441			-1.8105e-06	-2.44976e-05	2.4561e-05	-94.224	4.57469e-06	3.51446e-05	3.54501e-05	82.578	0.00563625	-0.00024605	0.00564149	-2.496	0.00564101	-0.000317575	0.00565007	-3.222	-1.936658e-11
0.884	442			-1.79187e-06	-2.42071e-05	2.42704e-05	-94.23	4.67899e-06	3.43996e-05	3.47199e-05	82.254	0.00563577	-0.00024605	0.00564101	-2.496	0.00564006	-0.000317099	0.00564912	-3.216	-1.852896e-11
0.886	443			-2.34695e-06	-2.44604e-05	2.45721e-05	-95.478	4.38097e-06	3.50925e-05	3.53681e-05	82.878	0.00563625	-0.000245096	0.00564197	-2.484	0.00564054	-0.000318052	0.0056496	-3.222	-2.003669e-11
0.888	444			-1.885e-06	-2.46168e-05	2.46876e-05	-94.374	4.05314e-06	3.52564e-05	3.54873e-05	83.442	0.00563577	-0.00024605	0.00564101	-2.496	0.00563958	-0.000317575	0.00564864	-3.222	-1.773316e-11
0.89	445			-2.71575e-06	-2.54178e-05	2.55556e-05	-96.096	5.04407e-06	3.43251e-05	3.46901e-05	81.636	0.00563672	-0.000244619	0.00564197	-2.478	0.00563958	-0.000317099	0.00564864	-3.216	-2.10838e-11
0.892	446			-2.34322e-06	-2.42555e-05	2.43635e-05	-95.508	4.1798e-06	3.49807e-05	3.52266e-05	83.184	0.00563577	-0.000245096	0.00564101	-2.49	0.00564006	-0.000317099	0.00564912	-3.216	-2.028802e-11
0.894	447			-3.17769e-06	-2.50713e-05	2.52688e-05	-97.224	4.25431e-06	3.61206e-05	3.6374e-05	83.274	0.00563625	-0.000245096	0.00564149	-2.484	0.00563958	-0.000318052	0.00564864	-3.222	-2.024612e-11
0.896	448			-2.20539e-06	-2.49e-05	2.49931e-05	-95.058	4.24686e-06	3.5018e-05	3.52713e-05	83.076	0.00563577	-0.000245096	0.00564101	-2.49	0.00563958	-0.000317575	0.00564864	-3.222	-1.861273e-11
0.898	449			-3.14416e-06	-2.55295e-05	2.57195e-05	-97.02	4.7088e-06	3.53979e-05	3.57109e-05	82.416	0.00563625	-0.000245096	0.00564149	-2.49	0.00563911	-0.000317575	0.00564817	-3.222	-1.840331e-11
0.9	450			-1.89618e-06	-2.38047e-05	2.38755e-05	-94.548	4.21706e-06	3.40643e-05	3.43251e-05	82.938	0.00563529	-0.00024605	0.00564054	-2.496	0.00563958	-0.000317099	0.00564864	-3.216	-1.643482e-11
0.902	451			-1.93344e-06	-2.53135e-05	2.53842e-05	-94.362	4.80565e-06	3.58152e-05	3.61355e-05	82.356	0.00563529	-0.000245573	0.00564054	-2.49	0.00564006	-0.000318529	0.00564912	-3.228	-1.744003e-11
0.904	452			-2.79771e-06	-2.50676e-05	2.52203e-05	-96.366	5.18563e-06	3.68583e-05	3.72159e-05	81.99	0.00563577	-0.000244619	0.00564101	-2.484	0.00563958	-0.000318052	0.00564864	-3.228	-1.840332e-11
0.906	453			-2.24636e-06	-2.51943e-05	2.52911e-05	-95.088	5.19308e-06	3.54873e-05	3.58673e-05	81.666	0.00563529	-0.000245096	0.00564054	-2.49	0.00563958	-0.000317099	0.00564864	-3.216	-2.016236e-11
0.908	454			-2.52949e-06	-2.54811e-05	2.56003e-05	-95.664	4.52998e-06	3.50999e-05	3.53979e-05	82.644	0.0056372	-0.000245573	0.00564244	-2.49	0.00564006	-0.000317099	0.00564912	-3.216	-2.066496e-11
0.91	455			-2.39538e-06	-2.65316e-05	2.66322e-05	-95.154	5.02917e-06	3.5085e-05	3.54426e-05	81.834	0.00563672	-0.000243665	0.00564197	-2.472	0.00563958	-0.000318052	0.00564864	-3.222	-1.672802e-11
0.912	456			-1.36346e-06	-2.69451e-05	2.69749e-05	-92.892	4.74605e-06	3.55246e-05	3.5845e-05	82.38	0.00563577	-0.000242711	0.00564101	-2.46	0.00563958	-0.000318052	0.00564864	-3.222	-1.811016e-11
0.914	457			-9.53682e-07	-2.62783e-05	2.62895e-05	-92.076	5.84128e-06	3.63218e-05	3.67912e-05	80.856	0.0056372	-0.000242711	0.00564244	-2.466	0.00563958	-0.000318052	0.00564864	-3.228	-1.91572e-11
0.916	458			-2.58164e-06	-2.61628e-05	2.62858e-05	-95.634	6.45223e-06	3.61355e-05	3.67092e-05	79.878	0.00563815	-0.000243188	0.0056434	-2.466	0.00564054	-0.000317575	0.0056496	-3.222	-1.936657e-11
0.918	459			-1.93344e-06	-2.65316e-05	2.65987e-05	-94.164	7.78591e-06	3.69551e-05	3.77672e-05	78.09	0.00564197	-0.000243188	0.00564721	-2.466	0.00564244	-0.000318529	0.0056515	-3.228	-1.572284e-11
0.92	460			-1.7956e-06	-2.69414e-05	2.69973e-05	-93.81	9.03761e-06	3.67912e-05	3.78864e-05	76.2	0.00564912	-0.000242711	0.00565436	-2.454	0.00564721	-0.000318529	0.00565627	-3.228	-1.873837e-11
0.922	461			-1.33366e-06	-2.72841e-05	2.73139e-05	-92.79	1.0185e-05	3.70967e-05	3.84676e-05	74.646	0.00568441	-0.000245096	0.00568965	-2.466	0.00567725	-0.000320913	0.00568631	-3.234	-1.903155e-11
0.924	462			-7.97216e-07	-2.77759e-05	2.77796e-05	-91.644	1.27927e-05	3.80727e-05	4.01663e-05	71.424	0.00576928	-0.000249865	0.00577453	-2.478	0.00575164	-0.000327112	0.00576118	-3.252	-2.104189e-11
0.926	463			-8.86623e-07	-2.67924e-05	2.68036e-05	-91.89	1.23159e-05	3.9235e-05	4.112e-05	72.57	0.00591758	-0.000261309	0.0059233	-2.526	0.00589231	-0.000338079	0.00590184	-3.282	-1.488521e-11
0.928	464			-9.05249e-07	-2.68408e-05	2.6852e-05	-91.926	1.25096e-05	3.91009e-05	4.10529e-05	72.258	0.00606254	-0.000271799	0.00606874	-2.562	0.00604299	-0.000349047	0.006053	-3.3	-1.945038e-11
0.93	465			-1.02074e-06	-2.66844e-05	2.66993e-05	-92.19	1.11759e-05	3.94436e-05	4.09933e-05	74.178	0.00616458	-0.000278952	0.00617126	-2.586	0.00614932	-0.000357153	0.00615981	-3.324	-1.463391e-11
0.932	466			-5.66248e-07	-2.71575e-05	2.71612e-05	-91.188	9.43249e-06	4.0591e-05	4.16713e-05	76.92	0.0062342	-0.000282766	0.0062404	-2.592	0.00622657	-0.000362875	0.00623706	-3.336	-1.781697e-11
0.934	467			-7.67413e-07	-2.81559e-05	2.81596e-05	-91.56	7.85297e-06	3.91605e-05	3.99428e-05	78.654	0.00627521	-0.000286581	0.00628188	-2.61	0.0062733	-0.00036669	0.00628427	-3.348	-1.961788e-11
0.936	468			-1.70619e-06	-2.71426e-05	2.71947e-05	-93.588	6.713e-06	3.95181e-05	4.00844e-05	80.358	0.00630286	-0.000288488	0.00630954	-2.616	0.00630382	-0.000369074	0.00631431	-3.348	-1.697932e-11
0.938	469			-1.26661e-06	-2.75933e-05	2.76194e-05	-92.622	5.71462e-06	3.99055e-05	4.03153e-05	81.846	0.00632051	-0.000289442	0.00632718	-2.616	0.00632384	-0.000370027	0.00633481	-3.348	-1.744005e-11
0.94	470			-7.33886e-07	-2.7869e-05	2.78727e-05	-91.506	6.22871e-06	3.91754e-05	3.96671e-05	80.958	0.00632861	-0.000289442	0.00633529	-2.616	0.00633338	-0.000369551	0.00634387	-3.336	-1.480146e-11
0.942	471			-2.3693e-06	-2.80851e-05	2.81819e-05	-94.818	5.00682e-06	4.01514e-05	4.04643e-05	82.884	0.0063329	-0.000289442	0.00633958	-2.616	0.0063372	-0.000370981	0.00634769	-3.348	-1.932469e-11
0.944	472			-2.96907e-06	-2.72432e-05	2.73996e-05	-96.216	5.05152e-06	3.99651e-05	4.02855e-05	82.794	0.00633577	-0.000290873	0.00634244	-2.628	0.00634006	-0.000370981	0.00635055	-3.348	-1.831955e-11
0.946	473			-2.75673e-06	-2.68259e-05	2.69638e-05	-95.862	7.09298e-06	3.98087e-05	4.04345e-05	79.89	0.0063372	-0.000290396	0.00634387	-2.622	0.00634053	-0.000370981	0.0063515	-3.348	-2.079063e-11
0.948	474			-2.00795e-06	-2.76492e-05	2.77163e-05	-94.152	5.48366e-06	4.00322e-05	4.04047e-05	82.2	0.0063372	-0.000289919	0.00634387	-2.616	0.00634149	-0.000371458	0.00635293	-3.354	-1.886402e-11
0.95	475			-2.20911e-06	-2.71314e-05	2.72171e-05	-94.65	5.81148e-06	4.02632e-05	4.06804e-05	81.786	0.00633577	-0.000289442	0.00634244	-2.616	0.00634053	-0.000370504	0.00635102	-3.342	-1.848707e-11
0.952	476			-2.61517e-06	-2.77349e-05	2.78541e-05	-95.382	5.42405e-06	4.12243e-05	4.15745e-05	82.5	0.00633481	-0.000287058	0.00634101	-2.592	0.0063391	-0.000369074	0.00634959	-3.33	-1.819394e-11
0.954	477			-2.45498e-06	-2.72245e-05	2.73288e-05	-95.148	5.63267e-06	4.10157e-05	4.14031e-05	82.182	0.00633577	-0.00028372	0.00634196	-2.562	0.00633958	-0.000365736	0.00635055	-3.3	-1.756566e-11
0.956	478			-1.70246e-06	-2.71836e-05	2.7232e-05	-93.576	5.93069e-06	4.02483e-05	4.06804e-05	81.612	0.00633672	-0.000281336	0.00634292	-2.538	0.00634149	-0.000363352	0.0063515	-3.276	-1.794263e-11
0.958	479			-2.75673e-06	-2.76902e-05	2.78243e-05	-95.682	5.53581e-06	4.0211e-05	4.0591e-05	82.158	0.00633815	-0.000280859	0.00634435	-2.538	0.00634292	-0.000362398	0.00635341	-3.27	-2.020424e-11
0.96	480			-2.50713e-06	-2.81112e-05	2.82155e-05	-95.094	4.55978e-06	3.97416e-05	4.00024e-05	83.454	0.00633815	-0.000280382	0.00634483	-2.526	0.00634387	-0.000361921	0.00635388	-3.264	-2.120942e-11
0.962	481			-2.21284e-06	-2.80888e-05	2.81708e-05	-94.5	5.4315e-06	3.97267e-05	4.00918e-05	82.212	0.00633863	-0.000280859	0.00634483	-2.538	0.00634292	-0.000362875	0.00635293	-3.27	-2.066499e-11
0.964	482			-2.49968e-06	-2.61666e-05	2.6282e-05	-95.448	4.25431e-06	4.02781e-05	4.05016e-05	83.964	0.0063391	-0.000281813	0.0063453	-2.544	0.00634387	-0.000362398	0.00635436	-3.264	-1.97017e-11
0.966	483			-2.68967e-06	-2.7828e-05	2.79547e-05	-95.514	5.01427e-06	3.92722e-05	3.95926e-05	82.716	0.00633815	-0.000281336	0.00634435	-2.544	0.00634339	-0.000362398	0.00635388	-3.27	-1.668613e-11
0.968	484			-2.3395e-06	-2.73214e-05	2.74183e-05	-94.89	5.29739e-06	4.03377e-05	4.06879e-05	82.518	0.00633863	-0.000281336	0.00634483	-2.538	0.00634387	-0.000361921	0.00635436	-3.264	-1.718871e-11
0.97	485			-2.0899e-06	-2.64795e-05	2.65614e-05	-94.506	5.11113e-06	4.02036e-05	4.05314e-05	82.752	0.00633767	-0.000281336	0.00634387	-2.538	0.00634387	-0.000361921	0.00635388	-3.264	-1.496897e-11
0.972	486			-2.29107e-06	-2.82974e-05	2.83868e-05	-94.626	4.74605e-06	4.036e-05	4.06431e-05	83.286	0.00633815	-0.000281336	0.00634435	-2.544	0.00634435	-0.000362398	0.00635484	-3.27	-1.718871e-11
0.974	487			-2.06383e-06	-2.71798e-05	2.72543e-05	-94.344	5.51346e-06	4.00695e-05	4.04494e-05	82.158	0.00633863	-0.000281813	0.00634483	-2.544	0.00634435	-0.000362398	0.00635484	-3.264	-1.961788e-11
0.976	488			-2.41028e-06	-2.76678e-05	2.77684e-05	-94.974	5.20053e-06	4.02334e-05	4.05686e-05	82.626	0.0063391	-0.000282289	0.0063453	-2.544	0.00634387	-0.000363352	0.00635388	-3.276	-1.953413e-11
0.978	489			-2.79398e-06	-2.72059e-05	2.73437e-05	-95.862	4.77585e-06	4.00322e-05	4.03228e-05	83.19	0.00633863	-0.000281336	0.00634483	-2.538	0.00634387	-0.000362398	0.00635388	-3.264	-1.811013e-11
0.98	490			-1.90736e-06	-2.76492e-05	2.77126e-05	-93.942	4.7535e-06	4.0442e-05	4.07177e-05	83.286	0.00633815	-0.000281336	0.00634483	-2.538	0.00634387	-0.000362875	0.00635436	-3.27	-2.083248e-11
0.982	491			-1.96697e-06	-2.67328e-05	2.68036e-05	-94.206	4.55978e-06	4.0062e-05	4.03228e-05	83.496	0.00633815	-0.000282289	0.00634435	-2.55	0.00634387	-0.000362398	0.00635436	-3.27	-1.940846e-11
0.984	492			-2.79398e-06	-2.74183e-05	2.75561e-05	-95.82	5.58796e-06	4.01142e-05	4.05016e-05	82.062	0.00633958	-0.000281813	0.00634578	-2.544	0.00634292	-0.000363352	0.00635341	-3.276	-1.450825e-11
0.986	493			-1.98932e-06	-2.71687e-05	2.72357e-05	-94.182	4.43312e-06	4.06655e-05	4.09114e-05	83.772	0.00633815	-0.000280859	0.00634435	-2.538	0.00634339	-0.000362875	0.00635388	-3.27	-1.597416e-11
0.988	494			-2.99142e-06	-2.66657e-05	2.68297e-05	-96.396	5.31229e-06	4.05835e-05	4.09263e-05	82.542	0.0063391	-0.000281336	0.0063453	-2.538	0.00634339	-0.000362398	0.00635388	-3.27	-1.781698e-11
0.99	495			-2.85731e-06	-2.65987e-05	2.67477e-05	-96.132	3.10691e-06	3.95479e-05	3.96671e-05	85.5	0.00633815	-0.000281336	0.00634435	-2.538	0.00634435	-0.000362398	0.00635484	-3.264	-2.012049e-11
0.992	496			-2.36557e-06	-2.79025e-05	2.79957e-05	-94.842	5.21544e-06	3.96373e-05	3.99726e-05	82.5	0.00633815	-0.000281336	0.00634435	-2.544	0.00634292	-0.000362398	0.00635341	-3.264	-1.878028e-11
0.994	497			-1.65404e-06	-2.7828e-05	2.78727e-05	-93.402	5.60287e-06	4.14776e-05	4.18576e-05	82.302	0.00633815	-0.000279428	0.00634387	-2.52	0.00634339	-0.000362875	0.00635388	-3.27	-1.861271e-11
0.996	498			-2.25382e-06	-2.76641e-05	2.77498e-05	-94.656	4.7535e-06	3.99502e-05	4.02259e-05	83.208	0.00633958	-0.000281813	0.00634578	-2.544	0.00634387	-0.000362398	0.00635388	-3.27	-1.974356e-11
0.998	499			-2.15696e-06	-2.76343e-05	2.77126e-05	-94.458	4.54488e-06	4.01142e-05	4.03749e-05	83.532	0.00633863	-0.000281336	0.00634483	-2.538	0.00634387	-0.000363352	0.00635436	-3.276	-1.953415e-11
1.0	500			-1.37464e-06	-2.7977e-05	2.80068e-05	-92.808	4.58959e-06	3.91009e-05	3.93691e-05	83.298	0.00633815	-0.000281813	0.00634483	-2.544	0.00634387	-0.000361921	0.00635388	-3.264	-1.878026e-11
