variable x	variable x count			lockin1 x	lockin1 y	lockin1 r	lockin1 phi	lockin2 x	lockin2 y	lockin2 r	lockin2 phi	lockin3 x	lockin3 y	lockin3 r	lockin3 phi	lockin4 x	lockin4 y	lockin4 r	lockin4 phi	smu1 meas	


0.65	0			1.06283e-05	-3.14789e-07	1.06339e-05	-1.686	1.19694e-05	2.04147e-06	1.21408e-05	9.69	5.51439e-06	1.20886e-06	5.64571e-06	12.372	4.62405e-06	-1.83006e-06	4.97236e-06	-21.588	-2.037179e-11
0.641333333333	1			9.8609e-06	-1.32249e-07	9.86276e-06	-0.768	1.18726e-05	1.97442e-06	1.20365e-05	9.45	5.90461e-06	4.48899e-07	5.92231e-06	4.35	4.93976e-06	-2.03868e-06	5.34396e-06	-22.416	-1.94085e-11
0.632666666667	2			1.13901e-05	-2.49596e-07	1.13939e-05	-1.248	1.22861e-05	2.06383e-06	1.24574e-05	9.546	5.75747e-06	1.40444e-06	5.92697e-06	13.71	5.48086e-06	-1.48547e-06	5.6783e-06	-15.162	-2.359673e-11
0.624	3			1.06544e-05	6.85457e-07	1.06749e-05	3.684	1.12653e-05	1.30386e-06	1.13398e-05	6.618	5.36258e-06	1.43704e-06	5.55164e-06	15.0	4.80472e-06	-1.15485e-06	4.94163e-06	-13.506	-1.714686e-11
0.615333333333	4			1.08183e-05	-4.45174e-07	1.08276e-05	-2.346	1.18763e-05	1.88873e-06	1.2029e-05	9.042	5.45385e-06	4.90811e-07	5.47621e-06	5.148	4.74884e-06	-2.32273e-06	5.28622e-06	-26.058	-2.070684e-11
0.606666666667	5			1.07401e-05	-2.58909e-07	1.07438e-05	-1.38	1.0945e-05	1.42307e-06	1.10381e-05	7.428	5.91486e-06	4.68457e-07	5.93349e-06	4.53	4.46945e-06	-2.33205e-06	5.04128e-06	-27.552	-1.601603e-11
0.598	6			1.03396e-05	-5.21543e-08	1.03396e-05	-0.288	1.24835e-05	1.60933e-06	1.25878e-05	7.35	5.92697e-06	7.45993e-07	5.97446e-06	7.176	4.90624e-06	-2.0899e-06	5.33278e-06	-23.064	-1.79426e-11
0.589333333333	7			1.04998e-05	-5.58796e-09	1.04998e-05	-0.03	1.20588e-05	1.89245e-06	1.22041e-05	8.922	6.08902e-06	9.11768e-07	6.157e-06	8.514	4.34465e-06	-2.59561e-06	5.06084e-06	-30.852	-2.032989e-11
0.580666666667	8			1.0185e-05	-3.76256e-07	1.01925e-05	-2.106	1.22265e-05	2.29479e-06	1.24425e-05	10.638	6.08902e-06	9.47159e-07	6.16259e-06	8.85	4.70041e-06	-2.34415e-06	5.25176e-06	-26.496	-1.656051e-11
0.572	9			1.10511e-05	-5.86737e-07	1.10679e-05	-3.036	1.24612e-05	1.03936e-06	1.25059e-05	4.77	6.26969e-06	6.47273e-07	6.30322e-06	5.898	4.85222e-06	-1.72389e-06	5.14931e-06	-19.548	-1.710502e-11
0.563333333333	10			1.01198e-05	3.79981e-07	1.01273e-05	2.148	1.23047e-05	2.29107e-06	1.2517e-05	10.554	5.94746e-06	5.83012e-07	5.97633e-06	5.598	5.17446e-06	-1.65217e-06	5.4315e-06	-17.7	-1.668616e-11
0.554666666667	11			1.05892e-05	9.6672e-07	1.06339e-05	5.226	1.15596e-05	1.58698e-06	1.16714e-05	7.83	5.1549e-06	1.84403e-07	5.15862e-06	2.058	5.2797e-06	-9.25738e-07	5.35979e-06	-9.942	-1.572287e-11
0.546	12			1.03824e-05	-1.28523e-07	1.03824e-05	-0.702	1.15969e-05	1.15485e-06	1.16528e-05	5.694	5.33837e-06	1.14181e-06	5.45851e-06	12.078	5.75747e-06	-1.73506e-06	6.01265e-06	-16.764	-1.986919e-11
0.537333333333	13			1.12318e-05	9.6858e-08	1.12318e-05	0.504	1.18651e-05	2.93554e-06	1.22227e-05	13.902	5.72114e-06	8.13048e-07	5.77889e-06	8.088	5.18377e-06	-1.86079e-06	5.50694e-06	-19.734	-1.589038e-11
0.528666666667	14			1.08258e-05	-2.40283e-07	1.08295e-05	-1.272	1.2178e-05	2.68967e-06	1.24723e-05	12.468	6.05921e-06	4.72182e-07	6.07784e-06	4.458	4.71811e-06	-2.14858e-06	5.18377e-06	-24.474	-2.17539e-11
0.52	15			1.06786e-05	2.3842e-07	1.06823e-05	1.29	1.17608e-05	1.83285e-06	1.19061e-05	8.856	6.3293e-06	3.98608e-07	6.34234e-06	3.6	5.66154e-06	-1.58419e-06	5.87854e-06	-15.624	-1.827766e-11
0.511333333333	16			1.11275e-05	-4.24685e-07	1.1135e-05	-2.178	1.21035e-05	1.8403e-06	1.22451e-05	8.658	7.25783e-06	5.6066e-07	7.28018e-06	4.422	4.48062e-06	-2.16348e-06	4.97515e-06	-25.764	-2.351294e-11
0.502666666667	17			1.05557e-05	3.72531e-08	1.05557e-05	0.21	1.24984e-05	1.61306e-06	1.26027e-05	7.368	6.25945e-06	3.02682e-07	6.2669e-06	2.772	4.79634e-06	-1.67173e-06	5.07853e-06	-19.212	-1.836143e-11
0.494	18			1.03955e-05	-7.45064e-09	1.03955e-05	-0.036	1.24835e-05	2.30597e-06	1.26958e-05	10.464	6.38145e-06	1.58605e-06	6.5761e-06	13.962	4.57748e-06	-2.06289e-06	5.02079e-06	-24.252	-1.878022e-11
0.485333333333	19			9.92982e-06	-2.30969e-07	9.93354e-06	-1.326	1.23457e-05	1.52365e-06	1.24388e-05	7.05	5.55351e-06	1.68943e-06	5.80496e-06	16.926	5.44082e-06	-1.26754e-06	5.58703e-06	-13.11	-2.225648e-11
0.476666666667	20			1.08574e-05	-1.12504e-06	1.09152e-05	-5.904	1.25617e-05	2.25382e-06	1.27592e-05	10.182	6.44106e-06	1.58046e-06	6.63291e-06	13.788	5.15211e-06	-2.00329e-06	5.52836e-06	-21.246	-1.651861e-11
0.468	21			1.01477e-05	-1.48267e-06	1.02558e-05	-8.304	1.24574e-05	1.32994e-06	1.25282e-05	6.108	5.77702e-06	1.79839e-06	6.0499e-06	17.292	5.33558e-06	-1.63914e-06	5.58145e-06	-17.07	-1.865461e-11
0.459333333333	22			1.06451e-05	1.13622e-07	1.06451e-05	0.618	1.21929e-05	2.19794e-06	1.23904e-05	10.224	6.14303e-06	1.12411e-06	6.24548e-06	10.374	5.38028e-06	-1.26567e-06	5.52743e-06	-13.23	-1.660238e-11
0.450666666667	23			1.07177e-05	-7.28298e-07	1.07438e-05	-3.876	1.20625e-05	1.5013e-06	1.21594e-05	7.104	6.20171e-06	1.11573e-06	6.30136e-06	10.2	5.22009e-06	-1.57022e-06	5.45106e-06	-16.74	-1.957601e-11
0.442	24			1.11629e-05	4.32135e-07	1.11703e-05	2.22	1.23643e-05	2.42145e-06	1.26027e-05	11.088	6.47645e-06	9.90003e-07	6.55188e-06	8.694	6.05921e-06	-1.21911e-06	6.18029e-06	-11.37	-1.986925e-11
0.433333333333	25			1.09878e-05	-5.94187e-07	1.10046e-05	-3.09	1.17981e-05	1.69874e-06	1.1921e-05	8.196	5.75001e-06	-2.71017e-07	5.75653e-06	-2.694	5.76492e-06	-2.64031e-06	6.34047e-06	-24.6	-1.873842e-11
0.424666666667	26			1.1405e-05	1.43425e-07	1.14069e-05	0.726	1.19955e-05	1.97814e-06	1.21594e-05	9.372	6.34979e-06	7.60894e-07	6.39542e-06	6.834	5.80589e-06	-1.51434e-06	5.99961e-06	-14.616	-1.42151e-11
0.416	27			1.22395e-05	1.06171e-07	1.22395e-05	0.498	1.19545e-05	2.73065e-06	1.22637e-05	12.876	6.05363e-06	4.43311e-07	6.06946e-06	4.194	5.91206e-06	-2.16534e-06	6.29577e-06	-20.112	-1.400569e-11
0.407333333333	28			1.15075e-05	2.1048e-07	1.15093e-05	1.056	1.29529e-05	1.95952e-06	1.31019e-05	8.604	6.56585e-06	5.13162e-07	6.58634e-06	4.476	5.24151e-06	-1.68943e-06	5.50694e-06	-17.862	-1.878028e-11
0.398666666667	29			1.09021e-05	2.53322e-07	1.09058e-05	1.338	1.35676e-05	2.02657e-06	1.37166e-05	8.508	6.67482e-06	6.42616e-07	6.70555e-06	5.502	4.76281e-06	-1.5935e-06	5.02172e-06	-18.492	-1.861275e-11
0.39	30			1.1623e-05	-4.35861e-07	1.16323e-05	-2.142	1.29231e-05	1.70246e-06	1.30386e-05	7.506	5.72021e-06	9.13631e-07	5.79286e-06	9.078	5.1223e-06	-1.83937e-06	5.44268e-06	-19.746	-1.576478e-11
0.381333333333	31			1.20756e-05	3.39003e-07	1.20812e-05	1.614	1.31913e-05	2.12343e-06	1.33627e-05	9.156	5.56282e-06	5.3272e-07	5.5889e-06	5.472	5.38773e-06	-1.68663e-06	5.64571e-06	-17.382	-2.100001e-11
0.372666666667	32			1.13994e-05	-1.89991e-07	1.13994e-05	-0.948	1.29492e-05	2.05265e-06	1.31131e-05	9.006	6.13558e-06	1.01049e-06	6.21847e-06	9.354	5.16608e-06	-2.10853e-06	5.57958e-06	-22.194	-1.643487e-11
0.364	33			1.20905e-05	-3.5763e-07	1.20961e-05	-1.692	1.37799e-05	2.0899e-06	1.39364e-05	8.634	6.7903e-06	6.67762e-07	6.8229e-06	5.622	5.66433e-06	-1.96883e-06	5.99682e-06	-19.158	-1.965979e-11
0.355333333333	34			1.16528e-05	3.16651e-07	1.16565e-05	1.554	1.3996e-05	1.49757e-06	1.40742e-05	6.102	6.84152e-06	1.44821e-06	6.99426e-06	11.958	4.66502e-06	-1.05799e-06	4.7833e-06	-12.768	-1.857088e-11
0.346666666667	35			1.32956e-05	-7.9349e-07	1.3318e-05	-3.414	1.45808e-05	2.17558e-06	1.4741e-05	8.49	6.19332e-06	1.27313e-06	6.32278e-06	11.616	6.02382e-06	-1.56929e-06	6.22499e-06	-14.592	-1.764943e-11
0.338	36			1.28095e-05	1.65776e-07	1.28113e-05	0.744	1.48789e-05	2.23519e-06	1.50428e-05	8.55	6.89182e-06	8.80103e-07	6.9477e-06	7.278	4.59517e-06	-1.46405e-06	4.82242e-06	-17.67	-1.91572e-11
0.329333333333	37			1.24854e-05	-2.32832e-07	1.24872e-05	-1.062	1.36793e-05	2.37302e-06	1.38805e-05	9.858	5.65688e-06	4.96399e-07	5.67923e-06	5.016	5.09064e-06	-2.19514e-06	5.54326e-06	-23.322	-2.347107e-11
0.320666666667	38			1.3901e-05	-1.49013e-08	1.3901e-05	-0.054	1.43424e-05	1.27778e-06	1.4402e-05	5.1	6.57051e-06	4.22822e-07	6.58355e-06	3.684	6.3414e-06	-1.35136e-06	6.4839e-06	-12.03	-1.940852e-11
0.312	39			1.35601e-05	-5.75561e-07	1.35713e-05	-2.43	1.39773e-05	2.12716e-06	1.41375e-05	8.664	5.42964e-06	1.0999e-06	5.53954e-06	11.454	5.67551e-06	-1.06078e-06	5.77423e-06	-10.584	-1.65186e-11
0.303333333333	40			1.31485e-05	-1.97441e-07	1.31503e-05	-0.858	1.42642e-05	2.23146e-06	1.44393e-05	8.898	5.76492e-06	8.83829e-07	5.83197e-06	8.724	5.61218e-06	-1.46125e-06	5.79844e-06	-14.586	-1.811018e-11
0.294666666667	41			1.27461e-05	2.77536e-07	1.2748e-05	1.248	1.38991e-05	2.08618e-06	1.40556e-05	8.538	7.03431e-06	8.53095e-07	7.08553e-06	6.918	6.14769e-06	-2.65801e-06	6.6981e-06	-23.376	-1.47596e-11
0.286	42			1.27201e-05	-3.91157e-07	1.27275e-05	-1.758	1.37613e-05	2.02657e-06	1.39103e-05	8.376	6.14769e-06	9.77896e-07	6.22499e-06	9.036	5.90461e-06	-2.509e-06	6.41498e-06	-23.016	-1.869649e-11
0.277333333333	43			1.32807e-05	1.99304e-07	1.32826e-05	0.864	1.38619e-05	1.91481e-06	1.3996e-05	7.872	6.92814e-06	8.05598e-07	6.97564e-06	6.636	6.5612e-06	-2.02844e-06	6.8676e-06	-17.172	-1.798452e-11
0.268666666667	44			1.33683e-05	5.81149e-07	1.33813e-05	2.49	1.39699e-05	1.55345e-06	1.40593e-05	6.36	7.20753e-06	-1.30386e-07	7.20847e-06	-1.032	7.36958e-06	-1.92133e-06	7.61545e-06	-14.604	-1.986919e-11
0.26	45			1.25208e-05	-7.13397e-07	1.25394e-05	-3.258	1.34595e-05	2.15696e-06	1.36346e-05	9.114	6.60404e-06	1.11946e-06	6.6981e-06	9.624	6.90765e-06	-2.06196e-06	7.20847e-06	-16.62	-2.196331e-11
0.251333333333	46			1.33496e-05	-6.89182e-07	1.33683e-05	-2.952	1.3806e-05	2.07128e-06	1.39624e-05	8.538	6.25759e-06	3.0175e-07	6.26504e-06	2.766	6.21288e-06	-2.40748e-06	6.66364e-06	-21.174	-1.538785e-11
0.242666666667	47			1.33888e-05	-6.03501e-07	1.34018e-05	-2.58	1.44169e-05	2.52576e-06	1.46367e-05	9.936	6.61614e-06	3.53904e-07	6.62546e-06	3.066	5.75933e-06	-2.1998e-06	6.16445e-06	-20.898	-2.200518e-11
0.234	48			1.34074e-05	2.04892e-07	1.34092e-05	0.876	1.46069e-05	9.38777e-07	1.46367e-05	3.684	6.19612e-06	1.32994e-06	6.33768e-06	12.12	5.30764e-06	-1.50596e-06	5.51718e-06	-15.84	-1.890593e-11
0.225333333333	49			1.41822e-05	7.20847e-07	1.42009e-05	2.916	1.43573e-05	1.885e-06	1.44803e-05	7.488	6.68413e-06	5.77422e-08	6.68413e-06	0.498	5.97726e-06	-1.19676e-06	6.09554e-06	-11.316	-1.919908e-11
0.216666666667	50			1.32174e-05	-1.13622e-07	1.32174e-05	-0.492	1.52887e-05	2.55929e-06	1.5501e-05	9.504	7.717e-06	1.09059e-06	7.7943e-06	8.046	5.50601e-06	-2.86011e-06	6.20357e-06	-27.438	-1.882219e-11
0.208	51			1.36532e-05	2.32832e-07	1.36551e-05	0.978	1.42903e-05	1.80305e-06	1.44058e-05	7.188	7.28577e-06	1.04961e-06	7.36213e-06	8.202	6.27901e-06	-1.53948e-06	6.46527e-06	-13.764	-2.20471e-11
0.199333333333	52			1.35657e-05	3.98608e-07	1.35713e-05	1.686	1.42456e-05	2.02657e-06	1.43871e-05	8.094	6.7307e-06	1.04029e-06	6.81079e-06	8.79	7.47855e-06	-1.93623e-06	7.72538e-06	-14.514	-2.426686e-11
0.190666666667	53			1.3575e-05	-2.98025e-07	1.35787e-05	-1.254	1.52775e-05	1.83658e-06	1.53893e-05	6.864	7.052e-06	5.03849e-07	7.0697e-06	4.092	7.11533e-06	-1.99398e-06	7.38914e-06	-15.654	-1.664428e-11
0.182	54			1.30945e-05	2.23519e-08	1.30945e-05	0.102	1.43126e-05	2.26127e-06	1.44914e-05	8.982	7.59217e-06	1.18744e-06	7.6844e-06	8.892	6.88809e-06	-1.93996e-06	7.15631e-06	-15.72	-1.823581e-11
0.173333333333	55			1.41226e-05	-3.9302e-07	1.41282e-05	-1.59	1.51024e-05	2.51831e-06	1.53148e-05	9.468	7.09764e-06	5.98844e-07	7.12278e-06	4.83	7.30346e-06	-2.44474e-06	7.7021e-06	-18.498	-1.840334e-11
0.164666666667	56			1.39084e-05	-1.15484e-07	1.39084e-05	-0.474	1.50502e-05	1.14367e-06	1.50949e-05	4.356	7.68347e-06	2.82193e-07	7.68906e-06	2.106	6.4662e-06	-1.65776e-06	6.67482e-06	-14.376	-1.819392e-11
0.156	57			1.51862e-05	1.37837e-07	1.51862e-05	0.522	1.60189e-05	1.62423e-06	1.61008e-05	5.796	6.9002e-06	8.83829e-07	6.95701e-06	7.302	6.69344e-06	-1.43424e-06	6.84618e-06	-12.09	-2.242401e-11
0.147333333333	58			1.41617e-05	-7.45062e-07	1.41822e-05	-3.006	1.53595e-05	1.35974e-06	1.54191e-05	5.07	7.02686e-06	4.21891e-07	7.03897e-06	3.438	5.91765e-06	-1.71178e-06	6.16073e-06	-16.128	-2.137698e-11
0.138666666667	59			1.46386e-05	3.94883e-07	1.46442e-05	1.554	1.53483e-05	1.1474e-06	1.53893e-05	4.284	6.60124e-06	-1.91853e-07	6.60404e-06	-1.662	5.89623e-06	-2.31342e-06	6.33302e-06	-21.42	-1.773322e-11
0.13	60			1.54061e-05	5.96051e-08	1.54061e-05	0.222	1.698e-05	1.69129e-06	1.70657e-05	5.694	6.88995e-06	5.86737e-07	6.91417e-06	4.872	6.02569e-06	-2.37302e-06	6.47551e-06	-21.492	-2.049747e-11
0.121333333333	61			1.52589e-05	-2.04892e-08	1.52589e-05	-0.078	1.59891e-05	1.90736e-06	1.61008e-05	6.81	7.0697e-06	7.55306e-07	7.10975e-06	6.102	7.13955e-06	-2.18024e-06	7.46551e-06	-16.98	-2.162826e-11
0.112666666667	62			1.60598e-05	-4.13509e-07	1.60654e-05	-1.47	1.59965e-05	2.3395e-06	1.61679e-05	8.322	6.85084e-06	1.73786e-06	7.06784e-06	14.238	7.01568e-06	-2.08525e-06	7.31929e-06	-16.554	-1.538777e-11
0.104	63			1.57134e-05	3.16651e-07	1.57171e-05	1.158	1.67863e-05	1.50875e-06	1.68533e-05	5.142	7.79709e-06	1.20048e-06	7.88929e-06	8.754	6.0825e-06	-1.67639e-06	6.30881e-06	-15.402	-1.710497e-11
0.0953333333333	64			1.58456e-05	1.62051e-07	1.58475e-05	0.588	1.69651e-05	1.44169e-06	1.70247e-05	4.866	7.3938e-06	-2.40283e-07	7.39752e-06	-1.86	6.99147e-06	-1.85241e-06	7.23268e-06	-14.838	-2.2424e-11
0.0866666666667	65			1.65795e-05	-5.83012e-07	1.65907e-05	-2.01	1.79523e-05	1.78815e-06	1.80454e-05	5.694	7.39007e-06	6.96633e-07	7.42267e-06	5.394	6.80055e-06	-2.19235e-06	7.14514e-06	-17.862	-2.267536e-11
0.078	66			1.67323e-05	2.1048e-07	1.67341e-05	0.726	1.77698e-05	1.73972e-06	1.78554e-05	5.592	7.42081e-06	2.95231e-07	7.42733e-06	2.286	6.65992e-06	-1.75928e-06	6.88809e-06	-14.79	-1.831955e-11
0.0693333333333	67			1.59518e-05	-3.6508e-07	1.59555e-05	-1.302	1.70359e-05	1.8552e-06	1.71327e-05	6.222	7.46737e-06	9.19219e-07	7.52418e-06	7.026	6.53884e-06	-1.58605e-06	6.72883e-06	-13.632	-1.949227e-11
0.0606666666667	68			1.66e-05	9.6858e-08	1.66e-05	0.336	1.77437e-05	1.96697e-06	1.78554e-05	6.336	7.80547e-06	2.25381e-07	7.8092e-06	1.656	6.5463e-06	-2.01074e-06	6.84898e-06	-17.07	-1.794258e-11
0.052	69			1.68775e-05	2.58909e-07	1.68775e-05	0.882	1.80417e-05	1.60561e-06	1.81125e-05	5.088	6.86946e-06	1.22749e-06	6.9775e-06	10.134	6.80613e-06	-1.80491e-06	7.04083e-06	-14.85	-1.991108e-11
0.0433333333333	70			1.78554e-05	-5.38308e-07	1.78629e-05	-1.722	1.9055e-05	1.5311e-06	1.91146e-05	4.602	7.29508e-06	3.06407e-07	7.3016e-06	2.406	7.24013e-06	-1.75834e-06	7.45154e-06	-13.644	-1.86965e-11
0.0346666666667	71			1.74382e-05	-6.3144e-07	1.74494e-05	-2.07	1.95355e-05	2.02657e-06	1.96361e-05	5.922	8.41828e-06	4.47968e-07	8.43039e-06	3.048	6.6357e-06	-2.15509e-06	6.9775e-06	-17.988	-1.693743e-11
0.026	72			1.85297e-05	-1.2368e-06	1.85726e-05	-3.816	1.92077e-05	2.24264e-06	1.93381e-05	6.66	8.05879e-06	8.05598e-07	8.09884e-06	5.712	7.42546e-06	-2.31342e-06	7.77753e-06	-17.304	-2.028802e-11
0.0173333333333	73			1.91183e-05	-1.15857e-06	1.91537e-05	-3.468	1.92152e-05	2.18303e-06	1.93381e-05	6.492	6.90951e-06	1.03843e-06	6.98681e-06	8.55	7.71513e-06	-2.70271e-06	8.17428e-06	-19.296	-1.764944e-11
0.00866666666667	74			1.87588e-05	-8.4937e-07	1.87774e-05	-2.592	1.88613e-05	1.73972e-06	1.89395e-05	5.28	7.69371e-06	6.18402e-07	7.71886e-06	4.602	7.77753e-06	-2.31621e-06	8.1156e-06	-16.578	-1.49271e-11
0.0	75			1.94294e-05	-7.45064e-09	1.94294e-05	-0.018	2.02098e-05	1.87755e-06	2.02955e-05	5.316	7.57634e-06	9.49021e-07	7.63597e-06	7.14	7.18891e-06	-2.55743e-06	7.62945e-06	-19.584	-1.622543e-11
