variable x	variable x count			lockin1 x	lockin1 y	lockin1 r	lockin1 phi	lockin2 x	lockin2 y	lockin2 r	lockin2 phi	lockin3 x	lockin3 y	lockin3 r	lockin3 phi	smu1 meas	


0.0	0			2.28883e-05	-8.27018e-07	2.29032e-05	-2.052	-2.99794e-06	-1.01887e-06	3.16558e-06	-161.232	2.39239e-05	6.92908e-07	2.39388e-05	1.662	-1.614148e-11
0.0025	1			2.3544e-05	-8.41919e-07	2.35589e-05	-2.04	-1.7617e-05	7.06877e-07	1.76301e-05	177.702	2.32757e-05	1.43052e-06	2.33204e-05	3.522	-1.974339e-11
0.005	2			2.17186e-05	-9.16425e-07	2.17335e-05	-2.406	-3.03929e-05	1.10456e-06	3.04115e-05	177.918	2.27467e-05	1.50502e-06	2.27989e-05	3.792	-2.192122e-11
0.0075	3			2.14652e-05	-1.42307e-06	2.15099e-05	-3.786	-4.26176e-05	8.25155e-07	4.26231e-05	178.89	2.19421e-05	1.46777e-06	2.19868e-05	3.84	-2.242382e-11
0.01	4			2.13833e-05	-4.47037e-07	2.13907e-05	-1.176	-5.50451e-05	2.03402e-06	5.50786e-05	177.882	2.24934e-05	1.43052e-06	2.25456e-05	3.642	-2.12511e-11
0.0125	5			2.17111e-05	-8.27018e-07	2.17186e-05	-2.178	-6.67912e-05	2.1197e-06	6.6821e-05	178.182	2.18601e-05	2.12343e-06	2.19644e-05	5.556	-1.609965e-11
0.015	6			2.02657e-05	-1.19955e-06	2.03029e-05	-3.372	-7.8958e-05	2.71203e-06	7.90027e-05	178.032	2.28287e-05	1.99677e-06	2.29181e-05	5.004	-2.137676e-11
0.0175	7			2.17111e-05	-1.34111e-06	2.17484e-05	-3.528	-9.19332e-05	3.6061e-06	9.19965e-05	177.756	2.38345e-05	2.19049e-06	2.39388e-05	5.256	-1.643469e-11
0.02	8			2.23519e-05	-1.8552e-06	2.24338e-05	-4.74	-0.000102111	3.98609e-06	0.000102193	177.768	2.56003e-05	2.59282e-06	2.57344e-05	5.784	-2.158618e-11
0.0225	9			2.27989e-05	-1.29641e-06	2.28287e-05	-3.246	-0.000113011	4.95467e-06	0.000113115	177.486	2.70606e-05	1.81795e-06	2.71202e-05	3.846	-2.095795e-11
0.025	10			2.38718e-05	-1.99677e-06	2.39537e-05	-4.77	-0.000127749	4.91741e-06	0.000127838	177.792	2.79845e-05	2.65987e-06	2.81112e-05	5.43	-1.622529e-11
0.0275	11			2.44678e-05	-2.01167e-06	2.45498e-05	-4.686	-0.000139483	5.81893e-06	0.000139595	177.612	2.86252e-05	1.66149e-06	2.86774e-05	3.33	-2.053915e-11
0.03	12			2.5198e-05	-2.07128e-06	2.52799e-05	-4.686	-0.000148431	6.54164e-06	0.000148573	177.474	3.02569e-05	2.25009e-06	3.03389e-05	4.26	-1.593213e-11
0.0325	13			2.61442e-05	-3.80726e-06	2.64124e-05	-8.286	-0.000162334	7.2718e-06	0.000162483	177.438	3.1546e-05	2.02657e-06	3.1613e-05	3.684	-1.986899e-11
0.035	14			2.70085e-05	-2.43635e-06	2.71128e-05	-5.148	-0.00017357	7.62945e-06	0.000173726	177.48	3.46454e-05	1.96697e-06	3.4705e-05	3.258	-1.995282e-11
0.0375	15			2.76567e-05	-2.54811e-06	2.77759e-05	-5.262	-0.000186474	7.3612e-06	0.000186593	177.738	3.67167e-05	2.06383e-06	3.67763e-05	3.222	-2.238194e-11
0.04	16			2.84986e-05	-2.76418e-06	2.86327e-05	-5.532	-0.000197024	8.52352e-06	0.000197173	177.522	3.88997e-05	2.18303e-06	3.89593e-05	3.216	-2.007841e-11
0.0425	17			2.93927e-05	-2.37675e-06	2.94895e-05	-4.614	-0.000207872	8.58313e-06	0.000208021	177.63	4.12541e-05	1.54228e-06	4.12839e-05	2.148	-1.727238e-11
0.045	18			3.1315e-05	-3.03985e-06	3.1464e-05	-5.532	-0.000220896	9.62621e-06	0.000221075	177.504	4.40779e-05	2.04147e-06	4.413e-05	2.658	-1.873822e-11
0.0475	19			3.32e-05	-2.4289e-06	3.32894e-05	-4.182	-0.000231535	1.06693e-05	0.000231744	177.36	4.60225e-05	2.54811e-06	4.6097e-05	3.174	-2.053912e-11
0.05	20			3.29542e-05	-2.81633e-06	3.30734e-05	-4.878	-0.000244709	1.07289e-05	0.000244917	177.486	4.84737e-05	2.14578e-06	4.85184e-05	2.538	-1.664411e-11
0.0525	21			3.40047e-05	-3.21121e-06	3.41537e-05	-5.388	-0.000255229	1.09971e-05	0.000255438	177.534	5.13347e-05	1.72109e-06	5.13645e-05	1.926	-1.702103e-11
0.055	22			3.45188e-05	-4.23941e-06	3.47795e-05	-6.99	-0.000267418	1.18614e-05	0.000267657	177.456	5.40989e-05	1.89991e-06	5.41362e-05	2.01	-2.066482e-11
0.0575	23			3.56662e-05	-2.86849e-06	3.57779e-05	-4.596	-0.000280472	1.28449e-05	0.00028074	177.372	5.68556e-05	2.48851e-06	5.69078e-05	2.508	-1.915699e-11
0.06	24			3.67018e-05	-2.86104e-06	3.68136e-05	-4.452	-0.000291171	1.37985e-05	0.000291469	177.282	6.09907e-05	2.65987e-06	6.10505e-05	2.496	-1.572267e-11
0.0625	25			3.84527e-05	-3.77001e-06	3.86389e-05	-5.592	-0.000303986	1.32919e-05	0.000304224	177.498	6.32037e-05	1.99677e-06	6.32335e-05	1.812	-2.196309e-11
0.065	26			4.03898e-05	-3.94139e-06	4.05835e-05	-5.568	-0.000316652	1.39475e-05	0.00031692	177.474	6.71973e-05	2.54066e-06	6.72494e-05	2.172	-1.99109e-11
0.0675	27			4.09114e-05	-4.59704e-06	4.11647e-05	-6.408	-0.000329735	1.51098e-05	0.000330063	177.378	7.00881e-05	1.98932e-06	7.01104e-05	1.626	-2.263321e-11
0.07	28			4.16713e-05	-4.59704e-06	4.19246e-05	-6.288	-0.000338675	1.6004e-05	0.000339003	177.288	7.21519e-05	2.65987e-06	7.21966e-05	2.112	-2.020406e-11
0.0725	29			4.34893e-05	-4.82055e-06	4.37575e-05	-6.324	-0.000352385	1.62126e-05	0.000352742	177.366	7.73971e-05	1.81795e-06	7.74194e-05	1.344	-2.309396e-11
0.075	30			4.5106e-05	-5.27504e-06	4.54115e-05	-6.666	-0.000364782	1.73749e-05	0.00036517	177.27	7.76057e-05	3.02495e-06	7.76653e-05	2.232	-2.321956e-11
0.0775	31			4.51955e-05	-4.69389e-06	4.54339e-05	-5.928	-0.000373246	1.74941e-05	0.000373634	177.312	8.09734e-05	2.95044e-06	8.10255e-05	2.088	-1.848692e-11
0.08	32			4.60299e-05	-4.84291e-06	4.62832e-05	-6.0	-0.000385972	1.77623e-05	0.000386359	177.36	8.42367e-05	3.08455e-06	8.42963e-05	2.1	-2.108357e-11
0.0825	33			4.74157e-05	-4.74605e-06	4.76467e-05	-5.706	-0.000397684	1.80305e-05	0.000398071	177.402	8.72691e-05	3.0473e-06	8.73287e-05	2.004	-1.55552e-11
0.085	34			4.82427e-05	-5.82638e-06	4.85855e-05	-6.876	-0.000410559	1.89544e-05	0.000410946	177.354	9.08603e-05	2.02657e-06	9.08826e-05	1.284	-1.626716e-11
0.0875	35			5.10889e-05	-5.40915e-06	5.1372e-05	-6.042	-0.000421377	1.85968e-05	0.000421764	177.474	9.31774e-05	2.09363e-06	9.32072e-05	1.29	-2.012031e-11
0.09	36			5.02395e-05	-5.83383e-06	5.05822e-05	-6.618	-0.000433	1.95802e-05	0.000433417	177.408	9.57777e-05	2.4438e-06	9.58149e-05	1.464	-1.660221e-11
0.0925	37			5.13049e-05	-5.45385e-06	5.15955e-05	-6.06	-0.000444563	2.17856e-05	0.00044507	177.192	0.000101686	2.16813e-06	0.000101708	1.224	-2.384778e-11
0.095	38			5.26311e-05	-6.08715e-06	5.29813e-05	-6.588	-0.000456395	1.98485e-05	0.000456752	177.51	0.000103347	1.8105e-06	0.000103362	1.008	-2.351272e-11
0.0975	39			5.33538e-05	-5.71462e-06	5.36593e-05	-6.114	-0.000466945	2.03849e-05	0.000467362	177.492	0.000106581	1.61678e-06	0.000106588	0.87	-1.73142e-11
0.1	40			5.42628e-05	-4.67899e-06	5.4464e-05	-4.92	-0.000480892	2.25307e-05	0.000481369	177.318	0.000113175	1.92971e-06	0.000113182	0.978	-1.831939e-11
0.1025	41			5.74517e-05	-6.26597e-06	5.77944e-05	-6.216	-0.000493113	2.32459e-05	0.00049359	177.3	0.000115172	2.49596e-06	0.000115201	1.242	-2.112543e-11
0.105	42			5.76454e-05	-7.54002e-06	5.81371e-05	-7.446	-0.000502411	2.31267e-05	0.000502888	177.36	0.000114836	2.53321e-06	0.000114866	1.266	-1.739798e-11
0.1075	43			5.57753e-05	-7.10043e-06	5.62298e-05	-7.254	-0.000512961	2.31863e-05	0.000513438	177.408	0.000117898	2.16068e-06	0.000117921	1.05	-1.626718e-11
0.11	44			5.66172e-05	-6.78006e-06	5.70195e-05	-6.828	-0.000527326	2.43784e-05	0.000527862	177.354	0.000122831	2.48851e-06	0.000122861	1.164	-1.614149e-11
0.1125	45			5.82042e-05	-7.16004e-06	5.86438e-05	-7.008	-0.00053728	2.48553e-05	0.000537757	177.348	0.000127592	1.57953e-06	0.0001276	0.708	-2.405722e-11
0.115	46			5.85469e-05	-6.57144e-06	5.8912e-05	-6.402	-0.000549678	2.58089e-05	0.000550214	177.306	0.000130513	1.78815e-06	0.000130528	0.786	-1.978525e-11
0.1175	47			5.90982e-05	-6.6683e-06	5.94708e-05	-6.438	-0.000560764	2.56897e-05	0.000561301	177.372	0.00013201	1.43052e-06	0.000132018	0.624	-2.384784e-11
0.12	48			5.99327e-05	-7.07063e-06	6.03499e-05	-6.726	-0.000573043	2.71798e-05	0.000573579	177.282	0.000134931	2.18303e-06	0.000134953	0.93	-1.995276e-11
0.1225	49			6.32708e-05	-6.67575e-06	6.36284e-05	-6.018	-0.000583712	2.67626e-05	0.000584248	177.372	0.0001437	1.75834e-06	0.000143708	0.702	-2.07904e-11
0.125	50			6.67502e-05	-7.66671e-06	6.71898e-05	-6.546	-0.000595991	2.83123e-05	0.000596587	177.276	0.00014443	2.40655e-06	0.000144453	0.954	-2.032971e-11
0.1275	51			6.87768e-05	-7.3016e-06	6.91568e-05	-6.06	-0.000608031	2.84315e-05	0.000608627	177.324	0.000148059	1.8254e-06	0.000148074	0.708	-1.727233e-11
0.13	52			6.76219e-05	-7.74866e-06	6.80615e-05	-6.534	-0.000620369	2.99216e-05	0.000621084	177.24	0.000155875	1.78815e-06	0.000155889	0.66	-1.831938e-11
0.1325	53			6.69067e-05	-7.35375e-06	6.7309e-05	-6.27	-0.000629965	2.9862e-05	0.000630621	177.282	0.000152447	1.71364e-06	0.000152455	0.648	-1.358672e-11
0.135	54			6.85384e-05	-8.15099e-06	6.90226e-05	-6.78	-0.000642065	3.03985e-05	0.000642721	177.288	0.000165329	1.42307e-06	0.000165337	0.492	-2.234005e-11
0.1375	55			7.28969e-05	-8.01688e-06	7.33365e-05	-6.27	-0.000656072	2.99813e-05	0.000656668	177.384	0.000161217	1.54228e-06	0.000161224	0.552	-1.949207e-11
0.14	56			7.14068e-05	-7.33885e-06	7.17794e-05	-5.862	-0.000665549	3.09946e-05	0.000666205	177.33	0.000168995	1.15485e-06	0.000169002	0.39	-1.82775e-11
0.1425	57			7.13547e-05	-8.85135e-06	7.18986e-05	-7.068	-0.000677172	3.16503e-05	0.000677828	177.318	0.000174121	1.90736e-06	0.000174136	0.63	-1.614152e-11
0.145	58			7.47819e-05	-8.16589e-06	7.5229e-05	-6.228	-0.000690881	3.21867e-05	0.000691596	177.33	0.000172042	1.77325e-06	0.00017205	0.594	-2.049719e-11
0.1475	59			7.40071e-05	-9.38779e-06	7.46031e-05	-7.23	-0.000699583	3.35576e-05	0.000700299	177.252	0.000184567	1.1921e-06	0.000184567	0.372	-2.112543e-11
0.15	60			7.26138e-05	-8.59058e-06	7.31205e-05	-6.744	-0.000712339	3.36769e-05	0.000713114	177.294	0.000182421	1.75834e-06	0.000182451	0.558	-1.455002e-11
0.1525	61			7.81496e-05	-8.89605e-06	7.86562e-05	-6.492	-0.000723962	3.37961e-05	0.000724737	177.324	0.000189454	1.57953e-06	0.000189454	0.48	-2.137672e-11
0.155	62			7.21295e-05	-8.06159e-06	7.25766e-05	-6.378	-0.000734095	3.49286e-05	0.000734869	177.276	0.00019306	1.81795e-06	0.00019306	0.546	-1.739796e-11
0.1575	63			8.04369e-05	-1.02372e-05	8.10851e-05	-7.248	-0.000748876	3.55842e-05	0.000749651	177.276	0.000187785	1.31131e-06	0.000187785	0.402	-2.183747e-11
0.16	64			7.11908e-05	-9.06741e-06	7.17645e-05	-7.254	-0.000757042	3.59418e-05	0.000757877	177.276	0.000203759	1.78815e-06	0.000203759	0.51	-2.120925e-11
0.1625	65			8.25678e-05	-9.76032e-06	8.31415e-05	-6.738	-0.000772301	3.58226e-05	0.000773076	177.342	0.000187785	2.17558e-06	0.000187815	0.666	-1.798429e-11
0.165	66			6.9343e-05	-9.17917e-06	6.99465e-05	-7.536	-0.000780288	3.67763e-05	0.000781123	177.3	0.00021276	7.15259e-07	0.00021276	0.192	-1.840315e-11
0.1675	67			8.35066e-05	-9.96894e-06	8.41026e-05	-6.804	-0.000793103	3.79088e-05	0.000793938	177.258	0.000202359	1.75834e-06	0.000202359	0.498	-1.589022e-11
0.17	68			6.4217e-05	-9.29838e-06	6.48801e-05	-8.232	-0.000803117	3.79684e-05	0.000803951	177.294	0.000201018	1.31131e-06	0.000201018	0.378	-1.689539e-11
0.1725	69			8.34097e-05	-1.08034e-05	8.41026e-05	-7.38	-0.000815693	3.8326e-05	0.000816528	177.312	0.000225932	8.34469e-07	0.000225932	0.216	-1.974335e-11
0.175	70			6.27716e-05	-9.36544e-06	6.34645e-05	-8.478	-0.000828747	3.92797e-05	0.000829641	177.288	0.000203163	2.62262e-06	0.000203163	0.75	-2.280074e-11
0.1775	71			8.29254e-05	-1.04532e-05	8.35811e-05	-7.182	-0.000834409	3.93393e-05	0.000835303	177.3	0.000213147	1.37091e-06	0.000213147	0.378	-1.86963e-11
0.18	72			7.17645e-05	-1.0863e-05	7.2584e-05	-8.604	-0.000855986	4.11274e-05	0.00085694	177.246	0.000223608	1.57953e-06	0.000223608	0.408	-1.697919e-11
0.1825	73			6.58114e-05	-9.08232e-06	6.64373e-05	-7.854	-0.000855807	4.12466e-05	0.000856701	177.24	0.000222058	2.3544e-06	0.000222088	0.612	-2.158618e-11
0.185	74			8.93404e-05	-9.97639e-06	8.98917e-05	-6.372	-0.000872795	4.16043e-05	0.000873748	177.27	0.000212372	2.02657e-06	0.000212402	0.546	-2.133488e-11
0.1875	75			6.44107e-05	-1.00062e-05	6.51856e-05	-8.82	-0.000888173	4.14255e-05	0.000889067	177.33	0.00022331	1.31131e-06	0.00022331	0.336	-1.547139e-11
0.19	76			7.7412e-05	-1.05873e-05	7.81347e-05	-7.788	-0.000888947	4.21407e-05	0.000889901	177.288	0.000249567	1.31131e-06	0.000249567	0.306	-2.531367e-11
0.1925	77			8.14726e-05	-1.09226e-05	8.22027e-05	-7.632	-0.000910405	4.33924e-05	0.000911359	177.264	0.000217737	2.02657e-06	0.000217737	0.534	-1.68535e-11
0.195	78			5.87779e-05	-9.16427e-06	5.94857e-05	-8.856	-0.00091875	4.3154e-05	0.000919703	177.306	0.000220806	2.71203e-06	0.000220836	0.708	-2.548121e-11
0.1975	79			8.92361e-05	-1.14367e-05	8.99588e-05	-7.302	-0.000924949	4.36308e-05	0.000925783	177.3	0.000252726	1.78815e-06	0.000252726	0.408	-1.898945e-11
0.2	80			6.88587e-05	-1.16006e-05	6.98348e-05	-9.564	-0.000952367	4.57766e-05	0.00095344	177.246	0.000246199	2.65242e-06	0.000246229	0.624	-1.89895e-11
0.2025	81			5.82861e-05	-9.87953e-06	5.91206e-05	-9.612	-0.000950698	4.6015e-05	0.000951771	177.228	0.000221194	3.39748e-06	0.000221224	0.882	-1.756552e-11
0.205	82			9.08975e-05	-1.22265e-05	9.17171e-05	-7.656	-0.000957374	4.5419e-05	0.000958327	177.282	0.000241698	1.60933e-06	0.000241698	0.384	-1.446623e-11
0.2075	83			8.60621e-05	-1.1392e-05	8.68072e-05	-7.536	-0.000983484	4.72071e-05	0.000984438	177.246	0.000246378	2.59282e-06	0.000246378	0.612	-2.355468e-11
0.21	84			5.6051e-05	-9.5219e-06	5.68482e-05	-9.642	-0.000991829	4.74455e-05	0.000992782	177.258	0.000264468	1.60933e-06	0.000264468	0.348	-2.17537e-11
0.2125	85			7.68234e-05	-1.16602e-05	7.77026e-05	-8.628	-0.000988014	4.73263e-05	0.000988968	177.252	0.000253202	2.14578e-06	0.000253232	0.486	-1.769115e-11
0.215	86			9.73423e-05	-1.20476e-05	9.80799e-05	-7.056	-0.00101281	4.83992e-05	0.00101376	177.258	0.000249179	1.72854e-06	0.000249179	0.396	-2.091606e-11
0.2175	87			6.87619e-05	-1.12728e-05	6.96783e-05	-9.306	-0.00103224	4.91145e-05	0.00103331	177.276	0.000236631	2.29479e-06	0.000236661	0.558	-2.359652e-11
0.22	88			6.61393e-05	-1.245e-05	6.73016e-05	-10.656	-0.00102747	4.91145e-05	0.00102855	177.258	0.000263693	2.47361e-06	0.000263723	0.54	-2.141864e-11
0.2225	89			9.85493e-05	-1.33739e-05	9.94508e-05	-7.728	-0.00104118	5.09026e-05	0.00104237	177.198	0.000296893	8.64271e-07	0.000296893	0.168	-2.506237e-11
0.225	90			8.32011e-05	-1.23606e-05	8.41101e-05	-8.448	-0.00106324	5.14986e-05	0.00106431	177.222	0.00027463	1.2219e-06	0.00027463	0.258	-1.848691e-11
0.2275	91			6.12144e-05	-1.09077e-05	6.2183e-05	-10.104	-0.00107468	5.14986e-05	0.00107575	177.252	0.000248613	3.30807e-06	0.000248643	0.762	-1.693726e-11
0.23	92			6.88811e-05	-1.15112e-05	6.98348e-05	-9.486	-0.00106955	5.12602e-05	0.00107063	177.252	0.000242711	3.6061e-06	0.000242741	0.858	-1.999469e-11
0.2325	93			0.000109159	-1.4253e-05	0.000110083	-7.434	-0.00109208	5.24523e-05	0.00109328	177.246	0.000289263	1.75834e-06	0.000289263	0.354	-1.672787e-11
0.235	94			8.63452e-05	-1.27033e-05	8.72691e-05	-8.364	-0.0011139	5.38828e-05	0.00111509	177.228	0.000311675	1.1623e-06	0.000311675	0.216	-1.630904e-11
0.2375	95			6.339e-05	-1.18539e-05	6.44852e-05	-10.59	-0.00112165	5.47173e-05	0.00112284	177.204	0.000307353	1.1623e-06	0.000307353	0.222	-1.90314e-11
0.24	96			6.74506e-05	-1.09971e-05	6.83372e-05	-9.258	-0.00111581	5.38828e-05	0.00111712	177.228	0.000269266	3.6955e-06	0.000269296	0.786	-2.083229e-11
0.2425	97			0.000113182	-1.45734e-05	0.000114121	-7.338	-0.00113357	5.35252e-05	0.00113476	177.294	0.000269057	2.47361e-06	0.000269087	0.528	-2.405723e-11
0.245	98			0.00010375	-1.42009e-05	0.000104718	-7.794	-0.00115968	5.63862e-05	0.00116099	177.216	0.000272216	3.57629e-06	0.000272216	0.756	-2.363841e-11
0.2475	99			7.39698e-05	-1.29343e-05	7.50874e-05	-9.918	-0.00117315	5.72207e-05	0.00117446	177.204	0.000306578	2.17558e-06	0.000306578	0.408	-1.777494e-11
0.25	100			6.37774e-05	-1.26288e-05	6.50142e-05	-11.196	-0.00117422	5.71015e-05	0.00117553	177.216	0.000341894	-8.94074e-08	0.000341894	-0.012	-2.326147e-11
0.2525	101			8.59429e-05	-1.39401e-05	8.70605e-05	-9.21	-0.00116814	5.72207e-05	0.00116945	177.192	0.000341745	-1.1921e-07	0.000341745	-0.018	-1.794243e-11
0.255	102			0.000121952	-1.42605e-05	0.000122786	-6.672	-0.0011989	5.8532e-05	0.00120009	177.204	0.000313105	1.04309e-06	0.000313105	0.192	-1.501068e-11
0.2575	103			9.23728e-05	-1.36644e-05	9.33786e-05	-8.412	-0.00121868	5.92472e-05	0.00122	177.216	0.000274511	4.41077e-06	0.000274541	0.924	-1.932451e-11
0.26	104			7.36122e-05	-1.28002e-05	7.47223e-05	-9.864	-0.00123084	5.97241e-05	0.00123215	177.216	0.000270845	3.6955e-06	0.000270875	0.786	-2.062289e-11
0.2625	105			7.017e-05	-1.37017e-05	7.14962e-05	-11.046	-0.00123192	6.05586e-05	0.00123323	177.186	0.00030929	2.59282e-06	0.00030929	0.48	-2.024593e-11
0.265	106			0.000100375	-1.56463e-05	0.000101589	-8.856	-0.00122858	5.97241e-05	0.00122989	177.216	0.000360133	2.08617e-07	0.000360133	0.036	-1.601586e-11
0.2675	107			0.000128292	-1.54675e-05	0.000129216	-6.876	-0.00126255	6.16317e-05	0.00126398	177.204	0.000404092	-1.46032e-06	0.000404092	-0.204	-1.769115e-11
0.27	108			9.9801e-05	-1.52738e-05	0.000100956	-8.7	-0.00127722	6.28238e-05	0.00127865	177.18	0.000376167	9.23876e-07	0.000376167	0.144	-1.790056e-11
0.2725	109			8.2091e-05	-1.3575e-05	8.32085e-05	-9.39	-0.00128377	6.24661e-05	0.00128508	177.21	0.000314059	2.95044e-06	0.000314089	0.54	-1.886381e-11
0.275	110			7.90362e-05	-1.31503e-05	8.0124e-05	-9.444	-0.00129641	6.25853e-05	0.00129784	177.234	0.000289204	4.05314e-06	0.000289233	0.804	-2.070666e-11
0.2775	111			8.75895e-05	-1.38134e-05	8.86698e-05	-8.958	-0.00129176	6.22277e-05	0.00129319	177.24	0.000289144	4.7982e-06	0.000289174	0.954	-1.237211e-11
0.28	112			0.000134633	-1.65181e-05	0.000135639	-6.99	-0.00130773	6.42543e-05	0.00130916	177.186	0.00033194	3.12926e-06	0.00033197	0.546	-1.593213e-11
0.2825	113			0.000137226	-1.81795e-05	0.000138418	-7.548	-0.00133742	6.55656e-05	0.00133885	177.192	0.000388594	7.74864e-07	0.000388594	0.12	-2.376406e-11
0.285	114			0.000100606	-1.52738e-05	0.00010176	-8.634	-0.00134791	6.67577e-05	0.00134946	177.162	0.000412585	-2.3842e-07	0.000412585	-0.03	-1.773303e-11
0.2875	115			8.49073e-05	-1.4253e-05	8.60919e-05	-9.528	-0.00135959	6.62808e-05	0.00136114	177.204	0.00041789	-8.94073e-07	0.00041789	-0.12	-1.936644e-11
0.29	116			7.50651e-05	-1.43946e-05	7.6436e-05	-10.854	-0.00136555	6.68769e-05	0.0013671	177.192	0.00039375	2.98025e-08	0.00039375	0.006	-2.104172e-11
0.2925	117			8.96831e-05	-1.54973e-05	9.10093e-05	-9.804	-0.00135995	6.71153e-05	0.0013615	177.174	0.000339122	2.95044e-06	0.000339152	0.498	-2.13349e-11
0.295	118			0.000142262	-1.8716e-05	0.000143492	-7.494	-0.00137223	6.77113e-05	0.00137378	177.174	0.000328453	3.75511e-06	0.000328453	0.66	-2.556495e-11
0.2975	119			0.000150965	-1.86117e-05	0.000152105	-7.026	-0.00140739	6.83074e-05	0.00140894	177.222	0.000329496	3.15906e-06	0.000329496	0.552	-2.024592e-11
0.3	120			0.000120424	-1.66894e-05	0.000121579	-7.89	-0.0014155	6.92611e-05	0.00141705	177.198	0.000332268	3.48689e-06	0.000332298	0.606	-2.22563e-11
0.3025	121			9.83854e-05	-1.55346e-05	9.96073e-05	-8.97	-0.00142933	7.00955e-05	0.001431	177.186	0.000391634	1.54973e-06	0.000391634	0.228	-1.794242e-11
0.305	122			8.73138e-05	-1.49385e-05	8.85804e-05	-9.708	-0.00144041	7.22413e-05	0.00144208	177.126	0.000441791	-2.68223e-07	0.000441791	-0.03	-2.301014e-11
0.3075	123			0.000103854	-1.70843e-05	0.000105247	-9.336	-0.00145007	7.12876e-05	0.00145162	177.18	0.000454428	-5.36445e-07	0.000454428	-0.06	-2.087418e-11
0.31	124			0.000112981	-1.78145e-05	0.000114374	-8.958	-0.00144399	7.18837e-05	0.00144566	177.144	0.000453355	-1.1921e-06	0.000453355	-0.15	-1.991086e-11
0.3125	125			0.000148014	-1.95132e-05	0.000149288	-7.506	-0.00146294	7.20029e-05	0.00146461	177.18	0.000451149	-1.1921e-06	0.000451149	-0.144	-1.882197e-11
0.315	126			0.000137248	-1.89171e-05	0.000138544	-7.848	-0.00149191	7.33142e-05	0.00149358	177.186	0.000390174	1.78815e-06	0.000390174	0.27	-2.053917e-11
0.3175	127			0.000117302	-1.69353e-05	0.000118517	-8.214	-0.00149501	7.41486e-05	0.0014968	177.156	0.000341954	4.41077e-06	0.000342013	0.744	-1.827746e-11
0.32	128			0.000109189	-1.622e-05	0.000110388	-8.448	-0.00150419	7.29566e-05	0.00150586	177.222	0.000336112	3.75511e-06	0.000336112	0.642	-2.225634e-11
0.3225	129			0.000103824	-1.64063e-05	0.000105113	-8.976	-0.00151981	7.3791e-05	0.00152148	177.216	0.000340464	3.6955e-06	0.000340523	0.624	-2.296829e-11
0.325	130			0.000116334	-1.80678e-05	0.000117727	-8.826	-0.00153268	7.59368e-05	0.00153435	177.162	0.000380995	2.68222e-06	0.000380995	0.408	-2.028788e-11
0.3275	131			0.000123107	-1.8105e-05	0.000124433	-8.364	-0.00153638	7.62944e-05	0.00153816	177.156	0.000450017	-1.1921e-07	0.000450017	-0.006	-1.668602e-11
0.33	132			0.00015472	-2.04743e-05	0.000156061	-7.536	-0.00153614	7.67712e-05	0.00153793	177.138	0.00048906	-9.53682e-07	0.00048906	-0.108	-1.769114e-11
0.3325	133			0.000164599	-2.05637e-05	0.000165873	-7.122	-0.00156832	7.8321e-05	0.00157023	177.138	0.000492934	-7.15259e-07	0.000492934	-0.078	-2.01203e-11
0.335	134			0.000130356	-1.87756e-05	0.000131705	-8.196	-0.0015899	7.96323e-05	0.00159181	177.126	0.000469746	4.76841e-07	0.000469746	0.066	-2.020407e-11
0.3375	135			0.000103616	-1.78964e-05	0.000105151	-9.798	-0.00158788	7.85594e-05	0.00158966	177.168	0.000454428	6.55655e-07	0.000454428	0.084	-1.831937e-11
0.34	136			9.48911e-05	-1.76133e-05	9.65153e-05	-10.512	-0.00159384	7.97515e-05	0.00159574	177.132	0.000442507	1.2517e-06	0.000442507	0.162	-1.777489e-11
0.3425	137			0.000102267	-1.8254e-05	0.000103876	-10.122	-0.00160898	7.99899e-05	0.00161088	177.15	0.000410261	3.21867e-06	0.000410261	0.45	-2.120923e-11
0.345	138			0.000107132	-1.76133e-05	0.00010857	-9.33	-0.00161792	8.05859e-05	0.00161982	177.15	0.000392737	3.15906e-06	0.000392737	0.462	-2.028783e-11
0.3475	139			0.000117071	-1.86117e-05	0.000118539	-9.03	-0.00163282	8.03475e-05	0.00163461	177.18	0.00039226	2.98025e-06	0.00039226	0.444	-1.463376e-11
0.35	140			0.000147873	-1.99304e-05	0.000149206	-7.674	-0.00163592	8.13012e-05	0.00163782	177.15	0.000388922	4.35117e-06	0.000388982	0.648	-2.422474e-11
0.3525	141			0.000186251	-2.24562e-05	0.000187599	-6.876	-0.0016501	8.05859e-05	0.00165201	177.204	0.000416996	1.43052e-06	0.000416996	0.198	-1.584834e-11
0.355	142			0.000160606	-2.18899e-05	0.000162088	-7.758	-0.0016799	8.24933e-05	0.00168181	177.186	0.000447037	2.20539e-06	0.000447037	0.288	-1.999471e-11
0.3575	143			0.000122779	-1.97591e-05	0.000124359	-9.138	-0.00169314	8.45199e-05	0.00169516	177.138	0.000475051	9.53682e-07	0.000475051	0.114	-1.806809e-11
0.36	144			0.000103109	-1.94685e-05	0.000104927	-10.692	-0.00169242	8.45199e-05	0.00169445	177.138	0.000484588	1.1325e-06	0.000484588	0.132	-1.78168e-11
0.3625	145			0.000109785	-1.85446e-05	0.000111342	-9.588	-0.00169397	8.52351e-05	0.001696	177.114	0.000499669	4.76841e-07	0.000499669	0.06	-2.196305e-11
0.365	146			0.000132033	-1.999e-05	0.000133538	-8.61	-0.0017109	8.54735e-05	0.00171293	177.138	0.000505272	0.0	0.000505272	0.0	-2.074857e-11
0.3675	147			0.000147165	-2.16515e-05	0.000148752	-8.37	-0.00172854	8.53543e-05	0.00173057	177.174	0.000503305	-6.55655e-07	0.000503305	-0.066	-1.810997e-11
0.37	148			0.000127123	-1.93493e-05	0.000128591	-8.652	-0.00174225	8.82153e-05	0.0017444	177.102	0.000504974	-8.34469e-07	0.000504974	-0.096	-2.087421e-11
0.3725	149			0.000136741	-2.0519e-05	0.000138269	-8.532	-0.00175358	8.78577e-05	0.00175572	177.132	0.000501756	-7.74864e-07	0.000501756	-0.09	-2.489486e-11
0.375	150			0.000154943	-2.16143e-05	0.000156441	-7.938	-0.00174952	8.78577e-05	0.00175155	177.126	0.000488164	4.76841e-07	0.000488164	0.06	-2.355462e-11
0.3775	151			0.000166186	-2.17037e-05	0.000167594	-7.44	-0.00176776	8.88114e-05	0.00176991	177.12	0.000463666	2.20539e-06	0.000463666	0.276	-2.418282e-11
0.38	152			0.000144796	-2.18005e-05	0.000146427	-8.562	-0.00179578	8.97651e-05	0.00179792	177.138	0.000397922	4.11275e-06	0.000397922	0.6	-2.280075e-11
0.3825	153			0.000102625	-1.88128e-05	0.000104338	-10.386	-0.00181175	8.89306e-05	0.00181366	177.186	0.000361444	6.91417e-06	0.000361504	1.098	-1.844502e-11
0.385	154			9.9719e-05	-1.95653e-05	0.000101619	-11.1	-0.00181151	9.01227e-05	0.00181342	177.15	0.000370683	7.15259e-06	0.000370743	1.11	-1.798434e-11
0.3875	155			0.000106335	-1.961e-05	0.000108131	-10.446	-0.00181151	8.96459e-05	0.00181342	177.168	0.00041032	5.00682e-06	0.00041038	0.708	-1.647658e-11
0.39	156			0.000114784	-2.09661e-05	0.000116684	-10.35	-0.00181413	9.15532e-05	0.00181628	177.108	0.000484468	2.20539e-06	0.000484468	0.264	-2.259135e-11
0.3925	157			0.000139647	-2.1808e-05	0.000141338	-8.874	-0.00183631	9.32221e-05	0.00183845	177.09	0.000545684	1.1921e-07	0.000545684	0.012	-1.865441e-11
0.395	158			0.000153014	-2.1957e-05	0.000154578	-8.166	-0.00185562	9.41758e-05	0.00185753	177.09	0.000571314	-1.2517e-06	0.000571314	-0.12	-1.727232e-11
0.3975	159			0.000163578	-2.31044e-05	0.000165195	-8.034	-0.00187207	9.53679e-05	0.00187422	177.078	0.000586275	-2.20539e-06	0.000586275	-0.21	-1.727235e-11
0.4	160			0.000187964	-2.41102e-05	0.000189514	-7.308	-0.00189067	9.63216e-05	0.00189281	177.084	0.000593964	-2.26499e-06	0.000593964	-0.216	-1.852875e-11
0.4025	161			0.000199468	-2.53917e-05	0.000201077	-7.254	-0.00189329	9.60832e-05	0.00189567	177.09	0.000577394	-1.1325e-06	0.000577394	-0.108	-2.221445e-11
0.405	162			0.00021267	-2.66434e-05	0.000214339	-7.134	-0.00190664	9.67984e-05	0.00190903	177.09	0.000552658	-2.3842e-07	0.000552658	-0.018	-1.806812e-11
0.4075	163			0.000171692	-2.51235e-05	0.00017351	-8.316	-0.00192428	9.70368e-05	0.00192667	177.108	0.000509862	1.31131e-06	0.000509862	0.15	-1.572269e-11
0.41	164			0.000109315	-2.25605e-05	0.00011161	-11.652	-0.00194217	9.79905e-05	0.00194431	177.114	0.00046319	3.57629e-06	0.00046319	0.45	-1.593211e-11
0.4125	165			7.19433e-05	-1.97293e-05	7.45957e-05	-15.318	-0.00195146	9.72752e-05	0.00195386	177.144	0.000457766	3.6359e-06	0.000457766	0.456	-1.974336e-11
0.415	166			7.45659e-05	-1.97889e-05	7.71587e-05	-14.856	-0.00194979	9.89442e-05	0.00195218	177.096	0.000477375	4.41077e-06	0.000477435	0.534	-1.660224e-11
0.4175	167			8.13906e-05	-2.00869e-05	8.38344e-05	-13.848	-0.00194932	9.87058e-05	0.0019517	177.096	0.000468256	4.94721e-06	0.000468316	0.612	-1.781681e-11
0.42	168			8.04369e-05	-1.8865e-05	8.26423e-05	-13.182	-0.00195003	9.82289e-05	0.00195218	177.114	0.000443162	6.37773e-06	0.000443162	0.828	-2.183748e-11
0.4225	169			0.000118793	-2.14876e-05	0.0001207	-10.242	-0.00195862	9.9421e-05	0.00196077	177.09	0.000443639	6.19891e-06	0.000443699	0.804	-2.326147e-11
0.425	170			0.000167281	-2.42592e-05	0.00016904	-8.244	-0.00198509	9.91826e-05	0.00198723	177.132	0.000475468	3.93394e-06	0.000475468	0.48	-1.396364e-11
0.4275	171			0.000215025	-2.6703e-05	0.000216694	-7.074	-0.00200845	0.000100375	0.0020106	177.132	0.000515226	2.56301e-06	0.000515226	0.288	-1.949213e-11
0.43	172			0.000245424	-2.86401e-05	0.000247093	-6.648	-0.00202729	0.000102044	0.00202967	177.114	0.000553254	5.9605e-07	0.000553254	0.066	-2.192121e-11
0.4325	173			0.000271292	-3.00409e-05	0.000272961	-6.312	-0.00204755	0.000104428	0.00205018	177.078	0.000621442	-2.62262e-06	0.000621442	-0.24	-1.974336e-11
0.435	174			0.000250461	-2.86998e-05	0.0002521	-6.534	-0.00205375	0.000104189	0.00205638	177.09	0.00064135	-2.3246e-06	0.00064135	-0.204	-2.01622e-11
0.4375	175			0.000226171	-2.82527e-05	0.000227929	-7.116	-0.00206377	0.000106097	0.00206615	177.054	0.00062472	-2.56301e-06	0.00062472	-0.234	-1.798436e-11
0.44	176			0.000216753	-2.81633e-05	0.000218541	-7.398	-0.00207521	0.000105858	0.00207759	177.078	0.000596408	-4.76841e-07	0.000596408	-0.042	-2.263327e-11
0.4425	177			0.000174345	-2.61964e-05	0.000176311	-8.538	-0.00209071	0.000106574	0.00209309	177.078	0.000535253	2.3842e-06	0.000535253	0.258	-2.125114e-11
0.445	178			0.000126542	-2.38718e-05	0.000128747	-10.68	-0.0021074	0.000106574	0.00211002	177.102	0.000472369	5.84128e-06	0.000472428	0.714	-2.418289e-11
0.4475	179			8.68742e-05	-2.13386e-05	8.9467e-05	-13.782	-0.00211169	0.000106335	0.00211407	177.114	0.000441851	7.56982e-06	0.00044197	0.984	-1.706293e-11
0.45	180			6.52377e-05	-2.05041e-05	6.8367e-05	-17.43	-0.00211097	0.000106812	0.00211336	177.096	0.000440838	7.51021e-06	0.000440897	0.978	-2.33452e-11
0.4525	181			8.84836e-05	-2.19942e-05	9.11658e-05	-13.938	-0.00211097	0.000106812	0.00211336	177.096	0.000482442	5.30484e-06	0.000482501	0.636	-2.120922e-11
0.455	182			0.000101626	-2.21432e-05	0.000104011	-12.282	-0.00211073	0.00010705	0.00211336	177.096	0.000545327	2.92064e-06	0.000545327	0.306	-2.246575e-11
0.4575	183			9.83481e-05	-2.19048e-05	0.000100762	-12.546	-0.00211264	0.000106097	0.00211503	177.12	0.000614468	-5.96051e-08	0.000614468	-0.006	-2.460169e-11
0.46	184			0.000107646	-2.31565e-05	0.00011012	-12.138	-0.00212695	0.000108243	0.00212933	177.084	0.000663284	-1.72854e-06	0.000663284	-0.144	-1.760734e-11
0.4625	185			0.000153006	-2.6405e-05	0.000155271	-9.78	-0.0021639	0.000111104	0.00216652	177.06	0.000699285	-4.52998e-06	0.000699285	-0.366	-2.355463e-11
0.465	186			0.000188769	-2.70606e-05	0.000190676	-8.148	-0.00218321	0.000111819	0.00218584	177.066	0.000702206	-2.92064e-06	0.000702206	-0.234	-1.936646e-11
0.4675	187			0.000206233	-2.81335e-05	0.000208111	-7.764	-0.00219943	0.000112534	0.00220181	177.066	0.000678662	-2.80143e-06	0.000678662	-0.234	-2.179564e-11
0.47	188			0.000222267	-2.92064e-05	0.000224174	-7.482	-0.00221564	0.000113965	0.0022185	177.048	0.000655357	-2.68222e-06	0.000655357	-0.234	-2.263322e-11
0.4725	189			0.000236631	-2.98024e-05	0.000238479	-7.176	-0.00222804	0.000114203	0.0022309	177.06	0.000611667	1.78815e-06	0.000611667	0.174	-2.213064e-11
0.475	190			0.000230999	-2.98024e-05	0.000232906	-7.35	-0.00223877	0.000113965	0.00224139	177.078	0.000559632	2.74183e-06	0.000559632	0.282	-1.848691e-11
0.4775	191			0.000219078	-2.92958e-05	0.000221045	-7.614	-0.00224806	0.000114441	0.00225092	177.078	0.000544611	3.21867e-06	0.000544611	0.342	-2.037165e-11
0.48	192			0.000183881	-2.80441e-05	0.000185997	-8.664	-0.00225665	0.000114918	0.00225951	177.084	0.000527982	4.23196e-06	0.000528041	0.462	-2.137677e-11
0.4825	193			0.000195057	-2.82527e-05	0.000197084	-8.238	-0.00227167	0.00011468	0.00227429	177.108	0.000488523	6.55654e-06	0.000488583	0.774	-2.179558e-11
0.485	194			0.000153185	-2.69116e-05	0.000155539	-9.96	-0.00229336	0.000117064	0.00229599	177.078	0.000449063	9.05996e-06	0.000449123	1.158	-1.76074e-11
0.4875	195			0.000100852	-2.36632e-05	0.000103593	-13.194	-0.0023029	0.000117779	0.00230552	177.072	0.000469448	9.11957e-06	0.000469567	1.116	-2.120926e-11
0.49	196			7.34632e-05	-2.22326e-05	7.67414e-05	-16.836	-0.00230242	0.000117779	0.00230528	177.072	0.00050265	6.97377e-06	0.00050265	0.804	-2.162807e-11
0.4925	197			6.0946e-05	-2.19942e-05	6.47609e-05	-19.818	-0.00230242	0.000117302	0.00230505	177.078	0.000513319	7.21219e-06	0.000513379	0.81	-2.166997e-11
0.495	198			0.000114918	-2.55407e-05	0.00011772	-12.516	-0.00230242	0.000117779	0.00230505	177.072	0.000525896	6.0797e-06	0.000525896	0.666	-1.756551e-11
0.4975	199			0.000174583	-2.87892e-05	0.000176937	-9.354	-0.00230242	0.000118256	0.00230505	177.06	0.000558559	4.58959e-06	0.000558618	0.474	-2.137679e-11
0.5	200			0.000163109	-2.69712e-05	0.000165314	-9.384	-0.00230171	0.000118733	0.00230433	177.042	0.000581805	4.11275e-06	0.000581805	0.408	-2.158617e-11
0.5025	201			0.000210018	-2.96236e-05	0.000212104	-8.022	-0.00230457	0.000118971	0.00230743	177.042	0.000597421	2.80143e-06	0.000597421	0.27	-2.409906e-11
0.505	202			0.000230522	-3.16205e-05	0.000232668	-7.806	-0.00233604	0.000121117	0.0023389	177.024	0.000620905	2.02657e-06	0.000620905	0.192	-2.493674e-11
0.5075	203			0.000293138	-3.46007e-05	0.000295164	-6.732	-0.00238849	0.000124217	0.00239135	177.018	0.000693444	-1.1921e-06	0.000693444	-0.096	-2.166994e-11
0.51	204			0.000307323	-3.60014e-05	0.00030941	-6.678	-0.0024059	0.000124217	0.002409	177.042	0.000777368	-4.94721e-06	0.000777368	-0.36	-1.869629e-11
0.5125	205			0.000284346	-3.40941e-05	0.000286372	-6.834	-0.00241782	0.000124932	0.00242068	177.042	0.000837211	-8.04669e-06	0.00083727	-0.546	-1.513637e-11
0.515	206			0.000269832	-3.42431e-05	0.000271978	-7.224	-0.00243379	0.000125648	0.00243665	177.042	0.00089759	-9.00036e-06	0.00089759	-0.576	-2.234004e-11
0.5175	207			0.000228764	-3.2604e-05	0.000231058	-8.106	-0.00245	0.000126601	0.0024531	177.042	0.000860337	-7.92748e-06	0.000860397	-0.528	-1.618341e-11
0.52	208			0.000201554	-3.12033e-05	0.000203938	-8.796	-0.00245477	0.000127555	0.00245787	177.024	0.000798527	-4.05314e-06	0.000798527	-0.288	-2.179556e-11
0.5225	209			0.000192226	-3.20079e-05	0.000194878	-9.45	-0.00245763	0.000127316	0.00246073	177.036	0.000758413	-2.92064e-06	0.000758413	-0.216	-1.982714e-11
0.525	210			0.000205399	-3.25146e-05	0.000207932	-8.988	-0.00246073	0.00012684	0.00246383	177.048	0.000736717	-1.78815e-06	0.000736717	-0.138	-2.146054e-11
0.5275	211			0.000197441	-3.14715e-05	0.000199915	-9.048	-0.00246574	0.000126363	0.0024686	177.066	0.000685994	-2.3842e-07	0.000685994	-0.018	-1.965964e-11
0.53	212			0.000176759	-3.04581e-05	0.000179351	-9.768	-0.0024779	0.000127316	0.002481	177.054	0.000609938	4.29156e-06	0.000609938	0.408	-1.580648e-11
0.5325	213			0.00013587	-2.79249e-05	0.000138701	-11.61	-0.00250627	0.000128032	0.00250937	177.072	0.000550512	5.66247e-06	0.000550572	0.588	-2.234006e-11
0.535	214			9.05995e-05	-2.6107e-05	9.42652e-05	-16.068	-0.00252749	0.000130416	0.00253059	177.042	0.000533227	8.16589e-06	0.000533286	0.882	-1.73561e-11
0.5375	215			8.62186e-05	-2.58685e-05	9.00333e-05	-16.692	-0.00253202	0.000131131	0.00253512	177.036	0.000534598	8.2851e-06	0.000534657	0.894	-2.502049e-11
0.54	216			9.61726e-05	-2.53917e-05	9.94508e-05	-14.784	-0.00253226	0.000131131	0.00253536	177.03	0.000534359	8.58313e-06	0.000534419	0.924	-1.752362e-11
0.5425	217			4.86078e-05	-2.24413e-05	5.35252e-05	-24.762	-0.0025325	0.000130416	0.0025356	177.048	0.0005312	8.58313e-06	0.00053126	0.93	-2.171181e-11
0.545	218			0.000101567	-2.48255e-05	0.000104577	-13.716	-0.0025325	0.000129939	0.0025356	177.06	0.00052077	8.94075e-06	0.000520829	0.99	-1.59321e-11
0.5475	219			0.000122816	-2.6107e-05	0.000125588	-11.994	-0.00253202	0.000129939	0.00253512	177.06	0.000519101	8.88115e-06	0.00051916	0.984	-1.869633e-11
0.55	220			0.00017503	-3.02495e-05	0.000177653	-9.804	-0.00253202	0.000129224	0.00253512	177.078	0.000526492	7.74866e-06	0.000526551	0.846	-2.012034e-11
0.5525	221			0.000241757	-3.33788e-05	0.000244022	-7.86	-0.00253202	0.000131846	0.00253512	177.018	0.000566188	6.43733e-06	0.000566248	0.654	-1.99947e-11
0.555	222			0.000335934	-3.88923e-05	0.000338199	-6.6	-0.00253178	0.000132085	0.00253512	177.012	0.000622455	4.52998e-06	0.000622455	0.414	-1.898946e-11
0.5575	223			0.000370027	-4.12168e-05	0.000372292	-6.354	-0.0025499	0.000134469	0.002553	176.976	0.000687543	1.31131e-06	0.000687543	0.114	-1.496886e-11
0.56	224			0.000349613	-3.93989e-05	0.000351818	-6.432	-0.00261785	0.00013733	0.00262119	176.994	0.000750069	-1.01329e-06	0.000750069	-0.078	-1.727233e-11
0.5625	225			0.00039077	-4.24387e-05	0.000393065	-6.198	-0.00266053	0.000140191	0.00266387	176.982	0.000801984	-2.68222e-06	0.000801984	-0.186	-2.04554e-11
0.565	226			0.00041637	-4.41673e-05	0.000418724	-6.054	-0.00266553	0.000141383	0.00266911	176.964	0.000822786	-3.03985e-06	0.000822786	-0.21	-2.066478e-11
0.5675	227			0.000390442	-4.32136e-05	0.000392826	-6.312	-0.00267173	0.000139953	0.00267507	177.0	0.000799004	-2.4438e-06	0.000799004	-0.174	-2.225627e-11
0.57	228			0.000365319	-4.23493e-05	0.000367763	-6.612	-0.00268222	0.000140668	0.00268556	176.994	0.000745121	9.53682e-07	0.000745121	0.072	-1.945025e-11
0.5725	229			0.000315251	-3.91307e-05	0.000317665	-7.074	-0.00269772	0.000141145	0.0027013	177.0	0.000692908	2.50341e-06	0.000692908	0.21	-1.702103e-11
0.575	230			0.000269743	-3.66571e-05	0.000272216	-7.734	-0.00271203	0.000143052	0.0027156	176.976	0.000693444	2.86104e-06	0.000693444	0.234	-1.777493e-11
0.5775	231			0.000267388	-3.75512e-05	0.000270011	-7.992	-0.00271513	0.000142337	0.00271846	176.994	0.000734273	1.37091e-06	0.000734273	0.108	-1.731417e-11
0.58	232			0.000260027	-3.76406e-05	0.000262739	-8.232	-0.00271536	0.000142575	0.0027187	176.994	0.000757519	4.17234e-07	0.000757519	0.03	-1.756552e-11
0.5825	233			0.000256481	-3.71637e-05	0.000259163	-8.244	-0.00271823	0.000142575	0.00272156	176.994	0.000770513	3.5763e-07	0.000770513	0.03	-1.794244e-11
0.585	234			0.000241281	-3.57928e-05	0.000243903	-8.436	-0.00272156	0.000141622	0.00272514	177.018	0.000777368	-1.07289e-06	0.000777368	-0.078	-2.112546e-11
0.5875	235			0.00023535	-3.63889e-05	0.000238151	-8.784	-0.00272872	0.000142337	0.00273229	177.012	0.000794057	-2.3842e-07	0.000794057	-0.012	-1.68535e-11
0.59	236			0.000177444	-3.29616e-05	0.000180484	-10.518	-0.00275113	0.000143529	0.00275446	177.012	0.000820581	-1.2517e-06	0.000820581	-0.084	-1.890574e-11
0.5925	237			0.000119567	-3.00409e-05	0.000123293	-14.094	-0.00278808	0.000145198	0.00279166	177.018	0.000817243	1.1921e-07	0.000817243	0.012	-1.852882e-11
0.595	238			7.17049e-05	-2.77163e-05	7.68607e-05	-21.132	-0.00280835	0.000146628	0.00281216	177.006	0.000795905	5.36445e-07	0.000795905	0.042	-1.878009e-11
0.5975	239			5.67439e-05	-2.64944e-05	6.26151e-05	-25.02	-0.00281407	0.000147344	0.00281765	177.0	0.000774387	1.1325e-06	0.000774387	0.084	-1.848691e-11
0.6	240			2.83794e-05	-2.43635e-05	3.74021e-05	-40.638	-0.00281264	0.00014639	0.00281622	177.018	0.000755791	1.96697e-06	0.000755791	0.15	-1.911515e-11
0.6025	241			8.0884e-05	-2.74928e-05	8.54288e-05	-18.768	-0.00281359	0.000144959	0.00281693	177.048	0.000737552	2.74183e-06	0.000737552	0.216	-2.099982e-11
0.605	242			0.000133761	-3.03612e-05	0.000137159	-12.786	-0.00281431	0.000145436	0.00281788	177.036	0.000712518	2.68222e-06	0.000712518	0.222	-1.907331e-11
0.6075	243			0.00019017	-3.31628e-05	0.000193038	-9.888	-0.00281288	0.000144483	0.00281622	177.054	0.000695471	3.27827e-06	0.000695471	0.27	-2.037159e-11
0.61	244			0.000263007	-3.81472e-05	0.000265779	-8.25	-0.00281312	0.000145913	0.00281669	177.03	0.000669781	5.78168e-06	0.000669841	0.498	-1.76074e-11
0.6125	245			0.000254901	-3.76704e-05	0.000257643	-8.4	-0.00281407	0.000145913	0.00281765	177.03	0.000695471	3.81473e-06	0.000695471	0.318	-1.685352e-11
0.615	246			0.000246646	-3.72233e-05	0.000249417	-8.58	-0.00281335	0.00014782	0.00281693	176.994	0.000757817	2.02657e-06	0.000757817	0.156	-2.23401e-11
0.6175	247			0.000243426	-3.72233e-05	0.000246258	-8.694	-0.00281288	0.000148297	0.00281645	176.976	0.000804905	-1.78815e-07	0.000804905	-0.012	-2.133484e-11
0.62	248			0.00028366	-3.96075e-05	0.000286432	-7.944	-0.00281312	0.000149251	0.00281693	176.964	0.000900213	-4.41077e-06	0.000900213	-0.282	-1.995279e-11
0.6225	249			0.000338526	-4.12764e-05	0.00034103	-6.948	-0.00282027	0.000149966	0.00282408	176.952	0.000929359	-4.7684e-06	0.000929359	-0.288	-2.070666e-11
0.625	250			0.000374289	-4.37798e-05	0.000376852	-6.666	-0.00287844	0.000153781	0.00288226	176.94	0.000914816	-4.29156e-06	0.000914816	-0.27	-2.108363e-11
0.6275	251			0.000427695	-4.77734e-05	0.000430347	-6.372	-0.00295092	0.000158072	0.00295497	176.934	0.000912312	-3.93394e-06	0.000912312	-0.246	-2.179561e-11
0.63	252			0.000457885	-5.02469e-05	0.000460627	-6.258	-0.00297619	0.000159503	0.00298025	176.928	0.0008961	-3.21867e-06	0.0008961	-0.204	-1.743988e-11
0.6325	253			0.000446321	-4.89953e-05	0.000449004	-6.258	-0.00298001	0.000159503	0.0029843	176.934	0.000835542	2.3842e-07	0.000835542	0.024	-2.229816e-11
0.635	254			0.000423374	-4.75647e-05	0.000425996	-6.408	-0.00298001	0.000157119	0.00298406	176.976	0.000736002	4.17235e-06	0.000736002	0.33	-2.242387e-11
0.6375	255			0.000384631	-4.55382e-05	0.000387372	-6.75	-0.0029843	0.000156642	0.00298811	176.994	0.000636462	9.41759e-06	0.000636581	0.858	-2.531367e-11
0.64	256			0.000322046	-4.24387e-05	0.000324788	-7.5	-0.00299002	0.000158311	0.00299408	176.964	0.000590567	1.15634e-05	0.000590686	1.134	-1.911513e-11
0.6425	257			0.000314953	-4.17831e-05	0.000317695	-7.548	-0.00300528	0.000158311	0.0030091	176.982	0.000569586	1.22786e-05	0.000569705	1.242	-1.656034e-11
0.645	258			0.000322165	-4.26176e-05	0.000324966	-7.524	-0.00302006	0.00015998	0.00302412	176.964	0.000604395	1.09673e-05	0.000604514	1.044	-2.007841e-11
0.6475	259			0.000353755	-4.54786e-05	0.000356676	-7.32	-0.00302984	0.00016141	0.00303389	176.946	0.000704054	8.10629e-06	0.000704173	0.66	-2.016217e-11
0.65	260			0.000360729	-4.57766e-05	0.00036365	-7.23	-0.00303198	0.000162364	0.00303604	176.934	0.00078905	3.09946e-06	0.00078905	0.234	-2.263325e-11
0.6525	261			0.000321629	-4.38096e-05	0.000324609	-7.746	-0.00303437	0.000163079	0.00303842	176.922	0.000844363	1.31131e-06	0.000844363	0.09	-2.21725e-11
0.655	262			0.000333609	-4.44653e-05	0.00033653	-7.59	-0.00303794	0.000162602	0.003042	176.934	0.000864867	9.53682e-07	0.000864867	0.066	-2.003652e-11
0.6575	263			0.000326993	-4.44057e-05	0.000329973	-7.734	-0.00304224	0.000163318	0.00304629	176.922	0.000863794	4.76841e-07	0.000863794	0.036	-2.242382e-11
0.66	264			0.00031543	-4.43461e-05	0.000318529	-7.998	-0.00304724	0.000163318	0.0030513	176.928	0.000846747	1.31131e-06	0.000846747	0.096	-2.137681e-11
0.6625	265			0.000252785	-4.00546e-05	0.000255944	-9.0	-0.00306346	0.000164271	0.00306751	176.928	0.000824574	2.86104e-06	0.000824574	0.198	-2.187937e-11
0.665	266			0.000211121	-3.773e-05	0.000214458	-10.122	-0.0031078	0.000165463	0.00311185	176.952	0.000787143	3.57629e-06	0.000787143	0.264	-2.012031e-11
0.6675	267			0.000168444	-3.60014e-05	0.000172258	-12.06	-0.00314762	0.000167132	0.00315191	176.958	0.000752095	6.43733e-06	0.000752095	0.498	-2.162806e-11
0.67	268			0.000131131	-3.46901e-05	0.000135601	-14.802	-0.00316311	0.000168563	0.00316741	176.946	0.000733022	7.03338e-06	0.000733141	0.552	-1.961774e-11
0.6725	269			3.40345e-05	-2.73885e-05	4.36606e-05	-38.802	-0.00316383	0.000167132	0.00316812	176.97	0.00073028	8.10629e-06	0.00073028	0.642	-1.945018e-11
0.675	270			2.03029e-05	-2.73065e-05	3.40196e-05	-53.364	-0.00316526	0.000166179	0.00316931	176.994	0.000731353	5.84128e-06	0.000731353	0.462	-1.790058e-11
0.6775	271			0.000109122	-3.16801e-05	0.000113629	-16.188	-0.00316478	0.000167609	0.00316907	176.97	0.000735525	5.36445e-06	0.000735525	0.426	-1.630904e-11
0.68	272			0.000112795	-3.21346e-05	0.000117288	-15.9	-0.00316431	0.000167371	0.0031686	176.97	0.000748876	4.7684e-06	0.000748876	0.366	-2.028789e-11
0.6825	273			0.000121221	-3.16652e-05	0.000125282	-14.64	-0.00316502	0.000167132	0.00316907	176.976	0.000809316	3.09946e-06	0.000809316	0.228	-2.19631e-11
0.685	274			0.000134909	-3.3878e-05	0.000139096	-14.094	-0.00316454	0.000166894	0.0031686	176.976	0.000906471	-2.50341e-06	0.000906471	-0.15	-1.752363e-11
0.6875	275			0.000139774	-3.46976e-05	0.000144013	-13.938	-0.00316502	0.000166894	0.00316907	176.982	0.000985868	-5.00682e-06	0.000985868	-0.288	-2.003659e-11
0.69	276			0.000163385	-3.62846e-05	0.000167363	-12.516	-0.00316407	0.000167371	0.00316836	176.97	0.000999339	-4.17235e-06	0.000999339	-0.234	-1.844504e-11
0.6925	277			0.000210703	-3.82962e-05	0.000214131	-10.296	-0.00316431	0.000167609	0.0031686	176.964	0.00102235	-5.84128e-06	0.00102235	-0.318	-2.116734e-11
0.695	278			0.000316324	-4.49719e-05	0.000319513	-8.088	-0.00316431	0.000168801	0.0031686	176.946	0.0010382	-6.31812e-06	0.0010382	-0.342	-2.125114e-11
0.6975	279			0.000377269	-4.89058e-05	0.000380429	-7.38	-0.00316383	0.000169755	0.00316812	176.928	0.00103784	-5.48366e-06	0.00103784	-0.3	-1.731422e-11
0.7	280			0.000425162	-5.15583e-05	0.000428291	-6.912	-0.00316335	0.000169755	0.00316741	176.922	0.00103641	-5.60287e-06	0.00103641	-0.306	-1.97015e-11
0.7025	281			0.000443639	-5.23331e-05	0.000446739	-6.726	-0.00316383	0.000169755	0.00316812	176.922	0.001027	-4.88761e-06	0.001027	-0.27	-2.208877e-11
0.705	282			0.000427784	-5.22735e-05	0.000431003	-6.966	-0.00316645	0.00017047	0.00317074	176.916	0.00104416	-5.12603e-06	0.00104416	-0.276	-1.75655e-11
0.7075	283			0.00050414	-5.74591e-05	0.000507418	-6.498	-0.00320531	0.000172139	0.00320961	176.922	0.00105954	-7.51021e-06	0.00105954	-0.402	-1.810999e-11
0.71	284			0.000461521	-5.54922e-05	0.000464858	-6.852	-0.00329949	0.000176908	0.00330402	176.928	0.00104678	-7.86787e-06	0.00104678	-0.432	-1.94083e-11
0.7125	285			0.000439407	-5.50153e-05	0.000442864	-7.128	-0.00336243	0.00017953	0.00336696	176.94	0.00103617	-5.96049e-06	0.00103617	-0.324	-1.718857e-11
0.715	286			0.000500504	-5.79359e-05	0.000503842	-6.6	-0.00337745	0.000180722	0.00338198	176.934	0.00101984	-4.7684e-06	0.00101984	-0.264	-1.752363e-11
0.7175	287			0.000504557	-5.85916e-05	0.000507955	-6.618	-0.00337698	0.000181437	0.00338151	176.922	0.000978835	-2.98025e-06	0.000978835	-0.168	-2.418286e-11
0.72	288			0.000487389	-5.6565e-05	0.000490669	-6.618	-0.00337578	0.000181914	0.00338031	176.916	0.000943188	-2.3842e-07	0.000943188	-0.006	-2.133491e-11
0.7225	289			0.000417294	-5.29292e-05	0.000420632	-7.224	-0.00337674	0.00018263	0.00338151	176.904	0.000922922	2.14578e-06	0.000922922	0.138	-1.748175e-11
0.725	290			0.00035912	-4.94721e-05	0.000362577	-7.836	-0.00337698	0.000182153	0.00338174	176.91	0.000915531	2.50341e-06	0.000915531	0.156	-1.601591e-11
0.7275	291			0.00035149	-4.8876e-05	0.000354828	-7.914	-0.00338031	0.000183106	0.00338508	176.898	0.000910763	2.02657e-06	0.000910763	0.132	-2.016223e-11
0.73	292			0.000315072	-4.65515e-05	0.000318529	-8.4	-0.00338747	0.00018263	0.00339223	176.91	0.000903133	3.57629e-06	0.000903133	0.234	-2.388968e-11
0.7325	293			0.000342431	-4.89356e-05	0.000345888	-8.13	-0.00339843	0.000184537	0.0034032	176.892	0.000898127	2.50341e-06	0.000898127	0.168	-2.162808e-11
0.735	294			0.000340464	-4.91145e-05	0.00034398	-8.202	-0.00341345	0.000184537	0.00341822	176.904	0.000897769	3.57629e-06	0.000897769	0.228	-1.542953e-11
0.7375	295			0.000356736	-5.04854e-05	0.000360312	-8.052	-0.00342514	0.000186206	0.0034299	176.886	0.000899795	2.3842e-06	0.000899795	0.156	-1.802623e-11
0.74	296			0.000341179	-4.95317e-05	0.000344755	-8.256	-0.00343205	0.000185729	0.00343682	176.898	0.000904206	1.90736e-06	0.000904206	0.12	-1.59321e-11
0.7425	297			0.000375571	-5.07834e-05	0.000378968	-7.698	-0.00343563	0.000186206	0.00344039	176.898	0.000899676	3.09946e-06	0.000899676	0.198	-2.104172e-11
0.745	298			0.000412347	-5.33464e-05	0.000415804	-7.368	-0.00344135	0.000185252	0.00344612	176.916	0.000894431	3.57629e-06	0.000894431	0.234	-1.815184e-11
0.7475	299			0.000393691	-5.23331e-05	0.000397207	-7.572	-0.00344922	0.000188352	0.00345422	176.874	0.000884179	5.96049e-06	0.000884179	0.39	-1.710475e-11
0.75	300			0.000437738	-5.54326e-05	0.000441195	-7.212	-0.00345685	0.000189305	0.00346185	176.868	0.000853304	5.96049e-06	0.000853304	0.402	-1.710482e-11
0.7525	301			0.000397863	-5.24523e-05	0.00040126	-7.506	-0.00346304	0.000189782	0.00346805	176.862	0.000812057	9.77522e-06	0.000812177	0.696	-1.831939e-11
0.755	302			0.000383439	-5.0545e-05	0.000386717	-7.506	-0.00347663	0.000190736	0.00348164	176.856	0.000784997	1.16826e-05	0.000784997	0.864	-1.748172e-11
0.7575	303			0.000328602	-4.86972e-05	0.000332238	-8.424	-0.00351216	0.000191928	0.00351717	176.874	0.000793818	1.08481e-05	0.000793818	0.786	-1.748177e-11
0.76	304			0.000241579	-4.3154e-05	0.000245394	-10.122	-0.00357057	0.000192405	0.00357558	176.916	0.0008117	9.89443e-06	0.000811819	0.702	-1.743985e-11
0.7625	305			0.000193418	-4.13063e-05	0.000197769	-12.048	-0.00360347	0.000193835	0.00360848	176.916	0.000816826	1.00136e-05	0.000816945	0.708	-2.321958e-11
0.765	306			0.000194729	-4.20811e-05	0.0001992	-12.18	-0.00361468	0.000192882	0.00361969	176.946	0.000802282	1.00136e-05	0.000802282	0.726	-1.743988e-11
0.7675	307			0.00017196	-4.0591e-05	0.000176669	-13.272	-0.00361468	0.000192643	0.00361945	176.946	0.000776414	1.04905e-05	0.000776533	0.786	-2.267509e-11
0.77	308			0.000173689	-3.98161e-05	0.000178219	-12.9	-0.00361539	0.000191689	0.0036204	176.964	0.000757102	1.14442e-05	0.000757102	0.87	-2.070665e-11
0.7725	309			0.00016749	-3.93393e-05	0.00017202	-13.206	-0.00361516	0.000191928	0.00362016	176.958	0.000782851	8.94075e-06	0.000782851	0.66	-2.590002e-11
0.775	310			0.000128151	-3.64783e-05	0.000133217	-15.882	-0.00361516	0.000195027	0.00362016	176.91	0.000863079	5.60287e-06	0.000863079	0.378	-1.802619e-11
0.7775	311			0.000192166	-3.98161e-05	0.000196219	-11.7	-0.00361539	0.000195266	0.0036204	176.904	0.000944499	1.90736e-06	0.000944499	0.114	-2.15443e-11
0.78	312			0.000213743	-4.10678e-05	0.000217677	-10.872	-0.00361444	0.000197173	0.00361945	176.874	0.000981458	1.1921e-06	0.000981458	0.072	-2.351276e-11
0.7825	313			0.000230671	-4.17235e-05	0.000234426	-10.242	-0.00361635	0.000197412	0.00362135	176.874	0.000987776	7.15259e-07	0.000987776	0.048	-2.179555e-11
0.785	314			0.000217081	-4.14851e-05	0.000221015	-10.812	-0.00361563	0.000196219	0.00362064	176.892	0.000989564	7.15259e-07	0.000989564	0.048	-2.112548e-11
0.7875	315			0.000269772	-4.63726e-05	0.000273706	-9.744	-0.00361611	0.000197173	0.00362112	176.874	0.000990994	1.1921e-07	0.000990994	0.012	-1.697914e-11
0.79	316			0.000186206	-3.93393e-05	0.000190319	-11.928	-0.00361492	0.000196935	0.00361992	176.88	0.000991471	1.78815e-06	0.000991471	0.102	-1.882199e-11
0.7925	317			0.00015086	-3.8028e-05	0.000155569	-14.136	-0.00361539	0.000196458	0.0036204	176.886	0.000993498	-7.15259e-07	0.000993498	-0.036	-2.150239e-11
0.795	318			0.000128687	-3.64187e-05	0.000133754	-15.774	-0.0036142	0.000196219	0.00361921	176.892	0.000992663	1.1921e-07	0.000992663	0.006	-1.563892e-11
0.7975	319			0.000200034	-4.17235e-05	0.000204385	-11.766	-0.00361492	0.000197412	0.00361992	176.874	0.000994094	1.54973e-06	0.000994094	0.09	-1.685348e-11
0.8	320			0.00020969	-4.10082e-05	0.000213684	-11.064	-0.00361516	0.000199319	0.0036204	176.844	0.000993378	1.31131e-06	0.000993378	0.078	-2.095795e-11
0.8025	321			0.000327768	-4.86972e-05	0.000331344	-8.448	-0.00361492	0.000198127	0.00362016	176.862	0.00099314	1.31131e-06	0.00099314	0.078	-1.894762e-11
0.805	322			0.000429036	-5.64458e-05	0.000432732	-7.494	-0.00361492	0.000198127	0.00362016	176.862	0.000993378	1.43052e-06	0.000993378	0.09	-1.660221e-11
0.8075	323			0.000488464	-6.01413e-05	0.000492159	-7.014	-0.00361492	0.000198842	0.00362016	176.85	0.00099469	2.26499e-06	0.00099469	0.132	-1.99109e-11
0.81	324			0.000524286	-6.35986e-05	0.00052816	-6.918	-0.00361516	0.000199319	0.0036204	176.844	0.00099469	1.07289e-06	0.00099469	0.066	-2.049726e-11
0.8125	325			0.000534598	-6.28238e-05	0.000538234	-6.702	-0.00362064	0.000199319	0.00362588	176.844	0.00100232	1.1921e-06	0.00100232	0.072	-1.618337e-11
0.815	326			0.000604633	-6.93803e-05	0.000608627	-6.546	-0.00365449	0.000199796	0.00365974	176.868	0.00102533	3.5763e-07	0.00102533	0.024	-1.291661e-11
0.8175	327			0.000701133	-7.71885e-05	0.000705365	-6.282	-0.00374271	0.000205518	0.00374819	176.856	0.00108314	-2.98025e-06	0.00108314	-0.156	-2.271695e-11
0.82	328			0.000675742	-7.3493e-05	0.000679675	-6.204	-0.00383998	0.00021124	0.00384547	176.85	0.00119448	-8.34471e-06	0.00119448	-0.396	-1.961772e-11
0.8225	329			0.000619654	-7.19433e-05	0.000623826	-6.624	-0.00388958	0.000213624	0.00389506	176.856	0.00124253	-9.89443e-06	0.00124265	-0.456	-1.785867e-11
0.825	330			0.000544433	-6.78306e-05	0.000548664	-7.098	-0.00390078	0.000213386	0.00390652	176.868	0.00121618	-8.10629e-06	0.00121618	-0.378	-2.150239e-11
0.8275	331			0.000388803	-5.84724e-05	0.000393154	-8.55	-0.00389864	0.000213624	0.00390412	176.862	0.00119222	-5.84128e-06	0.00119222	-0.276	-1.87801e-11
0.83	332			0.000378253	-5.78763e-05	0.000382664	-8.7	-0.00389506	0.000213624	0.00390054	176.862	0.00118435	-4.7684e-06	0.00118435	-0.228	-1.379615e-11
0.8325	333			0.000426592	-6.07374e-05	0.000430884	-8.1	-0.00389577	0.00021267	0.00390126	176.874	0.00118304	-5.00682e-06	0.00118304	-0.24	-1.471753e-11
0.835	334			0.000447394	-6.22873e-05	0.000451686	-7.92	-0.00389554	0.000212432	0.00390126	176.88	0.00119198	-5.96049e-06	0.00119198	-0.282	-2.166999e-11
0.8375	335			0.000510279	-6.44331e-05	0.000514332	-7.194	-0.00389577	0.000213862	0.00390126	176.856	0.00120164	-4.7684e-06	0.00120164	-0.222	-2.14187e-11
0.84	336			0.000616554	-7.20029e-05	0.000620726	-6.66	-0.00389625	0.000214816	0.00390197	176.844	0.0012107	-4.64919e-06	0.0012107	-0.216	-2.175372e-11
0.8425	337			0.000668708	-7.45063e-05	0.000672881	-6.354	-0.00389649	0.000215293	0.00390221	176.838	0.00120998	-3.81473e-06	0.00120998	-0.174	-2.120924e-11
0.845	338			0.00072122	-7.80229e-05	0.000725392	-6.174	-0.00389911	0.00021577	0.00390483	176.832	0.00120772	-3.6955e-06	0.00120772	-0.168	-1.723048e-11
0.8475	339			0.00067592	-7.54003e-05	0.000680152	-6.36	-0.00390245	0.000215293	0.00390843	176.844	0.00120331	-4.41077e-06	0.00120331	-0.21	-1.794243e-11
0.85	340			0.000648681	-7.23605e-05	0.000652675	-6.36	-0.00390819	0.000215531	0.00391391	176.844	0.00119448	-5.00682e-06	0.00119448	-0.234	-2.24238e-11
0.8525	341			0.000583295	-6.85458e-05	0.000587288	-6.696	-0.00391772	0.000215293	0.00392321	176.856	0.00118149	-3.6955e-06	0.00118149	-0.174	-1.794245e-11
0.855	342			0.00066239	-7.38506e-05	0.000666443	-6.36	-0.0039306	0.000215293	0.00393608	176.862	0.00116301	-2.26499e-06	0.00116301	-0.108	-1.957586e-11
0.8575	343			0.000545267	-6.66981e-05	0.00054932	-6.972	-0.0039449	0.000215531	0.00395039	176.868	0.00116659	-2.26499e-06	0.00116659	-0.108	-2.208878e-11
0.86	344			0.000574652	-6.85458e-05	0.000578765	-6.798	-0.00395349	0.000216962	0.00395921	176.856	0.00117303	-3.21867e-06	0.00117303	-0.156	-1.727231e-11
0.8625	345			0.000598852	-7.08108e-05	0.000603024	-6.744	-0.00395897	0.000217916	0.00396493	176.844	0.00117446	-3.09946e-06	0.00117446	-0.15	-1.777492e-11
0.865	346			0.000548724	-6.68769e-05	0.000552777	-6.942	-0.0039666	0.000219346	0.00397232	176.832	0.00117553	-1.54973e-06	0.00117553	-0.072	-2.552307e-11
0.8675	347			0.000592772	-7.04532e-05	0.000596944	-6.774	-0.00397566	0.000220777	0.00398162	176.82	0.00117839	-3.57629e-06	0.00117839	-0.168	-1.76074e-11
0.87	348			0.000605766	-7.21817e-05	0.000610057	-6.792	-0.00399092	0.000224114	0.00399688	176.784	0.00117529	-2.74183e-06	0.00117529	-0.132	-1.831939e-11
0.8725	349			0.000662569	-7.53407e-05	0.000666801	-6.486	-0.00400284	0.00022483	0.0040088	176.784	0.0011561	-2.3842e-07	0.0011561	-0.012	-1.62253e-11
0.875	350			0.000667874	-7.58176e-05	0.000672165	-6.474	-0.00401834	0.000225783	0.0040243	176.778	0.00112093	9.53682e-07	0.00112093	0.048	-2.141868e-11
0.8775	351			0.000670258	-7.64136e-05	0.000674549	-6.498	-0.0040386	0.00022626	0.0040448	176.79	0.00107528	3.45708e-06	0.00107528	0.186	-1.99109e-11
0.88	352			0.0005886	-7.02743e-05	0.000592772	-6.81	-0.0040727	0.000227929	0.00407889	176.796	0.00102437	6.91417e-06	0.00102437	0.39	-1.852878e-11
0.8825	353			0.000539128	-6.78902e-05	0.00054336	-7.176	-0.00412896	0.000230075	0.00413492	176.808	0.000965837	9.77522e-06	0.000965837	0.582	-1.614149e-11
0.885	354			0.000464024	-6.40755e-05	0.000468435	-7.86	-0.00418237	0.000232459	0.00418857	176.814	0.000910167	1.31131e-05	0.000910167	0.828	-1.702099e-11
0.8875	355			0.000521425	-6.8665e-05	0.000525896	-7.5	-0.00420693	0.000233174	0.00421336	176.826	0.000875358	1.4186e-05	0.000875477	0.93	-2.028784e-11
0.89	356			0.000496093	-6.65192e-05	0.000500564	-7.632	-0.00421551	0.000232697	0.00422171	176.838	0.00085688	1.39475e-05	0.000856999	0.942	-1.790056e-11
0.8925	357			0.000551943	-6.99763e-05	0.000556353	-7.218	-0.00421765	0.000232459	0.00422385	176.844	0.000852112	1.2517e-05	0.000852231	0.846	-1.836125e-11
0.895	358			0.000449421	-6.24065e-05	0.000453712	-7.902	-0.00421765	0.000233651	0.00422385	176.826	0.000851039	1.26362e-05	0.000851158	0.858	-2.225628e-11
0.8975	359			0.000445249	-6.16317e-05	0.00044948	-7.878	-0.00421789	0.000232697	0.00422409	176.838	0.000851396	1.32323e-05	0.000851516	0.894	-1.978522e-11
0.9	360			0.000432791	-6.10952e-05	0.000437083	-8.028	-0.00421765	0.000231982	0.00422385	176.85	0.000850681	1.29939e-05	0.0008508	0.876	-1.764928e-11
0.9025	361			0.000501934	-6.49099e-05	0.000506107	-7.368	-0.00421861	0.000231982	0.00422481	176.85	0.000851277	1.27555e-05	0.000851277	0.864	-1.769114e-11
0.905	362			0.000492398	-6.35986e-05	0.000496451	-7.356	-0.00421765	0.000232459	0.00422385	176.844	0.000854615	1.23978e-05	0.000854734	0.834	-2.074852e-11
0.9075	363			0.000529829	-6.60424e-05	0.000533942	-7.098	-0.00421861	0.000231982	0.00422481	176.85	0.000868324	1.14442e-05	0.000868443	0.762	-1.827751e-11
0.91	364			0.000381174	-5.71015e-05	0.000385405	-8.52	-0.00421861	0.000231267	0.00422481	176.862	0.000883345	1.06097e-05	0.000883464	0.69	-1.982713e-11
0.9125	365			0.000477554	-6.42543e-05	0.000481846	-7.656	-0.00421908	0.000231982	0.00422505	176.85	0.000934009	8.10629e-06	0.000934009	0.498	-1.928272e-11
0.915	366			0.000419261	-6.06182e-05	0.000423672	-8.226	-0.00421765	0.000232936	0.00422385	176.838	0.000979789	7.62945e-06	0.000979789	0.45	-2.141863e-11
0.9175	367			0.000302138	-5.44789e-05	0.000306966	-10.218	-0.00421861	0.000231267	0.00422481	176.862	0.00107885	1.1921e-06	0.00107885	0.066	-2.217259e-11
0.92	368			0.000267209	-5.22735e-05	0.000272276	-11.058	-0.00421861	0.000232459	0.00422457	176.844	0.00125552	-5.48366e-06	0.00125552	-0.246	-1.509445e-11
0.9225	369			0.000277104	-5.34656e-05	0.00028223	-10.914	-0.00421861	0.000232459	0.00422457	176.844	0.00133396	-1.00136e-05	0.00133408	-0.426	-2.326145e-11
0.925	370			0.000261845	-5.22735e-05	0.000266971	-11.286	-0.00421742	0.000232936	0.00422361	176.838	0.00136865	-1.04905e-05	0.00136877	-0.438	-1.890577e-11
0.9275	371			0.00033641	-5.68035e-05	0.000341179	-9.582	-0.00421861	0.000235558	0.00422481	176.802	0.00138462	-9.05996e-06	0.00138462	-0.372	-1.618342e-11
0.93	372			0.000416161	-6.24065e-05	0.00042087	-8.526	-0.00421813	0.000236512	0.00422457	176.79	0.00138808	-8.94075e-06	0.00138808	-0.366	-1.735608e-11
0.9325	373			0.00055832	-7.10492e-05	0.000562791	-7.248	-0.00421765	0.000237704	0.00422385	176.772	0.00138284	-9.05996e-06	0.00138284	-0.372	-1.752362e-11
0.935	374			0.000593845	-7.21817e-05	0.000598256	-6.93	-0.00421646	0.00023842	0.0042229	176.76	0.00137771	-8.10629e-06	0.00137771	-0.336	-1.73561e-11
0.9375	375			0.000470819	-6.53272e-05	0.000475289	-7.896	-0.0042167	0.00023842	0.00422314	176.76	0.00137115	-6.91417e-06	0.00137115	-0.288	-2.288455e-11
0.94	376			0.000461342	-6.52676e-05	0.000465931	-8.046	-0.00421694	0.000238181	0.00422338	176.766	0.00136424	-7.2718e-06	0.00136424	-0.3	-2.024596e-11
0.9425	377			0.000487031	-6.5804e-05	0.000491504	-7.692	-0.00421551	0.000236989	0.00422195	176.778	0.0013603	-6.31812e-06	0.0013603	-0.264	-2.116738e-11
0.945	378			0.000465931	-6.48503e-05	0.000470461	-7.92	-0.00421599	0.000237943	0.00422218	176.766	0.00135053	-5.72208e-06	0.00135053	-0.24	-1.706292e-11
0.9475	379			0.000477554	-6.63404e-05	0.000482084	-7.902	-0.00421503	0.000236751	0.00422147	176.784	0.00134302	-5.12603e-06	0.00134302	-0.216	-1.961778e-11
0.95	380			0.000566009	-7.21817e-05	0.000570599	-7.266	-0.00421599	0.000236751	0.00422218	176.784	0.00133348	-5.60287e-06	0.00133348	-0.24	-2.355465e-11
0.9525	381			0.000619534	-7.53407e-05	0.000624124	-6.93	-0.00421718	0.000236989	0.00422361	176.784	0.00133074	-4.64919e-06	0.00133074	-0.192	-1.840316e-11
0.955	382			0.000665251	-7.93342e-05	0.00066996	-6.798	-0.00422743	0.000238181	0.00423387	176.772	0.00132478	-5.00682e-06	0.00132478	-0.216	-2.079043e-11
0.9575	383			0.000710491	-8.29105e-05	0.000715319	-6.654	-0.00425413	0.000239612	0.00426057	176.772	0.00133038	-5.48366e-06	0.00133038	-0.234	-1.965962e-11
0.96	384			0.000798646	-8.76193e-05	0.000803415	-6.258	-0.00431231	0.000242711	0.00431874	176.778	0.0013249	-4.41077e-06	0.0013249	-0.186	-1.903139e-11
0.9625	385			0.000799183	-8.91094e-05	0.00080413	-6.36	-0.0044134	0.00025058	0.00442031	176.748	0.00132049	-3.81473e-06	0.00132049	-0.162	-1.559704e-11
0.965	386			0.000780109	-8.79769e-05	0.000784997	-6.432	-0.00451568	0.000258924	0.00452235	176.712	0.00126923	-1.43052e-06	0.00126923	-0.06	-1.810995e-11
0.9675	387			0.00070155	-8.15396e-05	0.000706319	-6.63	-0.00458196	0.000261309	0.00458863	176.73	0.00118829	4.52998e-06	0.00118829	0.216	-1.710482e-11
0.97	388			0.000667337	-8.04667e-05	0.000672165	-6.876	-0.00460342	0.000261309	0.00461009	176.748	0.00111509	7.51021e-06	0.00111509	0.384	-2.196314e-11
0.9725	389			0.000682894	-8.22549e-05	0.000687841	-6.864	-0.0046058	0.000262262	0.00461248	176.742	0.00106765	1.04905e-05	0.00106765	0.564	-2.631884e-11
0.975	390			0.000747088	-8.59504e-05	0.000752036	-6.558	-0.00460532	0.000262739	0.00461248	176.73	0.00104571	1.35899e-05	0.00104583	0.75	-1.764927e-11
0.9775	391			0.000706736	-8.44602e-05	0.000711743	-6.81	-0.0046058	0.000261785	0.00461295	176.742	0.00103522	1.28747e-05	0.00103534	0.714	-2.012032e-11
0.98	392			0.000735883	-8.65464e-05	0.000740949	-6.702	-0.0046058	0.000261785	0.00461248	176.742	0.00103212	1.21594e-05	0.00103212	0.678	-1.559705e-11
0.9825	393			0.000773255	-8.89902e-05	0.000778381	-6.564	-0.00460675	0.000260355	0.00461391	176.76	0.00103045	1.14442e-05	0.00103045	0.636	-2.11255e-11
0.985	394			0.000726882	-8.46987e-05	0.00073177	-6.648	-0.00460818	0.000261785	0.00461486	176.748	0.00103009	1.14442e-05	0.00103009	0.642	-2.053911e-11
0.9875	395			0.000769798	-8.68444e-05	0.000774685	-6.432	-0.00461009	0.000260832	0.00461724	176.76	0.00102831	1.15634e-05	0.00102831	0.648	-2.104172e-11
0.99	396			0.000656907	-7.95727e-05	0.000661675	-6.906	-0.00460961	0.000262739	0.00461629	176.736	0.00102866	1.23978e-05	0.00102866	0.696	-2.020408e-11
0.9925	397			0.000736479	-8.55331e-05	0.000741366	-6.624	-0.00461057	0.000261309	0.00461772	176.754	0.00102819	1.08481e-05	0.00102831	0.606	-1.635093e-11
0.995	398			0.000844065	-9.07783e-05	0.000848953	-6.132	-0.00461152	0.000261785	0.00461867	176.748	0.00102866	1.08481e-05	0.00102878	0.612	-1.953397e-11
0.9975	399			0.000828926	-9.1136e-05	0.000833932	-6.27	-0.00461534	0.000262262	0.00462201	176.742	0.00103009	1.10865e-05	0.00103009	0.624	-1.756552e-11
1.0	400			0.000890139	-9.48315e-05	0.000895206	-6.078	-0.00461486	0.000262262	0.00462154	176.748	0.00103451	1.2517e-05	0.00103451	0.696	-2.13349e-11
