variable x	variable x count			lockin1 x	lockin1 y	lockin1 r	lockin1 phi	lockin2 x	lockin2 y	lockin2 r	lockin2 phi	lockin3 x	lockin3 y	lockin3 r	lockin3 phi	lockin4 x	lockin4 y	lockin4 r	lockin4 phi	smu1 meas	


1.0	0			0.000153416	-3.83335e-05	0.000158132	-14.028	0.000137233	3.36694e-05	0.000141301	13.788	0.00634769	-0.000284197	0.00635341	-2.556	0.0063763	-0.000370027	0.00638583	-3.324	-1.919893e-11
0.998	1			0.000169658	-4.06953e-05	0.000174471	-13.488	0.00016907	3.358e-05	0.000172378	11.232	0.00634959	-0.000284197	0.00635532	-2.556	0.00636294	-0.000370027	0.00637439	-3.33	-2.007841e-11
0.996	2			0.000186921	-4.11572e-05	0.000191421	-12.414	0.000200064	3.28126e-05	0.000202746	9.318	0.00634959	-0.000282289	0.00635532	-2.538	0.00634959	-0.000370027	0.00635913	-3.336	-2.359658e-11
0.994	3			0.000185312	-4.07698e-05	0.000189752	-12.402	0.000191332	3.41239e-05	0.000194342	10.116	0.00634769	-0.000282289	0.00635341	-2.538	0.0063515	-0.000371935	0.00636294	-3.348	-1.794247e-11
0.992	4			0.000185103	-4.12168e-05	0.000189633	-12.552	0.000202478	3.25742e-05	0.000205101	9.138	0.00634578	-0.000284197	0.0063515	-2.556	0.00634196	-0.000371935	0.00635341	-3.354	-1.58065e-11
0.99	5			0.000213713	-4.16639e-05	0.000217737	-11.028	0.000255765	3.03091e-05	0.000257554	6.762	0.00633815	-0.000284197	0.00634578	-2.556	0.00631526	-0.000370027	0.0063248	-3.354	-1.911518e-11
0.988	6			0.000228078	-4.22599e-05	0.000231982	-10.488	0.000265064	3.04581e-05	0.000266792	6.558	0.00631717	-0.000284197	0.00632289	-2.568	0.00629237	-0.000370027	0.00630382	-3.366	-2.271703e-11
0.986	7			0.000259342	-4.35116e-05	0.000262978	-9.522	0.00029579	2.87296e-05	0.000297191	5.55	0.0062733	-0.000282289	0.00628093	-2.568	0.00625804	-0.000370027	0.00626948	-3.366	-1.91571e-11
0.984	8			0.000296446	-4.52104e-05	0.000299873	-8.664	0.000301989	2.82229e-05	0.0003033	5.34	0.00620463	-0.000278475	0.00621226	-2.568	0.00621417	-0.00036812	0.00622371	-3.378	-2.003655e-11
0.982	9			0.00031078	-4.48527e-05	0.000313999	-8.208	0.000223071	3.17099e-05	0.000225306	8.094	0.00608256	-0.000276567	0.00608829	-2.586	0.00618938	-0.000366213	0.00619891	-3.372	-1.831938e-11
0.98	10			0.000345351	-4.65515e-05	0.000348451	-7.674	0.000173361	3.47795e-05	0.000176818	11.346	0.00596431	-0.000268938	0.00597003	-2.574	0.00615314	-0.000364305	0.00616458	-3.378	-2.20888e-11
0.978	11			0.000380607	-4.80416e-05	0.000383617	-7.194	0.000135661	3.52862e-05	0.000140191	14.592	0.00586131	-0.000265123	0.00586703	-2.574	0.00612262	-0.000362398	0.00613216	-3.384	-1.806811e-11
0.976	12			0.000411632	-4.97403e-05	0.000414642	-6.888	0.000128807	3.51968e-05	0.000133545	15.288	0.00578883	-0.000263216	0.00579646	-2.586	0.00608638	-0.000360491	0.00609782	-3.384	-1.873823e-11
0.974	13			0.000422867	-4.99191e-05	0.000425817	-6.732	0.00013435	3.49882e-05	0.00013882	14.598	0.00574306	-0.000259401	0.00574878	-2.574	0.00604632	-0.000358583	0.00605777	-3.39	-2.091616e-11
0.972	14			0.00042391	-4.95913e-05	0.000426801	-6.666	0.000154884	3.40643e-05	0.000158579	12.402	0.0057278	-0.000259401	0.00573161	-2.58	0.00600818	-0.000356676	0.00601962	-3.396	-1.609964e-11
0.97	15			0.000397356	-4.75349e-05	0.000400187	-6.822	0.000170381	3.31702e-05	0.00017357	11.028	0.00571063	-0.000259401	0.00571635	-2.592	0.00595668	-0.000354769	0.00596812	-3.396	-2.326146e-11
0.968	16			0.000356825	-4.56574e-05	0.000359716	-7.29	0.000182689	3.26934e-05	0.00018558	10.146	0.00569919	-0.000259401	0.00570491	-2.592	0.00589183	-0.000350954	0.00590137	-3.402	-2.079047e-11
0.966	17			0.000325413	-4.37202e-05	0.000328334	-7.65	0.000184924	3.12033e-05	0.000187547	9.582	0.00568202	-0.000257494	0.00568774	-2.586	0.00583652	-0.000345232	0.00584796	-3.384	-1.664412e-11
0.964	18			0.000320556	-4.31838e-05	0.000323476	-7.668	0.000179888	3.09052e-05	0.00018251	9.756	0.00566867	-0.000255587	0.00567439	-2.574	0.00582126	-0.000343325	0.0058327	-3.372	-1.894765e-11
0.962	19			0.000329556	-4.35712e-05	0.000332447	-7.53	0.000171633	3.13225e-05	0.000174464	10.344	0.0056515	-0.000253679	0.00565723	-2.568	0.00582126	-0.000343325	0.00583079	-3.36	-1.609965e-11
0.96	20			0.000341119	-4.45845e-05	0.00034404	-7.446	0.000153572	3.08456e-05	0.000156642	11.358	0.00562862	-0.000251772	0.00563434	-2.562	0.00582507	-0.000343325	0.00583461	-3.354	-2.083233e-11
0.958	21			0.000354858	-4.59554e-05	0.000357809	-7.38	0.000137032	2.99216e-05	0.000140251	12.33	0.00561717	-0.000251772	0.00562289	-2.562	0.00584605	-0.000343325	0.00585559	-3.348	-2.095801e-11
0.956	22			0.000352712	-4.54488e-05	0.000355633	-7.344	0.00012973	3.16801e-05	0.000133545	13.722	0.00561717	-0.000251772	0.00562289	-2.562	0.00584987	-0.000343325	0.00586131	-3.342	-1.999469e-11
0.954	23			0.000346424	-4.55382e-05	0.000349404	-7.488	0.000128747	3.04581e-05	0.000132323	13.32	0.00561908	-0.000251772	0.0056248	-2.562	0.00584796	-0.000341417	0.0058575	-3.33	-2.083235e-11
0.952	24			0.000330867	-4.24685e-05	0.000333579	-7.308	0.000131161	3.00707e-05	0.000134588	12.924	0.00562099	-0.000251772	0.0056248	-2.562	0.0058327	-0.00033951	0.00584224	-3.318	-1.764933e-11
0.95	25			0.000322344	-4.20811e-05	0.000325086	-7.44	0.000134171	2.95044e-05	0.00013739	12.414	0.00562671	-0.000251772	0.00563243	-2.562	0.00582507	-0.000337603	0.00583461	-3.306	-2.108361e-11
0.948	26			0.000307919	-4.05016e-05	0.000310572	-7.494	0.000141234	3.03091e-05	0.000144453	12.114	0.00563243	-0.000251772	0.00563625	-2.556	0.00580981	-0.000335695	0.00582126	-3.3	-1.815186e-11
0.946	27			0.000273289	-3.89519e-05	0.000276061	-8.112	0.000151516	3.03091e-05	0.000154526	11.316	0.00563434	-0.000251772	0.00563815	-2.538	0.00577167	-0.000331881	0.00578311	-3.288	-1.911516e-11
0.944	28			0.0002158	-3.62697e-05	0.00021881	-9.534	0.000165106	2.89084e-05	0.000167639	9.936	0.00564006	-0.000251772	0.00564578	-2.556	0.00570872	-0.000329973	0.00571826	-3.294	-1.940831e-11
0.942	29			0.000171931	-3.36173e-05	0.000175149	-11.058	0.000180067	2.83123e-05	0.000182302	8.934	0.00564006	-0.000251772	0.00564578	-2.556	0.0056496	-0.000326158	0.00565913	-3.294	-1.823564e-11
0.94	30			0.000133247	-3.14417e-05	0.000136883	-13.266	0.000190527	2.67328e-05	0.000192405	7.992	0.00563815	-0.000251772	0.00564387	-2.556	0.0055981	-0.000322344	0.00560763	-3.288	-1.915705e-11
0.938	31			0.000114054	-3.09648e-05	0.000118167	-15.18	0.00020367	2.66434e-05	0.000205399	7.452	0.00563625	-0.000251772	0.00564197	-2.556	0.00555995	-0.000320436	0.0055714	-3.294	-2.447613e-11
0.936	32			9.7007e-05	-3.00409e-05	0.000101537	-17.19	0.000216485	2.3842e-05	0.000217796	6.288	0.00563625	-0.000251772	0.00564197	-2.556	0.00553134	-0.000318529	0.00553897	-3.294	-1.844506e-11
0.934	33			8.73511e-05	-2.90872e-05	9.20598e-05	-18.402	0.000230015	2.6554e-05	0.000231535	6.594	0.00563625	-0.000251772	0.00564197	-2.538	0.00550464	-0.000318529	0.00551608	-3.312	-1.455003e-11
0.932	34			8.11522e-05	-2.93852e-05	8.6308e-05	-19.896	0.000240625	2.28585e-05	0.000241698	5.43	0.00563625	-0.000251772	0.00564006	-2.556	0.00548938	-0.000318529	0.00549701	-3.3	-1.878015e-11
0.93	35			8.52053e-05	-2.93852e-05	9.01227e-05	-19.026	0.000254693	2.4289e-05	0.000255855	5.448	0.00563625	-0.000251772	0.00564197	-2.538	0.00547984	-0.000316622	0.00548938	-3.288	-1.605777e-11
0.928	36			8.4192e-05	-2.91468e-05	8.91094e-05	-19.08	0.000271739	2.33353e-05	0.000272723	4.914	0.00563815	-0.000251772	0.00564387	-2.538	0.00546458	-0.000316622	0.00547221	-3.3	-2.070671e-11
0.926	37			8.00197e-05	-2.95044e-05	8.52649e-05	-20.226	0.000299128	2.00571e-05	0.000299783	3.84	0.00564387	-0.000249865	0.0056496	-2.52	0.00543979	-0.000312807	0.00544742	-3.282	-2.363843e-11
0.924	38			7.27479e-05	-2.79547e-05	7.79335e-05	-21.0	0.000318022	1.95802e-05	0.000318618	3.522	0.00564769	-0.000249865	0.0056515	-2.514	0.00541309	-0.000308992	0.00542262	-3.258	-1.785866e-11
0.922	39			7.17049e-05	-2.80441e-05	7.69799e-05	-21.348	0.000342729	1.82391e-05	0.000343205	3.048	0.0056496	-0.000249865	0.00565341	-2.514	0.0053902	-0.000307085	0.00539973	-3.258	-1.685352e-11
0.92	40			7.12578e-05	-2.83719e-05	7.67116e-05	-21.69	0.000358971	1.80603e-05	0.000359418	2.88	0.0056496	-0.000249865	0.00565532	-2.514	0.00537303	-0.000307085	0.00538257	-3.264	-1.651848e-11
0.918	41			6.82776e-05	-2.79249e-05	7.37612e-05	-22.236	0.000385107	1.508e-05	0.000385405	2.244	0.0056515	-0.000249865	0.00565723	-2.514	0.00534824	-0.000305178	0.00535777	-3.264	-1.735612e-11
0.916	42			6.97081e-05	-2.7299e-05	7.48639e-05	-21.366	0.00042692	1.34707e-05	0.000427129	1.812	0.00565341	-0.000251772	0.00565913	-2.532	0.00531009	-0.00030327	0.00531963	-3.252	-1.836128e-11
0.914	43			7.07214e-05	-2.77759e-05	7.59666e-05	-21.42	0.000461163	1.27555e-05	0.000461282	1.59	0.0056515	-0.000249865	0.00565723	-2.514	0.00527576	-0.000301363	0.00528339	-3.252	-1.844504e-11
0.912	44			6.8367e-05	-2.76567e-05	7.37314e-05	-22.002	0.000475707	1.22786e-05	0.000475885	1.482	0.0056515	-0.000249865	0.00565723	-2.514	0.00525668	-0.000301363	0.00526622	-3.264	-1.861257e-11
0.91	45			6.66385e-05	-2.72096e-05	7.19731e-05	-22.182	0.000488881	1.03117e-05	0.000489	1.218	0.00565532	-0.000249865	0.00566104	-2.514	0.00524333	-0.000299456	0.00525287	-3.258	-1.869634e-11
0.908	46			6.48503e-05	-2.84017e-05	7.08108e-05	-23.646	0.000495855	9.65601e-06	0.000495974	1.122	0.00565341	-0.000249865	0.00565913	-2.514	0.00523379	-0.000299456	0.00524142	-3.264	-2.079046e-11
0.906	47			5.8532e-05	-2.77163e-05	6.47609e-05	-25.332	0.000505988	9.5368e-06	0.000506047	1.086	0.00565341	-0.000249865	0.00565913	-2.514	0.00521663	-0.000299456	0.00522617	-3.27	-1.790055e-11
0.904	48			6.10952e-05	-2.72096e-05	6.68769e-05	-23.976	0.000517551	8.64273e-06	0.00051761	0.96	0.0056515	-0.000249865	0.00565723	-2.514	0.00520518	-0.000297548	0.00521472	-3.264	-2.137685e-11
0.902	49			5.61776e-05	-2.68818e-05	6.22575e-05	-25.572	0.000525836	8.88115e-06	0.000525896	0.972	0.0056496	-0.000249865	0.00565532	-2.514	0.00518993	-0.000297548	0.00519946	-3.27	-1.957585e-11
0.9	50			5.33464e-05	-2.64348e-05	5.95155e-05	-26.34	0.000532035	1.00136e-05	0.000532154	1.086	0.0056496	-0.000249865	0.00565532	-2.514	0.0051823	-0.000295641	0.00518993	-3.258	-1.597403e-11
0.898	51			4.50017e-05	-2.58685e-05	5.19159e-05	-29.874	0.00053877	8.16589e-06	0.00053883	0.87	0.00564769	-0.000249865	0.0056515	-2.514	0.00516322	-0.000295641	0.00517276	-3.27	-1.970154e-11
0.896	52			4.86376e-05	-2.50341e-05	5.46875e-05	-27.228	0.000538651	8.64273e-06	0.000538711	0.924	0.00564387	-0.000249865	0.0056496	-2.52	0.00516322	-0.000295641	0.00517276	-3.27	-1.844503e-11
0.894	53			4.49719e-05	-2.6256e-05	5.20649e-05	-30.24	0.000541035	9.17917e-06	0.000541095	0.978	0.00564006	-0.000247957	0.00564578	-2.502	0.00515369	-0.000295641	0.00516132	-3.276	-1.898947e-11
0.892	54			4.09486e-05	-2.57419e-05	4.83694e-05	-32.148	0.000538114	8.46392e-06	0.000538234	0.9	0.00563052	-0.000249865	0.00563625	-2.526	0.00514415	-0.000293734	0.00515178	-3.264	-2.296832e-11
0.89	55			2.75449e-05	-2.5049e-05	3.72308e-05	-42.276	0.000530187	1.00136e-05	0.000530247	1.086	0.00561526	-0.000247957	0.00562099	-2.514	0.00512508	-0.000295641	0.00513461	-3.294	-2.305207e-11
0.888	56			1.6533e-05	-2.42816e-05	2.93778e-05	-55.74	0.000508551	1.11461e-05	0.00050867	1.26	0.00558856	-0.00024605	0.00559428	-2.508	0.00510982	-0.000295641	0.00511745	-3.306	-2.016224e-11
0.886	57			1.92599e-05	-2.39463e-05	3.07264e-05	-51.18	0.000438454	1.51396e-05	0.000438752	1.986	0.00551799	-0.000244142	0.0055218	-2.526	0.00510982	-0.000293734	0.00511935	-3.288	-1.442435e-11
0.884	58			1.58997e-05	-2.41176e-05	2.88786e-05	-56.586	0.000335695	2.03253e-05	0.000336291	3.474	0.00541309	-0.00023842	0.0054169	-2.502	0.00510409	-0.000293734	0.00511172	-3.288	-2.112547e-11
0.882	59			1.14516e-05	-2.33726e-05	2.6025e-05	-63.894	0.00020665	2.6107e-05	0.00020826	7.206	0.00527957	-0.000232697	0.00528339	-2.514	0.00509647	-0.000293734	0.005106	-3.294	-2.041352e-11
0.88	60			7.82317e-06	-2.24264e-05	2.37451e-05	-70.758	9.66196e-05	3.21271e-05	0.000101805	18.396	0.00516704	-0.000226975	0.00517276	-2.508	0.00509074	-0.000291826	0.00509837	-3.282	-1.823564e-11
0.878	61			4.19471e-06	-2.12194e-05	2.16217e-05	-78.804	3.48093e-05	3.43921e-05	4.89356e-05	44.67	0.00510982	-0.000225068	0.00511363	-2.52	0.00508884	-0.000291826	0.00509647	-3.282	-1.71886e-11
0.876	62			2.84614e-06	-2.08766e-05	2.10629e-05	-82.236	1.20998e-05	3.52936e-05	3.73127e-05	71.07	0.00508502	-0.000225068	0.00509074	-2.514	0.00508502	-0.000291826	0.00509456	-3.264	-1.865446e-11
0.874	63			2.07128e-06	-2.07574e-05	2.08468e-05	-84.294	7.41336e-06	3.5912e-05	3.6672e-05	78.33	0.00508121	-0.000225068	0.00508502	-2.514	0.00508502	-0.000291826	0.00509456	-3.282	-1.982716e-11
0.872	64			2.20539e-06	-2.0981e-05	2.10853e-05	-83.994	8.34471e-06	3.5614e-05	3.65826e-05	76.812	0.00508311	-0.000225068	0.00508693	-2.532	0.00508502	-0.000291826	0.00509456	-3.282	-2.280078e-11
0.87	65			2.12343e-06	-2.00422e-05	2.01465e-05	-83.94	6.08715e-06	3.5018e-05	3.55395e-05	80.13	0.00508121	-0.000226975	0.00508502	-2.556	0.00508502	-0.000291826	0.00509456	-3.282	-1.844505e-11
0.868	66			6.74281e-07	-1.94461e-05	1.94536e-05	-88.008	7.78591e-06	3.44368e-05	3.53085e-05	77.25	0.00508121	-0.000225068	0.00508502	-2.538	0.00508311	-0.000291826	0.00509074	-3.264	-1.865444e-11
0.866	67			1.00956e-06	-2.13758e-05	2.13982e-05	-87.294	6.28087e-06	3.43251e-05	3.48913e-05	79.62	0.00507739	-0.000225068	0.00508311	-2.52	0.00508311	-0.000291826	0.00509074	-3.264	-2.074858e-11
0.864	68			1.57208e-06	-2.05227e-05	2.05823e-05	-85.614	6.46713e-06	3.4936e-05	3.55246e-05	79.5	0.00507739	-0.000223161	0.00508311	-2.502	0.00508311	-0.000289919	0.00509074	-3.246	-2.263328e-11
0.862	69			2.46616e-06	-1.98783e-05	2.00273e-05	-82.926	6.86201e-06	3.35949e-05	3.42878e-05	78.45	0.00507739	-0.000223161	0.00508311	-2.502	0.00508311	-0.000288012	0.00509074	-3.228	-1.932456e-11
0.86	70			2.58537e-06	-2.03812e-05	2.05414e-05	-82.764	7.07808e-06	3.47646e-05	3.54799e-05	78.492	0.00507739	-0.000223161	0.00508311	-2.502	0.00508311	-0.000288012	0.00509074	-3.228	-1.873819e-11
0.858	71			2.70085e-06	-2.11076e-05	2.1279e-05	-82.698	7.91257e-06	3.37886e-05	3.4705e-05	76.818	0.0050793	-0.000223161	0.00508311	-2.496	0.00508311	-0.000288012	0.00509074	-3.228	-1.928266e-11
0.856	72			4.05314e-06	-2.14168e-05	2.17931e-05	-79.284	1.01701e-05	3.34459e-05	3.49584e-05	73.086	0.0050793	-0.000223161	0.00508311	-2.496	0.00508311	-0.000288012	0.00509074	-3.228	-1.597403e-11
0.854	73			4.40332e-06	-2.10704e-05	2.15248e-05	-78.186	1.10865e-05	3.37216e-05	3.55022e-05	71.79	0.0050793	-0.000221253	0.00508311	-2.478	0.00508121	-0.000288012	0.00508884	-3.228	-1.664411e-11
0.852	74			4.90624e-06	-2.11523e-05	2.17111e-05	-76.938	1.35452e-05	3.52862e-05	3.78045e-05	69.0	0.00507739	-0.000221253	0.00508311	-2.478	0.0050793	-0.000288012	0.00508693	-3.228	-2.288452e-11
0.85	75			5.36072e-06	-2.18415e-05	2.2486e-05	-76.2	1.48118e-05	3.33341e-05	3.64783e-05	66.042	0.0050793	-0.000221253	0.00508311	-2.478	0.0050793	-0.000288012	0.00508693	-3.228	-2.049726e-11
0.848	76			5.69972e-06	-2.18489e-05	2.25754e-05	-75.378	1.44095e-05	3.26487e-05	3.56885e-05	66.186	0.0050793	-0.000221253	0.00508311	-2.478	0.0050793	-0.000288012	0.00508693	-3.228	-1.83194e-11
0.846	77			8.74704e-06	-2.29889e-05	2.45945e-05	-69.162	1.70321e-05	3.31032e-05	3.72308e-05	62.772	0.0050793	-0.000221253	0.00508311	-2.478	0.0050793	-0.000289919	0.00508693	-3.252	-1.731423e-11
0.844	78			1.13808e-05	-2.31416e-05	2.57866e-05	-63.804	2.11821e-05	3.35278e-05	3.96597e-05	57.714	0.0050793	-0.000219346	0.00508311	-2.46	0.0050793	-0.000289919	0.00508693	-3.252	-1.794246e-11
0.842	79			2.01986e-05	-2.46951e-05	3.18999e-05	-50.718	2.75449e-05	3.07264e-05	4.1269e-05	48.126	0.0050793	-0.000221253	0.00508311	-2.478	0.0050793	-0.000288012	0.00508693	-3.228	-2.116738e-11
0.84	80			2.64124e-05	-2.54252e-05	3.66608e-05	-43.902	3.64708e-05	3.15981e-05	4.82576e-05	40.914	0.00507739	-0.000219346	0.00508311	-2.46	0.0050793	-0.000286104	0.00508693	-3.21	-2.066483e-11
0.838	81			3.51819e-05	-2.58313e-05	4.3642e-05	-36.282	4.49049e-05	2.94895e-05	5.37189e-05	33.294	0.0050793	-0.000219346	0.00508311	-2.46	0.0050793	-0.000286104	0.00508693	-3.21	-1.911521e-11
0.836	82			4.71959e-05	-2.61517e-05	5.39573e-05	-28.986	5.89865e-05	3.01377e-05	6.62436e-05	27.06	0.0050793	-0.000219346	0.00508311	-2.46	0.00507739	-0.000286104	0.00508502	-3.21	-2.104175e-11
0.834	83			6.17807e-05	-2.86401e-05	6.80988e-05	-24.87	7.75163e-05	2.91393e-05	8.28137e-05	20.604	0.00508121	-0.000217439	0.00508502	-2.442	0.00507358	-0.000288012	0.00508311	-3.234	-1.639284e-11
0.832	84			5.69338e-05	-2.78839e-05	6.33937e-05	-26.094	6.61989e-05	2.94001e-05	7.24425e-05	23.952	0.0050793	-0.000219346	0.00508311	-2.46	0.0050793	-0.000288012	0.00508693	-3.228	-1.945018e-11
0.83	85			6.32075e-05	-2.96683e-05	6.98273e-05	-25.14	7.11312e-05	2.96087e-05	7.70544e-05	22.602	0.0050793	-0.000217439	0.00508311	-2.442	0.00508121	-0.000288012	0.00508884	-3.228	-1.266533e-11
0.828	86			7.37277e-05	-2.8357e-05	7.89915e-05	-21.036	8.09138e-05	2.80814e-05	8.56449e-05	19.14	0.0050793	-0.000219346	0.00508311	-2.46	0.00508121	-0.000288012	0.00508884	-3.228	-1.781684e-11
0.826	87			8.7921e-05	-2.99477e-05	9.28794e-05	-18.81	9.78266e-05	2.70681e-05	0.000101507	15.468	0.0050793	-0.000219346	0.00508311	-2.46	0.0050793	-0.000288012	0.00508693	-3.228	-1.903142e-11
0.824	88			0.000102051	-3.08456e-05	0.000106611	-16.818	0.000111521	2.68073e-05	0.000114695	13.518	0.0050793	-0.000219346	0.00508311	-2.46	0.0050793	-0.000288012	0.00508693	-3.228	-1.626714e-11
0.822	89			0.00011421	-3.04134e-05	0.000118189	-14.91	0.000121922	2.72916e-05	0.000124947	12.618	0.00508311	-0.000219346	0.00508693	-2.46	0.00508311	-0.000288012	0.00509265	-3.228	-1.777495e-11
0.82	90			0.000124828	-3.1315e-05	0.000128695	-14.082	0.000134067	2.57046e-05	0.000136503	10.854	0.00508311	-0.000219346	0.00508693	-2.46	0.00508311	-0.000288012	0.00509074	-3.228	-1.907329e-11
0.818	91			0.000138448	-3.1993e-05	0.000142091	-13.014	0.00014934	2.52278e-05	0.000151456	9.588	0.00508311	-0.000219346	0.00508693	-2.46	0.00508311	-0.000288012	0.00509074	-3.228	-2.317773e-11
0.816	92			0.000146472	-3.23358e-05	0.000149996	-12.45	0.000162722	2.59952e-05	0.000164793	9.078	0.00508502	-0.000219346	0.00509074	-2.46	0.0050793	-0.000289919	0.00508693	-3.252	-1.785869e-11
0.814	93			0.000153803	-3.18962e-05	0.000157074	-11.712	0.000185729	2.42294e-05	0.000187279	7.434	0.00508502	-0.000221253	0.00509074	-2.478	0.00506595	-0.000288012	0.00507358	-3.24	-2.179561e-11
0.812	94			0.000160472	-3.21793e-05	0.00016366	-11.34	0.000216604	2.3842e-05	0.000217916	6.282	0.00508693	-0.000221253	0.00509265	-2.478	0.00504306	-0.000288012	0.00505069	-3.252	-2.04554e-11
0.81	95			0.000169151	-3.24848e-05	0.000172236	-10.866	0.000245931	2.1875e-05	0.000246914	5.088	0.00508884	-0.000221253	0.00509456	-2.472	0.00502208	-0.000286104	0.00502971	-3.246	-2.045539e-11
0.808	96			0.000182361	-3.31106e-05	0.000185371	-10.284	0.000274898	1.97591e-05	0.000275614	4.11	0.00508884	-0.000221253	0.00509456	-2.472	0.00500873	-0.000286104	0.00501636	-3.258	-2.560688e-11
0.806	97			0.000202716	-3.41537e-05	0.000205577	-9.564	0.000311287	1.92524e-05	0.000311883	3.54	0.00509647	-0.000223161	0.00510028	-2.49	0.00499919	-0.000286104	0.00500682	-3.264	-1.450817e-11
0.804	98			0.000219584	-3.5018e-05	0.000222356	-9.06	0.0003576	1.77623e-05	0.000358047	2.844	0.00509647	-0.000221253	0.00510219	-2.472	0.00496963	-0.00028515	0.00497821	-3.276	-1.836127e-11
0.802	99			0.00021869	-3.60908e-05	0.000221641	-9.366	0.000399293	1.4484e-05	0.000399562	2.082	0.00509647	-0.000221253	0.00510028	-2.472	0.00492957	-0.000283243	0.0049372	-3.282	-1.999466e-11
0.8	100			0.000211746	-3.40941e-05	0.000214488	-9.144	0.000435354	1.27256e-05	0.000435533	1.674	0.00509456	-0.000223161	0.00509837	-2.49	0.00488475	-0.000279428	0.00489238	-3.27	-1.823564e-11
0.798	101			0.000194968	-3.32894e-05	0.000197799	-9.684	0.000457766	1.21594e-05	0.000457885	1.524	0.00508121	-0.000221253	0.00508502	-2.478	0.0048323	-0.000277521	0.00484088	-3.282	-1.965963e-11
0.796	102			0.000194401	-3.32894e-05	0.000197233	-9.714	0.00045556	1.07885e-05	0.000455679	1.362	0.00506213	-0.000221253	0.00506786	-2.49	0.00481227	-0.000276567	0.0048199	-3.282	-1.668599e-11
0.794	103			0.000195266	-3.35278e-05	0.000198097	-9.732	0.000419559	1.22786e-05	0.000419738	1.68	0.00501826	-0.000219346	0.00502399	-2.49	0.00480655	-0.000276567	0.00481418	-3.288	-1.760738e-11
0.792	104			0.000216902	-3.5018e-05	0.000219704	-9.168	0.000337424	1.59742e-05	0.000337781	2.718	0.00494197	-0.000215531	0.00494674	-2.496	0.00482848	-0.000277521	0.00483611	-3.282	-1.781682e-11
0.79	105			0.000234217	-3.44517e-05	0.000236721	-8.37	0.000273647	1.94312e-05	0.000274362	4.068	0.0048466	-0.000210763	0.00485137	-2.478	0.00482085	-0.000275614	0.00482944	-3.27	-1.827753e-11
0.788	106			0.000264527	-3.57332e-05	0.000266941	-7.686	0.000226022	2.14578e-05	0.000227035	5.436	0.00476077	-0.000205995	0.00476554	-2.478	0.00481227	-0.00027466	0.0048199	-3.258	-2.158621e-11
0.786	107			0.000274839	-3.50776e-05	0.000277074	-7.272	0.000215174	2.27095e-05	0.000216366	6.042	0.00469878	-0.000203134	0.00470355	-2.466	0.00477317	-0.000272753	0.0047808	-3.264	-1.584836e-11
0.784	108			0.000285866	-3.56438e-05	0.000288071	-7.104	0.000220419	2.13386e-05	0.000221432	5.538	0.00466922	-0.00020218	0.00467399	-2.478	0.00474742	-0.000270845	0.00475505	-3.258	-1.660223e-11
0.782	109			0.000275793	-3.32e-05	0.00027776	-6.858	0.000236393	1.99081e-05	0.000237227	4.83	0.00464824	-0.00020218	0.00465301	-2.49	0.00470164	-0.000267031	0.00470832	-3.246	-1.982714e-11
0.78	110			0.000253947	-3.25444e-05	0.000256034	-7.296	0.0002476	1.87756e-05	0.000248315	4.344	0.00463012	-0.00020218	0.00463489	-2.49	0.00465205	-0.00026417	0.00465968	-3.246	-2.19631e-11
0.778	111			0.000232638	-3.02495e-05	0.000234575	-7.41	0.000249626	1.87756e-05	0.000250341	4.308	0.00460914	-0.000200273	0.00461295	-2.478	0.00460437	-0.000260355	0.004612	-3.234	-1.739796e-11
0.776	112			0.000194729	-2.87594e-05	0.000196845	-8.4	0.000232817	1.86564e-05	0.000233532	4.59	0.00456527	-0.000197412	0.00456908	-2.466	0.00454429	-0.00025654	0.00455096	-3.222	-1.80681e-11
0.774	113			0.000160367	-2.6405e-05	0.000162513	-9.348	0.000205458	2.01465e-05	0.000206471	5.616	0.00451949	-0.00019455	0.00452426	-2.454	0.00448897	-0.000252726	0.00449565	-3.216	-1.844504e-11
0.772	114			0.000157447	-2.60771e-05	0.000159592	-9.39	0.000174941	2.10406e-05	0.000176192	6.876	0.00447372	-0.000193597	0.00447753	-2.466	0.00446609	-0.000250818	0.00447276	-3.204	-1.785871e-11
0.77	115			0.000161559	-2.67328e-05	0.000163765	-9.39	0.000166536	2.00869e-05	0.000167788	6.888	0.00445655	-0.000192643	0.00446036	-2.466	0.00446036	-0.000249865	0.00446704	-3.198	-2.409914e-11
0.768	116			0.000158818	-2.64348e-05	0.000160993	-9.45	0.000171007	1.97293e-05	0.000172139	6.582	0.00445083	-0.000191689	0.0044556	-2.46	0.00444701	-0.000248911	0.00445369	-3.192	-2.234011e-11
0.766	117			0.000155152	-2.6256e-05	0.000157357	-9.594	0.000178636	1.89544e-05	0.000179649	6.072	0.00445083	-0.000193597	0.0044556	-2.478	0.00443557	-0.000248911	0.00444224	-3.198	-1.982712e-11
0.764	118			0.000140102	-2.55109e-05	0.000142396	-10.314	0.000186206	1.85372e-05	0.0001871	5.694	0.00444892	-0.000191689	0.00445369	-2.46	0.00441363	-0.00024605	0.00442031	-3.192	-1.94921e-11
0.762	119			7.65924e-05	-2.29479e-05	7.99601e-05	-16.662	0.000193418	1.85968e-05	0.000194312	5.502	0.0044432	-0.000191689	0.00444701	-2.466	0.00434306	-0.000242234	0.00434974	-3.186	-2.175373e-11
0.76	120			4.95615e-05	-2.02657e-05	5.3555e-05	-22.218	0.000199438	1.71663e-05	0.000200153	4.926	0.00444224	-0.000192643	0.00444701	-2.472	0.00430205	-0.000239373	0.00430873	-3.174	-2.154431e-11
0.758	121			5.129e-05	-2.00869e-05	5.50749e-05	-21.366	0.000207783	1.84776e-05	0.000208617	5.094	0.00444701	-0.000192643	0.00445083	-2.472	0.00429824	-0.000241281	0.00430492	-3.204	-2.133493e-11
0.756	122			3.30808e-05	-1.99081e-05	3.86091e-05	-31.032	0.000221075	1.77027e-05	0.00022179	4.584	0.0044556	-0.000191689	0.00445941	-2.46	0.00427631	-0.000239373	0.00428298	-3.192	-1.898951e-11
0.754	123			1.5393e-05	-2.02433e-05	2.54289e-05	-52.734	0.000236631	1.72855e-05	0.000237227	4.188	0.00446799	-0.000193597	0.00447181	-2.466	0.00425628	-0.000239373	0.00426295	-3.216	-1.777496e-11
0.752	124			7.43571e-06	-2.00049e-05	2.13386e-05	-69.594	0.000257554	1.62126e-05	0.00025803	3.612	0.00448897	-0.000193597	0.00449279	-2.46	0.00424579	-0.000239373	0.00425246	-3.228	-1.55552e-11
0.75	125			3.38258e-06	-2.00571e-05	2.03328e-05	-80.412	0.000286521	1.508e-05	0.000286939	3.024	0.00451568	-0.000193597	0.00451949	-2.448	0.00424102	-0.00023842	0.0042477	-3.21	-2.162809e-11
0.748	126			2.47361e-06	-2.03253e-05	2.04706e-05	-83.052	0.000311734	1.51992e-05	0.000312092	2.796	0.00454238	-0.00019455	0.0045462	-2.448	0.00423816	-0.00023842	0.00424483	-3.216	-2.208878e-11
0.746	127			2.90574e-07	-1.93083e-05	1.93083e-05	-89.13	0.000333013	1.33515e-05	0.000333251	2.298	0.00456145	-0.00019455	0.00456622	-2.436	0.00423625	-0.000237466	0.00424293	-3.198	-2.25913e-11
0.744	128			9.90934e-07	-1.95989e-05	1.96212e-05	-87.096	0.000344159	1.43052e-05	0.000344457	2.382	0.00457385	-0.000195504	0.00457767	-2.436	0.00423625	-0.00023842	0.00424293	-3.216	-1.873822e-11
0.742	129			6.70556e-07	-1.91779e-05	1.91891e-05	-87.99	0.00035006	1.33515e-05	0.000350358	2.19	0.00457767	-0.00019455	0.00458148	-2.424	0.0042372	-0.000237466	0.00424388	-3.204	-1.354484e-11
0.74	130			2.90574e-07	-1.88799e-05	1.88799e-05	-89.112	0.000348391	1.45436e-05	0.000348689	2.4	0.00457671	-0.00019455	0.00458053	-2.424	0.0042372	-0.00023842	0.00424388	-3.216	-1.718854e-11
0.738	131			9.16425e-07	-1.84329e-05	1.84515e-05	-87.15	0.000337901	1.40071e-05	0.000338199	2.382	0.00456622	-0.00019455	0.00457099	-2.43	0.0042372	-0.00023842	0.00424388	-3.216	-2.330335e-11
0.736	132			1.94834e-06	-1.95579e-05	1.9651e-05	-84.306	0.000314476	1.54377e-05	0.000314834	2.814	0.00454238	-0.000193597	0.0045462	-2.436	0.00423816	-0.00023842	0.00424483	-3.216	-2.141866e-11
0.734	133			2.38048e-06	-1.92859e-05	1.94275e-05	-82.956	0.000273647	1.7047e-05	0.000274183	3.576	0.00450137	-0.000192643	0.00450519	-2.442	0.00423911	-0.000237466	0.00424579	-3.204	-1.752367e-11
0.732	134			2.71203e-06	-1.89916e-05	1.91816e-05	-81.87	0.00020063	2.04445e-05	0.000201643	5.832	0.00442699	-0.000188828	0.0044308	-2.442	0.00423816	-0.000237466	0.00424483	-3.198	-1.982713e-11
0.73	135			2.60027e-06	-1.86117e-05	1.87868e-05	-82.038	0.000113786	2.4736e-05	0.000116408	12.276	0.00433829	-0.00018406	0.00434211	-2.43	0.00423625	-0.000237466	0.00424293	-3.198	-1.9869e-11
0.728	136			3.32297e-06	-1.85521e-05	1.88426e-05	-79.83	4.52402e-05	2.64944e-05	5.24523e-05	30.36	0.00426772	-0.000182153	0.00427154	-2.442	0.0042353	-0.000236512	0.00424197	-3.186	-1.932452e-11
0.726	137			4.10902e-06	-1.71216e-05	1.76058e-05	-76.5	2.28361e-05	2.87594e-05	3.67316e-05	51.552	0.00424483	-0.000180245	0.00424865	-2.43	0.00423339	-0.000236512	0.00424007	-3.192	-2.351274e-11
0.724	138			4.96212e-06	-1.76692e-05	1.83472e-05	-74.31	1.79858e-05	2.96385e-05	3.46752e-05	58.746	0.00423816	-0.000182153	0.00424197	-2.448	0.00423339	-0.000237466	0.00424007	-3.21	-1.794246e-11
0.722	139			5.94187e-06	-1.79374e-05	1.88948e-05	-71.67	1.60934e-05	2.81484e-05	3.24252e-05	60.234	0.0042372	-0.000180245	0.00424102	-2.43	0.00423434	-0.000236512	0.00424102	-3.192	-1.639282e-11
0.72	140			7.9312e-06	-1.81125e-05	1.97665e-05	-66.342	1.61604e-05	2.76567e-05	3.20377e-05	59.694	0.00423625	-0.000180245	0.00424102	-2.43	0.0042353	-0.000236512	0.00424197	-3.186	-2.154431e-11
0.718	141			1.11946e-05	-1.77511e-05	2.09847e-05	-57.756	1.66745e-05	2.79398e-05	3.25444e-05	59.166	0.00423625	-0.000180245	0.00424007	-2.43	0.0042372	-0.000235558	0.00424388	-3.18	-2.066479e-11
0.716	142			1.21669e-05	-1.85558e-05	2.21879e-05	-56.736	1.76654e-05	2.61368e-05	3.1546e-05	55.938	0.00423625	-0.000180245	0.00424007	-2.43	0.0042372	-0.000234605	0.00424388	-3.162	-1.974343e-11
0.714	143			1.35229e-05	-1.89097e-05	2.32459e-05	-54.426	1.94983e-05	2.59132e-05	3.24252e-05	53.046	0.0042353	-0.000180245	0.00423911	-2.424	0.00423816	-0.000233651	0.00424483	-3.15	-1.723048e-11
0.712	144			1.62014e-05	-1.83658e-05	2.44864e-05	-48.576	2.38047e-05	2.50564e-05	3.45635e-05	46.47	0.00423434	-0.000180245	0.00423816	-2.43	0.00423625	-0.000232697	0.00424293	-3.144	-1.727235e-11
0.71	145			1.99677e-05	-1.84962e-05	2.72134e-05	-42.804	2.85582e-05	2.55258e-05	3.83111e-05	41.79	0.00423625	-0.000180245	0.00424007	-2.424	0.00423434	-0.000234605	0.00424102	-3.162	-2.003658e-11
0.708	146			2.38494e-05	-1.84291e-05	3.01414e-05	-37.686	3.74021e-05	2.55035e-05	4.527e-05	34.29	0.00423625	-0.000180245	0.00424007	-2.424	0.00423148	-0.000233651	0.00423816	-3.156	-2.058103e-11
0.706	147			2.68781e-05	-2.02359e-05	3.36433e-05	-36.972	4.49049e-05	2.5876e-05	5.18265e-05	29.952	0.0042353	-0.000179292	0.00423911	-2.412	0.00422576	-0.000235558	0.00423244	-3.18	-2.007844e-11
0.704	148			2.99328e-05	-2.00273e-05	3.60126e-05	-33.78	5.42107e-05	2.46094e-05	5.95378e-05	24.414	0.00423339	-0.000178338	0.0042372	-2.406	0.00421908	-0.000232697	0.00422576	-3.156	-2.0246e-11
0.702	149			2.90313e-05	-2.06829e-05	3.56438e-05	-35.466	6.38296e-05	2.42443e-05	6.82701e-05	20.802	0.00423339	-0.000179292	0.0042372	-2.418	0.00420764	-0.000233651	0.00421432	-3.174	-2.246574e-11
0.7	150			2.88488e-05	-2.04631e-05	3.53719e-05	-35.346	7.6503e-05	2.32906e-05	7.9975e-05	16.932	0.00423339	-0.000180245	0.0042372	-2.424	0.00419238	-0.000232697	0.00419906	-3.168	-2.292646e-11
0.698	151			3.16577e-05	-2.08096e-05	3.78827e-05	-33.318	9.27006e-05	2.24562e-05	9.53828e-05	13.62	0.00423244	-0.000178338	0.00423625	-2.406	0.00417903	-0.00023079	0.00418571	-3.162	-2.012035e-11
0.696	152			3.66571e-05	-2.06121e-05	4.20513e-05	-29.346	0.000116617	2.09511e-05	0.000118487	10.182	0.00423244	-0.000179292	0.00423625	-2.418	0.00416186	-0.00023079	0.00416854	-3.162	-1.635095e-11
0.694	153			4.32807e-05	-2.10443e-05	4.81235e-05	-25.926	0.00014151	2.11598e-05	0.000143082	8.508	0.00423339	-0.000178338	0.0042372	-2.406	0.00414374	-0.000228883	0.00415042	-3.156	-2.217255e-11
0.692	154			5.31415e-05	-2.09698e-05	5.71276e-05	-21.534	0.000151985	1.94089e-05	0.000153215	7.278	0.00423625	-0.000178338	0.00424007	-2.406	0.0041447	-0.000228883	0.00415042	-3.156	-2.066484e-11
0.69	155			6.87693e-05	-2.14131e-05	7.20252e-05	-17.292	0.000168868	1.9774e-05	0.000170023	6.678	0.00424102	-0.000179292	0.00424483	-2.412	0.00414756	-0.00023079	0.00415424	-3.174	-1.940832e-11
0.688	156			8.5399e-05	-2.2892e-05	8.84128e-05	-15.006	0.000195236	1.74345e-05	0.000196011	5.106	0.00424197	-0.000180245	0.00424579	-2.418	0.00414088	-0.00023079	0.00414756	-3.18	-1.823564e-11
0.686	157			9.51295e-05	-2.43039e-05	9.81768e-05	-14.328	0.000229151	1.74941e-05	0.000229807	4.368	0.00424483	-0.000178338	0.00424865	-2.4	0.00412086	-0.000228883	0.00412753	-3.174	-1.945024e-11
0.684	158			0.000104122	-2.37079e-05	0.000106782	-12.828	0.000258448	1.51098e-05	0.000258895	3.354	0.00424483	-0.000180245	0.0042496	-2.418	0.00410083	-0.000228883	0.00410655	-3.18	-2.476924e-11
0.682	159			0.0001169	-2.42443e-05	0.000119381	-11.712	0.000277044	1.6004e-05	0.000277491	3.312	0.00424579	-0.000179292	0.0042496	-2.406	0.0040932	-0.000228883	0.00409988	-3.186	-2.091615e-11
0.68	160			0.000125066	-2.5496e-05	0.000127637	-11.52	0.000292571	1.36197e-05	0.000292899	2.664	0.0042477	-0.000180245	0.00425151	-2.418	0.00408939	-0.000228883	0.00409606	-3.192	-1.86963e-11
0.678	161			0.000128784	-2.63454e-05	0.000131452	-11.556	0.000293138	1.31131e-05	0.000293436	2.562	0.00424865	-0.000180245	0.00425246	-2.418	0.00409129	-0.000229836	0.00409797	-3.21	-2.045536e-11
0.676	162			0.00013248	-2.54811e-05	0.000134901	-10.884	0.000305058	1.32621e-05	0.000305327	2.49	0.0042477	-0.000180245	0.00425151	-2.418	0.00408366	-0.000228883	0.00409034	-3.198	-1.827752e-11
0.674	163			0.000129432	-2.57121e-05	0.000131958	-11.232	0.000334861	1.20402e-05	0.000335069	2.058	0.00424483	-0.000180245	0.0042496	-2.418	0.00405124	-0.000226975	0.00405791	-3.204	-1.614154e-11
0.672	164			0.000128516	-2.48925e-05	0.000130908	-10.962	0.000366719	9.80502e-06	0.000366868	1.536	0.00424293	-0.000180245	0.0042477	-2.418	0.00401786	-0.000224114	0.00402358	-3.18	-1.915703e-11
0.67	165			0.000127004	-2.49372e-05	0.000129432	-11.106	0.000392022	8.13609e-06	0.000392111	1.188	0.00424293	-0.000179292	0.0042477	-2.412	0.0039883	-0.000222207	0.00399402	-3.174	-1.911515e-11
0.668	166			0.000146435	-2.57866e-05	0.000148692	-9.984	0.000429632	5.90089e-06	0.000429662	0.786	0.00424102	-0.000180245	0.00424483	-2.43	0.00396731	-0.0002203	0.00397304	-3.174	-2.074857e-11
0.666	167			0.000153803	-2.60324e-05	0.000155994	-9.606	0.000461044	4.41077e-06	0.000461103	0.552	0.00423244	-0.000180245	0.00423625	-2.424	0.00393584	-0.000218392	0.00394157	-3.168	-1.961777e-11
0.664	168			0.000162565	-2.53395e-05	0.000164525	-8.856	0.000478866	1.60933e-06	0.000478866	0.198	0.0042105	-0.000179292	0.00421432	-2.43	0.00390531	-0.000216485	0.00391105	-3.168	-1.936644e-11
0.662	169			0.000153014	-2.56525e-05	0.000155152	-9.516	0.000433328	4.29156e-06	0.000433328	0.57	0.00414565	-0.000176431	0.00414947	-2.43	0.0038767	-0.000215531	0.00388242	-3.168	-1.836134e-11
0.66	170			0.000144743	-2.41549e-05	0.000146748	-9.474	0.000341179	8.52352e-06	0.000341238	1.44	0.0040293	-0.000169755	0.00403216	-2.406	0.00384428	-0.000213624	0.00385095	-3.174	-1.911517e-11
0.658	171			0.000131042	-2.29107e-05	0.000133031	-9.912	0.000270071	1.29343e-05	0.000270369	2.748	0.00392821	-0.00016594	0.00393203	-2.412	0.0037985	-0.000210763	0.00380422	-3.162	-2.062297e-11
0.656	172			0.000122772	-2.24115e-05	0.000124798	-10.344	0.000218988	1.53781e-05	0.000219525	4.032	0.00386526	-0.000163079	0.00386907	-2.412	0.00377943	-0.000210763	0.00378515	-3.18	-1.660225e-11
0.654	173			0.000100099	-2.09511e-05	0.000102267	-11.82	0.000204266	1.59146e-05	0.000204922	4.458	0.00384237	-0.000162126	0.00384618	-2.412	0.00374891	-0.000208856	0.00375463	-3.174	-1.593211e-11
0.652	174			8.23294e-05	-2.00273e-05	8.47359e-05	-13.668	0.000198782	1.74643e-05	0.000199498	5.022	0.00383283	-0.000162126	0.00383569	-2.412	0.00372507	-0.000206948	0.00373174	-3.174	-1.777495e-11
0.65	175			6.64596e-05	-1.87532e-05	6.90524e-05	-15.756	0.000190021	1.74643e-05	0.000190795	5.25	0.00382043	-0.000160218	0.00382425	-2.4	0.00370599	-0.000205041	0.00371172	-3.162	-2.049728e-11
0.648	176			5.71164e-05	-1.84105e-05	6.00072e-05	-17.862	0.000167848	1.74047e-05	0.000168742	5.928	0.00379755	-0.000160218	0.00380136	-2.4	0.0036936	-0.000204087	0.00369932	-3.162	-2.150245e-11
0.646	177			4.24834e-05	-1.72557e-05	4.58511e-05	-22.104	0.000135482	1.88948e-05	0.000136794	7.95	0.00376226	-0.000157357	0.00376607	-2.394	0.00367834	-0.000204087	0.00368406	-3.162	-1.831942e-11
0.644	178			2.94299e-05	-1.71066e-05	3.40419e-05	-30.168	0.000117422	1.85968e-05	0.000118912	9.0	0.00374509	-0.000157357	0.00374795	-2.406	0.00366499	-0.00020218	0.00366975	-3.144	-2.359655e-11
0.642	179			2.16143e-05	-1.62796e-05	2.70606e-05	-36.978	0.00010413	1.87756e-05	0.000105858	10.248	0.00372888	-0.000157357	0.0037327	-2.412	0.00365449	-0.00020218	0.00366022	-3.156	-1.940832e-11
0.64	180			1.43722e-05	-1.55718e-05	2.11896e-05	-47.268	9.60235e-05	1.96696e-05	9.80203e-05	11.592	0.00372125	-0.000157357	0.00372507	-2.412	0.00364687	-0.000200273	0.00365163	-3.138	-1.62253e-11
0.638	181			9.38406e-06	-1.44914e-05	1.72594e-05	-57.066	8.72319e-05	2.05637e-05	8.9616e-05	13.272	0.00370981	-0.000156404	0.00371362	-2.406	0.00364019	-0.000200273	0.00364496	-3.132	-2.292644e-11
0.636	182			8.99291e-06	-1.58177e-05	1.81944e-05	-60.366	8.13012e-05	2.03253e-05	8.38046e-05	14.034	0.00370313	-0.000156404	0.00370695	-2.412	0.00363828	-0.000201226	0.00364305	-3.156	-1.764934e-11
0.634	183			8.10629e-06	-1.679e-05	1.86452e-05	-64.218	8.14204e-05	2.02061e-05	8.3894e-05	13.944	0.00370122	-0.00015545	0.00370504	-2.4	0.00363447	-0.000201226	0.00364019	-3.162	-2.166994e-11
0.632	184			8.22922e-06	-1.7237e-05	1.9096e-05	-64.476	8.4043e-05	1.97293e-05	8.63378e-05	13.224	0.00370218	-0.00015545	0.00370504	-2.4	0.00363161	-0.000201226	0.00363733	-3.162	-1.924079e-11
0.63	185			8.23295e-06	-1.63243e-05	1.82801e-05	-63.228	8.34768e-05	1.99379e-05	8.58014e-05	13.452	0.00369836	-0.000157357	0.00370122	-2.424	0.0036297	-0.000201226	0.00363542	-3.162	-2.11255e-11
0.628	186			9.35054e-06	-1.77698e-05	2.00757e-05	-62.238	7.61454e-05	2.0981e-05	7.89766e-05	15.408	0.00368597	-0.00015545	0.00368883	-2.4	0.00362684	-0.000201226	0.00363161	-3.168	-2.028783e-11
0.626	187			1.07289e-05	-1.67155e-05	1.98559e-05	-57.3	7.03041e-05	2.05041e-05	7.32248e-05	16.278	0.00367261	-0.000154496	0.00367643	-2.4	0.00362016	-0.000200273	0.00362588	-3.15	-2.200498e-11
0.624	188			1.26623e-05	-1.72706e-05	2.14131e-05	-53.748	6.08566e-05	2.08915e-05	6.43437e-05	18.948	0.0036564	-0.000153542	0.00366022	-2.388	0.00361635	-0.000199319	0.00362112	-3.144	-1.798435e-11
0.622	189			1.44058e-05	-1.71327e-05	2.23817e-05	-49.932	5.39424e-05	2.24711e-05	5.84426e-05	22.626	0.00364114	-0.000150681	0.00364496	-2.358	0.00360967	-0.000198365	0.00361444	-3.138	-2.095793e-11
0.62	190			2.03588e-05	-1.641e-05	2.61517e-05	-38.874	5.43299e-05	2.16664e-05	5.84724e-05	21.756	0.00363447	-0.000151635	0.00363828	-2.382	0.00360776	-0.000197412	0.00361253	-3.132	-1.965962e-11
0.618	191			2.81521e-05	-1.73153e-05	3.3051e-05	-31.584	5.47173e-05	2.25903e-05	5.92174e-05	22.428	0.00363161	-0.000150681	0.00363542	-2.376	0.00361063	-0.000197412	0.00361635	-3.126	-1.630904e-11
0.616	192			3.46417e-05	-1.74717e-05	3.87991e-05	-26.76	5.50451e-05	2.02359e-05	5.86512e-05	20.214	0.00362493	-0.000150681	0.00362875	-2.376	0.00361158	-0.000197412	0.0036173	-3.114	-1.865447e-11
0.614	193			3.98348e-05	-1.81721e-05	4.37798e-05	-24.522	6.05586e-05	2.05041e-05	6.39562e-05	18.72	0.00361826	-0.000150681	0.00362207	-2.37	0.00360586	-0.000197412	0.00361158	-3.132	-2.267512e-11
0.612	194			4.3914e-05	-1.84105e-05	4.76169e-05	-22.746	6.75921e-05	1.96398e-05	7.03936e-05	16.206	0.00361158	-0.000150681	0.00361539	-2.376	0.00359632	-0.000196458	0.00360109	-3.12	-1.597401e-11
0.61	195			4.90064e-05	-1.77027e-05	5.21059e-05	-19.86	7.47149e-05	1.89544e-05	7.70693e-05	14.238	0.0036049	-0.000149728	0.00360776	-2.37	0.00358774	-0.000195504	0.00359251	-3.108	-1.961771e-11
0.608	196			5.3473e-05	-1.82578e-05	5.65017e-05	-18.852	8.13012e-05	1.90438e-05	8.35066e-05	13.194	0.00360204	-0.000149728	0.0036049	-2.376	0.00358011	-0.000195504	0.00358488	-3.12	-1.622531e-11
0.606	197			5.68221e-05	-1.79076e-05	5.95751e-05	-17.49	9.14638e-05	1.85074e-05	9.33413e-05	11.454	0.00360204	-0.000149728	0.0036049	-2.376	0.00357343	-0.00019455	0.0035782	-3.108	-1.769119e-11
0.604	198			6.6739e-05	-1.92114e-05	6.94473e-05	-16.056	0.000105381	1.74941e-05	0.000106842	9.426	0.00360586	-0.000150681	0.00360967	-2.382	0.00357439	-0.000195504	0.00357915	-3.12	-1.94921e-11
0.602	199			7.50092e-05	-2.00124e-05	7.76318e-05	-14.934	0.000124485	1.70768e-05	0.000125648	7.818	0.00360967	-0.000150681	0.00361349	-2.376	0.00356771	-0.000195504	0.00357343	-3.12	-2.045538e-11
0.6	200			7.5445e-05	-1.93716e-05	7.78926e-05	-14.4	0.000152857	1.58251e-05	0.000153662	5.922	0.00361253	-0.000149728	0.00361635	-2.364	0.00354482	-0.000193597	0.00354959	-3.12	-2.141865e-11
0.598	201			6.50925e-05	-1.99677e-05	6.80839e-05	-17.052	0.000181944	1.45138e-05	0.00018254	4.566	0.00361444	-0.000149728	0.00361826	-2.364	0.00350763	-0.000192643	0.00351335	-3.132	-2.012034e-11
0.596	202			5.74144e-05	-1.76356e-05	6.00631e-05	-17.07	0.000209601	1.29641e-05	0.000210018	3.54	0.00362016	-0.000150681	0.00362302	-2.382	0.00347711	-0.000189782	0.00348283	-3.114	-2.02878e-11
0.594	203			5.6986e-05	-1.8865e-05	6.00258e-05	-18.312	0.000231595	1.18614e-05	0.000231893	2.934	0.00362493	-0.000149728	0.00362875	-2.358	0.00345804	-0.000189782	0.00346376	-3.132	-1.790063e-11
0.592	204			6.11958e-05	-1.95877e-05	6.42505e-05	-17.748	0.000237198	1.27256e-05	0.000237525	3.072	0.0036297	-0.000149728	0.00363351	-2.358	0.00345899	-0.000190736	0.00346376	-3.144	-2.137679e-11
0.59	205			7.24872e-05	-1.95281e-05	7.50725e-05	-15.078	0.000247331	1.12951e-05	0.0002476	2.616	0.00363351	-0.000150681	0.00363733	-2.364	0.00346567	-0.000188828	0.00347044	-3.114	-2.016219e-11
0.588	206			8.45199e-05	-2.07127e-05	8.70195e-05	-13.77	0.000258209	1.15038e-05	0.000258448	2.556	0.00363638	-0.000150681	0.00364019	-2.37	0.00346853	-0.000190736	0.00347425	-3.144	-1.87382e-11
0.586	207			9.06964e-05	-2.01241e-05	9.29092e-05	-12.504	0.000270428	1.06395e-05	0.000270637	2.256	0.00363733	-0.000150681	0.00364019	-2.358	0.00346471	-0.000188828	0.00347044	-3.114	-2.091608e-11
0.584	208			8.86028e-05	-2.02731e-05	9.08826e-05	-12.888	0.000302287	8.2851e-06	0.000302406	1.572	0.00363638	-0.000150681	0.00364019	-2.364	0.00343324	-0.000187875	0.00343896	-3.12	-2.049726e-11
0.582	209			8.74479e-05	-2.01539e-05	8.97427e-05	-12.978	0.000317099	7.56982e-06	0.000317188	1.368	0.00363828	-0.000152589	0.0036421	-2.394	0.00341608	-0.000186921	0.00342084	-3.126	-1.970152e-11
0.58	210			8.37003e-05	-1.90587e-05	8.58386e-05	-12.822	0.000338735	4.64919e-06	0.000338795	0.786	0.00363733	-0.000151635	0.00364019	-2.382	0.00339033	-0.00018406	0.0033951	-3.108	-1.882198e-11
0.578	211			7.45137e-05	-1.89395e-05	7.6883e-05	-14.262	0.000368776	3.54649e-06	0.000368776	0.552	0.00363447	-0.000151635	0.00363828	-2.382	0.00335027	-0.000182153	0.00335504	-3.108	-1.857072e-11
0.576	212			6.61914e-05	-1.84329e-05	6.87172e-05	-15.558	0.000401231	3.03985e-06	0.000401231	0.438	0.00363161	-0.000150681	0.00363542	-2.364	0.00330736	-0.000181199	0.00331213	-3.126	-1.915705e-11
0.574	213			5.7176e-05	-1.75015e-05	5.97911e-05	-17.016	0.000421824	1.93717e-06	0.000421824	0.27	0.00362875	-0.000150681	0.00363161	-2.376	0.00327303	-0.000178338	0.00327779	-3.114	-1.676976e-11
0.572	214			4.61193e-05	-1.78666e-05	4.94646e-05	-21.168	0.00042546	2.17558e-06	0.00042546	0.294	0.00362016	-0.000150681	0.00362302	-2.382	0.00324823	-0.000177384	0.003253	-3.126	-1.534578e-11
0.57	215			3.79758e-05	-1.698e-05	4.15968e-05	-24.09	0.000406148	3.24847e-06	0.000406148	0.462	0.00359155	-0.000148774	0.00359537	-2.37	0.00323011	-0.000176431	0.00323488	-3.12	-1.651845e-11
0.568	216			2.53321e-05	-1.64584e-05	3.02048e-05	-33.0	0.000346126	5.93069e-06	0.000346186	0.984	0.00352289	-0.000145913	0.00352575	-2.364	0.00321294	-0.000175477	0.00321771	-3.114	-2.213072e-11
0.566	217			1.24127e-05	-1.45585e-05	1.91258e-05	-49.524	0.000266166	1.01627e-05	0.000266375	2.19	0.00343992	-0.000142098	0.00344278	-2.364	0.00319292	-0.000174523	0.00319768	-3.12	-1.748176e-11
0.564	218			9.33191e-06	-1.44691e-05	1.72147e-05	-57.174	0.000182004	1.51694e-05	0.00018263	4.77	0.00335313	-0.000138284	0.00335599	-2.358	0.0031891	-0.000176431	0.00319292	-3.162	-2.012036e-11
0.562	219			5.86736e-06	-1.49049e-05	1.60151e-05	-68.502	0.000121326	1.69576e-05	0.000122518	7.968	0.0032921	-0.000136376	0.00329496	-2.364	0.00318433	-0.000175477	0.0031891	-3.138	-2.196317e-11
0.56	220			2.93927e-06	-1.39326e-05	1.42344e-05	-78.084	9.17916e-05	1.96696e-05	9.3848e-05	12.114	0.00326158	-0.000134469	0.00326444	-2.352	0.00318052	-0.000175477	0.00318529	-3.144	-1.9534e-11
0.558	221			6.64222e-06	-1.3344e-05	1.49049e-05	-63.534	7.60858e-05	1.95504e-05	7.85594e-05	14.418	0.00324441	-0.000134469	0.00324632	-2.364	0.00317957	-0.000174523	0.00318433	-3.132	-2.334524e-11
0.556	222			1.42418e-05	-1.37985e-05	1.98261e-05	-44.088	7.06916e-05	1.99975e-05	7.34632e-05	15.792	0.00323106	-0.000133515	0.00323297	-2.352	0.00318052	-0.000174523	0.00318529	-3.132	-2.355465e-11
0.554	223			2.21656e-05	-1.48528e-05	2.66806e-05	-33.822	6.86352e-05	1.91928e-05	7.12876e-05	15.624	0.00321962	-0.000133515	0.00322248	-2.358	0.00317957	-0.00017357	0.00318433	-3.108	-1.73142e-11
0.552	224			2.9687e-05	-1.53669e-05	3.34273e-05	-27.366	7.0781e-05	1.62424e-05	7.26287e-05	12.924	0.00321104	-0.000133515	0.00321294	-2.364	0.00317575	-0.00017357	0.00318052	-3.114	-2.187935e-11
0.55	225			3.4746e-05	-1.40742e-05	3.74916e-05	-22.05	7.38208e-05	1.80007e-05	7.59964e-05	13.71	0.00319959	-0.000132562	0.00320245	-2.364	0.00316907	-0.000171662	0.00317289	-3.096	-2.250764e-11
0.548	226			3.62659e-05	-1.54638e-05	3.9425e-05	-23.094	7.29566e-05	1.71066e-05	7.49533e-05	13.212	0.00318815	-0.000131608	0.00319101	-2.358	0.00315763	-0.000172616	0.0031624	-3.12	-2.38897e-11
0.546	227			3.71302e-05	-1.45995e-05	3.98981e-05	-21.462	7.24499e-05	1.64808e-05	7.43275e-05	12.81	0.00317766	-0.000131608	0.00318052	-2.364	0.00314809	-0.000170709	0.00315286	-3.09	-2.037163e-11
0.544	228			4.12131e-05	-1.61828e-05	4.42753e-05	-21.432	7.45063e-05	1.73451e-05	7.6503e-05	13.11	0.00316812	-0.000131608	0.00317098	-2.364	0.00314142	-0.000170709	0.00314619	-3.108	-1.995281e-11
0.542	229			4.34446e-05	-1.56761e-05	4.61864e-05	-19.842	7.80826e-05	1.65404e-05	7.98409e-05	11.976	0.00316431	-0.000131608	0.00316717	-2.364	0.0031357	-0.000170709	0.00314046	-3.102	-2.313583e-11
0.54	230			4.5866e-05	-1.62983e-05	4.86749e-05	-19.56	8.95862e-05	1.7047e-05	9.11956e-05	10.77	0.00316526	-0.000130654	0.00316812	-2.352	0.00312807	-0.000169755	0.00313284	-3.096	-2.514617e-11
0.538	231			4.99377e-05	-1.69278e-05	5.27243e-05	-18.726	9.76627e-05	1.59742e-05	9.8974e-05	9.294	0.00316145	-0.000131608	0.00316431	-2.364	0.00312044	-0.000169755	0.00312425	-3.108	-1.919894e-11
0.536	232			5.73064e-05	-1.66484e-05	5.96757e-05	-16.194	0.000106514	1.54377e-05	0.000107646	8.262	0.00315572	-0.000129701	0.00315858	-2.346	0.00311376	-0.000168801	0.00311758	-3.102	-1.844503e-11
0.534	233			6.47199e-05	-1.69614e-05	6.69067e-05	-14.682	0.000126899	1.31131e-05	0.000127585	5.91	0.00315	-0.000129701	0.00315286	-2.352	0.00309755	-0.000167848	0.00310232	-3.09	-1.986901e-11
0.532	234			6.22612e-05	-1.66037e-05	6.44405e-05	-14.928	0.000146062	1.37389e-05	0.000146718	5.382	0.0031376	-0.000128747	0.00314046	-2.334	0.00306226	-0.000166894	0.00306703	-3.102	-1.785875e-11
0.53	235			5.53506e-05	-1.75127e-05	5.80514e-05	-17.556	0.000161887	1.2666e-05	0.000162364	4.482	0.0031233	-0.000127793	0.00312616	-2.334	0.00302698	-0.000164033	0.00303175	-3.102	-1.773305e-11
0.528	236			4.96844e-05	-1.64622e-05	5.23406e-05	-18.33	0.000177593	1.23084e-05	0.00017801	3.966	0.00312044	-0.000127793	0.0031233	-2.334	0.00300027	-0.000163079	0.00300504	-3.102	-2.234008e-11
0.526	237			5.08132e-05	-1.63206e-05	5.33687e-05	-17.808	0.000187249	1.05799e-05	0.000187547	3.234	0.00311758	-0.000127793	0.00312044	-2.34	0.00298788	-0.000162126	0.00299264	-3.102	-1.928273e-11
0.524	238			4.48416e-05	-1.63281e-05	4.77212e-05	-20.004	0.000202448	1.07587e-05	0.000202746	3.042	0.00312711	-0.000127793	0.00312997	-2.328	0.00297643	-0.000162126	0.00298025	-3.102	-1.609963e-11
0.522	239			4.19507e-05	-1.55346e-05	4.47335e-05	-20.316	0.000216336	9.23878e-06	0.000216545	2.454	0.00313665	-0.000128747	0.00313951	-2.334	0.0029669	-0.000160218	0.00297166	-3.084	-1.597402e-11
0.52	240			4.64658e-05	-1.58959e-05	4.91107e-05	-18.882	0.000235737	8.40431e-06	0.000235886	2.046	0.00314428	-0.000128747	0.00314714	-2.328	0.00296022	-0.000160218	0.00296499	-3.096	-2.321959e-11
0.518	241			4.58027e-05	-1.60002e-05	4.85147e-05	-19.254	0.000259133	6.97377e-06	0.000259222	1.542	0.00315382	-0.000128747	0.00315668	-2.322	0.00294687	-0.000160218	0.00295068	-3.096	-1.723048e-11
0.516	242			3.66087e-05	-1.43014e-05	3.9302e-05	-21.336	0.000281693	5.42405e-06	0.000281723	1.104	0.00316431	-0.000129701	0.00316717	-2.34	0.0029278	-0.000156404	0.00293161	-3.048	-2.091612e-11
0.514	243			3.62883e-05	-1.48118e-05	3.91977e-05	-22.2	0.000298472	5.45385e-06	0.000298532	1.05	0.00317194	-0.000128747	0.0031748	-2.322	0.0029154	-0.000157357	0.00291921	-3.078	-1.7063e-11
0.512	244			3.37886e-05	-1.44728e-05	3.67614e-05	-23.184	0.000318797	4.85781e-06	0.000318827	0.876	0.00317575	-0.000128747	0.00317861	-2.316	0.00289823	-0.00015545	0.002903	-3.066	-1.509454e-11
0.51	245			3.24065e-05	-1.46889e-05	3.55805e-05	-24.378	0.000334295	4.97702e-06	0.000334324	0.858	0.0031767	-0.000129701	0.00317957	-2.328	0.00288107	-0.00015545	0.00288488	-3.084	-2.238193e-11
0.508	246			1.81758e-05	-1.36719e-05	2.27393e-05	-36.948	0.000342162	3.54649e-06	0.000342162	0.6	0.00317575	-0.000129701	0.00317766	-2.334	0.00285913	-0.000154496	0.00286295	-3.084	-1.907328e-11
0.506	247			9.01899e-06	-1.25357e-05	1.54377e-05	-54.258	0.000349523	4.08295e-06	0.000349523	0.672	0.00317575	-0.000129701	0.00317861	-2.328	0.00284006	-0.000153542	0.00284387	-3.078	-1.928268e-11
0.504	248			4.44058e-06	-1.27331e-05	1.34856e-05	-70.764	0.000350537	4.23196e-06	0.000350567	0.69	0.00317194	-0.000129701	0.0031748	-2.334	0.00283243	-0.000153542	0.00283624	-3.084	-1.727235e-11
0.502	249			2.83496e-06	-1.28374e-05	1.31429e-05	-77.538	0.00034401	6.76516e-06	0.00034407	1.128	0.00316431	-0.000128747	0.00316717	-2.316	0.00282957	-0.000153542	0.00283338	-3.102	-2.409914e-11
0.5	250			1.66521e-06	-1.34595e-05	1.35564e-05	-82.938	0.000323268	6.25852e-06	0.000323327	1.11	0.00314237	-0.000128747	0.00314523	-2.334	0.00282671	-0.000154496	0.00283052	-3.12	-1.982719e-11
0.498	251			3.53159e-06	-1.37017e-05	1.4145e-05	-75.54	0.000284912	7.42081e-06	0.000285001	1.5	0.00310232	-0.000125886	0.00310422	-2.31	0.00282671	-0.000154496	0.00283052	-3.12	-1.769117e-11
0.496	252			1.22935e-05	-1.27629e-05	1.77176e-05	-46.056	0.000222118	1.05203e-05	0.000222386	2.712	0.00303365	-0.000123025	0.00303556	-2.316	0.00282861	-0.000153542	0.00283243	-3.102	-1.865447e-11
0.494	253			2.38867e-05	-1.3236e-05	2.73065e-05	-28.98	0.000163586	1.33217e-05	0.000164122	4.662	0.00296403	-0.000121117	0.0029669	-2.328	0.00283147	-0.000154496	0.00283529	-3.114	-1.802629e-11
0.492	254			3.66385e-05	-1.34819e-05	3.90375e-05	-20.202	0.000122429	1.4782e-05	0.000123323	6.894	0.00290872	-0.00011921	0.00291158	-2.334	0.00282957	-0.000154496	0.00283433	-3.114	-1.836128e-11
0.49	255			4.57319e-05	-1.47522e-05	4.80528e-05	-17.874	0.000103951	1.56463e-05	0.000105113	8.568	0.00287439	-0.000117302	0.00287725	-2.322	0.00282384	-0.000154496	0.00282766	-3.12	-1.702106e-11
0.488	256			5.09175e-05	-1.48714e-05	5.30409e-05	-16.278	9.91528e-05	1.54079e-05	0.000100315	8.838	0.00285341	-0.000116349	0.00285627	-2.328	0.0028124	-0.000153542	0.00281622	-3.108	-2.326151e-11
0.486	257			5.60174e-05	-1.4376e-05	5.78316e-05	-14.388	0.000101835	1.43946e-05	0.000102848	8.046	0.0028391	-0.000115395	0.00284101	-2.31	0.00279905	-0.000151635	0.00280382	-3.096	-2.267514e-11
0.484	258			6.23395e-05	-1.42977e-05	6.39562e-05	-12.918	0.000107468	1.37091e-05	0.000108332	7.278	0.00282766	-0.000116349	0.00282957	-2.346	0.0027876	-0.000150681	0.00279237	-3.078	-2.171186e-11
0.482	259			6.4895e-05	-1.42269e-05	6.64373e-05	-12.366	0.000112087	1.37091e-05	0.000112921	6.978	0.00281812	-0.000115395	0.00282098	-2.34	0.00277807	-0.000149728	0.00278188	-3.078	-1.811e-11
0.48	260			7.03824e-05	-1.54079e-05	7.20476e-05	-12.348	0.000120223	1.18316e-05	0.000120789	5.628	0.00280286	-0.000115395	0.00280572	-2.358	0.0027609	-0.000148774	0.00276472	-3.084	-2.246572e-11
0.478	261			6.91046e-05	-1.56761e-05	7.08592e-05	-12.78	0.000131042	1.1921e-05	0.000131608	5.208	0.0027857	-0.000113488	0.0027876	-2.328	0.00273229	-0.000146867	0.00273706	-3.072	-1.584841e-11
0.476	262			5.92174e-05	-1.4633e-05	6.09981e-05	-13.878	0.000140608	1.15038e-05	0.000141055	4.68	0.00276567	-0.000113488	0.00276758	-2.334	0.0026951	-0.000145913	0.00269891	-3.084	-2.016221e-11
0.474	263			4.68905e-05	-1.31988e-05	4.87084e-05	-15.714	0.00014183	1.15634e-05	0.000142307	4.668	0.00274755	-0.00011158	0.00274946	-2.322	0.00265981	-0.000143052	0.00266363	-3.072	-2.162813e-11
0.472	264			3.8747e-05	-1.31839e-05	4.09263e-05	-18.786	0.000149162	1.12653e-05	0.000149609	4.326	0.00274183	-0.00011158	0.00274374	-2.322	0.00263692	-0.000142098	0.00264169	-3.084	-1.672793e-11
0.47	265			2.92176e-05	-1.31131e-05	3.20228e-05	-24.162	0.000144691	1.11461e-05	0.000145108	4.404	0.00272657	-0.00011158	0.00272848	-2.334	0.0026169	-0.000142098	0.00262167	-3.108	-2.250764e-11
0.468	266			2.08804e-05	-1.26698e-05	2.44231e-05	-31.248	0.000155837	1.03415e-05	0.000156165	3.804	0.00273325	-0.00011158	0.00273515	-2.316	0.0026045	-0.000140191	0.00260831	-3.078	-2.053919e-11
0.466	267			1.45957e-05	-1.30013e-05	1.95467e-05	-41.682	0.000170232	9.59641e-06	0.0001705	3.228	0.00274564	-0.00011158	0.00274755	-2.322	0.00259687	-0.000140191	0.00260068	-3.072	-1.643472e-11
0.464	268			9.37661e-06	-1.19471e-05	1.51881e-05	-51.864	0.000189782	9.62621e-06	0.00019005	2.904	0.00275709	-0.00011158	0.00275899	-2.298	0.00258161	-0.000138284	0.00258638	-3.06	-1.760739e-11
0.462	269			6.12813e-06	-1.19098e-05	1.33925e-05	-62.766	0.000219167	7.92748e-06	0.000219316	2.07	0.00277616	-0.00011158	0.00277807	-2.28	0.00256826	-0.00013733	0.00257207	-3.048	-1.915711e-11
0.46	270			3.17024e-06	-1.15671e-05	1.19918e-05	-74.658	0.000241161	6.82476e-06	0.000241251	1.62	0.00279047	-0.00011158	0.00279237	-2.268	0.00255777	-0.00013733	0.00256063	-3.06	-2.275891e-11
0.458	271			3.19631e-06	-1.12281e-05	1.16714e-05	-74.106	0.000259699	7.03338e-06	0.000259789	1.554	0.00280191	-0.00011158	0.00280382	-2.274	0.00255109	-0.000136376	0.00255395	-3.054	-1.852882e-11
0.456	272			1.72109e-06	-1.08369e-05	1.0971e-05	-80.964	0.000273051	6.0201e-06	0.00027311	1.266	0.00281335	-0.000113488	0.00281526	-2.304	0.00254633	-0.00013733	0.00255014	-3.072	-1.873823e-11
0.454	273			2.28362e-06	-1.05464e-05	1.07885e-05	-77.76	0.000279786	5.42405e-06	0.000279846	1.116	0.00281812	-0.000114441	0.00282003	-2.316	0.00254537	-0.00013733	0.00254919	-3.09	-2.129301e-11
0.452	274			4.73114e-07	-1.14777e-05	1.14851e-05	-87.636	0.000282021	6.0201e-06	0.000282111	1.224	0.00282098	-0.000113488	0.00282289	-2.286	0.00254251	-0.00013733	0.00254633	-3.078	-1.823564e-11
0.45	275			1.54973e-06	-1.25878e-05	1.26809e-05	-82.962	0.000282379	6.22871e-06	0.000282438	1.266	0.00281908	-0.000112534	0.00282098	-2.274	0.00254346	-0.00013733	0.00254728	-3.078	-2.443417e-11
0.448	276			8.07276e-06	-1.2178e-05	1.46069e-05	-56.454	0.000282915	5.78168e-06	0.000282975	1.176	0.00281526	-0.000113488	0.00281717	-2.292	0.00254442	-0.00013733	0.00254823	-3.09	-2.263323e-11
0.446	277			2.02657e-05	-1.24276e-05	2.37749e-05	-31.512	0.000279011	5.66247e-06	0.000279071	1.17	0.00280382	-0.000113488	0.00280572	-2.298	0.00254919	-0.00013733	0.002553	-3.084	-2.468547e-11
0.444	278			3.57518e-05	-1.3873e-05	3.83484e-05	-21.204	0.000265094	6.0499e-06	0.000265183	1.314	0.00277616	-0.000112534	0.00277807	-2.31	0.00255205	-0.00013733	0.00255586	-3.078	-2.296828e-11
0.442	279			4.98446e-05	-1.41562e-05	5.18116e-05	-15.852	0.000230581	8.46392e-06	0.000230731	2.106	0.0027218	-0.000109673	0.00272371	-2.298	0.00254823	-0.000138284	0.00255205	-3.102	-2.129303e-11
0.44	280			5.88449e-05	-1.46255e-05	6.06368e-05	-13.956	0.000187487	9.59641e-06	0.000187726	2.928	0.00265504	-0.000106812	0.00265695	-2.286	0.00253583	-0.00013733	0.00253965	-3.084	-2.183753e-11
0.438	281			6.46156e-05	-1.36048e-05	6.60312e-05	-11.886	0.000163437	1.06991e-05	0.000163794	3.75	0.00260545	-0.000104905	0.00260736	-2.298	0.00251581	-0.000136376	0.00251962	-3.096	-1.970155e-11
0.436	282			6.76666e-05	-1.4145e-05	6.91307e-05	-11.808	0.000161261	9.89443e-06	0.000161589	3.51	0.00257303	-0.000104905	0.00257494	-2.316	0.0024872	-0.000134469	0.00249101	-3.084	-2.116736e-11
0.434	283			5.90424e-05	-1.29082e-05	6.04356e-05	-12.33	0.000160486	9.44739e-06	0.000160755	3.378	0.00254537	-0.000102997	0.00254728	-2.31	0.00245287	-0.000131608	0.00245573	-3.066	-1.995279e-11
0.432	284			4.50874e-05	-1.27406e-05	4.68532e-05	-15.774	0.000156731	9.08977e-06	0.000157	3.33	0.00251772	-0.000102044	0.00251962	-2.316	0.00241567	-0.000129701	0.00241853	-3.066	-2.112549e-11
0.43	285			2.87296e-05	-1.19657e-05	3.11213e-05	-22.602	0.000143231	9.14937e-06	0.000143529	3.654	0.00248815	-0.000100136	0.00249006	-2.298	0.00238229	-0.00012684	0.00238515	-3.042	-1.92827e-11
0.428	286			1.80566e-05	-1.1813e-05	2.1577e-05	-33.192	0.000132621	1.04011e-05	0.000133038	4.488	0.00246431	-9.91826e-05	0.00246622	-2.292	0.0023575	-0.000125886	0.00236036	-3.042	-2.007844e-11
0.426	287			1.24425e-05	-1.07624e-05	1.64473e-05	-40.848	0.000119418	1.03415e-05	0.000119865	4.956	0.00244524	-9.82289e-05	0.00244714	-2.292	0.0023451	-0.000125886	0.00234796	-3.06	-2.11255e-11
0.424	288			9.11584e-06	-1.15224e-05	1.46889e-05	-51.642	0.000118614	1.03415e-05	0.000119091	4.986	0.00244047	-9.82289e-05	0.00244237	-2.28	0.00233652	-0.000124932	0.00234033	-3.054	-1.991092e-11
0.422	289			6.6534e-06	-1.03191e-05	1.22749e-05	-57.168	0.000118584	1.10865e-05	0.000119091	5.346	0.00243761	-9.82289e-05	0.00243951	-2.286	0.00232984	-0.000124932	0.00233366	-3.048	-2.087424e-11
0.42	290			4.48155e-06	-1.0293e-05	1.12206e-05	-66.456	0.000127197	1.00136e-05	0.000127585	4.512	0.00244237	-9.82289e-05	0.00244428	-2.298	0.00232507	-0.000123979	0.00232793	-3.036	-1.924079e-11
0.418	291			9.90934e-07	-1.08593e-05	1.09003e-05	-84.774	0.000139923	1.01627e-05	0.00014028	4.158	0.00245096	-9.82289e-05	0.00245382	-2.274	0.00231649	-0.000124932	0.0023203	-3.066	-1.630906e-11
0.416	292			5.58797e-07	-1.05315e-05	1.05426e-05	-86.958	0.000158221	8.1957e-06	0.00015843	2.964	0.00246717	-9.91826e-05	0.00246908	-2.286	0.00231363	-0.000123025	0.00231744	-3.036	-2.024595e-11
0.414	293			-7.45064e-09	-1.06693e-05	1.06656e-05	-90.036	0.000171245	8.67253e-06	0.000171454	2.904	0.00248052	-9.82289e-05	0.00248243	-2.244	0.00231363	-0.000123979	0.00231649	-3.054	-1.991094e-11
0.412	294			-2.77536e-07	-9.86276e-06	9.86276e-06	-91.608	0.000196011	7.06318e-06	0.00019613	2.07	0.00250436	-0.000100136	0.00250627	-2.268	0.00231077	-0.000122071	0.00231363	-3.024	-1.861254e-11
0.41	295			2.05824e-06	-9.75473e-06	9.96707e-06	-78.084	0.0002172	6.49694e-06	0.000217319	1.716	0.00252344	-0.00010109	0.00252534	-2.286	0.00231172	-0.000123979	0.00231458	-3.054	-2.032978e-11
0.408	296			6.99985e-06	-1.10623e-05	1.30907e-05	-57.666	0.000230969	6.94397e-06	0.000231058	1.728	0.00253393	-0.00010109	0.00253583	-2.274	0.00231363	-0.000124932	0.00231744	-3.066	-2.301024e-11
0.406	297			2.12827e-05	-1.17627e-05	2.43169e-05	-28.926	0.00024283	5.69227e-06	0.00024289	1.344	0.00253583	-0.000102044	0.00253774	-2.286	0.00231935	-0.000124932	0.00232317	-3.06	-2.435046e-11
0.404	298			4.21053e-05	-1.36346e-05	4.42585e-05	-17.94	0.000261458	5.03662e-06	0.000261517	1.104	0.00253679	-0.00010109	0.0025387	-2.274	0.00232126	-0.000124932	0.00232507	-3.072	-2.037163e-11
0.402	299			6.18813e-05	-1.36234e-05	6.33639e-05	-12.414	0.000278773	3.84453e-06	0.000278803	0.792	0.0025263	-0.00010109	0.00252916	-2.28	0.00231649	-0.000124932	0.00231935	-3.066	-2.049725e-11
0.4	300			7.03749e-05	-1.37129e-05	7.16974e-05	-11.022	0.00027311	4.88761e-06	0.00027314	1.026	0.0024891	-9.91826e-05	0.00249101	-2.268	0.00229551	-0.000123025	0.00229837	-3.06	-1.991092e-11
0.398	301			6.44592e-05	-1.27443e-05	6.57071e-05	-11.184	0.000249119	6.10951e-06	0.000249209	1.41	0.00242902	-9.63216e-05	0.00243093	-2.262	0.0022545	-0.000121117	0.00225832	-3.06	-1.99109e-11
0.396	302			4.64323e-05	-1.24612e-05	4.80751e-05	-15.018	0.000215174	6.82476e-06	0.000215293	1.818	0.00236513	-9.34605e-05	0.00236703	-2.262	0.00220586	-0.000118256	0.00220872	-3.06	-1.982718e-11
0.394	303			2.49745e-05	-1.02111e-05	2.69787e-05	-22.236	0.000179739	8.94075e-06	0.000179947	2.856	0.00231458	-9.34605e-05	0.00231649	-2.292	0.00216676	-0.000117302	0.00216962	-3.084	-1.915705e-11
0.392	304			9.76404e-06	-1.0632e-05	1.44356e-05	-47.424	0.000160606	7.89767e-06	0.000160814	2.82	0.00228979	-9.15532e-05	0.00229169	-2.268	0.00214387	-0.000115395	0.00214769	-3.06	-2.187939e-11
0.39	305			4.1649e-06	-9.67464e-06	1.05315e-05	-66.696	0.000139059	8.40431e-06	0.000139297	3.468	0.00226404	-9.05995e-05	0.00226595	-2.274	0.00213434	-0.000114441	0.0021372	-3.06	-2.066481e-11
0.388	306			1.2517e-06	-9.19966e-06	9.28348e-06	-82.242	0.000115216	9.71562e-06	0.000115633	4.818	0.00223638	-8.96459e-05	0.00223829	-2.286	0.00212766	-0.000113488	0.00213052	-3.03	-1.806814e-11
0.386	307			1.74531e-06	-8.8439e-06	9.0134e-06	-78.828	9.98382e-05	9.80502e-06	0.000100315	5.616	0.00221826	-8.86922e-05	0.00222112	-2.268	0.0021248	-0.000112534	0.00212766	-3.018	-1.97853e-11
0.384	308			1.58326e-07	-9.80502e-06	9.80502e-06	-89.064	8.57417e-05	1.10865e-05	8.6457e-05	7.374	0.002203	-8.77385e-05	0.00220491	-2.268	0.00212099	-0.000113488	0.00212385	-3.042	-2.171183e-11
0.382	309			1.26661e-07	-8.99477e-06	8.99291e-06	-89.19	8.68444e-05	1.02223e-05	8.74405e-05	6.732	0.002203	-8.86922e-05	0.00220491	-2.286	0.00212003	-0.00011158	0.00212289	-3.006	-1.756557e-11
0.38	310			-3.89295e-07	-8.67067e-06	8.67626e-06	-92.562	8.78279e-05	9.92423e-06	8.83942e-05	6.462	0.002203	-8.86922e-05	0.00220491	-2.286	0.00211908	-0.00011158	0.00212099	-3.006	-2.003658e-11
0.378	311			6.33304e-08	-9.98756e-06	9.9857e-06	-89.628	9.61428e-05	9.38779e-06	9.65898e-05	5.58	0.00221159	-8.77385e-05	0.00221349	-2.262	0.00211908	-0.000113488	0.00212194	-3.042	-1.852881e-11
0.376	312			2.22588e-06	-9.99129e-06	1.02334e-05	-77.436	0.000119269	9.44739e-06	0.000119657	4.536	0.00223352	-8.86922e-05	0.00223543	-2.256	0.00211908	-0.000112534	0.00212194	-3.024	-2.321959e-11
0.374	313			9.75473e-06	-9.68209e-06	1.37427e-05	-44.778	0.000153513	8.70234e-06	0.000153751	3.252	0.00226308	-8.86922e-05	0.00226499	-2.244	0.00212194	-0.000113488	0.0021248	-3.036	-1.752363e-11
0.372	314			2.58052e-05	-1.13063e-05	2.81726e-05	-23.658	0.000192166	6.10951e-06	0.000192256	1.83	0.00228883	-9.15532e-05	0.00229074	-2.268	0.00212575	-0.000113488	0.00212862	-3.03	-2.468549e-11
0.37	315			5.09436e-05	-1.13883e-05	5.2199e-05	-12.6	0.000233681	4.08295e-06	0.000233711	1.002	0.00230505	-9.15532e-05	0.00230695	-2.268	0.00212766	-0.000113488	0.00213052	-3.03	-2.401541e-11
0.368	316			6.94883e-05	-1.32397e-05	7.074e-05	-10.782	0.000275197	3.30807e-06	0.000275197	0.69	0.00230695	-9.15532e-05	0.00230886	-2.25	0.00210859	-0.000113488	0.0021124	-3.06	-2.007847e-11
0.366	317			6.2712e-05	-1.17347e-05	6.37998e-05	-10.596	0.000298144	1.04309e-06	0.000298144	0.204	0.00228788	-9.15532e-05	0.00228979	-2.268	0.00206281	-0.000109673	0.00206567	-3.036	-1.83194e-11
0.364	318			3.4746e-05	-1.05948e-05	3.63255e-05	-16.956	0.000276627	2.83124e-06	0.000276657	0.588	0.00224115	-8.86922e-05	0.00224306	-2.25	0.00200941	-0.000106812	0.00201227	-3.036	-2.012038e-11
0.362	319			1.0077e-05	-9.31328e-06	1.37203e-05	-42.738	0.000213177	4.7684e-06	0.000213237	1.284	0.00216962	-8.67848e-05	0.00217153	-2.268	0.00196888	-0.000103951	0.00197174	-3.012	-1.760744e-11
0.36	320			4.05687e-06	-9.8609e-06	1.06618e-05	-67.62	0.000167281	6.22871e-06	0.000167401	2.136	0.00212099	-8.39238e-05	0.00212289	-2.25	0.00196411	-0.000104428	0.00196649	-3.03	-1.936647e-11
0.358	321			1.89991e-07	-8.5049e-06	8.5049e-06	-88.71	0.000140131	8.79174e-06	0.000140429	3.6	0.00209428	-8.20165e-05	0.00209619	-2.238	0.00195934	-0.000103951	0.0019622	-3.03	-1.731428e-11
0.356	322			3.39003e-07	-8.24971e-06	8.25344e-06	-87.642	0.000115902	8.64273e-06	0.0001162	4.278	0.00206853	-8.20165e-05	0.00206949	-2.268	0.00195695	-0.000102997	0.00195982	-3.012	-1.790059e-11
0.354	323			-5.19682e-07	-7.56982e-06	7.58472e-06	-93.918	8.902e-05	1.00136e-05	8.95862e-05	6.42	0.00204183	-8.10628e-05	0.00204279	-2.262	0.00195648	-0.000103474	0.00195934	-3.024	-1.844505e-11
0.352	324			2.30969e-07	-8.94634e-06	8.94821e-06	-88.518	7.16751e-05	9.507e-06	7.23009e-05	7.56	0.00202371	-8.01091e-05	0.00202562	-2.262	0.001956	-0.000102044	0.00195886	-2.982	-2.024597e-11
0.35	325			-8.32606e-07	-8.40804e-06	8.44715e-06	-95.646	6.339e-05	1.14442e-05	6.44331e-05	10.248	0.00201513	-8.01091e-05	0.00201704	-2.256	0.00195648	-0.000103474	0.00195934	-3.024	-2.146053e-11
0.348	326			2.83124e-06	-8.13795e-06	8.61293e-06	-70.812	6.39562e-05	1.00434e-05	6.47609e-05	8.94	0.00201513	-8.01091e-05	0.00201608	-2.274	0.00195648	-0.000102044	0.00195886	-2.982	-2.259136e-11
0.346	327			8.21246e-06	-9.32446e-06	1.24239e-05	-48.618	7.27181e-05	9.5368e-06	7.3344e-05	7.482	0.0020199	-8.01091e-05	0.0020218	-2.25	0.00195839	-0.000103951	0.00196077	-3.03	-1.702105e-11
0.344	328			2.21116e-05	-9.18476e-06	2.39426e-05	-22.554	0.000106127	8.67253e-06	0.000106454	4.674	0.00203992	-8.10628e-05	0.00204183	-2.262	0.00195982	-0.000102997	0.00196268	-3.006	-2.10836e-11
0.342	329			4.75536e-05	-1.16863e-05	4.89692e-05	-13.806	0.000169606	6.91417e-06	0.000169755	2.34	0.00207616	-8.10628e-05	0.00207712	-2.226	0.00195839	-0.000104428	0.00196077	-3.042	-1.991092e-11
0.34	330			6.43064e-05	-1.16565e-05	6.53532e-05	-10.272	0.000240297	3.39748e-06	0.000240327	0.816	0.00210096	-8.29701e-05	0.00210191	-2.25	0.00193406	-0.00010252	0.00193644	-3.03	-2.095801e-11
0.338	331			4.37836e-05	-1.0375e-05	4.4998e-05	-13.326	0.000280024	1.60933e-06	0.000280024	0.336	0.00210287	-8.20165e-05	0.00210382	-2.214	0.00187684	-9.96594e-05	0.00187922	-3.03	-1.99109e-11
0.336	332			1.47857e-05	-9.54425e-06	1.76021e-05	-32.832	0.000274481	1.63914e-06	0.000274481	0.348	0.0020857	-8.20165e-05	0.00208665	-2.232	0.00182915	-9.77521e-05	0.00183202	-3.054	-2.455981e-11
0.334	333			3.73648e-06	-9.12329e-06	9.85345e-06	-67.716	0.000230432	4.08295e-06	0.000230462	1.014	0.00204183	-8.01091e-05	0.00204279	-2.226	0.00182105	-9.67984e-05	0.00182343	-3.03	-1.857072e-11
0.332	334			-5.21543e-08	-7.8716e-06	7.86973e-06	-90.378	0.000170619	6.49694e-06	0.000170738	2.184	0.00198223	-7.86786e-05	0.00198413	-2.262	0.00181723	-9.72752e-05	0.00182009	-3.054	-2.246571e-11
0.33	335			1.30386e-07	-7.59962e-06	7.59962e-06	-89.004	0.000129015	8.37451e-06	0.000129283	3.72	0.00194312	-7.58176e-05	0.00194455	-2.226	0.00181676	-9.67984e-05	0.00181962	-3.048	-1.689542e-11
0.328	336			-4.43311e-07	-7.79895e-06	7.80827e-06	-93.24	0.000102967	8.94075e-06	0.000103355	4.968	0.00191689	-7.53407e-05	0.00191832	-2.238	0.00181676	-9.67984e-05	0.00181914	-3.036	-2.435047e-11
0.326	337			1.86266e-09	-8.17148e-06	8.16962e-06	-89.976	7.51917e-05	9.32819e-06	7.57878e-05	7.086	0.00188781	-7.43871e-05	0.00188876	-2.244	0.0018158	-9.53679e-05	0.00181819	-3.006	-1.651846e-11
0.324	338			2.06383e-06	-7.43571e-06	7.71513e-06	-74.478	5.76677e-05	1.04011e-05	5.85916e-05	10.236	0.00187016	-7.29566e-05	0.00187112	-2.226	0.00181723	-9.53679e-05	0.00181962	-2.994	-2.02041e-11
0.322	339			6.7428e-06	-7.32209e-06	9.95217e-06	-47.352	5.68333e-05	9.77522e-06	5.76677e-05	9.78	0.00186587	-7.43871e-05	0.00186682	-2.28	0.00181819	-9.48911e-05	0.00182009	-2.982	-2.045537e-11
0.32	340			2.41325e-05	-8.39314e-06	2.555e-05	-19.17	7.21221e-05	8.73214e-06	7.26585e-05	6.912	0.00186635	-7.39102e-05	0.00186778	-2.262	0.00182009	-9.58447e-05	0.00182296	-3.006	-1.986905e-11
0.318	341			5.15881e-05	-1.03079e-05	5.26088e-05	-11.298	0.000116528	7.68906e-06	0.000116766	3.786	0.00187588	-7.34334e-05	0.00187732	-2.226	0.0018158	-9.58447e-05	0.00181866	-3.018	-1.869632e-11
0.316	342			5.69227e-05	-1.09785e-05	5.79732e-05	-10.914	0.000183136	4.35117e-06	0.000183166	1.368	0.00189639	-7.53407e-05	0.00189782	-2.262	0.00177861	-9.48911e-05	0.00178147	-3.048	-2.187943e-11
0.314	343			2.95789e-05	-1.00323e-05	3.12331e-05	-18.726	0.000224532	2.59282e-06	0.000224532	0.666	0.00191642	-7.43871e-05	0.00191785	-2.208	0.00172807	-9.05995e-05	0.00173045	-2.994	-2.112549e-11
0.312	344			8.14354e-06	-8.17335e-06	1.15373e-05	-45.096	0.000235231	1.93717e-06	0.000235231	0.48	0.00192643	-7.53407e-05	0.00192786	-2.226	0.00170327	-9.01227e-05	0.00170565	-3.012	-1.882199e-11
0.31	345			1.77325e-06	-7.97777e-06	8.16962e-06	-77.466	0.00022033	2.20539e-06	0.000220359	0.582	0.0019126	-7.48639e-05	0.00191403	-2.232	0.00169659	-9.01227e-05	0.00169898	-3.036	-1.635095e-11
0.308	346			2.92437e-07	-8.20315e-06	8.20687e-06	-87.954	0.000172318	4.55978e-06	0.000172378	1.524	0.00186396	-7.34334e-05	0.00186539	-2.244	0.00169612	-9.01227e-05	0.0016985	-3.024	-2.225634e-11
0.306	347			-4.47037e-08	-7.75984e-06	7.75798e-06	-90.318	0.000119538	7.21219e-06	0.000119746	3.462	0.00181151	-7.00955e-05	0.00181247	-2.202	0.00169469	-8.96459e-05	0.00169707	-3.018	-1.836133e-11
0.304	348			8.38194e-07	-8.04482e-06	8.0858e-06	-84.036	9.19704e-05	8.58313e-06	9.23579e-05	5.34	0.00178386	-6.96187e-05	0.00178529	-2.226	0.00169516	-9.01227e-05	0.00169755	-3.03	-1.660222e-11
0.302	349			2.95231e-06	-6.42429e-06	7.06877e-06	-65.31	6.79796e-05	9.05996e-06	6.85756e-05	7.608	0.00175811	-6.91419e-05	0.00175954	-2.244	0.00169612	-8.9169e-05	0.0016985	-3.0	-2.062295e-11
0.3	350			1.34223e-05	-7.51953e-06	1.53837e-05	-29.25	5.87704e-05	9.95403e-06	5.96049e-05	9.624	0.00174285	-6.77113e-05	0.00174428	-2.22	0.00169946	-8.86922e-05	0.00170184	-2.976	-1.664413e-11
0.298	351			4.39624e-05	-9.04134e-06	4.48825e-05	-11.622	8.60696e-05	7.83807e-06	8.64272e-05	5.208	0.00174094	-6.77113e-05	0.00174237	-2.226	0.00170232	-8.96459e-05	0.0017047	-3.0	-1.777498e-11
0.296	352			6.93616e-05	-1.09152e-05	7.02147e-05	-8.94	0.00013885	5.21544e-06	0.000138969	2.16	0.00173903	-6.8665e-05	0.00174046	-2.262	0.00167704	-8.86922e-05	0.00167943	-3.012	-2.020413e-11
0.294	353			3.26151e-05	-8.56823e-06	3.37216e-05	-14.718	0.000151903	5.39425e-06	0.000152023	2.034	0.00173236	-6.77113e-05	0.00173379	-2.226	0.00161982	-8.53543e-05	0.00162221	-3.006	-1.53458e-11
0.292	354			7.82317e-06	-7.81944e-06	1.10567e-05	-44.964	0.000167043	4.55978e-06	0.000167103	1.566	0.00175143	-6.81882e-05	0.00175286	-2.22	0.00159503	-8.44006e-05	0.00159741	-3.024	-1.517824e-11
0.29	355			9.85347e-07	-7.59776e-06	7.65926e-06	-82.602	0.000188471	4.02334e-06	0.00018853	1.224	0.0017748	-6.91419e-05	0.00177575	-2.226	0.00158978	-8.44006e-05	0.00159217	-3.036	-2.083231e-11
0.288	356			-7.35748e-07	-6.9626e-06	6.99799e-06	-96.03	0.000181378	3.87433e-06	0.000181408	1.224	0.00176812	-6.8665e-05	0.00176955	-2.214	0.00158931	-8.3447e-05	0.00159121	-2.988	-1.668601e-11
0.286	357			1.88128e-07	-6.68506e-06	6.68693e-06	-88.386	0.000137479	5.93069e-06	0.000137598	2.472	0.00172377	-6.67577e-05	0.0017252	-2.202	0.00158978	-8.3447e-05	0.00159217	-3.0	-1.589022e-11
0.284	358			1.61492e-06	-5.94e-06	6.15421e-06	-74.79	9.23579e-05	7.92748e-06	9.26857e-05	4.92	0.001678	-6.5804e-05	0.00167943	-2.226	0.00159026	-8.3447e-05	0.00159264	-3.0	-1.936645e-11
0.282	359			8.50117e-06	-6.58634e-06	1.07512e-05	-37.758	7.0483e-05	8.64273e-06	7.10194e-05	7.008	0.00165225	-6.34198e-05	0.00165368	-2.184	0.00159312	-8.3447e-05	0.0015955	-2.994	-1.605777e-11
0.28	360			3.339e-05	-7.89954e-06	3.4312e-05	-13.308	7.50725e-05	8.73214e-06	7.55494e-05	6.648	0.00163556	-6.34198e-05	0.00163651	-2.22	0.00159694	-8.39238e-05	0.00159932	-3.0	-2.133491e-11
0.278	361			6.84974e-05	-9.26113e-06	6.91232e-05	-7.698	0.000125856	5.30484e-06	0.000125975	2.418	0.00162793	-6.38966e-05	0.00162936	-2.238	0.00157786	-8.24933e-05	0.00157977	-2.988	-2.418291e-11
0.276	362			3.30883e-05	-7.5959e-06	3.39451e-05	-12.924	0.000126065	5.72208e-06	0.000126184	2.604	0.00160886	-6.2943e-05	0.00161029	-2.232	0.00152303	-8.01091e-05	0.00152493	-3.006	-2.22144e-11
0.274	363			6.83221e-06	-6.73535e-06	9.59268e-06	-44.58	0.000116081	5.51346e-06	0.0001162	2.718	0.00160647	-6.2943e-05	0.0016079	-2.232	0.00150061	-7.86786e-05	0.00150252	-3.0	-1.945023e-11
0.272	364			8.73584e-07	-6.87691e-06	6.93093e-06	-82.746	0.000134856	5.00682e-06	0.000134946	2.13	0.00162888	-6.24661e-05	0.00163031	-2.178	0.0014968	-7.86786e-05	0.00149918	-2.994	-2.388969e-11
0.27	365			8.5682e-07	-6.40939e-06	6.46341e-06	-82.368	0.000153036	5.09623e-06	0.000153125	1.914	0.00164653	-6.34198e-05	0.00164796	-2.202	0.00149537	-7.91554e-05	0.00149728	-3.024	-2.058102e-11
0.268	366			1.30945e-06	-7.05573e-06	7.17308e-06	-79.482	0.000132472	5.63267e-06	0.000132591	2.442	0.00162459	-6.2943e-05	0.00162602	-2.208	0.0014968	-7.91554e-05	0.00149871	-3.018	-1.999469e-11
0.266	367			6.18215e-06	-6.81917e-06	9.20339e-06	-47.796	8.96757e-05	6.67575e-06	8.99439e-05	4.26	0.00157882	-6.10356e-05	0.00157977	-2.214	0.00149823	-7.86786e-05	0.00150014	-2.994	-2.267512e-11
0.264	368			2.67347e-05	-7.57354e-06	2.77871e-05	-15.816	8.26423e-05	7.45061e-06	8.29701e-05	5.166	0.0015564	-6.00817e-05	0.00155736	-2.208	0.00150348	-7.86786e-05	0.00150538	-2.982	-1.986905e-11
0.262	369			6.05138e-05	-9.87208e-06	6.1315e-05	-9.264	0.000115782	5.03662e-06	0.000115902	2.502	0.0015359	-5.96049e-05	0.00153685	-2.214	0.00148822	-7.77249e-05	0.00149012	-2.976	-1.371234e-11
0.26	370			2.829e-05	-6.56399e-06	2.90388e-05	-13.062	0.000110537	5.21544e-06	0.000110656	2.7	0.00151158	-5.86512e-05	0.00151253	-2.208	0.00143529	-7.43871e-05	0.00143719	-2.952	-1.907324e-11
0.258	371			4.86898e-06	-6.56027e-06	8.16962e-06	-53.412	9.37586e-05	6.85456e-06	9.3997e-05	4.188	0.00150204	-5.76975e-05	0.001503	-2.184	0.00141621	-7.39102e-05	0.00141812	-2.976	-2.213065e-11
0.256	372			1.13995e-06	-5.66247e-06	5.77423e-06	-78.6	9.46824e-05	5.57306e-06	9.48613e-05	3.384	0.00150538	-5.9128e-05	0.00150634	-2.232	0.00141335	-7.43871e-05	0.00141526	-2.994	-2.070668e-11
0.254	373			1.26661e-06	-6.19519e-06	6.32185e-06	-78.426	0.000115216	5.57306e-06	0.000115335	2.772	0.00152589	-5.86512e-05	0.00152684	-2.19	0.00141383	-7.43871e-05	0.00141574	-3.012	-2.003659e-11
0.252	374			3.37885e-06	-6.713e-06	7.51394e-06	-63.27	0.000116587	6.0201e-06	0.000116736	2.964	0.00152493	-5.86512e-05	0.00152589	-2.19	0.00141335	-7.43871e-05	0.00141526	-2.994	-1.756554e-11
0.25	375			1.717e-05	-7.60335e-06	1.87774e-05	-23.88	8.95564e-05	7.54002e-06	8.98545e-05	4.83	0.00148774	-5.6267e-05	0.00148869	-2.154	0.00141764	-7.43871e-05	0.00141955	-2.988	-1.341921e-11
0.248	376			5.33017e-05	-8.71724e-06	5.40095e-05	-9.288	0.000113875	5.39425e-06	0.000114024	2.712	0.00146867	-5.67439e-05	0.00146962	-2.208	0.00141335	-7.43871e-05	0.00141526	-2.994	-2.125113e-11
0.246	377			2.7489e-05	-6.96073e-06	2.8357e-05	-14.208	0.000103742	5.84128e-06	0.000103921	3.234	0.00143338	-5.43597e-05	0.00143433	-2.172	0.00136233	-7.1526e-05	0.00136424	-2.994	-2.229817e-11
0.244	378			4.56165e-06	-6.01265e-06	7.5456e-06	-52.8	8.26721e-05	6.13931e-06	8.29105e-05	4.254	0.00141717	-5.53133e-05	0.00141812	-2.22	0.00134183	-7.05724e-05	0.00134373	-3.0	-1.287472e-11
0.242	379			1.41748e-06	-5.01986e-06	5.21357e-06	-74.22	7.62944e-05	6.76516e-06	7.65924e-05	5.082	0.00141192	-5.43597e-05	0.00141288	-2.19	0.00133944	-7.00955e-05	0.00134087	-2.988	-2.129302e-11
0.24	380			1.1623e-06	-5.09623e-06	5.22475e-06	-77.136	8.24337e-05	6.28832e-06	8.26721e-05	4.38	0.00141812	-5.43597e-05	0.00141907	-2.178	0.00133801	-6.96187e-05	0.00133992	-2.964	-1.685353e-11
0.238	381			6.51929e-06	-6.59007e-06	9.26858e-06	-45.306	9.96594e-05	5.30484e-06	9.98084e-05	3.054	0.00143195	-5.48365e-05	0.0014329	-2.184	0.00134087	-7.00955e-05	0.00134278	-2.988	-1.777491e-11
0.236	382			3.33341e-05	-7.45433e-06	3.41574e-05	-12.6	0.00010705	5.27504e-06	0.000107199	2.832	0.00141431	-5.43597e-05	0.00141526	-2.184	0.00134421	-7.10492e-05	0.00134612	-3.024	-1.769118e-11
0.234	383			3.63647e-05	-7.59776e-06	3.71488e-05	-11.802	0.000117273	5.81148e-06	0.000117422	2.844	0.0013814	-5.3406e-05	0.00138236	-2.208	0.00130988	-6.91419e-05	0.00131131	-3.018	-1.882196e-11
0.232	384			8.25716e-06	-6.60311e-06	1.05724e-05	-38.64	8.46093e-05	6.61614e-06	8.48775e-05	4.482	0.00135041	-5.10218e-05	0.00135136	-2.16	0.00127745	-6.72345e-05	0.00127936	-3.0	-2.263332e-11
0.23	385			1.68198e-06	-4.8932e-06	5.17259e-06	-71.01	7.02743e-05	6.0499e-06	7.05426e-05	4.932	0.00133849	-5.14986e-05	0.00133992	-2.196	0.00127221	-6.67577e-05	0.00127364	-2.982	-2.125118e-11
0.228	386			1.70805e-06	-4.88761e-06	5.17632e-06	-70.728	6.69961e-05	6.97377e-06	6.73537e-05	5.952	0.00133467	-5.10218e-05	0.00133563	-2.172	0.00127269	-6.62808e-05	0.00127412	-2.97	-1.99947e-11
0.226	387			8.2702e-06	-5.8208e-06	1.01124e-05	-35.13	7.6652e-05	6.76516e-06	7.69501e-05	5.046	0.0013404	-5.10218e-05	0.00134135	-2.166	0.00127221	-6.67577e-05	0.00127412	-3.0	-1.99947e-11
0.224	388			3.65919e-05	-7.27738e-06	3.7309e-05	-11.244	0.000113369	4.17235e-06	0.000113458	2.112	0.0013466	-5.19755e-05	0.00134755	-2.196	0.00127269	-6.67577e-05	0.00127412	-3.0	-2.083231e-11
0.222	389			2.5049e-05	-6.36282e-06	2.58425e-05	-14.25	0.000108898	5.09623e-06	0.000109017	2.682	0.00131083	-4.95913e-05	0.00131179	-2.154	0.00123502	-6.53272e-05	0.00123692	-3.012	-2.037164e-11
0.22	390			5.01613e-06	-6.01265e-06	7.82876e-06	-50.154	8.09734e-05	5.36445e-06	8.11522e-05	3.792	0.00128747	-4.91145e-05	0.00128842	-2.178	0.00121451	-6.38966e-05	0.00121594	-3.0	-2.313581e-11
0.218	391			1.42493e-06	-4.97143e-06	5.16887e-06	-73.986	6.39562e-05	6.13931e-06	6.42543e-05	5.508	0.00127173	-4.86376e-05	0.00127269	-2.178	0.00121165	-6.34198e-05	0.00121356	-2.976	-1.995277e-11
0.216	392			5.97912e-06	-5.47993e-06	8.11002e-06	-42.504	6.05287e-05	7.06318e-06	6.0946e-05	6.672	0.00126601	-4.76839e-05	0.00126696	-2.154	0.00121213	-6.2943e-05	0.00121356	-2.958	-1.572272e-11
0.214	393			2.57605e-05	-6.42057e-06	2.65484e-05	-13.992	8.47285e-05	5.45385e-06	8.49073e-05	3.702	0.00126839	-4.76839e-05	0.00126935	-2.136	0.00121213	-6.34198e-05	0.00121403	-2.988	-1.911517e-11
0.212	394			2.71426e-05	-6.76888e-06	2.79752e-05	-13.998	0.000109673	4.02334e-06	0.000109733	2.106	0.00125933	-4.76839e-05	0.00126029	-2.154	0.00118304	-6.10356e-05	0.00118447	-2.934	-2.238197e-11
0.21	395			5.70345e-06	-5.75374e-06	8.1007e-06	-45.24	8.14204e-05	5.78168e-06	8.1629e-05	4.062	0.00123359	-4.72071e-05	0.00123454	-2.184	0.00115968	-6.10356e-05	0.00116158	-2.994	-2.141867e-11
0.208	396			3.42169e-06	-4.70693e-06	5.81893e-06	-53.97	6.41351e-05	6.52674e-06	6.44927e-05	5.826	0.00121642	-4.57766e-05	0.00121737	-2.136	0.00115681	-5.9128e-05	0.00115872	-2.916	-1.936645e-11
0.206	397			7.0222e-06	-6.06294e-06	9.27603e-06	-40.794	5.8085e-05	6.91417e-06	5.85022e-05	6.804	0.00120641	-4.57766e-05	0.00120736	-2.148	0.00115729	-5.96049e-05	0.0011592	-2.934	-1.605778e-11
0.204	398			3.4204e-05	-6.6981e-06	3.4854e-05	-11.082	8.67848e-05	4.52998e-06	8.6904e-05	2.988	0.00120545	-4.57766e-05	0.00120641	-2.166	0.00115586	-5.96049e-05	0.00115777	-2.94	-1.739799e-11
0.202	399			1.91146e-05	-5.65316e-06	1.99341e-05	-16.47	9.13446e-05	4.08295e-06	9.1434e-05	2.568	0.00118924	-4.48229e-05	0.00119019	-2.148	0.00112248	-5.81744e-05	0.00112391	-2.958	-1.756552e-11
0.2	400			4.41264e-06	-5.24524e-06	6.85456e-06	-49.92	7.11386e-05	5.69227e-06	7.1377e-05	4.596	0.00117255	-4.43461e-05	0.00117303	-2.148	0.00110818	-5.86512e-05	0.00110961	-3.012	-1.555519e-11
0.198	401			4.77771e-06	-3.75324e-06	6.07598e-06	-38.148	6.01413e-05	6.91417e-06	6.05287e-05	6.558	0.00116063	-4.33924e-05	0.00116158	-2.136	0.00110675	-5.76975e-05	0.00110818	-2.964	-2.06648e-11
0.196	402			2.11933e-05	-5.53022e-06	2.1903e-05	-14.622	6.56848e-05	5.33464e-06	6.59232e-05	4.656	0.00115157	-4.38693e-05	0.00115252	-2.172	0.00110865	-5.76975e-05	0.00111008	-2.958	-2.409913e-11
0.194	403			2.82285e-05	-5.68482e-06	2.87947e-05	-11.388	9.03611e-05	4.50018e-06	9.04803e-05	2.862	0.00114108	-4.29156e-05	0.00114156	-2.142	0.00108481	-5.6267e-05	0.00108624	-2.952	-2.104174e-11
0.192	404			5.87295e-06	-4.86526e-06	7.6257e-06	-39.636	6.78007e-05	6.64595e-06	6.81584e-05	5.598	0.00112248	-4.19619e-05	0.00112296	-2.124	0.00106288	-5.67439e-05	0.00106478	-3.054	-1.50526e-11
0.19	405			4.25059e-06	-4.37166e-06	6.09647e-06	-45.798	5.90684e-05	6.67575e-06	5.94559e-05	6.468	0.00111438	-4.14851e-05	0.00111485	-2.124	0.00106097	-5.57902e-05	0.0010624	-2.982	-2.04135e-11
0.188	406			1.61586e-05	-5.22289e-06	1.69819e-05	-17.91	6.06182e-05	6.13931e-06	6.0946e-05	5.79	0.00110532	-4.14851e-05	0.00110579	-2.142	0.0010624	-5.57902e-05	0.00106383	-2.982	-2.175368e-11
0.186	407			2.77032e-05	-5.05711e-06	2.81614e-05	-10.344	8.49967e-05	3.75511e-06	8.50861e-05	2.55	0.00109196	-4.24387e-05	0.00109292	-2.202	0.00104047	-5.38828e-05	0.0010419	-2.952	-1.978524e-11
0.184	408			6.83035e-06	-5.39984e-06	8.7042e-06	-38.322	6.18105e-05	6.31812e-06	6.21383e-05	5.85	0.00107289	-4.05314e-05	0.00107384	-2.154	0.00102092	-5.3406e-05	0.00102235	-2.988	-1.907329e-11
0.182	409			5.16514e-06	-4.57655e-06	6.90113e-06	-41.526	5.25417e-05	5.45385e-06	5.28398e-05	5.94	0.00106383	-4.05314e-05	0.00106431	-2.172	0.00101758	-5.3406e-05	0.00101853	-2.982	-1.965964e-11
0.18	410			2.50806e-05	-5.63639e-06	2.57046e-05	-12.66	6.85756e-05	4.82801e-06	6.87544e-05	4.044	0.00106049	-4.00546e-05	0.00106097	-2.16	0.00101853	-5.29292e-05	0.00101996	-2.958	-2.003659e-11
0.178	411			1.26474e-05	-4.43685e-06	1.34018e-05	-19.332	7.06916e-05	5.30484e-06	7.09002e-05	4.314	0.00103951	-3.95777e-05	0.00104047	-2.166	0.000983246	-5.0545e-05	0.000984676	-2.94	-1.836128e-11
0.176	412			5.48738e-06	-4.13324e-06	6.86946e-06	-36.984	5.21841e-05	5.66247e-06	5.25119e-05	6.21	0.00102425	-3.91009e-05	0.00102473	-2.178	0.000979431	-5.10218e-05	0.000980623	-2.982	-2.120927e-11
0.174	413			1.03657e-05	-4.53557e-06	1.13138e-05	-23.628	5.02693e-05	5.50601e-06	5.05673e-05	6.258	0.00101853	-3.81472e-05	0.00101949	-2.136	0.000979908	-5.0545e-05	0.0009811	-2.952	-1.64766e-11
0.172	414			2.65577e-05	-5.29925e-06	2.70811e-05	-11.28	7.60038e-05	4.36607e-06	7.61305e-05	3.288	0.00100947	-3.81472e-05	0.00101043	-2.154	0.000965599	-5.07834e-05	0.000966791	-3.006	-2.120926e-11
0.17	415			8.64087e-06	-4.72556e-06	9.84786e-06	-28.668	5.64533e-05	5.07387e-06	5.66843e-05	5.142	0.000992306	-3.76704e-05	0.000993021	-2.172	0.000946287	-4.91145e-05	0.000947718	-2.964	-1.823567e-11
0.168	416			7.45433e-06	-4.12579e-06	8.51793e-06	-28.956	4.33924e-05	5.83383e-06	4.37873e-05	7.662	0.000977762	-3.69551e-05	0.000978477	-2.154	0.000942949	-4.91145e-05	0.00094438	-2.976	-1.861257e-11
0.166	417			2.62727e-05	-5.06829e-06	2.67589e-05	-10.92	6.90077e-05	4.99937e-06	6.91866e-05	4.152	0.000973705	-3.67167e-05	0.00097442	-2.154	0.000934605	-4.93529e-05	0.000935797	-3.012	-2.070669e-11
0.164	418			8.94448e-06	-3.83708e-06	9.73238e-06	-23.214	5.58572e-05	4.43312e-06	5.60286e-05	4.542	0.000957493	-3.69551e-05	0.000958208	-2.202	0.000913624	-4.72071e-05	0.000914816	-2.946	-1.794244e-11
0.162	419			7.76729e-06	-3.84825e-06	8.66695e-06	-26.34	4.21705e-05	5.3719e-06	4.25058e-05	7.26	0.000942472	-3.5763e-05	0.000943188	-2.166	0.000909571	-4.69687e-05	0.000910763	-2.946	-1.580647e-11
0.16	420			2.39519e-05	-5.23034e-06	2.45163e-05	-12.318	6.3159e-05	5.16328e-06	6.33751e-05	4.674	0.000932936	-3.48093e-05	0.000933412	-2.13	0.000897411	-4.72071e-05	0.000898603	-2.994	-1.815189e-11
0.158	421			9.0283e-06	-3.62472e-06	9.72865e-06	-21.864	5.11932e-05	5.4464e-06	5.14837e-05	6.078	0.000921015	-3.43325e-05	0.00092173	-2.124	0.000881437	-4.57766e-05	0.000882391	-2.964	-2.012034e-11
0.156	422			1.34372e-05	-4.97329e-06	1.43275e-05	-20.304	4.52253e-05	4.7535e-06	4.54711e-05	6.006	0.000907902	-3.38557e-05	0.000908379	-2.124	0.000878576	-4.57766e-05	0.000879768	-2.976	-2.250758e-11
0.154	423			1.74661e-05	-4.24686e-06	1.79746e-05	-13.662	5.41511e-05	4.87271e-06	5.43746e-05	5.142	0.000893835	-3.26636e-05	0.00089455	-2.082	0.00086141	-4.38693e-05	0.000862602	-2.91	-2.028788e-11
0.152	424			6.64781e-06	-3.47199e-06	7.49904e-06	-27.57	4.58511e-05	4.98447e-06	4.61193e-05	6.204	0.000887875	-3.43325e-05	0.00088859	-2.214	0.000849728	-4.38693e-05	0.00085092	-2.94	-1.76912e-11
0.15	425			2.32571e-05	-4.18539e-06	2.36296e-05	-10.2	5.40542e-05	5.15583e-06	5.43001e-05	5.454	0.000873569	-3.2902e-05	0.000874285	-2.142	0.000845913	-4.43461e-05	0.000847105	-3.0	-2.213066e-11
0.148	426			7.26807e-06	-4.42009e-06	8.50676e-06	-31.296	4.31167e-05	5.29739e-06	4.34446e-05	7.008	0.000856165	-3.17099e-05	0.000856642	-2.106	0.000822071	-4.24387e-05	0.000823263	-2.946	-2.058103e-11
0.146	427			1.33999e-05	-3.69737e-06	1.3901e-05	-15.42	4.53594e-05	5.63267e-06	4.57095e-05	7.08	0.000852589	-3.12331e-05	0.000853065	-2.082	0.000821833	-4.33924e-05	0.000823025	-3.006	-2.690522e-11
0.144	428			1.65385e-05	-4.22451e-06	1.70675e-05	-14.322	4.52253e-05	4.26176e-06	4.54264e-05	5.388	0.000831131	-3.07562e-05	0.000831608	-2.112	0.000806812	-4.19619e-05	0.000808004	-2.97	-2.041349e-11
0.142	429			9.19407e-06	-3.32297e-06	9.77522e-06	-19.86	3.9302e-05	4.7237e-06	3.95777e-05	6.858	0.00082517	-3.12331e-05	0.000825647	-2.148	0.00079656	-4.14851e-05	0.000797752	-2.97	-2.384783e-11
0.14	430			2.12156e-05	-4.8131e-06	2.17539e-05	-12.78	4.99638e-05	4.31392e-06	5.01501e-05	4.944	0.000811819	-3.05178e-05	0.000812296	-2.136	0.000787023	-4.12466e-05	0.000787977	-2.994	-2.070667e-11
0.138	431			9.67277e-06	-3.27454e-06	1.02111e-05	-18.696	3.5465e-05	4.97702e-06	3.58077e-05	7.992	0.000797037	-2.9564e-05	0.000797514	-2.118	0.000774387	-4.05314e-05	0.000775341	-2.994	-1.760744e-11
0.136	432			2.18974e-05	-4.19657e-06	2.22941e-05	-10.848	5.04705e-05	4.30646e-06	5.06567e-05	4.878	0.0007906	-2.88488e-05	0.000791077	-2.076	0.000765327	-3.98161e-05	0.000766281	-2.964	-1.894764e-11
0.134	433			1.04234e-05	-4.71438e-06	1.14404e-05	-24.33	3.25593e-05	4.15e-06	3.28275e-05	7.266	0.000771765	-2.78951e-05	0.000772242	-2.064	0.000751261	-3.88625e-05	0.000752214	-2.958	-1.785865e-11
0.132	434			1.85558e-05	-3.30621e-06	1.88464e-05	-10.098	4.68644e-05	4.37352e-06	4.7073e-05	5.34	0.000766758	-2.78951e-05	0.000767235	-2.076	0.000742916	-3.88625e-05	0.00074387	-2.994	-1.622529e-11
0.13	435			1.12169e-05	-3.11249e-06	1.16397e-05	-15.504	3.25295e-05	4.93976e-06	3.2902e-05	8.646	0.000749115	-2.76567e-05	0.000749592	-2.1	0.000729326	-3.83856e-05	0.00073028	-3.006	-2.037165e-11
0.128	436			1.85446e-05	-3.87433e-06	1.89451e-05	-11.796	4.40034e-05	4.74605e-06	4.42567e-05	6.156	0.000742201	-2.6703e-05	0.000742678	-2.058	0.000720266	-3.69551e-05	0.00072122	-2.928	-1.647658e-11
0.126	437			1.27461e-05	-3.59119e-06	1.32416e-05	-15.732	3.27083e-05	4.55978e-06	3.30287e-05	7.944	0.000726227	-2.71798e-05	0.000726704	-2.13	0.000709299	-3.69551e-05	0.000710253	-2.97	-2.104177e-11
0.124	438			1.46609e-05	-2.62262e-06	1.48956e-05	-10.134	3.83484e-05	5.31229e-06	3.87134e-05	7.89	0.000716452	-2.59877e-05	0.000716928	-2.064	0.000696424	-3.64783e-05	0.000697616	-2.988	-1.840317e-11
0.122	439			1.70172e-05	-3.2969e-06	1.73339e-05	-10.962	3.54054e-05	4.35117e-06	3.56736e-05	7.008	0.000704054	-2.64646e-05	0.000704531	-2.142	0.00068808	-3.60014e-05	0.000689272	-2.982	-1.886385e-11
0.12	440			1.22246e-05	-3.99168e-06	1.28598e-05	-18.072	3.33714e-05	4.7684e-06	3.37067e-05	8.142	0.000692371	-2.47956e-05	0.000692848	-2.04	0.000674013	-3.50478e-05	0.000674728	-2.97	-1.647659e-11
0.118	441			1.79914e-05	-4.26921e-06	1.84925e-05	-13.344	3.59642e-05	4.35117e-06	3.6225e-05	6.9	0.000679258	-2.50341e-05	0.000679735	-2.106	0.000664476	-3.52862e-05	0.00066543	-3.03	-1.857069e-11
0.116	442			1.51918e-05	-2.95976e-06	1.54768e-05	-11.022	3.25593e-05	5.47621e-06	3.30212e-05	9.552	0.000669245	-2.33651e-05	0.000669483	-1.998	0.000654224	-3.45709e-05	0.00065494	-3.018	-1.50526e-11
0.114	443			1.19545e-05	-3.39748e-06	1.24276e-05	-15.864	3.01824e-05	3.92649e-06	3.04357e-05	7.422	0.000654701	-2.28883e-05	0.00065494	-1.998	0.000637535	-3.26636e-05	0.00063825	-2.916	-1.961775e-11
0.112	444			1.60598e-05	-3.02681e-06	1.6343e-05	-10.674	3.27604e-05	4.30646e-06	3.30436e-05	7.488	0.000643734	-2.43188e-05	0.000644211	-2.148	0.000630621	-3.2902e-05	0.000631336	-2.982	-1.857069e-11
0.11	445			1.73916e-05	-2.93554e-06	1.76394e-05	-9.576	3.31851e-05	4.43312e-06	3.34757e-05	7.62	0.000634436	-2.26499e-05	0.000634912	-2.028	0.000620607	-3.24252e-05	0.000621323	-2.982	-2.271704e-11
0.108	446			1.42493e-05	-2.61703e-06	1.44877e-05	-10.404	2.86327e-05	3.97864e-06	2.89084e-05	7.908	0.000621799	-2.28883e-05	0.000622276	-2.088	0.000609402	-3.21867e-05	0.000610355	-3.006	-1.836132e-11
0.106	447			1.26865e-05	-3.08269e-06	1.30553e-05	-13.65	2.77386e-05	3.96374e-06	2.80218e-05	8.136	0.000607733	-2.28883e-05	0.000608448	-2.136	0.000594381	-3.07562e-05	0.000595096	-2.952	-2.007846e-11
0.104	448			1.60449e-05	-1.94834e-06	1.61642e-05	-6.918	2.98099e-05	4.51508e-06	3.01452e-05	8.622	0.000597481	-2.12194e-05	0.000597958	-2.028	0.000586752	-3.02793e-05	0.000587706	-2.94	-2.02041e-11
0.102	449			1.70824e-05	-3.1572e-06	1.73711e-05	-10.47	3.07041e-05	4.26921e-06	3.09946e-05	7.92	0.000586752	-2.12194e-05	0.00058699	-2.046	0.000575308	-3.00409e-05	0.000576261	-2.97	-1.852883e-11
0.1	450			1.77809e-05	-3.86129e-06	1.81926e-05	-12.246	3.00781e-05	3.94884e-06	3.03389e-05	7.488	0.000575546	-2.05041e-05	0.000575785	-2.04	0.000565294	-2.98024e-05	0.000566009	-3.006	-1.827751e-11
0.098	451			1.7265e-05	-2.15882e-06	1.74009e-05	-7.122	2.82974e-05	3.79981e-06	2.85507e-05	7.65	0.000562672	-2.02657e-05	0.00056291	-2.052	0.000552658	-2.88488e-05	0.000553373	-2.97	-1.936648e-11
0.096	452			1.69819e-05	-2.58537e-06	1.71774e-05	-8.652	2.83496e-05	3.55394e-06	2.85656e-05	7.158	0.000551466	-2.02657e-05	0.000551943	-2.094	0.00054336	-2.83719e-05	0.000544075	-2.982	-1.752364e-11
0.094	453			1.62759e-05	-3.27827e-06	1.66037e-05	-11.382	2.71947e-05	3.79981e-06	2.7463e-05	7.95	0.000539545	-1.97889e-05	0.000539783	-2.088	0.0005312	-2.78951e-05	0.000531916	-3.0	-2.229816e-11
0.092	454			1.75593e-05	-3.06779e-06	1.78238e-05	-9.906	2.59728e-05	4.53743e-06	2.63677e-05	9.912	0.00052667	-1.9312e-05	0.000526909	-2.082	0.000518803	-2.81335e-05	0.000519518	-3.09	-2.099987e-11
0.09	455			1.74792e-05	-1.35415e-06	1.75313e-05	-4.428	2.69712e-05	3.75511e-06	2.7232e-05	7.938	0.000515942	-1.83583e-05	0.00051618	-2.016	0.000508789	-2.62262e-05	0.000509504	-2.94	-1.735611e-11
0.088	456			1.71271e-05	-2.41587e-06	1.72966e-05	-8.022	2.56227e-05	4.32137e-06	2.59803e-05	9.582	0.000503782	-1.78815e-05	0.000504259	-2.028	0.000495795	-2.58685e-05	0.000496391	-2.988	-2.158623e-11
0.086	457			1.65162e-05	-3.42356e-06	1.68682e-05	-11.706	2.58983e-05	3.97864e-06	2.62113e-05	8.736	0.000491504	-1.7047e-05	0.000491742	-1.974	0.000483634	-2.55109e-05	0.000484349	-3.012	-1.764931e-11
0.084	458			1.59444e-05	-2.63379e-06	1.61623e-05	-9.378	2.46839e-05	4.1798e-06	2.50341e-05	9.624	0.000481965	-1.71663e-05	0.000482203	-2.028	0.000476005	-2.57493e-05	0.00047672	-3.084	-1.748175e-11
0.082	459			1.58959e-05	-2.65428e-06	1.61157e-05	-9.474	2.44157e-05	3.67315e-06	2.46913e-05	8.568	0.000470283	-1.60934e-05	0.000470521	-1.95	0.00046468	-2.3842e-05	0.000465276	-2.934	-2.242386e-11
0.08	460			1.679e-05	-2.25009e-06	1.69409e-05	-7.626	2.38941e-05	3.43473e-06	2.414e-05	8.19	0.000459077	-1.65702e-05	0.000459434	-2.052	0.000454308	-2.40804e-05	0.000455024	-3.03	-2.187939e-11
0.078	461			1.5935e-05	-2.91692e-06	1.61995e-05	-10.374	2.39612e-05	2.91319e-06	2.41325e-05	6.93	0.000447633	-1.60934e-05	0.000447871	-2.052	0.000442149	-2.30075e-05	0.000442745	-2.976	-1.576459e-11
0.076	462			1.65106e-05	-1.79187e-06	1.66075e-05	-6.192	2.3082e-05	3.50179e-06	2.33502e-05	8.634	0.000435473	-1.54973e-05	0.000435712	-2.034	0.000431897	-2.22923e-05	0.000432493	-2.94	-1.819374e-11
0.074	463			1.60598e-05	-2.49596e-06	1.62536e-05	-8.826	2.2553e-05	2.27244e-06	2.26722e-05	5.754	0.000424387	-1.51396e-05	0.000424625	-2.034	0.000420811	-2.2173e-05	0.000421407	-3.012	-1.748177e-11
0.072	464			1.61492e-05	-2.65056e-06	1.63672e-05	-9.318	2.18303e-05	3.70295e-06	2.21432e-05	9.636	0.000412228	-1.37091e-05	0.000412466	-1.896	0.00040734	-2.1577e-05	0.000407936	-3.024	-1.907327e-11
0.07	465			1.68869e-05	-2.47174e-06	1.70675e-05	-8.328	2.22401e-05	4.1798e-06	2.2635e-05	10.656	0.000400068	-1.37091e-05	0.000400307	-1.956	0.000396492	-2.11002e-05	0.000396969	-3.042	-2.225628e-11
0.068	466			1.6261e-05	-2.37861e-06	1.64342e-05	-8.322	2.17856e-05	3.64335e-06	2.20836e-05	9.504	0.000389935	-1.45436e-05	0.000390293	-2.136	0.000385048	-2.08617e-05	0.000385525	-3.09	-1.982716e-11
0.066	467			1.57227e-05	-2.21842e-06	1.58773e-05	-8.022	2.04296e-05	3.70295e-06	2.07649e-05	10.284	0.000378968	-1.2517e-05	0.000379207	-1.884	0.000374081	-2.06233e-05	0.000374677	-3.15	-2.359656e-11
0.064	468			1.60226e-05	-2.82378e-06	1.62703e-05	-9.99	2.06308e-05	3.85198e-06	2.09884e-05	10.578	0.00036657	-1.21594e-05	0.00036669	-1.884	0.000363709	-1.90736e-05	0.000364186	-2.988	-1.886385e-11
0.062	469			1.63635e-05	-2.47174e-06	1.65479e-05	-8.592	2.06829e-05	3.13671e-06	2.09213e-05	8.634	0.000356557	-1.21594e-05	0.000356676	-1.95	0.000354292	-1.88352e-05	0.000354769	-3.024	-1.593215e-11
0.06	470			1.60002e-05	-2.20352e-06	1.61511e-05	-7.842	1.96547e-05	2.62262e-06	1.98261e-05	7.608	0.000343205	-1.22786e-05	0.000343444	-2.034	0.000340225	-1.77623e-05	0.000340702	-2.982	-1.79006e-11
0.058	471			1.62591e-05	-2.86663e-06	1.65087e-05	-9.99	1.9692e-05	2.9579e-06	1.99081e-05	8.55	0.000332953	-1.15634e-05	0.000333073	-1.974	0.000331404	-1.80007e-05	0.000331881	-3.096	-1.882199e-11
0.056	472			1.61045e-05	-1.66521e-06	1.61902e-05	-5.904	1.9014e-05	3.0026e-06	1.92524e-05	8.976	0.000320913	-1.09673e-05	0.000321152	-1.95	0.000318887	-1.76431e-05	0.000319364	-3.144	-1.932461e-11
0.054	473			1.6071e-05	-2.76418e-06	1.63076e-05	-9.756	1.97144e-05	3.05103e-06	1.9949e-05	8.802	0.0003109	-9.89443e-06	0.000311019	-1.806	0.000309946	-1.65702e-05	0.000310423	-3.054	-1.978526e-11
0.052	474			1.62889e-05	-9.87209e-07	1.63188e-05	-3.468	1.89022e-05	3.75511e-06	1.92748e-05	11.238	0.000297667	-9.89443e-06	0.000297906	-1.896	0.000296118	-1.62126e-05	0.000296595	-3.12	-2.024603e-11
0.05	475			1.67267e-05	-1.61492e-06	1.68049e-05	-5.508	1.76505e-05	2.60772e-06	1.78443e-05	8.412	0.000286581	-9.29838e-06	0.0002867	-1.848	0.000287892	-1.57357e-05	0.00028825	-3.126	-2.288457e-11
0.048	476			1.64827e-05	-1.28337e-06	1.6533e-05	-4.446	1.83174e-05	3.18514e-06	1.8593e-05	9.87	0.000275018	-1.01328e-05	0.000275256	-2.094	0.000273349	-1.51396e-05	0.000273706	-3.168	-2.158621e-11
0.046	477			1.55476e-05	-1.9204e-06	1.56668e-05	-7.038	1.8593e-05	3.02495e-06	1.88389e-05	9.246	0.000265004	-9.17917e-06	0.000265243	-1.974	0.000265481	-1.49012e-05	0.000265839	-3.204	-2.330344e-11
0.044	478			1.61213e-05	-6.01638e-07	1.61343e-05	-2.13	1.75425e-05	3.4012e-06	1.78703e-05	10.98	0.00025356	-8.10629e-06	0.000253679	-1.824	0.000254752	-1.43052e-05	0.000255229	-3.186	-1.878016e-11
0.042	479			1.55867e-05	-2.13088e-06	1.5732e-05	-7.782	1.69092e-05	3.30807e-06	1.72296e-05	11.076	0.000242353	-8.10629e-06	0.000242473	-1.902	0.000243307	-1.43052e-05	0.000243784	-3.342	-1.731423e-11
0.04	480			1.63914e-05	-1.59257e-06	1.64678e-05	-5.544	1.7576e-05	2.97652e-06	1.78256e-05	9.624	0.000230909	-7.74866e-06	0.000231029	-1.92	0.000231744	-1.26362e-05	0.000232101	-3.096	-1.630908e-11
0.038	481			1.54563e-05	-2.09177e-06	1.55979e-05	-7.704	1.62238e-05	3.0324e-06	1.65032e-05	10.59	0.000219227	-7.03338e-06	0.000219346	-1.812	0.000220777	-1.2517e-05	0.000221015	-3.234	-2.020409e-11
0.036	482			1.58196e-05	-1.46405e-06	1.58885e-05	-5.286	1.6369e-05	1.70992e-06	1.64584e-05	5.976	0.000208498	-7.15259e-06	0.000208617	-1.938	0.000210167	-1.15634e-05	0.000210525	-3.138	-2.372217e-11
0.034	483			1.55364e-05	-1.11387e-06	1.55774e-05	-4.098	1.76431e-05	3.51296e-06	1.79895e-05	11.268	0.000198067	-5.84128e-06	0.000198186	-1.674	0.000198961	-1.12057e-05	0.000199319	-3.204	-2.11674e-11
0.032	484			1.57227e-05	-1.24425e-06	1.57693e-05	-4.518	1.68459e-05	3.02122e-06	1.71178e-05	10.17	0.000184954	-5.54326e-06	0.000185014	-1.704	0.000185193	-1.00732e-05	0.000185431	-3.114	-2.225632e-11
0.03	485			1.69036e-05	-7.48787e-07	1.69204e-05	-2.532	1.66931e-05	2.11225e-06	1.68273e-05	7.212	0.00017357	-5.36445e-06	0.000173629	-1.758	0.000173868	-9.77522e-06	0.000174166	-3.216	-2.363847e-11
0.028	486			1.57544e-05	-8.40057e-07	1.57749e-05	-3.054	1.63951e-05	2.15323e-06	1.6533e-05	7.482	0.000162781	-4.7684e-06	0.000162841	-1.662	0.000163079	-8.88115e-06	0.000163318	-3.114	-1.811006e-11
0.026	487			1.5393e-05	-9.62995e-07	1.54228e-05	-3.576	1.5855e-05	2.78653e-06	1.60971e-05	9.966	0.000152648	-4.05314e-06	0.000152708	-1.512	0.000154913	-8.88115e-06	0.000155152	-3.264	-1.802628e-11
0.024	488			1.59276e-05	-1.68011e-06	1.60151e-05	-6.018	1.63169e-05	1.27406e-06	1.6369e-05	4.476	0.000141085	-5.06642e-06	0.000141204	-2.04	0.00014335	-7.68906e-06	0.000143589	-3.06	-1.827752e-11
0.022	489			1.58028e-05	-8.69859e-07	1.5827e-05	-3.144	1.61381e-05	2.76418e-06	1.63728e-05	9.726	0.000129701	-4.17235e-06	0.00012982	-1.824	0.000129939	-8.34471e-06	0.000130237	-3.654	-1.551333e-11
0.02	490			1.5326e-05	-2.36557e-07	1.5326e-05	-0.876	1.60151e-05	2.14578e-06	1.61567e-05	7.632	0.000119806	-3.21867e-06	0.000119806	-1.53	0.000118673	-7.45061e-06	0.000118912	-3.564	-1.965966e-11
0.018	491			1.57264e-05	-1.04495e-06	1.57618e-05	-3.798	1.58922e-05	2.89457e-06	1.6153e-05	10.332	0.000109137	-3.15906e-06	0.000109137	-1.644	0.0001117	-7.68906e-06	0.000111938	-3.924	-1.823564e-11
0.016	492			1.67583e-05	-1.03005e-06	1.679e-05	-3.516	1.52626e-05	1.94834e-06	1.53856e-05	7.278	9.80501e-05	-3.21867e-06	9.81097e-05	-1.848	0.00010109	-7.15259e-06	0.000101328	-4.038	-1.790061e-11
0.014	493			1.51042e-05	6.5193e-08	1.51042e-05	0.252	1.53967e-05	2.36185e-06	1.55793e-05	8.724	8.75895e-05	-2.50341e-06	8.76193e-05	-1.62	8.79471e-05	-5.87109e-06	8.81557e-05	-3.804	-1.806813e-11
0.012	494			1.55811e-05	-1.39513e-06	1.56426e-05	-5.118	1.56314e-05	2.24636e-06	1.57916e-05	8.178	7.61454e-05	-2.29479e-06	7.61752e-05	-1.704	7.90064e-05	-5.54326e-06	7.9215e-05	-3.99	-2.13349e-11
0.01	495			1.51862e-05	-1.24425e-06	1.52365e-05	-4.68	1.59257e-05	2.04147e-06	1.60561e-05	7.308	6.43139e-05	-1.1623e-06	6.43437e-05	-1.026	6.49099e-05	-5.24524e-06	6.51185e-05	-4.596	-2.045539e-11
0.008	496			1.58456e-05	-9.35052e-07	1.58717e-05	-3.372	1.64771e-05	2.27989e-06	1.66335e-05	7.878	5.42107e-05	-9.83484e-07	5.42107e-05	-1.02	5.66544e-05	-4.08295e-06	5.68035e-05	-4.104	-1.706296e-11
0.006	497			1.64175e-05	-6.74281e-07	1.64305e-05	-2.346	1.70694e-05	1.12132e-06	1.71066e-05	3.762	4.07102e-05	-6.70557e-08	4.07102e-05	-0.084	4.01887e-05	-3.38258e-06	4.03302e-05	-4.806	-2.028784e-11
0.004	498			1.5922e-05	-6.57517e-07	1.5935e-05	-2.364	1.68459e-05	1.34484e-06	1.6898e-05	4.572	2.97652e-05	-4.54487e-07	2.97652e-05	-0.87	3.22165e-05	-3.09201e-06	3.23581e-05	-5.472	-2.066479e-11
0.002	499			1.76692e-05	-2.86849e-07	1.76692e-05	-0.924	1.7576e-05	2.21284e-06	1.77176e-05	7.176	1.83025e-05	-1.11759e-07	1.83025e-05	-0.342	1.82093e-05	-2.63007e-06	1.83993e-05	-8.208	-1.79006e-11
0.0	500			1.74866e-05	-2.19793e-07	1.74885e-05	-0.714	1.75909e-05	2.17931e-06	1.7725e-05	7.062	6.72138e-06	5.33651e-07	6.7428e-06	4.542	5.25641e-06	-1.94275e-06	5.6038e-06	-20.28	-1.735613e-11
