variable x	variable x count			lockin1 x	lockin1 y	lockin1 r	lockin1 phi	lockin2 x	lockin2 y	lockin2 r	lockin2 phi	lockin3 x	lockin3 y	lockin3 r	lockin3 phi	smu1 meas	


1.0	0			0.000741247	-8.9169e-05	0.000746612	-6.858	-0.00495055	0.000278475	0.00495818	176.772	0.000731949	3.02793e-05	0.000732426	2.37	-2.229818e-11
0.9975	1			0.000790004	-9.22685e-05	0.000795368	-6.654	-0.00489524	0.000277521	0.00490287	176.748	0.000782494	2.74183e-05	0.00078297	2.01	-2.401536e-11
0.995	2			0.000836853	-9.41758e-05	0.000842098	-6.414	-0.0048466	0.00027466	0.00485423	176.748	0.000823978	2.55109e-05	0.000824217	1.782	-1.714668e-11
0.9925	3			0.000916366	-9.8825e-05	0.00092173	-6.15	-0.0048075	0.000273706	0.00481418	176.736	0.000857595	2.26499e-05	0.000857834	1.524	-2.347087e-11
0.99	4			0.000948194	-9.98979e-05	0.00095344	-6.012	-0.00477317	0.000271799	0.00477985	176.73	0.000891689	2.12194e-05	0.000891928	1.368	-1.40893e-11
0.9875	5			0.000936989	-9.9421e-05	0.000942234	-6.054	-0.00473979	0.000269892	0.00474742	176.73	0.000919584	1.97889e-05	0.000919823	1.248	-2.321958e-11
0.985	6			0.000976328	-0.000101567	0.000981577	-5.934	-0.00471309	0.000267984	0.00471976	176.736	0.000944857	1.88352e-05	0.000945095	1.152	-2.01622e-11
0.9825	7			0.000962738	-0.000100613	0.000967983	-5.964	-0.00469115	0.000267984	0.00469783	176.718	0.00096846	1.6451e-05	0.000968698	0.978	-1.936641e-11
0.98	8			0.000947598	-9.90634e-05	0.000952724	-5.964	-0.00467876	0.000266077	0.00468543	176.736	0.000975851	1.57357e-05	0.000976089	0.93	-1.894761e-11
0.9775	9			0.000880841	-9.47719e-05	0.000885967	-6.132	-0.00467208	0.000265123	0.00467876	176.748	0.000987299	1.38283e-05	0.000987537	0.804	-1.756549e-11
0.975	10			0.000877265	-9.39374e-05	0.000882272	-6.114	-0.00467113	0.000265123	0.00467685	176.742	0.000989921	1.4782e-05	0.000989921	0.858	-1.517821e-11
0.9725	11			0.00076795	-8.70232e-05	0.000772838	-6.456	-0.00467113	0.000265123	0.00467685	176.742	0.000992306	1.40668e-05	0.000992544	0.816	-1.769111e-11
0.97	12			0.000693325	-8.21357e-05	0.000698213	-6.75	-0.00466445	0.00026417	0.00467017	176.754	0.000995882	1.26362e-05	0.000995882	0.726	-1.999463e-11
0.9675	13			0.000636939	-7.79633e-05	0.000641707	-6.966	-0.00466731	0.000263216	0.00467399	176.76	0.000993259	1.35899e-05	0.000993498	0.786	-1.894761e-11
0.965	14			0.000614528	-7.64136e-05	0.000619296	-7.08	-0.00466254	0.000262262	0.00466922	176.778	0.000979431	1.26362e-05	0.000979431	0.744	-2.112547e-11
0.9625	15			0.000536207	-7.11684e-05	0.000540856	-7.548	-0.00465778	0.000259401	0.00466445	176.808	0.000958446	1.31131e-05	0.000958685	0.798	-2.045534e-11
0.96	16			0.000560168	-7.21221e-05	0.000564817	-7.332	-0.00464442	0.00025654	0.00465015	176.826	0.000914816	1.6451e-05	0.000915054	1.044	-1.865443e-11
0.9575	17			0.000698689	-8.09436e-05	0.000703339	-6.6	-0.00463107	0.000254633	0.00463679	176.85	0.000875715	1.81199e-05	0.000875954	1.188	-1.790054e-11
0.955	18			0.000703935	-8.10628e-05	0.000708584	-6.564	-0.00462916	0.000253679	0.00463489	176.862	0.000876907	1.74047e-05	0.000876907	1.146	-1.986901e-11
0.9525	19			0.00052226	-7.02147e-05	0.000526909	-7.656	-0.0046244	0.000254633	0.00463107	176.85	0.00088096	1.59742e-05	0.000881199	1.05	-2.016217e-11
0.95	20			0.000566844	-7.18837e-05	0.000571374	-7.218	-0.0046244	0.000254633	0.00463107	176.838	0.000889543	1.6451e-05	0.000889782	1.074	-2.225626e-11
0.9475	21			0.000712398	-8.08244e-05	0.000717048	-6.468	-0.0046244	0.000254633	0.00463012	176.838	0.00090361	1.69278e-05	0.00090361	1.08	-2.238191e-11
0.945	22			0.000625972	-7.62944e-05	0.000630621	-6.948	-0.00461963	0.000254633	0.0046263	176.844	0.000921015	1.52589e-05	0.000921253	0.954	-1.965957e-11
0.9425	23			0.000572089	-7.33142e-05	0.000576738	-7.296	-0.00461581	0.000255587	0.00462249	176.826	0.000943664	1.50204e-05	0.000943903	0.918	-1.501069e-11
0.94	24			0.000582103	-7.41486e-05	0.000586871	-7.254	-0.00461391	0.00025654	0.00461963	176.808	0.000957493	1.4782e-05	0.000957731	0.9	-1.986901e-11
0.9375	25			0.000537757	-7.29566e-05	0.000542644	-7.716	-0.00460914	0.00025654	0.00461486	176.814	0.000972752	1.35899e-05	0.000972752	0.804	-1.71048e-11
0.935	26			0.000470759	-6.94995e-05	0.000475885	-8.382	-0.00460437	0.00025654	0.00461105	176.802	0.000983484	1.43052e-05	0.000983723	0.846	-1.844502e-11
0.9325	27			0.000477077	-7.02147e-05	0.000482203	-8.364	-0.00460342	0.000258448	0.00461009	176.778	0.000990637	1.43052e-05	0.000990875	0.828	-1.618339e-11
0.93	28			0.000463249	-6.96187e-05	0.000468494	-8.538	-0.00460246	0.000258448	0.00460818	176.784	0.00100137	1.4782e-05	0.0010016	0.852	-2.007837e-11
0.9275	29			0.000418784	-6.60424e-05	0.000424029	-8.952	-0.00460246	0.00025654	0.00460914	176.802	0.00101519	1.31131e-05	0.00101543	0.756	-1.777491e-11
0.925	30			0.000414373	-6.55656e-05	0.000419499	-8.982	-0.00460723	0.000254633	0.00461295	176.826	0.00103808	1.12057e-05	0.00103808	0.624	-1.953394e-11
0.9225	31			0.000452282	-6.79498e-05	0.000457408	-8.538	-0.00460914	0.000255587	0.00461581	176.82	0.00108004	8.58313e-06	0.00108004	0.462	-2.066474e-11
0.92	32			0.000552896	-7.45063e-05	0.000557784	-7.662	-0.00459388	0.000253679	0.0045996	176.832	0.00115252	2.86104e-06	0.00115252	0.15	-1.907323e-11
0.9175	33			0.000660662	-7.90362e-05	0.000665311	-6.816	-0.00453857	0.000250818	0.00454429	176.832	0.00122309	-2.3842e-07	0.00122309	-0.006	-1.815182e-11
0.915	34			0.000759844	-8.59504e-05	0.000764731	-6.444	-0.00443175	0.000245096	0.00443748	176.82	0.0012579	-4.52998e-06	0.0012579	-0.198	-2.175369e-11
0.9125	35			0.000875358	-9.28645e-05	0.000880245	-6.054	-0.00431445	0.000241281	0.00432017	176.796	0.00125147	-4.05314e-06	0.00125147	-0.18	-1.77749e-11
0.91	36			0.000934366	-9.60832e-05	0.000939254	-5.868	-0.00425628	0.00023842	0.004262	176.79	0.0011685	0.0	0.0011685	0.006	-2.087416e-11
0.9075	37			0.000925902	-9.58447e-05	0.000930909	-5.904	-0.00422576	0.000235558	0.00423148	176.802	0.00100661	6.43733e-06	0.00100661	0.372	-2.305201e-11
0.905	38			0.000850443	-8.92882e-05	0.000855092	-5.994	-0.00421622	0.000234605	0.00422195	176.808	0.000925068	1.09673e-05	0.000925068	0.69	-2.321956e-11
0.9025	39			0.000784401	-8.57119e-05	0.00078905	-6.228	-0.00421527	0.000234605	0.00422099	176.802	0.000880007	1.28747e-05	0.000880245	0.846	-1.630903e-11
0.9	40			0.00077844	-8.41622e-05	0.00078297	-6.162	-0.00421527	0.000234605	0.00422099	176.814	0.000859264	1.35899e-05	0.000859264	0.912	-2.120923e-11
0.8975	41			0.000768904	-8.36854e-05	0.000773553	-6.204	-0.00421622	0.000234605	0.00422195	176.814	0.000853781	1.31131e-05	0.000853781	0.894	-1.936643e-11
0.895	42			0.000756744	-8.18972e-05	0.000761036	-6.168	-0.00421718	0.000233651	0.0042229	176.826	0.000852112	1.35899e-05	0.00085235	0.918	-1.568082e-11
0.8925	43			0.00072265	-7.87978e-05	0.000726942	-6.222	-0.00421718	0.000233651	0.0042229	176.826	0.000851635	1.28747e-05	0.000851873	0.876	-1.74817e-11
0.89	44			0.000697378	-7.71289e-05	0.00070167	-6.306	-0.00421718	0.000233651	0.0042229	176.826	0.000851873	1.31131e-05	0.000852112	0.9	-1.777486e-11
0.8875	45			0.00062776	-7.14068e-05	0.000631813	-6.48	-0.00421718	0.000232697	0.0042229	176.832	0.000851158	1.33515e-05	0.000851396	0.906	-2.187935e-11
0.885	46			0.000527266	-6.65192e-05	0.000531558	-7.182	-0.00421718	0.000232697	0.0042229	176.832	0.000850443	1.23978e-05	0.000850443	0.84	-2.221441e-11
0.8825	47			0.0004375	-6.03201e-05	0.000441553	-7.842	-0.00421718	0.000231744	0.0042229	176.85	0.000851873	1.28747e-05	0.000852112	0.876	-1.965959e-11
0.88	48			0.000373604	-5.67439e-05	0.000377895	-8.622	-0.00421718	0.000231744	0.0042229	176.844	0.000850681	1.23978e-05	0.00085092	0.84	-1.534571e-11
0.8775	49			0.000316145	-5.26907e-05	0.000320556	-9.456	-0.00421813	0.000231744	0.00422385	176.844	0.000849728	1.33515e-05	0.000849966	0.912	-2.192129e-11
0.875	50			0.000207306	-4.67303e-05	0.000212551	-12.678	-0.00421718	0.000231744	0.0042229	176.85	0.000849966	1.31131e-05	0.000850204	0.9	-1.9157e-11
0.8725	51			0.000176252	-4.375e-05	0.000181616	-13.932	-0.00421718	0.000231744	0.0042229	176.85	0.000841621	1.38283e-05	0.00084186	0.954	-1.731421e-11
0.87	52			0.00012827	-4.13659e-05	0.000134767	-17.868	-0.00421813	0.00023079	0.00422385	176.862	0.000809673	1.35899e-05	0.000809912	0.966	-1.785866e-11
0.8675	53			0.000138939	-4.14851e-05	0.000144959	-16.602	-0.00421813	0.000229836	0.0042229	176.88	0.00073171	1.88352e-05	0.000731949	1.488	-2.104168e-11
0.865	54			8.20761e-05	-3.71339e-05	9.00929e-05	-24.336	-0.00421718	0.000228883	0.0042229	176.886	0.000697616	2.02657e-05	0.000698093	1.668	-1.660222e-11
0.8625	55			3.66571e-05	-3.54352e-05	5.09622e-05	-43.992	-0.00421718	0.000226975	0.0042229	176.916	0.000709776	1.97889e-05	0.000710014	1.614	-1.953394e-11
0.86	56			2.74481e-05	-3.62399e-05	4.54637e-05	-52.854	-0.00421908	0.000226022	0.00422385	176.922	0.000753645	1.6451e-05	0.000753883	1.266	-1.911514e-11
0.8575	57			4.02185e-05	-3.58673e-05	5.38903e-05	-41.724	-0.00421813	0.000226022	0.0042229	176.922	0.000787977	1.54973e-05	0.000788216	1.14	-1.710478e-11
0.855	58			8.01091e-05	-3.82515e-05	8.87667e-05	-25.518	-0.00421813	0.000226975	0.0042229	176.916	0.000815395	1.35899e-05	0.000815395	0.96	-1.953395e-11
0.8525	59			9.07485e-05	-4.02632e-05	9.9272e-05	-23.922	-0.00421718	0.000227929	0.0042229	176.904	0.000835422	1.14442e-05	0.000835422	0.798	-2.058101e-11
0.85	60			0.000125081	-4.29454e-05	0.000132241	-18.948	-0.00421718	0.000227929	0.00422195	176.898	0.000842575	1.45436e-05	0.000842813	0.996	-2.074852e-11
0.8475	61			0.000185222	-4.62236e-05	0.000190915	-14.01	-0.00421718	0.000228883	0.00422195	176.886	0.000847105	1.43052e-05	0.000847105	0.984	-2.091607e-11
0.845	62			0.000240744	-5.09026e-05	0.00024605	-11.934	-0.00421146	0.00023079	0.00421718	176.856	0.000858549	1.4782e-05	0.000858549	1.002	-1.970144e-11
0.8425	63			0.000261785	-5.14688e-05	0.000266792	-11.118	-0.00419715	0.000229836	0.00420287	176.862	0.000886206	1.38283e-05	0.000886444	0.906	-1.878003e-11
0.84	64			0.000311347	-5.41213e-05	0.000316026	-9.858	-0.00416377	0.000226975	0.00416854	176.874	0.000935558	1.04905e-05	0.000935558	0.654	-1.748174e-11
0.8375	65			0.000367435	-5.72207e-05	0.000371875	-8.844	-0.00411037	0.000223161	0.00411513	176.892	0.000997551	5.48366e-06	0.000997551	0.324	-1.986902e-11
0.835	66			0.000405075	-5.97539e-05	0.000409456	-8.388	-0.00405124	0.000219346	0.00405696	176.892	0.00105048	2.14578e-06	0.00105048	0.12	-2.074853e-11
0.8325	67			0.000433387	-6.23171e-05	0.000437828	-8.178	-0.00399783	0.000218392	0.0040026	176.868	0.0010934	0.0	0.0010934	0.0	-1.551329e-11
0.83	68			0.000474276	-6.31814e-05	0.000478448	-7.584	-0.00396445	0.000215531	0.00397018	176.88	0.00111604	-1.90736e-06	0.00111604	-0.096	-2.171178e-11
0.8275	69			0.000487866	-6.46715e-05	0.000492159	-7.548	-0.0039387	0.000214578	0.00394443	176.88	0.00113607	-3.09946e-06	0.00113607	-0.15	-1.718854e-11
0.825	70			0.000488285	-6.50887e-05	0.000492636	-7.59	-0.0039244	0.000214578	0.00392917	176.868	0.00114775	-4.05314e-06	0.00114775	-0.198	-2.196313e-11
0.8225	71			0.000578824	-6.97379e-05	0.000582997	-6.87	-0.00391486	0.000213624	0.00391963	176.868	0.0011499	-3.09946e-06	0.0011499	-0.15	-2.0581e-11
0.82	72			0.000608448	-7.23605e-05	0.000612739	-6.78	-0.00390819	0.000213624	0.00391296	176.868	0.00114942	-5.00682e-06	0.00114942	-0.24	-1.68535e-11
0.8175	73			0.000592474	-7.02147e-05	0.000596587	-6.756	-0.00390245	0.00021267	0.00390819	176.874	0.00112177	-2.3842e-06	0.00112177	-0.12	-1.647657e-11
0.815	74			0.00059754	-7.07512e-05	0.000601713	-6.75	-0.00389768	0.000211717	0.00390245	176.874	0.00103856	9.53682e-07	0.00103856	0.066	-1.748173e-11
0.8125	75			0.000601415	-6.99763e-05	0.000605527	-6.636	-0.00389673	0.000211717	0.0039015	176.886	0.000888113	8.10629e-06	0.000888113	0.528	-1.597399e-11
0.81	76			0.000625376	-7.08704e-05	0.000629429	-6.462	-0.00389673	0.000210763	0.0039015	176.898	0.000770811	1.23978e-05	0.000771049	0.93	-2.120924e-11
0.8075	77			0.000550393	-6.64e-05	0.000554387	-6.876	-0.00389577	0.000210763	0.00390054	176.892	0.000722889	1.43052e-05	0.000722889	1.134	-1.522011e-11
0.805	78			0.000411334	-5.73995e-05	0.000415327	-7.944	-0.00389482	0.000210763	0.00389959	176.892	0.000712398	1.62126e-05	0.000712637	1.314	-1.852878e-11
0.8025	79			0.000417532	-5.80552e-05	0.000421526	-7.908	-0.00389577	0.000211717	0.00390054	176.886	0.000713114	1.6451e-05	0.000713352	1.338	-1.878007e-11
0.8	80			0.000366272	-5.45385e-05	0.000370326	-8.46	-0.00389387	0.000211717	0.00389864	176.88	0.000713114	1.66894e-05	0.000713352	1.35	-2.049724e-11
0.7975	81			0.000371458	-5.48365e-05	0.000375452	-8.394	-0.00389291	0.000211717	0.00389768	176.874	0.000714067	1.6451e-05	0.000714067	1.338	-1.743985e-11
0.795	82			0.000381889	-5.47173e-05	0.000385763	-8.148	-0.00389387	0.000211717	0.00389864	176.874	0.000716452	1.71663e-05	0.000716452	1.386	-2.062287e-11
0.7925	83			0.000358285	-5.44789e-05	0.000362398	-8.64	-0.00389577	0.00021267	0.00390054	176.868	0.000719789	1.74047e-05	0.000720028	1.392	-1.752357e-11
0.79	84			0.000407459	-5.75783e-05	0.000411512	-8.04	-0.00389959	0.000211717	0.00390436	176.88	0.000732664	1.50204e-05	0.000732902	1.188	-1.878004e-11
0.7875	85			0.000483694	-6.21681e-05	0.000487627	-7.326	-0.00390723	0.00021267	0.00391296	176.874	0.000765089	1.38283e-05	0.000765089	1.05	-1.584833e-11
0.785	86			0.000535134	-6.47311e-05	0.000539068	-6.894	-0.00391296	0.000213624	0.00391772	176.868	0.000831608	1.14442e-05	0.000831608	0.792	-2.016219e-11
0.7825	87			0.000648025	-7.11088e-05	0.000651959	-6.258	-0.00388338	0.00021267	0.00388815	176.856	0.000925783	5.24524e-06	0.000925783	0.33	-2.213062e-11
0.78	88			0.000756983	-7.77845e-05	0.000760976	-5.862	-0.00378419	0.000207902	0.00378896	176.856	0.000994213	2.14578e-06	0.000994213	0.132	-1.743983e-11
0.7775	89			0.000661854	-7.17645e-05	0.000665728	-6.186	-0.00368024	0.000201226	0.00368501	176.856	0.00097657	2.14578e-06	0.00097657	0.138	-1.660221e-11
0.775	90			0.000623826	-6.91419e-05	0.000627581	-6.318	-0.00363065	0.000198365	0.00363542	176.868	0.000891451	6.19891e-06	0.000891451	0.408	-1.781679e-11
0.7725	91			0.00072122	-7.50427e-05	0.000725154	-5.94	-0.00361635	0.000195504	0.00362016	176.898	0.000799421	9.77522e-06	0.000799421	0.72	-2.29264e-11
0.77	92			0.000658277	-7.13472e-05	0.000662152	-6.186	-0.00361349	0.00019455	0.00361826	176.904	0.000755552	1.12057e-05	0.000755552	0.858	-1.731417e-11
0.7675	93			0.000560883	-6.38966e-05	0.000564519	-6.498	-0.00361539	0.000193597	0.00361921	176.928	0.000743631	1.23978e-05	0.00074387	0.96	-2.238194e-11
0.765	94			0.000611011	-6.66385e-05	0.000614647	-6.222	-0.00361539	0.00019455	0.00361921	176.916	0.000736002	1.28747e-05	0.00073624	1.014	-2.116738e-11
0.7625	95			0.000633959	-6.64e-05	0.000637416	-5.976	-0.00361444	0.000192643	0.00361826	176.94	0.00072575	1.38283e-05	0.000725988	1.104	-1.907323e-11
0.76	96			0.000548307	-6.20489e-05	0.000551824	-6.456	-0.00361539	0.000192643	0.00361921	176.94	0.000723604	1.16826e-05	0.000723843	0.936	-2.326146e-11
0.7575	97			0.000581089	-6.21681e-05	0.000584368	-6.108	-0.00361539	0.00019455	0.00362016	176.916	0.000723366	1.35899e-05	0.000723604	1.08	-1.714667e-11
0.755	98			0.000516001	-5.94857e-05	0.000519399	-6.57	-0.00361539	0.00019455	0.00362016	176.904	0.000711922	1.35899e-05	0.000711922	1.098	-2.024594e-11
0.7525	99			0.000430884	-5.37636e-05	0.000434222	-7.11	-0.00361539	0.00019455	0.00361921	176.916	0.000681404	1.40668e-05	0.000681642	1.188	-2.020405e-11
0.75	100			0.000415446	-5.25119e-05	0.000418724	-7.2	-0.00361539	0.00019455	0.00361921	176.916	0.000640396	1.74047e-05	0.000640396	1.566	-1.718855e-11
0.7475	101			0.00036216	-4.90549e-05	0.000365438	-7.71	-0.00361635	0.000192643	0.00362016	176.94	0.000621561	1.69278e-05	0.000621561	1.584	-2.301014e-11
0.745	102			0.000317516	-4.78032e-05	0.000321092	-8.556	-0.00361635	0.000191689	0.00362016	176.958	0.000622276	1.62126e-05	0.000622515	1.506	-1.622524e-11
0.7425	103			0.000256421	-4.35116e-05	0.000260117	-9.618	-0.00361635	0.000192643	0.00362016	176.952	0.000630621	1.54973e-05	0.000630621	1.422	-1.907328e-11
0.74	104			0.000196696	-4.02334e-05	0.000200749	-11.556	-0.00361635	0.000190736	0.00362016	176.97	0.000633005	1.40668e-05	0.000633243	1.284	-2.070667e-11
0.7375	105			0.000156463	-3.8624e-05	0.000161172	-13.854	-0.00361635	0.000190736	0.00362016	176.97	0.000625614	1.43052e-05	0.000625614	1.326	-1.974336e-11
0.735	106			0.000143589	-3.79684e-05	0.000148536	-14.808	-0.00361635	0.000191689	0.00362016	176.958	0.000616554	1.52589e-05	0.000616793	1.422	-2.208876e-11
0.7325	107			0.000129939	-3.80876e-05	0.000135423	-16.32	-0.00361539	0.000192643	0.00362016	176.946	0.00060964	1.6451e-05	0.000609878	1.548	-2.020401e-11
0.73	108			0.000121952	-3.82664e-05	0.000127853	-17.412	-0.00361635	0.000192643	0.00362016	176.952	0.000605587	1.66894e-05	0.000605825	1.59	-2.196312e-11
0.7275	109			0.000123442	-3.77896e-05	0.000129045	-17.01	-0.00361444	0.000191689	0.00361826	176.958	0.00060511	1.74047e-05	0.000605587	1.656	-1.873818e-11
0.725	110			0.000139893	-3.86836e-05	0.000145138	-15.432	-0.00360586	0.000192643	0.00360967	176.928	0.00061417	1.69278e-05	0.000614408	1.602	-1.806808e-11
0.7225	111			0.000110388	-3.62399e-05	0.00011617	-18.162	-0.00357629	0.000189782	0.00358106	176.946	0.000639919	1.54973e-05	0.000639919	1.404	-1.68535e-11
0.72	112			0.000132442	-3.74916e-05	0.000137688	-15.786	-0.00352289	0.000187875	0.00352766	176.946	0.000679735	1.31131e-05	0.000679974	1.122	-2.032969e-11
0.7175	113			0.000175954	-3.95777e-05	0.000180305	-12.66	-0.00346281	0.00018406	0.00346662	176.946	0.000723127	1.12057e-05	0.000723366	0.9	-1.924079e-11
0.715	114			0.000230015	-4.19023e-05	0.00023383	-10.32	-0.00341894	0.000182153	0.00342275	176.94	0.000755791	8.10629e-06	0.000755791	0.63	-1.924079e-11
0.7125	115			0.000263335	-4.45845e-05	0.000267031	-9.6	-0.0033951	0.000181199	0.00339891	176.94	0.000754837	9.5368e-06	0.000754837	0.732	-2.133492e-11
0.71	116			0.000263633	-4.51806e-05	0.000267448	-9.714	-0.00338461	0.000179292	0.00338842	176.952	0.000776771	6.19891e-06	0.000776771	0.468	-2.03297e-11
0.7075	117			0.000282349	-4.55978e-05	0.000285985	-9.168	-0.00337793	0.000180245	0.00338174	176.94	0.000798229	7.62945e-06	0.000798229	0.552	-1.852878e-11
0.705	118			0.000280203	-4.50017e-05	0.00028378	-9.12	-0.00337411	0.000179292	0.00337793	176.946	0.000816111	7.15259e-06	0.000816111	0.504	-1.790055e-11
0.7025	119			0.000274302	-4.54786e-05	0.000278058	-9.408	-0.00337316	0.000179292	0.00337698	176.946	0.000826124	7.15259e-06	0.000826124	0.498	-1.752359e-11
0.7	120			0.000272335	-4.54786e-05	0.000276091	-9.48	-0.00337411	0.000179292	0.00337793	176.946	0.000830416	5.00682e-06	0.000830416	0.354	-1.48013e-11
0.6975	121			0.00028527	-4.65515e-05	0.000289025	-9.258	-0.00337316	0.000179292	0.00337698	176.946	0.000839952	4.29156e-06	0.000839952	0.306	-2.007842e-11
0.695	122			0.000268878	-4.51806e-05	0.000272634	-9.534	-0.00337507	0.000178338	0.00337888	176.97	0.000844721	4.05314e-06	0.000844721	0.282	-1.831938e-11
0.6925	123			0.000247182	-4.32732e-05	0.000250937	-9.918	-0.00337602	0.000179292	0.00337984	176.958	0.000850443	4.05314e-06	0.000850443	0.282	-1.723046e-11
0.69	124			0.000249447	-4.36308e-05	0.000253202	-9.912	-0.00337984	0.000179292	0.00338365	176.964	0.000856403	3.57629e-06	0.000856403	0.246	-2.15024e-11
0.6875	125			0.000307681	-4.69687e-05	0.000311257	-8.676	-0.00338651	0.000179292	0.00339033	176.97	0.000871424	2.62262e-06	0.000871424	0.174	-2.225626e-11
0.685	126			0.00037116	-5.0545e-05	0.000374557	-7.746	-0.00339605	0.000180245	0.00339891	176.952	0.000915769	-9.53682e-07	0.000915769	-0.054	-1.99109e-11
0.6825	127			0.000434818	-5.41809e-05	0.000438156	-7.098	-0.00338556	0.000179292	0.00338937	176.958	0.0009594	-3.57629e-06	0.0009594	-0.21	-2.028784e-11
0.68	128			0.000496093	-5.6565e-05	0.000499252	-6.504	-0.0033045	0.000176431	0.00330831	176.94	0.000919823	-1.66894e-06	0.000919823	-0.096	-1.919888e-11
0.6775	129			0.000471117	-5.53133e-05	0.000474395	-6.69	-0.00320722	0.000170709	0.00321104	176.94	0.000814442	2.62262e-06	0.000814442	0.198	-1.798434e-11
0.675	130			0.00046015	-5.44789e-05	0.000463368	-6.744	-0.00317194	0.000169755	0.00317575	176.934	0.000752214	6.19891e-06	0.000752214	0.48	-2.388967e-11
0.6725	131			0.000430169	-5.29292e-05	0.000433387	-7.008	-0.00316431	0.000167848	0.00316812	176.946	0.000724558	7.39101e-06	0.000724558	0.594	-2.083226e-11
0.67	132			0.000391366	-4.97105e-05	0.000394465	-7.23	-0.00316335	0.000167848	0.00316717	176.946	0.000713352	7.62945e-06	0.000713352	0.63	-2.556495e-11
0.6675	133			0.000375153	-4.76243e-05	0.000378134	-7.23	-0.00316335	0.000168801	0.00316621	176.934	0.000709537	7.86787e-06	0.000709537	0.648	-1.957581e-11
0.665	134			0.000348212	-4.59554e-05	0.000351192	-7.512	-0.00316335	0.000167848	0.00316717	176.946	0.000704769	7.62945e-06	0.000704769	0.636	-1.869632e-11
0.6625	135			0.00031543	-4.41077e-05	0.000318529	-7.956	-0.00316335	0.000167848	0.00316717	176.958	0.000700239	8.58313e-06	0.000700239	0.708	-1.957584e-11
0.66	136			0.0003289	-4.41077e-05	0.000331821	-7.632	-0.00316335	0.00016594	0.00316717	176.982	0.000693563	7.86787e-06	0.000693563	0.66	-1.945016e-11
0.6575	137			0.000294926	-4.21407e-05	0.000297965	-8.13	-0.00316335	0.000166894	0.00316717	176.97	0.000674967	9.05996e-06	0.000674967	0.78	-1.605771e-11
0.655	138			0.000295581	-4.15447e-05	0.000298442	-7.998	-0.00316431	0.00016594	0.00316812	176.982	0.000644449	9.29838e-06	0.000644449	0.828	-2.024595e-11
0.6525	139			0.000283362	-4.05314e-05	0.000286283	-8.136	-0.00316335	0.00016594	0.00316717	176.982	0.000608448	1.07289e-05	0.000608686	1.02	-2.17537e-11
0.65	140			0.00025964	-3.96373e-05	0.00026268	-8.676	-0.00316431	0.00016594	0.00316812	176.982	0.000555519	1.26362e-05	0.000555757	1.308	-1.848691e-11
0.6475	141			0.000208975	-3.61206e-05	0.000212074	-9.792	-0.00316431	0.000164033	0.00316717	177.018	0.000461819	1.66894e-05	0.000462176	2.082	-1.915699e-11
0.645	142			0.000257375	-4.03526e-05	0.000260474	-8.904	-0.00316431	0.000163079	0.00316717	177.03	0.000380756	2.06233e-05	0.000381233	3.114	-1.96596e-11
0.6425	143			0.00027466	-4.13659e-05	0.00027776	-8.562	-0.00316431	0.000163079	0.00316717	177.048	0.000339868	2.26499e-05	0.000340702	3.828	-2.10417e-11
0.64	144			0.000210763	-3.61803e-05	0.000213803	-9.738	-0.00316431	0.000163079	0.00316717	177.03	0.000345709	2.39612e-05	0.000346543	3.978	-2.070664e-11
0.6375	145			0.000185133	-3.58226e-05	0.00018859	-10.932	-0.00316335	0.000163079	0.00316621	177.03	0.000348212	2.39612e-05	0.000349047	3.954	-2.292641e-11
0.635	146			0.000167311	-3.39153e-05	0.000170709	-11.448	-0.00315191	0.000164033	0.00315572	177.012	0.000383141	2.24115e-05	0.000383856	3.354	-1.697915e-11
0.6325	147			0.000190617	-3.60014e-05	0.000193954	-10.686	-0.00311662	0.000162126	0.00311948	177.012	0.000400664	2.06233e-05	0.000401141	2.964	-2.083229e-11
0.63	148			0.000234128	-3.773e-05	0.000237108	-9.144	-0.00305749	0.000161172	0.00306036	176.982	0.000475051	1.74047e-05	0.000475409	2.106	-2.007836e-11
0.6275	149			0.000188709	-3.42133e-05	0.000191749	-10.26	-0.00301076	0.000159265	0.00301363	176.958	0.00052214	1.51396e-05	0.00052226	1.668	-2.359651e-11
0.625	150			0.000184418	-3.56438e-05	0.000187815	-10.932	-0.00298788	0.000157357	0.00299169	176.976	0.000537042	1.35899e-05	0.00053728	1.458	-1.94083e-11
0.6225	151			0.000154377	-3.30212e-05	0.000157834	-12.066	-0.0029812	0.000156404	0.00298502	176.976	0.000549678	1.22786e-05	0.000549797	1.284	-2.342898e-11
0.62	152			0.000136555	-3.2604e-05	0.00014037	-13.41	-0.00298025	0.000156404	0.00298311	176.988	0.000559811	1.1921e-05	0.00055993	1.23	-2.037162e-11
0.6175	153			0.000130177	-3.25444e-05	0.000134171	-14.01	-0.00298025	0.000154496	0.00298311	177.018	0.00056136	1.13249e-05	0.000561479	1.164	-2.020406e-11
0.615	154			0.000156344	-3.42729e-05	0.000160039	-12.36	-0.00298215	0.00015545	0.00298502	177.006	0.000552539	1.26362e-05	0.000552658	1.314	-1.798429e-11
0.6125	155			0.000176252	-3.43325e-05	0.00017953	-11.01	-0.00298597	0.000154496	0.00298883	177.024	0.000536565	1.1921e-05	0.000536684	1.284	-2.388967e-11
0.61	156			0.000234128	-3.82664e-05	0.000237227	-9.27	-0.00299264	0.000154496	0.00299551	177.042	0.000551585	1.1921e-05	0.000551824	1.248	-2.313582e-11
0.6075	157			0.000289442	-4.17235e-05	0.000292422	-8.19	-0.00299932	0.00015545	0.00300314	177.024	0.00063825	6.79496e-06	0.00063825	0.618	-1.806808e-11
0.605	158			0.000337543	-4.39885e-05	0.000340404	-7.422	-0.00298692	0.000156404	0.00298978	176.982	0.000748876	1.54973e-06	0.000748876	0.12	-2.330332e-11
0.6025	159			0.000290098	-4.20811e-05	0.000293138	-8.244	-0.00290968	0.000151635	0.00291254	177.012	0.000787143	-7.15259e-07	0.000787143	-0.048	-1.622527e-11
0.6	160			0.000251593	-3.91009e-05	0.000254633	-8.832	-0.0028372	0.000148774	0.00284006	176.988	0.000793461	2.3842e-07	0.000793461	0.024	-2.141861e-11
0.5975	161			0.00022179	-3.74319e-05	0.000224949	-9.576	-0.00281717	0.00014782	0.00282003	176.994	0.000795845	2.3842e-07	0.000795845	0.024	-1.961768e-11
0.595	162			0.000202657	-3.65379e-05	0.000205935	-10.218	-0.00281335	0.000146867	0.00281622	177.0	0.000794772	-3.5763e-07	0.000794772	-0.024	-2.334517e-11
0.5925	163			0.000211299	-3.62399e-05	0.000214339	-9.72	-0.0028124	0.000145913	0.00281526	177.012	0.000792149	-1.1921e-07	0.000792149	-0.006	-1.618339e-11
0.59	164			0.000246646	-3.82664e-05	0.000249626	-8.814	-0.0028124	0.000145913	0.00281526	177.03	0.000784162	-8.34469e-07	0.000784162	-0.06	-1.5974e-11
0.5875	165			0.000232161	-3.72531e-05	0.000235141	-9.108	-0.00281335	0.000145913	0.00281622	177.03	0.000753406	2.3842e-07	0.000753406	0.018	-2.049722e-11
0.585	166			0.000210763	-3.52266e-05	0.000213684	-9.48	-0.0028124	0.000145913	0.00281526	177.012	0.000690106	3.21867e-06	0.000690106	0.276	-1.878009e-11
0.5825	167			0.000191153	-3.38557e-05	0.000194133	-10.026	-0.00281335	0.000144959	0.00281622	177.042	0.000603203	6.79496e-06	0.000603322	0.648	-1.873821e-11
0.58	168			0.000198663	-3.36769e-05	0.000201524	-9.618	-0.00281335	0.000144959	0.00281622	177.042	0.000555877	9.65601e-06	0.000555996	0.996	-1.894763e-11
0.5775	169			0.000213207	-3.39749e-05	0.000215889	-9.048	-0.00281335	0.000144959	0.00281622	177.042	0.000524167	1.00136e-05	0.000524167	1.11	-1.848692e-11
0.575	170			0.000161351	-3.22463e-05	0.00016451	-11.28	-0.0028124	0.000144959	0.00281526	177.042	0.000485899	1.26362e-05	0.000486137	1.5	-2.36384e-11
0.5725	171			0.000135482	-3.05178e-05	0.00013888	-12.666	-0.00281335	0.000144959	0.00281622	177.042	0.00045407	1.45436e-05	0.000454308	1.842	-1.676975e-11
0.57	172			0.000125171	-3.01005e-05	0.000128747	-13.512	-0.00281335	0.000144006	0.00281622	177.054	0.000412704	1.62126e-05	0.000412943	2.256	-2.104171e-11
0.5675	173			0.000125409	-3.00409e-05	0.000128926	-13.452	-0.00281335	0.000144959	0.00281622	177.042	0.000385048	1.69278e-05	0.000385405	2.526	-2.012029e-11
0.565	174			0.000161947	-3.17099e-05	0.000164987	-11.064	-0.00280191	0.000144959	0.00280477	177.03	0.000393869	1.75239e-05	0.000394346	2.556	-2.292645e-11
0.5625	175			0.000167192	-3.10543e-05	0.000170053	-10.512	-0.00276758	0.000143052	0.00277044	177.024	0.000421287	1.50204e-05	0.000421526	2.046	-2.271698e-11
0.56	176			0.000177921	-3.15907e-05	0.000180722	-10.056	-0.00271322	0.000140191	0.00271608	177.03	0.000463964	1.33515e-05	0.000464084	1.656	-2.217252e-11
0.5575	177			0.00019014	-3.22463e-05	0.000192822	-9.612	-0.00268461	0.000139237	0.00268747	177.03	0.000459792	1.29939e-05	0.000460031	1.62	-1.660216e-11
0.555	178			0.000185371	-3.2306e-05	0.000188173	-9.882	-0.00267603	0.000138284	0.00267889	177.036	0.000430109	1.38283e-05	0.000430347	1.848	-1.551325e-11
0.5525	179			0.000177384	-3.19483e-05	0.000180245	-10.2	-0.00267603	0.00013733	0.00267793	177.048	0.000397684	1.44244e-05	0.000398042	2.094	-1.886383e-11
0.55	180			0.000196398	-3.2306e-05	0.000199021	-9.336	-0.00267889	0.000136376	0.00268175	177.066	0.000387194	1.4782e-05	0.000387432	2.19	-1.647655e-11
0.5475	181			0.00023842	-3.49286e-05	0.000240983	-8.328	-0.00268461	0.00013733	0.00268652	177.054	0.000405909	1.62126e-05	0.000406267	2.292	-2.070661e-11
0.545	182			0.000312569	-3.87433e-05	0.000315012	-7.056	-0.00268938	0.000138284	0.00269128	177.048	0.000463726	1.12057e-05	0.000463964	1.392	-1.940829e-11
0.5425	183			0.000357809	-4.1187e-05	0.000360133	-6.558	-0.00265409	0.000136376	0.00265695	177.054	0.000516657	7.86787e-06	0.000516776	0.882	-1.777493e-11
0.54	184			0.000288131	-3.74319e-05	0.000290575	-7.392	-0.00257398	0.000132562	0.00257684	177.048	0.000510696	7.74866e-06	0.000510816	0.876	-1.890573e-11
0.5375	185			0.00021422	-3.22463e-05	0.000216604	-8.55	-0.0025387	0.000130654	0.00254156	177.036	0.000473382	1.07289e-05	0.000473501	1.308	-2.066478e-11
0.535	186			0.000173808	-3.01005e-05	0.000176371	-9.81	-0.00253202	0.000130654	0.00253488	177.03	0.000437142	1.29939e-05	0.000437381	1.704	-1.978525e-11
0.5325	187			0.000154019	-3.03985e-05	0.00015694	-11.166	-0.00253107	0.000129701	0.00253297	177.06	0.000439527	1.10865e-05	0.000439646	1.452	-1.995278e-11
0.53	188			0.000134111	-2.80739e-05	0.000137032	-11.802	-0.00253202	0.000128747	0.00253393	177.078	0.000462415	1.09673e-05	0.000462534	1.368	-2.338708e-11
0.5275	189			0.000115157	-2.69414e-05	0.000118256	-13.158	-0.00253202	0.000128747	0.00253488	177.078	0.000501398	7.51021e-06	0.000501517	0.858	-1.995272e-11
0.525	190			9.76925e-05	-2.6405e-05	0.00010115	-15.12	-0.00253202	0.000127793	0.00253393	177.09	0.000543598	5.24524e-06	0.000543598	0.564	-1.806808e-11
0.5225	191			8.66656e-05	-2.53619e-05	9.03015e-05	-16.296	-0.00253202	0.000128747	0.00253393	177.078	0.000574593	5.24524e-06	0.000574593	0.528	-1.932455e-11
0.52	192			7.80527e-05	-2.51235e-05	8.19867e-05	-17.826	-0.00253107	0.000127793	0.00253297	177.102	0.00059605	3.93394e-06	0.00059605	0.384	-1.907325e-11
0.5175	193			7.18837e-05	-2.64944e-05	7.65924e-05	-20.208	-0.00253202	0.000128747	0.00253393	177.078	0.000604156	4.17235e-06	0.000604156	0.396	-1.534573e-11
0.515	194			7.17943e-05	-2.58685e-05	7.63242e-05	-19.794	-0.00253202	0.000127793	0.00253393	177.108	0.000589851	5.12603e-06	0.000589851	0.498	-1.656033e-11
0.5125	195			8.11522e-05	-2.51235e-05	8.49371e-05	-17.178	-0.00253202	0.000128747	0.00253488	177.078	0.000552896	5.84128e-06	0.000552896	0.606	-1.810997e-11
0.51	196			9.48017e-05	-2.56897e-05	9.82289e-05	-15.156	-0.00252725	0.000128747	0.00253011	177.072	0.000466229	1.02521e-05	0.000466349	1.272	-2.141866e-11
0.5075	197			0.00011772	-2.73288e-05	0.000120849	-13.062	-0.00250722	0.000128747	0.00251009	177.048	0.000421407	1.20402e-05	0.000421645	1.638	-1.936641e-11
0.505	198			0.000146032	-2.80441e-05	0.000148715	-10.866	-0.00246431	0.000125886	0.00246717	177.072	0.000405909	1.29939e-05	0.000406148	1.842	-2.309388e-11
0.5025	199			0.000168503	-2.93554e-05	0.000171036	-9.876	-0.00243761	0.000123979	0.00244047	177.072	0.000405671	1.2517e-05	0.000405909	1.776	-2.070663e-11
0.5	200			0.000195474	-3.08158e-05	0.000197888	-8.952	-0.00243188	0.000124932	0.00243379	177.048	0.000407817	1.22786e-05	0.000407936	1.734	-1.995277e-11
0.4975	201			0.000220687	-3.22761e-05	0.000223042	-8.316	-0.00243475	0.000124932	0.00243665	177.054	0.000435712	1.03713e-05	0.000435831	1.374	-1.777488e-11
0.495	202			0.000270249	-3.42133e-05	0.000272395	-7.212	-0.00244142	0.000124932	0.00244333	177.06	0.000500683	6.91417e-06	0.000500683	0.804	-2.037158e-11
0.4925	203			0.000282945	-3.49882e-05	0.000285091	-7.05	-0.00241758	0.000123979	0.00242044	177.048	0.000561003	4.17235e-06	0.000561003	0.432	-2.133487e-11
0.49	204			0.000219435	-3.13225e-05	0.000221641	-8.124	-0.00234605	0.000120163	0.00234796	177.054	0.000548724	4.17235e-06	0.000548724	0.444	-2.003651e-11
0.4875	205			0.000195117	-2.96534e-05	0.000197352	-8.64	-0.00231077	0.000118256	0.00231268	177.06	0.000497226	8.10629e-06	0.000497226	0.948	-1.898947e-11
0.485	206			0.00017807	-2.86103e-05	0.000180335	-9.12	-0.00230314	0.000117302	0.00230505	177.066	0.000429036	9.29838e-06	0.000429155	1.254	-2.259133e-11
0.4825	207			0.000186236	-2.8819e-05	0.000188471	-8.796	-0.00230123	0.000116349	0.00230314	177.096	0.000364305	1.18018e-05	0.000364425	1.866	-1.769115e-11
0.48	208			0.000200243	-2.9713e-05	0.000202418	-8.436	-0.00230218	0.000115395	0.00230409	177.114	0.000314953	1.32323e-05	0.00031531	2.424	-1.961772e-11
0.4775	209			0.000156463	-2.67626e-05	0.000158728	-9.702	-0.00230218	0.000114441	0.00230409	177.132	0.000293138	1.51396e-05	0.000293495	2.97	-1.894761e-11
0.475	210			0.000121207	-2.4289e-05	0.000123621	-11.328	-0.00230123	0.000115395	0.00230314	177.114	0.000279667	1.54973e-05	0.000280144	3.192	-2.669578e-11
0.4725	211			9.96594e-05	-2.28585e-05	0.000102222	-12.912	-0.00230218	0.000113488	0.00230409	177.168	0.000304701	1.37091e-05	0.000304939	2.592	-1.873819e-11
0.47	212			6.50589e-05	-2.17856e-05	6.86054e-05	-18.504	-0.00230123	0.000115395	0.00230314	177.114	0.000332357	1.37091e-05	0.000332596	2.376	-2.087424e-11
0.4675	213			4.78032e-05	-2.14578e-05	5.23927e-05	-24.162	-0.00230123	0.000114441	0.00230314	177.132	0.00037122	1.08481e-05	0.000371339	1.674	-2.062289e-11
0.465	214			5.3108e-05	-2.17856e-05	5.73995e-05	-22.302	-0.00230123	0.000115395	0.00230314	177.114	0.000427486	8.82155e-06	0.000427606	1.188	-2.070664e-11
0.4625	215			7.43871e-05	-2.29777e-05	7.78441e-05	-17.154	-0.00228979	0.000115395	0.00229169	177.102	0.000488762	6.31812e-06	0.000488762	0.75	-1.89476e-11
0.46	216			0.000103117	-2.50937e-05	0.000106127	-13.656	-0.00225927	0.000114441	0.00226118	177.096	0.000539664	3.09946e-06	0.000539664	0.342	-1.718856e-11
0.4575	217			0.000122846	-2.50639e-05	0.000125379	-11.526	-0.00223447	0.000112534	0.00223638	177.096	0.000556115	3.45708e-06	0.000556115	0.354	-1.911511e-11
0.455	218			0.000162602	-2.73586e-05	0.000164867	-9.54	-0.00223161	0.000112534	0.00223352	177.108	0.000528697	3.6955e-06	0.000528697	0.402	-1.52201e-11
0.4525	219			0.000202031	-2.8819e-05	0.000204087	-8.112	-0.00223066	0.000112534	0.00223161	177.09	0.000503663	4.52998e-06	0.000503663	0.516	-2.64445e-11
0.45	220			0.000212462	-2.8819e-05	0.000214399	-7.722	-0.00219251	0.000110627	0.00219442	177.09	0.000481607	5.00682e-06	0.000481607	0.6	-2.355462e-11
0.4475	221			0.00019017	-2.82825e-05	0.000192226	-8.454	-0.00213529	0.000107766	0.0021372	177.084	0.000447275	6.91417e-06	0.000447394	0.894	-1.731418e-11
0.445	222			0.000164361	-2.72692e-05	0.000166626	-9.408	-0.00211336	0.000107766	0.00211526	177.072	0.000432493	7.39101e-06	0.000432612	0.99	-1.731418e-11
0.4425	223			0.000137092	-2.53023e-05	0.000139416	-10.452	-0.00210954	0.000106812	0.00211145	177.084	0.000424268	7.51021e-06	0.000424387	1.026	-2.108363e-11
0.44	224			0.000131191	-2.43486e-05	0.000133426	-10.512	-0.0021105	0.000106812	0.0021124	177.09	0.000420215	8.10629e-06	0.000420334	1.116	-2.146052e-11
0.4375	225			0.00011614	-2.23519e-05	0.000118256	-10.884	-0.0021105	0.000105858	0.0021124	177.126	0.000410916	7.62945e-06	0.000411035	1.08	-1.94083e-11
0.435	226			0.000109613	-2.30075e-05	0.000111998	-11.838	-0.00210954	0.000105858	0.00211145	177.126	0.000390531	9.65601e-06	0.000390651	1.428	-2.0581e-11
0.4325	227			9.42652e-05	-2.12194e-05	9.66196e-05	-12.672	-0.0021105	0.000104905	0.0021124	177.144	0.000343086	1.09673e-05	0.000343205	1.836	-2.12092e-11
0.43	228			6.96485e-05	-2.03849e-05	7.25691e-05	-16.308	-0.00211145	0.000103951	0.0021124	177.162	0.000273945	1.33515e-05	0.000274302	2.814	-2.0581e-11
0.4275	229			8.24933e-05	-2.08617e-05	8.50861e-05	-14.172	-0.00211145	0.000103951	0.0021124	177.162	0.000244977	1.4186e-05	0.000245335	3.336	-2.229817e-11
0.425	230			8.60696e-05	-2.06829e-05	8.85134e-05	-13.5	-0.00210668	0.000103951	0.00210859	177.156	0.00025058	1.38283e-05	0.000250937	3.18	-1.413118e-11
0.4225	231			0.000118375	-2.23817e-05	0.000120491	-10.698	-0.00208093	0.000103951	0.00208284	177.12	0.000309827	1.09673e-05	0.000310065	2.034	-1.756549e-11
0.42	232			0.000139535	-2.30671e-05	0.000141413	-9.378	-0.00206281	0.000102997	0.00206472	177.132	0.000365736	9.05996e-06	0.000365855	1.422	-2.326145e-11
0.4175	233			0.000168473	-2.52725e-05	0.000170351	-8.526	-0.00205328	0.000102997	0.00205518	177.12	0.000445845	4.64919e-06	0.000445845	0.612	-1.73142e-11
0.415	234			0.00013584	-2.30075e-05	0.000137747	-9.6	-0.00202562	0.000102044	0.00202753	177.096	0.000515942	1.31131e-06	0.000515942	0.15	-1.915702e-11
0.4125	235			0.000107885	-2.15472e-05	0.000110001	-11.286	-0.00197507	0.000100136	0.00197746	177.09	0.000520352	1.78815e-06	0.000520352	0.198	-1.769113e-11
0.41	236			8.29701e-05	-2.0981e-05	8.55629e-05	-14.178	-0.00195362	9.77521e-05	0.00195552	177.126	0.000462534	3.21867e-06	0.000462534	0.414	-1.932456e-11
0.4075	237			8.9616e-05	-2.15174e-05	9.21492e-05	-13.488	-0.00194884	9.82289e-05	0.00195075	177.114	0.000383498	8.10629e-06	0.000383617	1.218	-1.848688e-11
0.405	238			7.52215e-05	-1.98783e-05	7.77845e-05	-14.778	-0.00194741	9.87058e-05	0.00194979	177.09	0.000346662	9.29838e-06	0.000346782	1.542	-2.108361e-11
0.4025	239			7.52215e-05	-1.90438e-05	7.76057e-05	-14.196	-0.00194789	9.63216e-05	0.00194979	177.162	0.000345947	9.5368e-06	0.000346066	1.59	-1.903133e-11
0.4	240			7.72779e-05	-1.97293e-05	7.97515e-05	-14.31	-0.00194789	9.63216e-05	0.00194979	177.162	0.000352146	9.17917e-06	0.000352265	1.506	-1.911513e-11
0.3975	241			6.50291e-05	-1.87756e-05	6.76815e-05	-16.08	-0.00194932	9.63216e-05	0.00195075	177.162	0.000353577	8.10629e-06	0.000353696	1.32	-1.986897e-11
0.395	242			7.19433e-05	-1.90736e-05	7.44169e-05	-14.838	-0.00195027	9.67984e-05	0.00195218	177.156	0.000352504	8.34471e-06	0.000352623	1.362	-1.823562e-11
0.3925	243			9.82587e-05	-2.11598e-05	0.000100524	-12.144	-0.00194789	9.82289e-05	0.00194979	177.102	0.000353815	8.2255e-06	0.000353934	1.338	-1.957582e-11
0.39	244			0.000123561	-2.1726e-05	0.000125439	-9.96	-0.0019312	9.72752e-05	0.00193311	177.114	0.000343205	8.58313e-06	0.000343444	1.434	-1.794242e-11
0.3875	245			0.000166357	-2.35738e-05	0.000168026	-8.058	-0.00191212	9.48911e-05	0.00191403	177.144	0.000333669	8.58313e-06	0.000333788	1.488	-1.852876e-11
0.385	246			0.000167192	-2.37228e-05	0.000168861	-8.07	-0.00188828	9.39374e-05	0.00189019	177.15	0.000357272	6.91417e-06	0.000357391	1.11	-1.727231e-11
0.3825	247			0.000124247	-2.14876e-05	0.000126124	-9.81	-0.00183678	9.15532e-05	0.00183869	177.132	0.000354173	6.31812e-06	0.000354173	1.038	-2.208871e-11
0.38	248			7.36718e-05	-1.82093e-05	7.58772e-05	-13.86	-0.00181294	8.96459e-05	0.00181485	177.156	0.000344874	7.51021e-06	0.000344874	1.26	-2.317764e-11
0.3775	249			5.03364e-05	-1.72557e-05	5.31974e-05	-18.894	-0.00181103	9.05995e-05	0.00181294	177.126	0.000340344	7.74866e-06	0.000340344	1.326	-1.91989e-11
0.375	250			3.16279e-05	-1.63541e-05	3.56066e-05	-27.336	-0.00181008	9.01227e-05	0.00181199	177.144	0.000333907	7.98708e-06	0.000333907	1.374	-1.773303e-11
0.3725	251			3.43549e-05	-1.67863e-05	3.82366e-05	-26.04	-0.00181056	8.96459e-05	0.00181247	177.162	0.000322701	8.46392e-06	0.000322821	1.512	-1.903137e-11
0.37	252			4.07698e-05	-1.60934e-05	4.38245e-05	-21.534	-0.00181008	9.01227e-05	0.00181199	177.144	0.000299694	7.51021e-06	0.000299694	1.452	-2.070666e-11
0.3675	253			4.35936e-05	-1.65032e-05	4.66111e-05	-20.73	-0.00181056	8.96459e-05	0.00181247	177.168	0.000302913	8.58313e-06	0.000303032	1.638	-1.710479e-11
0.365	254			7.10119e-05	-1.80305e-05	7.32695e-05	-14.244	-0.0018096	9.05995e-05	0.00181151	177.132	0.000326278	8.10629e-06	0.000326397	1.428	-1.802621e-11
0.3625	255			0.000112668	-2.00794e-05	0.000114441	-10.104	-0.00179864	8.96459e-05	0.00180054	177.144	0.000363948	6.67575e-06	0.000363948	1.062	-1.790057e-11
0.36	256			0.000151173	-2.25605e-05	0.000152842	-8.49	-0.00177718	8.82153e-05	0.00177909	177.144	0.000409367	3.57629e-06	0.000409367	0.504	-1.672787e-11
0.3575	257			0.000138552	-2.12194e-05	0.000140161	-8.706	-0.00174094	8.53543e-05	0.00174285	177.18	0.000422122	2.86104e-06	0.000422122	0.396	-1.769115e-11
0.355	258			9.72603e-05	-1.83136e-05	9.89665e-05	-10.662	-0.00169898	8.39238e-05	0.00170089	177.156	0.000353815	5.24524e-06	0.000353934	0.852	-1.609963e-11
0.3525	259			7.75461e-05	-1.77847e-05	7.95578e-05	-12.912	-0.00168944	8.20165e-05	0.00169087	177.21	0.000286462	8.46392e-06	0.000286581	1.704	-2.158619e-11
0.35	260			5.8003e-05	-1.66969e-05	6.03574e-05	-16.056	-0.00168896	8.24933e-05	0.0016904	177.198	0.000249149	9.77522e-06	0.000249388	2.25	-2.254946e-11
0.3475	261			3.07562e-05	-1.3873e-05	3.37365e-05	-24.264	-0.00168896	8.29701e-05	0.00169087	177.186	0.000240565	1.00136e-05	0.000240684	2.394	-1.702102e-11
0.345	262			2.90797e-05	-1.48267e-05	3.26412e-05	-27.0	-0.00168992	8.29701e-05	0.00169135	177.186	0.000254633	9.89443e-06	0.000254752	2.25	-2.150243e-11
0.3425	263			3.97789e-05	-1.56687e-05	4.27517e-05	-21.492	-0.0016904	8.29701e-05	0.00169183	177.186	0.000272634	8.82155e-06	0.000272753	1.86	-1.639278e-11
0.34	264			6.95069e-05	-1.69129e-05	7.15335e-05	-13.674	-0.00168896	8.3447e-05	0.0016904	177.162	0.000297071	7.2718e-06	0.000297191	1.416	-1.819373e-11
0.3375	265			0.000107266	-1.87383e-05	0.000108891	-9.906	-0.00167228	8.29701e-05	0.00167371	177.156	0.000348331	5.12603e-06	0.000348331	0.858	-1.974342e-11
0.335	266			0.000117809	-1.93418e-05	0.000119389	-9.324	-0.00163842	8.15396e-05	0.00163985	177.144	0.000394942	2.3842e-06	0.000394942	0.354	-1.463377e-11
0.3325	267			8.20239e-05	-1.78368e-05	8.39387e-05	-12.264	-0.00159646	7.96323e-05	0.00159789	177.144	0.000386002	2.86104e-06	0.000386002	0.432	-2.141862e-11
0.33	268			5.45906e-05	-1.52589e-05	5.66843e-05	-15.606	-0.00158358	7.82018e-05	0.00158501	177.156	0.000353696	4.17235e-06	0.000353696	0.678	-2.146052e-11
0.3275	269			3.89742e-05	-1.4782e-05	4.16788e-05	-20.766	-0.00158358	7.82018e-05	0.00158549	177.168	0.000293972	7.15259e-06	0.000293972	1.416	-1.773303e-11
0.325	270			3.48988e-05	-1.44393e-05	3.77672e-05	-22.464	-0.00158263	7.72481e-05	0.00158454	177.204	0.000235439	8.82155e-06	0.000235558	2.172	-2.162803e-11
0.3225	271			3.9086e-05	-1.45734e-05	4.1716e-05	-20.436	-0.00158406	7.67712e-05	0.00158549	177.216	0.00020814	1.08481e-05	0.000208379	3.006	-1.743986e-11
0.32	272			6.5044e-05	-1.52738e-05	6.68098e-05	-13.212	-0.00158454	7.67712e-05	0.00158597	177.216	0.000217439	9.17917e-06	0.000217677	2.442	-1.970149e-11
0.3175	273			8.75969e-05	-1.61753e-05	8.90796e-05	-10.458	-0.00157452	7.72481e-05	0.00157595	177.174	0.000255944	8.2255e-06	0.000256183	1.866	-1.978524e-11
0.315	274			8.64794e-05	-1.65926e-05	8.80514e-05	-10.86	-0.00154496	7.58176e-05	0.00154639	177.186	0.000313284	5.36445e-06	0.000313403	0.99	-2.045537e-11
0.3125	275			5.61851e-05	-1.42977e-05	5.79657e-05	-14.274	-0.00150395	7.39102e-05	0.00150538	177.168	0.000339152	4.64919e-06	0.000339152	0.798	-2.020401e-11
0.31	276			2.74928e-05	-1.35601e-05	3.06519e-05	-26.25	-0.00149155	7.34334e-05	0.00149251	177.174	0.000327351	4.64919e-06	0.000327351	0.816	-1.978524e-11
0.3075	277			2.68595e-05	-1.26064e-05	2.96758e-05	-25.14	-0.0014906	7.34334e-05	0.00149155	177.168	0.000311138	6.19891e-06	0.000311257	1.14	-1.936641e-11
0.305	278			2.79919e-05	-1.31131e-05	3.09052e-05	-25.086	-0.00149012	7.34334e-05	0.00149155	177.168	0.000292541	6.79496e-06	0.000292661	1.344	-2.468546e-11
0.3025	279			4.46292e-05	-1.48044e-05	4.70134e-05	-18.342	-0.00149203	7.24797e-05	0.00149346	177.21	0.000253918	6.79496e-06	0.000253918	1.536	-1.965959e-11
0.3	280			8.01985e-05	-1.54973e-05	8.16812e-05	-10.932	-0.00148917	7.24797e-05	0.00149012	177.204	0.000226379	7.86787e-06	0.000226499	2.004	-1.82356e-11
0.2975	281			8.60249e-05	-1.60636e-05	8.7515e-05	-10.572	-0.00146628	7.05724e-05	0.00146771	177.228	0.000254633	6.19891e-06	0.000254752	1.41	-2.00784e-11
0.295	282			5.85618e-05	-1.38954e-05	6.0186e-05	-13.344	-0.00142337	6.96187e-05	0.00142432	177.198	0.00025356	7.15259e-06	0.000253679	1.626	-2.066477e-11
0.2925	283			2.84315e-05	-1.1392e-05	3.06296e-05	-21.822	-0.00140906	6.81882e-05	0.00141049	177.222	0.000248672	7.15259e-06	0.000248792	1.656	-1.48013e-11
0.29	284			1.43648e-05	-1.16006e-05	1.84627e-05	-38.916	-0.00140763	6.8665e-05	0.00140858	177.192	0.000269176	5.84128e-06	0.000269176	1.248	-2.208875e-11
0.2875	285			2.20687e-05	-1.20402e-05	2.51384e-05	-28.596	-0.00140811	6.81882e-05	0.00140954	177.21	0.000278594	5.36445e-06	0.000278713	1.122	-2.166991e-11
0.285	286			5.26237e-05	-1.3873e-05	5.44118e-05	-14.76	-0.00141001	6.77113e-05	0.00141145	177.24	0.000286343	4.88761e-06	0.000286462	0.99	-1.865443e-11
0.2825	287			8.25678e-05	-1.54452e-05	8.39983e-05	-10.59	-0.00140191	6.72345e-05	0.00140286	177.234	0.000291469	3.81473e-06	0.000291469	0.762	-2.03297e-11
0.28	288			6.69588e-05	-1.45585e-05	6.85235e-05	-12.258	-0.00136519	6.53272e-05	0.00136615	177.246	0.000260355	5.00682e-06	0.000260355	1.116	-2.246574e-11
0.2775	289			2.99067e-05	-1.12206e-05	3.19409e-05	-20.562	-0.00133515	6.48503e-05	0.00133658	177.21	0.000216485	7.39101e-06	0.000216604	1.974	-2.234005e-11
0.275	290			1.88054e-05	-1.09599e-05	2.17633e-05	-30.234	-0.00133372	6.38966e-05	0.00133467	177.252	0.000183464	7.15259e-06	0.000183583	2.238	-1.626716e-11
0.2725	291			1.93791e-05	-1.13398e-05	2.24487e-05	-30.312	-0.00133467	6.43735e-05	0.00133611	177.228	0.000199378	8.2851e-06	0.000199498	2.394	-1.727232e-11
0.27	292			5.05748e-05	-1.34484e-05	5.23331e-05	-14.886	-0.00133611	6.48503e-05	0.00133754	177.216	0.000266315	4.7088e-06	0.000266315	1.026	-1.882195e-11
0.2675	293			6.71078e-05	-1.34558e-05	6.84415e-05	-11.334	-0.00132561	6.38966e-05	0.00132657	177.222	0.000306608	2.98025e-06	0.000306608	0.57	-1.697913e-11
0.265	294			4.85706e-05	-1.26511e-05	5.01873e-05	-14.592	-0.00128079	6.2943e-05	0.00128222	177.186	0.000300528	3.21867e-06	0.000300588	0.618	-1.940831e-11
0.2625	295			2.57121e-05	-1.08854e-05	2.79174e-05	-22.932	-0.00126839	6.10356e-05	0.00126935	177.234	0.000225664	6.19891e-06	0.000225783	1.584	-2.104168e-11
0.26	296			1.85968e-05	-1.01403e-05	2.11747e-05	-28.584	-0.00126792	6.15125e-05	0.00126887	177.216	0.000164987	8.2255e-06	0.000165165	2.856	-1.710484e-11
0.2575	297			4.02781e-05	-1.11536e-05	4.17905e-05	-15.468	-0.00126839	6.15125e-05	0.00126935	177.216	0.000161887	9.05996e-06	0.000162126	3.216	-2.405725e-11
0.255	298			5.62372e-05	-1.20178e-05	5.75038e-05	-12.054	-0.00126315	6.15125e-05	0.00126458	177.204	0.000219227	5.66247e-06	0.000219286	1.488	-2.2005e-11
0.2525	299			4.30348e-05	-1.19731e-05	4.46665e-05	-15.546	-0.00123311	5.96049e-05	0.00123406	177.228	0.000284674	3.33787e-06	0.000284674	0.678	-2.028786e-11
0.25	300			2.29405e-05	-1.13696e-05	2.56003e-05	-26.352	-0.00120831	5.76975e-05	0.00120927	177.252	0.000272276	3.51669e-06	0.000272276	0.75	-1.68535e-11
0.2475	301			1.69576e-05	-9.99129e-06	1.96808e-05	-30.498	-0.00120593	5.86512e-05	0.00120688	177.198	0.000209511	6.49694e-06	0.000209571	1.788	-2.175367e-11
0.245	302			3.81286e-05	-1.12691e-05	3.97603e-05	-16.458	-0.00120831	5.76975e-05	0.00120879	177.252	0.000159324	8.10629e-06	0.000159503	2.922	-2.083224e-11
0.2425	303			5.83718e-05	-1.30013e-05	5.98023e-05	-12.552	-0.00120068	5.67439e-05	0.00120164	177.282	0.000183345	6.37773e-06	0.000183464	2.01	-2.435032e-11
0.24	304			3.48242e-05	-1.04197e-05	3.63479e-05	-16.65	-0.0011654	5.72207e-05	0.00116587	177.18	0.000213147	5.36445e-06	0.000213207	1.44	-2.158612e-11
0.2375	305			1.30796e-05	-9.90933e-06	1.64063e-05	-37.134	-0.00115205	5.6267e-05	0.001153	177.198	0.000237943	4.05314e-06	0.000237943	0.978	-2.54812e-11
0.235	306			1.91481e-05	-9.8758e-06	2.15435e-05	-27.276	-0.00115205	5.53133e-05	0.001153	177.252	0.000222028	5.36445e-06	0.000222147	1.392	-1.974335e-11
0.2325	307			5.39275e-05	-1.19694e-05	5.52388e-05	-12.51	-0.00115252	5.43597e-05	0.00115348	177.282	0.000194133	5.54326e-06	0.000194193	1.65	-1.986899e-11
0.23	308			4.43535e-05	-1.07661e-05	4.56388e-05	-13.638	-0.00112439	5.38828e-05	0.00112534	177.252	0.000183822	5.84128e-06	0.000183941	1.836	-2.099979e-11
0.2275	309			1.75686e-05	-8.62411e-06	1.95691e-05	-26.142	-0.00110198	5.24523e-05	0.00110293	177.264	0.00017345	6.25852e-06	0.00017351	2.082	-2.104172e-11
0.225	310			1.76878e-05	-9.74914e-06	2.01949e-05	-28.854	-0.00110245	5.3406e-05	0.00110341	177.21	0.000192762	6.0797e-06	0.000192882	1.824	-1.777491e-11
0.2225	311			4.55494e-05	-1.05687e-05	4.67601e-05	-13.062	-0.00110341	5.24523e-05	0.00110389	177.264	0.000227393	3.93394e-06	0.000227452	1.002	-2.03716e-11
0.22	312			3.87209e-05	-1.01887e-05	4.00359e-05	-14.736	-0.00107575	5.14986e-05	0.00107671	177.252	0.000197113	4.7684e-06	0.000197173	1.392	-1.769119e-11
0.2175	313			1.77996e-05	-9.12329e-06	2.00012e-05	-27.132	-0.00105763	5.00681e-05	0.00105859	177.276	0.000157238	6.13931e-06	0.000157417	2.244	-2.129298e-11
0.215	314			2.89456e-05	-1.10791e-05	3.09946e-05	-20.94	-0.00105716	5.0545e-05	0.00105811	177.258	0.000155748	7.15259e-06	0.000155867	2.646	-1.970148e-11
0.2125	315			4.04532e-05	-1.08593e-05	4.18837e-05	-15.024	-0.00105239	4.95913e-05	0.00105286	177.276	0.000209928	4.29156e-06	0.000209988	1.182	-1.723043e-11
0.21	316			2.22625e-05	-9.39524e-06	2.41623e-05	-22.872	-0.00102235	4.86376e-05	0.00102282	177.258	0.000199736	4.7088e-06	0.000199796	1.356	-2.171177e-11
0.2075	317			1.63392e-05	-9.1382e-06	1.8716e-05	-29.214	-0.00101424	4.81608e-05	0.00101472	177.27	0.000142992	6.0201e-06	0.000143112	2.412	-1.991091e-11
0.205	318			4.3236e-05	-9.21643e-06	4.42083e-05	-12.036	-0.00101472	4.72071e-05	0.00101519	177.312	0.000156702	6.0797e-06	0.00015688	2.226	-2.066476e-11
0.2025	319			2.76753e-05	-8.80292e-06	2.90388e-05	-17.64	-0.000989206	4.69687e-05	0.00099016	177.282	0.000183881	4.58959e-06	0.000183941	1.434	-1.794244e-11
0.2	320			1.35117e-05	-8.75077e-06	1.60971e-05	-32.922	-0.000975374	4.64919e-05	0.000976328	177.27	0.000170113	5.00682e-06	0.000170172	1.704	-2.016215e-11
0.1975	321			3.72643e-05	-9.05251e-06	3.83484e-05	-13.65	-0.000975851	4.62534e-05	0.000976808	177.282	0.000149549	5.66247e-06	0.000149609	2.184	-1.840311e-11
0.195	322			3.03426e-05	-8.45274e-06	3.14938e-05	-15.564	-0.00095487	4.48229e-05	0.000955585	177.312	0.000162602	4.82801e-06	0.000162662	1.704	-2.00365e-11
0.1925	323			1.56724e-05	-7.9759e-06	1.75798e-05	-26.964	-0.000939135	4.33924e-05	0.000940088	177.348	0.000153721	6.0201e-06	0.000153841	2.244	-1.145072e-11
0.19	324			3.07227e-05	-8.88115e-06	3.19819e-05	-16.116	-0.000940327	4.43461e-05	0.000941042	177.288	0.000160576	4.58959e-06	0.000160635	1.65	-1.915703e-11
0.1875	325			2.25754e-05	-8.89978e-06	2.42629e-05	-21.51	-0.000916008	4.29156e-05	0.000916723	177.312	0.00015396	5.42405e-06	0.000154079	2.022	-2.112547e-11
0.185	326			1.9163e-05	-8.13982e-06	2.08208e-05	-23.004	-0.000905517	4.29156e-05	0.000906233	177.282	0.000138224	5.96049e-06	0.000138343	2.472	-1.986901e-11
0.1825	327			2.79472e-05	-8.31491e-06	2.9158e-05	-16.566	-0.000902895	4.3154e-05	0.00090361	177.264	0.000153841	4.05314e-06	0.0001539	1.512	-2.108356e-11
0.18	328			1.51247e-05	-7.28297e-06	1.67825e-05	-25.698	-0.000877861	4.19619e-05	0.000878576	177.258	0.000144542	4.7088e-06	0.000144602	1.878	-2.129299e-11
0.1775	329			2.86513e-05	-8.12864e-06	2.97801e-05	-15.834	-0.000875	4.10082e-05	0.000875715	177.306	0.000136615	6.19891e-06	0.000136734	2.598	-2.183749e-11
0.175	330			1.99155e-05	-7.33513e-06	2.12231e-05	-20.208	-0.000857119	4.10082e-05	0.000858072	177.252	0.000139118	4.11275e-06	0.000139178	1.716	-2.200499e-11
0.1725	331			2.10108e-05	-7.20847e-06	2.22103e-05	-18.93	-0.000844959	3.91009e-05	0.000845436	177.336	0.000129522	5.72208e-06	0.000129641	2.532	-1.878005e-11
0.17	332			2.35998e-05	-6.50439e-06	2.4479e-05	-15.402	-0.00083733	3.98161e-05	0.000838045	177.276	0.000135244	4.7088e-06	0.000135303	2.004	-1.446619e-11
0.1675	333			1.53558e-05	-7.51394e-06	1.70992e-05	-26.064	-0.000817541	3.8624e-05	0.000818256	177.294	0.000119865	5.06642e-06	0.000119985	2.436	-1.597395e-11
0.165	334			2.17558e-05	-8.35588e-06	2.33055e-05	-21.0	-0.000815157	3.81472e-05	0.000815634	177.318	0.000135244	5.12603e-06	0.000135363	2.184	-1.702102e-11
0.1625	335			1.75015e-05	-7.13023e-06	1.88985e-05	-22.164	-0.000794176	3.64783e-05	0.000794891	177.354	0.000115991	4.7088e-06	0.000116051	2.352	-1.995275e-11
0.16	336			2.26126e-05	-6.90672e-06	2.36445e-05	-16.98	-0.000791792	3.74319e-05	0.000792269	177.276	0.000124634	4.47038e-06	0.000124753	2.064	-2.141862e-11
0.1575	337			1.74047e-05	-6.12441e-06	1.84515e-05	-19.38	-0.000770811	3.5763e-05	0.000771526	177.324	0.00011921	5.30484e-06	0.000119389	2.562	-1.991086e-11
0.155	338			2.05674e-05	-6.90672e-06	2.16962e-05	-18.558	-0.000766281	3.60014e-05	0.000766758	177.3	0.000112951	3.75511e-06	0.000113011	1.926	-2.146052e-11
0.1525	339			1.82838e-05	-6.35537e-06	1.93567e-05	-19.158	-0.000748638	3.55246e-05	0.000749115	177.27	0.000116349	4.05314e-06	0.000116408	1.998	-2.17537e-11
0.15	340			1.77213e-05	-6.80613e-06	1.89805e-05	-21.0	-0.000738863	3.45709e-05	0.000739578	177.312	0.000107289	5.42405e-06	0.000107408	2.916	-2.099982e-11
0.1475	341			2.1387e-05	-5.70717e-06	2.21358e-05	-14.94	-0.00072575	3.38557e-05	0.000726227	177.318	0.000111998	4.47038e-06	0.000112117	2.298	-2.133493e-11
0.145	342			1.65032e-05	-5.7109e-06	1.74606e-05	-19.086	-0.000711683	3.31404e-05	0.00071216	177.33	0.000102044	5.36445e-06	0.000102163	3.03	-2.007846e-11
0.1425	343			1.94871e-05	-6.53046e-06	2.05488e-05	-18.522	-0.000704292	3.33788e-05	0.000704769	177.276	0.000106574	4.05314e-06	0.000106633	2.202	-2.09998e-11
0.14	344			2.17037e-05	-6.53046e-06	2.26648e-05	-16.74	-0.000684503	3.12331e-05	0.00068498	177.378	9.48017e-05	5.30484e-06	9.49507e-05	3.21	-1.488503e-11
0.1375	345			1.23345e-05	-5.81521e-06	1.36346e-05	-25.23	-0.000671152	3.17099e-05	0.000671629	177.282	9.79011e-05	5.36445e-06	9.80501e-05	3.138	-2.041342e-11
0.135	346			1.74755e-05	-5.35327e-06	1.82727e-05	-17.022	-0.000667337	3.14715e-05	0.000667814	177.282	9.52189e-05	3.87433e-06	9.53083e-05	2.334	-1.697912e-11
0.1325	347			1.94238e-05	-6.26597e-06	2.04073e-05	-17.868	-0.000652079	3.02793e-05	0.000652555	177.324	9.11658e-05	4.67899e-06	9.1285e-05	2.94	-1.831937e-11
0.13	348			1.59444e-05	-5.91206e-06	1.70023e-05	-20.334	-0.00063825	2.9564e-05	0.000638727	177.336	8.902e-05	4.41077e-06	8.91392e-05	2.838	-1.764926e-11
0.1275	349			1.50018e-05	-5.62149e-06	1.60189e-05	-20.538	-0.00062776	2.9564e-05	0.000628237	177.294	8.42516e-05	3.90413e-06	8.4341e-05	2.658	-1.911513e-11
0.125	350			1.47373e-05	-4.87643e-06	1.55197e-05	-18.294	-0.000617031	2.86103e-05	0.000617508	177.342	8.33278e-05	5.09623e-06	8.34768e-05	3.516	-1.735609e-11
0.1225	351			1.79746e-05	-4.63056e-06	1.85595e-05	-14.442	-0.00060511	2.81335e-05	0.000605587	177.336	8.50861e-05	4.41077e-06	8.52053e-05	2.982	-2.238196e-11
0.12	352			1.87346e-05	-5.53581e-06	1.95355e-05	-16.452	-0.000592474	2.71798e-05	0.000592951	177.36	7.9215e-05	4.02334e-06	7.93044e-05	2.928	-2.317769e-11
0.1175	353			1.7509e-05	-5.357e-06	1.83062e-05	-17.01	-0.000578646	2.74183e-05	0.000579122	177.276	7.47745e-05	4.88761e-06	7.49235e-05	3.762	-1.903138e-11
0.115	354			1.71066e-05	-4.90624e-06	1.77958e-05	-15.99	-0.000566248	2.62262e-05	0.000566725	177.336	7.45957e-05	4.91741e-06	7.47745e-05	3.78	-1.831936e-11
0.1125	355			1.68198e-05	-4.84663e-06	1.75053e-05	-16.062	-0.000554804	2.52725e-05	0.000555042	177.384	7.22711e-05	4.58959e-06	7.24201e-05	3.642	-2.158615e-11
0.11	356			1.74792e-05	-4.25059e-06	1.79895e-05	-13.662	-0.00054336	2.47956e-05	0.000543598	177.366	6.99465e-05	4.91741e-06	7.01253e-05	4.032	-2.242379e-11
0.1075	357			1.75649e-05	-4.57841e-06	1.81497e-05	-14.604	-0.000531677	2.47956e-05	0.000531916	177.324	6.76219e-05	5.15583e-06	6.78306e-05	4.38	-1.664411e-11
0.105	358			1.70135e-05	-4.88016e-06	1.7699e-05	-16.002	-0.000519518	2.40804e-05	0.000519756	177.336	6.6251e-05	4.50018e-06	6.64e-05	3.9	-2.099982e-11
0.1025	359			1.49944e-05	-5.14466e-06	1.58512e-05	-18.93	-0.000507597	2.33651e-05	0.000507835	177.348	6.25257e-05	3.6061e-06	6.26151e-05	3.324	-1.672783e-11
0.1	360			1.46889e-05	-4.28039e-06	1.52962e-05	-16.242	-0.00049508	2.33651e-05	0.000495557	177.294	5.87108e-05	5.21544e-06	5.89492e-05	5.076	-2.104168e-11
0.0975	361			1.68459e-05	-3.95629e-06	1.73041e-05	-13.206	-0.000481846	2.12194e-05	0.000482203	177.474	5.73697e-05	3.06965e-06	5.74591e-05	3.078	-2.158616e-11
0.095	362			1.55495e-05	-4.87643e-06	1.62983e-05	-17.394	-0.000470521	2.18154e-05	0.000470879	177.33	5.65948e-05	3.6359e-06	5.67141e-05	3.69	-1.873817e-11
0.0925	363			1.63988e-05	-4.1798e-06	1.69204e-05	-14.286	-0.00045705	2.0981e-05	0.000457408	177.366	5.46279e-05	4.05314e-06	5.47769e-05	4.254	-2.166994e-11
0.09	364			1.55085e-05	-4.11275e-06	1.60449e-05	-14.844	-0.00044501	2.08617e-05	0.000445368	177.318	5.44491e-05	4.32137e-06	5.46279e-05	4.548	-2.510427e-11
0.0875	365			1.59406e-05	-4.96212e-06	1.66931e-05	-17.28	-0.000434162	2.06233e-05	0.00043452	177.264	5.09026e-05	3.57629e-06	5.10218e-05	4.026	-1.735607e-11
0.085	366			1.5326e-05	-3.94139e-06	1.58251e-05	-14.412	-0.00041938	1.88352e-05	0.000419619	177.426	4.86376e-05	4.0606e-06	4.88015e-05	4.776	-2.083228e-11
0.0825	367			1.55271e-05	-4.33999e-06	1.61232e-05	-15.612	-0.000409367	1.83583e-05	0.000409605	177.414	4.71848e-05	4.1351e-06	4.73636e-05	5.016	-2.012029e-11
0.08	368			1.56016e-05	-3.39375e-06	1.5963e-05	-12.27	-0.000396492	1.84776e-05	0.00039673	177.324	4.58064e-05	3.79981e-06	4.59703e-05	4.746	-1.597397e-11
0.0775	369			1.54638e-05	-3.15906e-06	1.57842e-05	-11.538	-0.000386002	1.76431e-05	0.000386359	177.372	4.47559e-05	4.0606e-06	4.49421e-05	5.19	-2.192123e-11
0.075	370			1.69651e-05	-3.22239e-06	1.72668e-05	-10.746	-0.000371816	1.69278e-05	0.000372173	177.39	4.28709e-05	3.10691e-06	4.29901e-05	4.152	-2.058099e-11
0.0725	371			1.6369e-05	-3.46453e-06	1.67341e-05	-11.946	-0.000360729	1.69278e-05	0.000360968	177.312	4.15447e-05	3.0771e-06	4.16564e-05	4.242	-1.790055e-11
0.07	372			1.70061e-05	-2.40283e-06	1.71774e-05	-8.028	-0.000347616	1.54973e-05	0.000347855	177.432	3.8706e-05	3.64335e-06	3.88848e-05	5.382	-2.162805e-11
0.0675	373			1.73153e-05	-3.14788e-06	1.75984e-05	-10.302	-0.000334384	1.57357e-05	0.000334622	177.294	3.78939e-05	3.67315e-06	3.80727e-05	5.538	-2.058103e-11
0.065	374			1.70508e-05	-2.85359e-06	1.72892e-05	-9.498	-0.000324728	1.43052e-05	0.000324966	177.462	3.73649e-05	2.85359e-06	3.74692e-05	4.374	-1.96596e-11
0.0625	375			1.73451e-05	-3.72158e-06	1.77362e-05	-12.102	-0.000312211	1.46628e-05	0.000312449	177.312	3.45784e-05	2.9877e-06	3.4705e-05	4.95	-2.125112e-11
0.06	376			1.79746e-05	-2.69712e-06	1.81758e-05	-8.532	-0.000299932	1.33515e-05	0.000300171	177.432	3.41313e-05	3.14416e-06	3.42729e-05	5.268	-1.785868e-11
0.0575	377			1.81386e-05	-2.82751e-06	1.83583e-05	-8.856	-0.000288131	1.21594e-05	0.000288369	177.576	3.31106e-05	3.29317e-06	3.32745e-05	5.682	-2.200497e-11
0.055	378			1.7576e-05	-2.72693e-06	1.77884e-05	-8.802	-0.000275971	1.23978e-05	0.000276091	177.414	3.22016e-05	2.9728e-06	3.23432e-05	5.274	-1.75236e-11
0.0525	379			1.8295e-05	-2.37675e-06	1.84478e-05	-7.392	-0.000264527	1.21594e-05	0.000264646	177.36	3.05253e-05	3.41983e-06	3.07115e-05	6.39	-2.125108e-11
0.05	380			1.8783e-05	-2.49968e-06	1.89507e-05	-7.572	-0.000251057	1.15634e-05	0.000251176	177.354	2.96013e-05	2.78653e-06	2.97354e-05	5.376	-2.296827e-11
0.0475	381			1.96808e-05	-3.01005e-06	1.99081e-05	-8.688	-0.000239492	1.07289e-05	0.000239612	177.432	2.92883e-05	1.98932e-06	2.93554e-05	3.894	-1.886383e-11
0.045	382			1.96287e-05	-2.46243e-06	1.97814e-05	-7.146	-0.000225545	1.07289e-05	0.000225783	177.276	2.78653e-05	2.85359e-06	2.80143e-05	5.856	-1.656031e-11
0.0425	383			1.89879e-05	-2.60027e-06	1.9163e-05	-7.788	-0.000215889	9.17917e-06	0.000215889	177.558	2.7612e-05	2.83124e-06	2.77535e-05	5.856	-2.154424e-11
0.04	384			1.99081e-05	-2.6785e-06	2.00869e-05	-7.656	-0.000202895	9.29838e-06	0.000202895	177.348	2.68818e-05	1.93717e-06	2.69489e-05	4.128	-1.676974e-11
0.0375	385			2.02247e-05	-1.81422e-06	2.03029e-05	-5.124	-0.000189842	7.92748e-06	0.000189901	177.594	2.58909e-05	2.08618e-06	2.59728e-05	4.62	-1.974331e-11
0.035	386			2.08878e-05	-2.55184e-06	2.10443e-05	-6.96	-0.00017959	8.10629e-06	0.000179709	177.408	2.57866e-05	2.3991e-06	2.58983e-05	5.316	-2.158617e-11
0.0325	387			2.09064e-05	-2.18676e-06	2.10219e-05	-5.97	-0.000166775	6.67575e-06	0.000166834	177.69	2.53246e-05	2.21284e-06	2.54215e-05	5.01	-1.769113e-11
0.03	388			2.09623e-05	-2.67477e-06	2.113e-05	-7.266	-0.000152231	6.61614e-06	0.000152291	177.492	2.41251e-05	3.05475e-06	2.43188e-05	7.23	-1.769113e-11
0.0275	389			2.14727e-05	-1.18465e-06	2.15062e-05	-3.156	-0.000143708	6.43733e-06	0.000143767	177.42	2.43114e-05	2.06383e-06	2.43933e-05	4.86	-1.660221e-11
0.025	390			2.18154e-05	-2.24636e-06	2.19346e-05	-5.868	-0.000130475	5.96049e-06	0.000130535	177.384	2.26648e-05	1.51993e-06	2.27169e-05	3.852	-1.781678e-11
0.0225	391			2.10257e-05	-1.88128e-06	2.11076e-05	-5.112	-0.000118137	5.00682e-06	0.000118196	177.546	2.28585e-05	2.45871e-06	2.29926e-05	6.138	-2.099981e-11
0.02	392			2.13982e-05	-2.07128e-06	2.14988e-05	-5.526	-0.00010705	3.81473e-06	0.00010705	177.948	2.26052e-05	2.37675e-06	2.27318e-05	6.006	-2.154425e-11
0.0175	393			2.22028e-05	-1.60188e-06	2.22625e-05	-4.122	-9.57553e-05	4.38097e-06	9.58149e-05	177.378	2.2784e-05	1.61678e-06	2.28436e-05	4.068	-2.229813e-11
0.015	394			2.19533e-05	-1.8254e-06	2.20315e-05	-4.746	-8.37152e-05	3.21867e-06	8.37748e-05	177.786	2.25307e-05	1.37836e-06	2.25679e-05	3.504	-2.321953e-11
0.0125	395			2.22364e-05	-8.12117e-07	2.22513e-05	-2.088	-7.0632e-05	2.65242e-06	7.06618e-05	177.84	2.28361e-05	1.19955e-06	2.28659e-05	3.024	-2.275885e-11
0.01	396			2.27728e-05	-1.99304e-06	2.28622e-05	-4.992	-5.82638e-05	2.4438e-06	5.82936e-05	177.576	2.34322e-05	8.86623e-07	2.34471e-05	2.184	-2.305197e-11
0.0075	397			2.37116e-05	-1.58698e-06	2.37637e-05	-3.822	-4.5568e-05	8.34469e-07	4.5568e-05	178.944	2.37228e-05	1.24425e-06	2.37526e-05	3.006	-1.639277e-11
0.005	398			2.44045e-05	-1.02446e-06	2.44231e-05	-2.4	-3.33937e-05	-1.49013e-08	3.33863e-05	-179.976	2.46317e-05	1.36346e-06	2.4669e-05	3.174	-2.606748e-11
0.0025	399			2.5008e-05	-1.1623e-06	2.50341e-05	-2.658	-1.95281e-05	2.23518e-07	1.95206e-05	179.334	2.56525e-05	5.66248e-07	2.56599e-05	1.278	-2.18374e-11
0.0	400			2.72692e-05	-8.94074e-08	2.72692e-05	-0.18	-3.41983e-06	-5.28995e-07	3.45336e-06	-171.234	2.67253e-05	7.82315e-07	2.67328e-05	1.686	-1.429872e-11
